-2.438323
-0.763235
-2.647243
-2.423671
-1.302214
-3.022522
-0.647033
-1.246383
-1.618695
-0.997817
-0.814740
-0.842153
-1.409200
-1.014006
-0.624012
-2.155336
-2.684154
-1.748819
-2.313614
-1.221937
-2.580578
-2.351549
-0.964016
-2.281240
2.412065
-2.414237
-2.179909
-2.509859
-0.908517
-1.383029
-1.054183
-1.658228
-1.694000
-0.983881
-1.064586
2.349514
-0.805387
-1.093069
1.565904
-1.849300
-0.943101
-1.957676
-1.308335
-1.539081
-1.591232
-1.101309
-0.660765
-2.788533
-2.355511
-1.732577
-2.575440
-0.242853
-2.339638
-2.259266
-2.444780
-1.000840
-1.833431
-1.393853
-1.598948
-1.303139
-1.156614
-0.600915
-0.803942
-0.811082
-1.182121
-0.859264
-1.214639
-0.742401
-1.518951
-2.797227
-1.617934
-1.163062
-2.052466
-2.659047
-0.978240
-2.144428
-1.605811
-2.311828
-2.091409
-2.359485
-1.756429
-1.057935
-1.124441
-1.564781
-2.682297
-0.451002
-0.699892
-1.392516
-1.741215
-1.968909
-1.128747
-2.176810
-2.284963
-2.091804
-1.204245
-0.966558
-1.035362
-1.909021
-1.050218
-3.073003
-1.054443
-2.534369
-2.132684
-0.907510
-2.703889
-1.775776
-1.557318
-1.394262
-0.315447
-1.368642
-2.045169
-0.978295
-0.903664
-1.167717
-1.893462
-2.659748
-0.726542
-0.846425
-3.023792
-0.451238
-2.782055
-0.879613
-0.980724
-1.842377
2.872272
-0.562521
-1.106994
-1.149649
-0.894784
-1.613380
-0.764960
-0.922067
-1.310977
-1.991673
-2.515013
-0.891323
-2.010998
-2.694601
-0.994365
-2.268361
-1.177018
-2.197197
-0.812349
-0.843586
-2.911868
-0.950427
-0.986653
-2.738778
-0.506644
-1.184913
-2.630999
-0.396654
-0.689066
-1.262217
-1.659438
-1.519933
-1.405519
-2.095965
-0.926465
-1.428203
-2.362852
-0.904264
-1.093343
-0.866639
-0.244486
-2.441372
2.518207
-1.355810
-1.166439
-2.822965
-1.761278
-2.132823
-2.710239
-1.347033
-1.831058
-2.419974
-2.423044
-1.890253
-2.743039
-0.723091
-2.666710
-2.096424
-1.205629
-1.452509
-0.889554
-1.341764
-2.510519
-0.863914
-1.084505
-0.967993
-0.425962
-2.175376
-0.976222
-2.859443
-1.328863
-0.719376
-2.542207
-1.226429
-0.703981
-1.042043
-0.896163
-0.599065
-1.721385
-2.655303
-0.847430
-2.369730
-1.005870
-1.528892
-2.729843
-1.122871
-1.151320
-0.724999
-2.310469
-1.026188
-2.210010
-1.627553
-2.577071
-2.070175
-2.480779
-0.812550
2.496760
-0.805337
-2.187377
-1.102431
-0.929382
-2.419003
-1.044743
3.066632
-1.413753
-0.933440
-2.561510
-1.272908
-1.244749
-0.954784
-1.252897
-0.629938
2.518251
-1.649227
-2.153053
-2.139987
-1.121204
-1.239917
-2.860768
-0.563959
-2.635882
-1.738400
-1.804851
-1.073002
-1.427126
-1.365410
-0.973107
-2.405222
-2.346376
-1.176058
-1.049576
-1.213604
-0.876051
-0.982890
-2.587313
-0.453917
-1.114877
-1.596075
-2.555247
-0.990832
-1.535880
-1.357271
-0.871348
-0.642841
-0.453867
-1.779913
-2.461140
-3.019416
-1.905667
-2.071960
-2.106261
-2.166631
-1.281340
-1.065851
-1.335273
-1.048600
-1.328659
-0.504191
-2.680968
-1.824098
-1.186138
-1.760290
-1.615002
-0.756264
-2.903186
-1.209080
-0.989626
-1.357576
-1.225667
-1.092580
-2.178142
-2.125532
-0.619151
-1.947013
-1.186053
-0.792808
-2.301358
-0.965830
-0.412438
-2.083623
-2.401412
-0.649177
-1.505511
-1.412421
-1.433330
-1.570453
-1.167366
-0.304420
-2.520812
-2.098410
-1.258190
-1.299870
-1.153304
-1.732245
-0.882929
-0.371679
-2.837070
-0.913919
-0.759960
-2.678689
-2.008632
-0.724748
-2.193264
-2.711379
-0.666865
-1.936665
-1.259594
-1.773865
-2.381269
-2.333426
-0.551927
-2.790116
-1.406290
-1.254191
-1.673715
-0.667145
-2.755425
-1.687737
2.707795
-1.688480
-2.520683
-0.684565
-1.205590
-2.593563
-0.911104
-1.047136
-1.064564
-0.896717
-0.806056
-1.029876
-1.615139
-2.235845
-1.374448
-2.149264
-1.705311
-2.141468
2.360466
-0.671400
-1.957315
-2.110100
-1.110960
-1.824961
-2.499491
-2.288019
-2.069203
-1.100304
-1.140817
2.638861
-2.047431
-1.244907
-1.423003
-2.557793
-1.717771
1.921960
-2.458543
-1.076504
-1.249859
-2.340318
-2.139851
-1.491162
-1.014076
-0.998129
-2.047507
-1.292021
2.317605
-1.004393
-1.494448
-0.682360
-1.248425
-2.587782
-1.066069
-0.750138
-2.382838
-0.672044
2.782132
-2.294827
-1.895416
-2.110589
-0.680811
-2.882133
-0.900437
-2.351075
-2.457178
-0.871363
-1.274462
-1.124902
-2.659731
-1.351631
-1.204653
-1.034313
-0.686528
-2.416473
-2.512413
-2.400324
-2.591504
-2.354708
-1.331859
-0.408264
-0.497834
-0.929277
-1.101832
-2.353564
-2.215060
-2.729285
-1.118013
-1.220528
-0.978533
-2.099941
-1.460385
-0.444235
-2.221965
-1.685757
2.026377
-2.300973
-1.438378
-0.706128
-1.083129
-0.762134
-2.217605
-2.216493
-2.516547
-2.050614
-1.136918
-1.859048
-2.303467
-0.950652
-0.502483
-2.466711
-2.434376
-1.986827
-2.330018
-1.941172
2.017761
-2.654485
-0.782972
-1.555558
-1.078345
-0.519520
-1.552323
-0.984236
-1.736647
-2.468684
-2.358734
-1.084693
1.827368
-0.654667
-0.789973
-0.918303
-1.928585
-1.396033
-1.576322
-0.813276
-1.038346
-0.811843
-0.647521
-1.112733
-1.330410
-1.350597
-3.047309
-1.263996
-0.731216
-1.328959
-1.322423
-2.008010
-2.764100
-1.039169
-1.870353
-0.863100
-1.626553
-1.551391
-0.779095
-1.695876
-0.460054
-1.784557
-1.104118
-0.726187
0.728564
1.416466
1.489633
1.103428
1.414652
1.158492
1.881020
1.376958
1.637662
1.395568
1.183008
1.307136
1.515969
1.709645
1.113942
0.908640
1.282922
1.722643
1.268548
1.325456
1.397918
1.874559
1.395981
1.070080
1.168169
0.961510
1.199889
1.705192
1.684926
1.244936
1.779891
0.371628
1.285025
1.537481
1.447206
0.426943
1.355080
1.195695
0.619258
1.579050
1.213107
1.994181
2.193218
1.605309
1.369290
0.553041
1.111589
1.286977
1.462110
1.065519
1.079001
1.308590
1.325202
1.667119
1.299590
1.098600
1.001478
1.434153
1.143343
1.639763
1.340347
1.267685
1.777357
1.314536
1.035248
0.841348
1.463620
1.424074
1.745536
1.526823
1.601557
1.283618
1.393755
1.777735
1.805037
1.207463
1.873581
0.792215
1.817901
1.386632
1.732524
1.463307
1.271061
1.502529
1.556069
2.075324
0.816105
1.481310
1.773999
1.331395
1.513880
0.924974
1.200934
1.081107
1.349015
1.648339
1.448990
1.499967
1.939211
1.433518
1.459157
0.841425
0.930196
1.431365
1.479666
0.998460
1.487075
1.434073
1.638191
1.144648
0.928164
2.075852
1.166354
0.830059
1.590024
1.781991
1.503223
1.261419
1.224049
1.802389
1.666748
0.703213
1.024567
2.226501
1.590576
2.275490
1.920788
1.958612
1.659965
0.638087
0.976526
1.992710
1.919141
1.028826
1.046921
1.488477
1.341720
1.491200
1.489062
0.762467
1.842416
1.475118
1.276335
1.574633
1.642721
1.638434
1.403142
1.503090
1.922298
1.582102
1.572175
0.960538
1.271666
2.143778
1.325788
1.277937
1.421723
1.611924
1.330850
1.373883
1.304566
1.308334
1.010424
1.573965
0.936126
1.638301
1.122590
0.423154
1.240264
1.379510
2.135356
1.628411
1.269647
1.231538
1.823325
1.836841
1.440509
1.512018
1.694710
0.734286
1.547440
1.555507
1.542076
1.090922
1.686675
0.944444
1.481210
1.439883
1.159529
1.462810
1.522455
1.273168
1.337972
0.947904
1.459897
1.661741
1.219551
1.034276
0.964075
1.533426
0.952662
1.321872
1.210077
1.713960
1.751274
1.913500
2.088993
1.581820
1.321318
-0.191032
1.242947
1.258501
0.788688
1.516336
1.470308
1.208971
1.267575
0.894057
1.658329
2.265747
1.784928
1.366376
1.795117
1.337498
1.258631
1.083812
1.457539
1.244129
1.429123
1.289614
1.693609
1.775579
1.372356
1.749825
1.623797
1.288895
1.922864
1.799986
1.455482
1.723546
1.462191
1.879345
1.503600
0.851964
1.850731
1.395990
1.681823
1.275445
1.153969
1.021528
1.846338
1.044888
1.593353
0.990473
1.179257
1.935906
1.488209
2.777974
1.017833
1.421212
1.360217
1.285415
1.776367
1.442577
1.675585
1.077957
0.984545
1.853482
1.629205
1.685858
1.634810
1.644562
0.489990
1.507569
1.206430
1.551888
1.236236
1.220950
1.701278
1.105174
1.659124
1.098510
0.735502
1.525164
1.424449
1.430680
1.704157
0.830566
1.543517
1.453458
1.460392
1.129651
1.511186
1.692859
1.349083
0.722868
1.263388
1.522484
1.224122
1.274340
1.843564
1.104403
1.415572
1.812218
0.909702
1.253859
1.188572
1.307328
1.560690
1.297586
1.304270
1.668929
1.525306
1.391798
1.066856
1.212693
1.803846
1.243918
1.620852
1.491009
0.993751
1.839645
1.327726
1.929651
1.249467
0.968205
1.318283
1.843335
0.676507
1.386401
0.977314
2.195179
1.732846
1.563769
1.325732
1.281103
1.611420
1.627180
1.417184
1.854547
1.032699
2.695238
1.304836
1.603231
1.124266
1.629632
1.576032
1.940503
1.855606
1.766171
1.406049
1.741186
1.274087
1.591882
1.728632
0.947194
1.574635
1.710538
1.790440
1.414030
1.653784
1.329750
1.316989
0.938158
1.510234
1.822719
1.595511
1.810059
1.459614
1.620046
0.499968
1.339267
0.795821
1.621663
1.933004
1.756719
1.400096
1.874899
1.916715
1.699506
1.416941
1.698201
1.403994
1.650516
0.907609
1.403039
1.573353
1.175733
1.043835
1.883589
1.438097
2.126461
1.764946
1.419391
1.182059
1.750385
1.034654
0.863011
1.182196
1.661264
1.726633
1.807930
1.164500
1.640928
1.459210
1.232426
1.824377
1.944619
1.149374
1.426641
1.393618
1.387921
1.270415
1.733549
1.204025
1.928855
1.495896
1.866022
1.358815
1.676908
1.781004
1.159889
1.129761
1.399527
1.741868
1.682062
1.300998
1.461352
1.744144
1.261869
1.021133
1.378813
0.998583
1.520578
1.479364
1.241569
1.391550
0.821818
1.217266
1.059175
1.798396
1.388926
1.626676
1.666501
1.415764
0.767952
1.344732
1.322538
1.677083
1.364055
2.016915
1.256591
1.540083
1.659508
1.585200
1.978363
1.779950
2.073157
1.324819
1.529500
1.702203
1.485037
1.140425
1.717717
1.231870
1.192593
1.213226
1.653216
1.342739
1.191820
2.140308
1.877984
0.557823
1.704715
1.347243
1.717831
1.603730
0.992461
0.977535
1.157919
1.293989
1.296856
1.327428
0.716155
1.720718
0.601479
2.058378
1.624616
1.972072
1.532128
1.622155
1.238485
1.142833
1.107432
1.321636
1.286387
1.619421
0.624353
1.910572
1.510846
-1.552600
-2.072928
-2.099471
-2.191486
-1.924640
-1.493459
-2.292953
2.882277
-2.160729
-1.979778
-1.730993
-0.796846
-2.040502
-0.703679
-1.957461
-2.282288
-1.684947
-1.509665
-2.690807
1.281382
-3.091444
-2.617352
-2.536269
-1.449269
-0.961714
-1.191996
-2.064476
-1.984858
-1.748183
-1.633037
-1.542029
-2.420363
-1.600136
-2.110209
-1.563329
-2.113223
-2.177494
-2.263305
-1.752313
-2.037011
-1.417015
-2.569303
-1.990206
-1.660997
-2.311375
-2.687757
-2.267575
-2.091788
-2.043824
-2.905211
2.526106
-2.256230
2.630296
-2.062075
-0.554909
-1.276388
2.507229
-2.459548
-2.033819
-1.859261
-1.298808
-2.271566
-1.186382
-2.342732
1.986529
-1.809855
-0.185473
-1.818991
-2.002797
-2.069755
-1.889999
-1.889932
-0.986740
-2.136436
-1.757574
-2.060523
-1.928693
-1.728582
-1.732963
-1.762003
-1.046686
-1.976591
-1.955447
-1.600586
-1.754405
-1.936728
-2.371550
-0.909192
-1.690296
-1.949325
-2.398813
-1.886213
0.087076
-1.508635
-3.024488
-3.009608
-2.275522
-1.845542
-2.760542
-1.745137
0.174710
-2.012534
-1.563529
2.569402
-2.277406
-3.099527
-1.449895
-1.510982
-1.872064
-2.302750
-1.763808
-2.433604
-1.796953
-2.358165
-1.742829
-1.338886
-2.310366
-2.026417
-2.167171
-2.019092
-2.127945
-1.075201
-1.699309
-0.774581
-2.116391
-1.488011
-1.461462
-1.601998
-0.552899
-1.991857
-2.043666
0.689181
-0.740085
-1.676032
-2.274490
0.398898
-2.222654
-1.418706
-1.789797
-2.478368
-2.410257
-2.366584
-2.362586
-2.204348
-2.426298
-2.446646
-1.794441
-1.949950
-1.966741
-2.646683
-2.300154
-1.679197
-2.635977
-2.741704
0.193716
-2.123189
-1.147764
-2.442227
-2.484212
-1.755020
-1.816231
-0.468798
-1.873075
-1.109198
-1.650478
-2.281247
-1.604423
-2.172696
-1.969292
-2.332445
-2.343857
-2.346293
-1.875656
-2.005132
-1.970649
-2.136625
3.006107
-1.943361
-2.618191
0.821888
-1.589726
-2.222488
-2.172389
-1.648139
-1.109304
-2.444448
-2.111904
-1.043517
-1.951879
-1.825020
-1.501802
-2.319595
-2.162916
-2.060679
-2.474894
-1.497666
-1.915828
-2.113554
-1.693381
-2.074356
-2.124716
-1.929998
-1.626845
-2.690410
-2.697303
-2.315936
-1.687623
-1.580998
-2.375674
-1.193182
-2.601744
-1.652221
3.043435
-2.358271
-2.342075
-2.020693
2.475711
-2.194702
-1.970742
-2.085562
-1.975859
2.703332
-0.334971
-2.132606
-2.066931
-2.009143
-1.351242
-1.916636
-2.160095
-1.794365
-1.984066
-2.392977
-1.845719
-2.568789
-2.306605
-3.012318
-1.793830
-1.868946
-2.499621
-1.992522
-1.518690
0.055157
-2.227731
-1.908947
-1.418940
-1.758623
-1.761430
0.615242
-2.213236
-2.709314
-2.224201
-2.053155
-1.546925
-2.369746
-2.113499
-2.668422
-2.254897
-1.443519
-1.403738
1.812163
-1.550764
-1.944272
-0.670458
-1.885132
-2.342040
-2.743175
-2.274866
-1.956191
-2.319926
-2.994628
-2.485143
-2.115026
-1.703287
-2.509309
-2.193100
-1.412873
-1.748921
-1.045394
-2.081925
-1.321342
-1.714428
-1.993492
-2.180965
-2.278094
-2.046760
-2.653383
-2.137248
-2.094353
-1.336805
-1.718397
3.087158
-2.339345
-0.770887
-1.736264
-1.987545
-1.812737
-0.867572
-2.165702
-1.420155
-1.980247
-1.564112
-1.567990
-2.337336
3.062112
-2.339386
-2.708364
-2.681608
-1.787482
2.981773
-1.563339
-2.328119
-2.027326
-2.128434
-1.778497
-2.493808
1.195608
-2.009084
-2.738007
-2.238738
3.155482
-2.102731
-1.909322
-2.495856
-1.462916
-1.796845
-2.762920
-1.778412
-1.612370
-2.080499
-2.350128
-2.996825
1.766675
-0.416448
-1.783867
-1.402146
3.133500
-2.135646
-2.607627
-2.165937
-2.526782
-2.791439
-1.556879
-1.539003
-2.374705
-2.324938
-2.342835
-2.218606
-2.056853
-2.230249
2.472342
-2.418024
-1.787341
-2.658506
-1.726789
-1.589886
-1.084499
-2.313729
-2.203584
-2.572070
-2.167197
-2.107243
-2.074353
-1.707209
1.378300
-2.016979
-1.728957
-2.814870
-1.220463
-2.061749
-1.717982
-1.927339
3.124752
-2.581836
3.161288
-2.504496
-1.651252
-1.700862
-0.492925
-1.829989
-2.655824
-2.350073
-2.428544
-1.964682
-1.560011
-1.957340
-1.159261
-1.484117
-2.246053
-1.778779
-1.744902
-2.115787
-2.113526
-0.262657
-2.938518
-1.526615
-2.332296
-2.312542
-2.196441
-1.433425
-1.616718
-0.309910
-1.586417
-2.133440
-2.436902
-1.819868
-1.897968
-1.940471
-1.691820
-2.392563
-2.028861
-2.245225
-2.089910
-2.834218
-2.389365
-2.106633
-1.653101
-1.783751
-1.700994
-2.025740
-2.309012
-2.150938
-1.928595
-2.711531
-1.966745
-1.918279
-1.992169
-2.029515
-1.781214
-2.499526
-0.619513
-2.722533
-1.842981
-2.680576
-2.474091
-1.847651
-2.224005
-3.144443
-1.655266
-1.657220
-1.663378
-1.733556
-2.069776
-2.217836
-1.706532
1.769357
-1.821830
-2.401730
-2.017165
0.475476
-1.664733
-2.321291
-2.385954
-2.354001
-1.781077
2.275379
-2.728117
-1.939160
-1.629275
-2.192243
-1.654791
-2.069912
-1.297620
-1.979364
-1.045409
-1.573038
-1.994044
1.870354
-2.364738
-2.496086
-2.599786
-1.384712
-2.083970
-2.521365
-1.653987
-2.022460
-1.969632
-2.129866
-1.491821
-1.606369
-2.345901
-2.429122
2.954979
-0.068820
-1.841177
-1.691015
-1.873251
-2.346703
-2.233403
-1.664528
-2.405236
-1.601665
-2.358733
-2.217164
-1.997600
-1.957013
-2.024256
-2.683234
-2.290202
-2.596570
-0.989655
-1.889128
-2.493033
-1.489016
-2.391584
-2.239528
-3.003863
-2.739012
3.058543
-3.081906
-2.269731
-2.976771
-1.797770
-2.154772
-2.240737
2.941225
-2.775482
-2.447868
-2.236605
-2.115112
-2.560980
-2.373546
-3.020152
-2.472983
-2.340148
-2.869406
-1.471080
-2.096993
-3.036339
-2.609761
-1.687800
-2.591362
-1.757521
-2.838610
2.926127
-2.764308
-2.415503
-2.340407
-1.886867
-2.663844
-2.627356
-2.251030
-2.861150
-2.053331
-1.500503
2.575103
3.017690
-1.351885
-2.766219
-2.726401
-2.587526
-1.011506
-1.752543
-1.995752
-2.790636
-2.910281
3.062643
2.555337
-1.448950
-2.679827
-2.576783
2.881613
-2.227136
-1.661517
3.052439
-1.402611
-2.778983
-2.648451
-2.763983
-2.559312
-2.382722
-1.632414
2.908761
-2.339324
-1.742399
-2.912073
-2.313851
-2.881245
-2.408372
-2.054098
-1.154327
2.788910
-2.503909
-2.738738
-1.555636
-2.951459
-1.921340
-2.785398
-2.296743
-1.760666
3.030109
-1.329917
-2.716588
-2.287027
-1.944993
-2.342160
-1.461481
-2.710194
-2.061099
-2.113437
-2.701498
-1.495208
-2.983072
-2.438835
-1.382782
-1.752154
-2.207430
-2.450912
-1.388545
-2.780290
-2.410107
-2.436058
-1.636205
-1.907224
-2.160255
-2.655709
-2.300084
-2.915753
-2.965565
-2.688058
-2.647927
2.895599
-2.310080
-2.532617
-2.322117
-2.333703
-2.484775
-2.080140
2.799039
-2.383938
-2.890002
-1.770292
-2.879646
-2.879449
-2.232434
-0.925148
-2.345182
2.840249
-2.378279
-2.509723
-2.840352
-2.426521
-2.119266
-1.429012
-2.007613
-2.382314
-1.520620
-2.688994
3.121115
-2.292684
-1.556076
-1.042440
-2.538410
2.608374
-2.538423
-2.962807
-1.595064
-2.414910
-2.582911
-2.233182
-2.152705
-1.969610
-2.628766
-1.819174
-2.656701
-2.102379
-2.600029
-1.845667
-3.118008
-1.848963
3.206868
2.502326
-2.497701
-2.651435
-2.671029
-2.657095
-1.118187
-3.042826
-1.764958
-2.442664
-2.854956
-2.184572
-3.057690
-1.467041
-1.657561
-2.266243
-2.338557
-2.043941
-2.184090
2.511736
-2.423946
-1.641419
-2.446698
-2.091870
-2.566489
-2.582220
-2.155975
-1.347220
-2.464133
-1.310595
-2.196013
-2.755867
-2.880444
-1.734139
3.009972
-2.254476
-2.094291
-1.265733
-2.198957
-2.241682
-2.508856
-1.733261
-2.767067
3.047054
-2.736039
-2.518986
2.826773
-2.819715
3.102155
-1.709760
-1.515485
-2.185924
-2.726501
-2.608925
-2.463917
-1.433717
-2.130563
-1.834657
-3.007782
-1.417590
-2.308843
-2.342655
-1.578502
-2.669832
-2.573133
-2.026908
-2.428065
-3.058318
-2.254250
3.084215
2.883938
-0.756391
-2.498574
-2.326998
-2.524022
-1.584518
-2.884439
-2.360947
-2.162671
-1.163176
-2.570440
-2.393038
-1.907776
-1.915454
-2.661143
-1.397223
-1.941626
-2.323794
-1.417350
-2.585569
-2.392669
-2.211267
-2.845568
-3.015206
-2.798949
-1.987083
-2.981783
-2.595093
-1.434260
2.423914
2.986132
-1.816036
-1.901908
-1.922195
-1.777878
3.002448
-1.678814
2.976006
-2.714284
-2.453885
-2.334669
-2.378319
-2.501236
-2.343610
-2.531085
-1.379068
-1.789213
-2.621778
-2.394250
-2.599807
-2.750562
-2.158434
-2.503866
-1.925710
-2.221975
-1.952145
-1.742641
-2.859716
-3.113810
-2.918934
-2.671041
-2.085378
-1.611130
-2.585863
-2.542007
-2.625809
-2.787646
2.540551
2.018087
-1.184473
-2.367754
-2.942612
-2.998882
-1.755355
-2.021274
-2.258336
-2.811692
-2.584183
-2.684817
2.725120
-2.653916
-2.296609
-2.631155
-2.935137
-1.533073
-0.827618
-2.592385
-2.315864
-1.357279
-2.620676
3.071090
-1.328260
-2.474903
-1.709614
-2.531093
-2.780925
-2.278550
-2.113813
-1.618345
-2.223846
-2.171268
-2.778158
-2.719299
-2.570775
-2.566645
-1.650804
-2.221285
-2.705197
-2.457120
-2.015482
-2.380773
-2.285336
-2.493529
-2.640628
-2.659112
-3.145706
2.608492
3.043973
-2.478339
-1.960763
-2.402121
-2.025822
-2.128054
-2.415681
-3.132015
2.901369
-2.634681
-2.765372
-1.327655
-1.529861
-2.399881
-2.492812
-1.470364
-2.076305
-2.502528
-2.720430
2.865680
-2.182444
-2.259718
2.930134
-2.716832
-2.120285
-1.356634
-2.866289
-2.301415
-2.422773
-1.688662
-2.596589
-2.585471
-3.059036
-2.905906
-0.998055
-1.710904
-2.173551
-2.171790
-2.430496
-2.546083
-1.681918
-1.207324
-1.569712
-1.277485
-1.659890
-2.705575
-2.542105
-2.296700
-1.585402
-2.680577
-3.146722
-1.995993
-2.364442
2.957529
-1.793677
-1.948714
-0.742332
-2.480035
-2.455014
-1.819011
2.930512
-2.531989
-1.676968
-1.286289
-2.362502
-2.155843
3.145187
-1.458295
-1.993572
-2.576770
-2.454679
-1.426048
-2.053839
-1.624250
3.067926
-2.762848
-1.473314
-1.796713
-2.709307
-1.916321
3.170574
-2.070021
-2.319524
-2.550672
-2.580820
-2.771723
-1.885783
-2.416693
-2.885087
-1.111115
3.020027
-2.010795
-1.703996
-2.321191
-1.954308
-0.985324
-1.941254
-1.788686
-2.111531
-2.121137
-2.530655
-1.578712
-2.248609
-2.541745
2.858766
-2.708863
-2.367669
-2.840850
-2.286927
-2.427713
2.815020
-1.908914
2.970038
-2.852730
-2.810215
-2.414762
-2.060326
-2.319812
-1.660255
-2.801821
-2.561579
-1.992582
-1.494453
-1.658219
-1.819707
-1.902453
2.933382
-2.768827
-2.500216
3.172495
-3.012736
-2.618775
-2.725976
-1.526311
-2.309621
-2.778466
-2.261557
-3.010567
2.695201
-2.774861
-2.177714
-2.286851
-2.835047
-2.533059
