-1.244012
-0.690901
-1.303490
-1.166041
-1.510949
-0.864239
-0.290842
-1.393186
-0.986115
-1.050899
-0.258116
-0.512224
-1.544254
-0.710391
-0.483463
-0.957386
-1.308720
-0.607654
-1.026549
-0.317202
-1.384281
-0.483241
-0.502005
-0.851014
-0.571472
-0.872904
-1.061136
-1.188361
-0.055020
-0.320126
-0.829972
-0.593630
-1.124840
-0.590166
-1.145840
-0.512471
-0.922070
-0.752221
-0.177519
-1.276980
-0.727911
-0.914662
-1.165232
-0.799130
-1.158882
-1.081540
-1.236527
0.204729
-1.557537
-0.867455
-1.419181
-0.963597
-0.554979
-0.631554
-0.994123
-0.162545
-1.113730
-0.024622
-0.879109
-0.987270
-0.789343
-0.779015
-0.279736
-0.421516
-0.482475
-0.628945
0.110582
-0.568171
-1.031543
-0.431992
-1.132650
-0.781120
-0.363780
-1.005211
-0.139603
-0.774725
-1.298539
-1.426193
-0.778977
-0.990750
-1.124568
-0.899395
-0.591840
0.189710
-0.897294
-1.252440
-0.508140
-0.229265
-1.178563
-1.038284
-0.518627
-1.125121
-1.239908
-1.271134
-1.101874
-0.686342
-0.628510
-0.793079
-0.627407
-0.872679
-0.104097
-0.653158
-0.538778
-0.449428
-1.349893
-0.711676
-1.232478
-0.967174
-0.286475
-0.413609
-1.309416
-0.670817
-0.756904
-1.660190
-0.934173
0.254208
-0.766781
-1.125479
-1.160908
-1.246434
-0.937111
-0.298200
-0.015567
-1.312377
-1.126682
-0.399236
-0.065184
-0.219219
-0.713518
-1.090937
0.046541
-0.088735
-0.648486
-1.298986
-0.912624
-0.420361
-1.154479
-0.877263
-0.479316
-0.924113
-0.472399
-0.497900
-0.875713
-0.737290
-0.997875
-0.790846
-1.040981
-0.759727
-0.632823
-1.065148
-1.483659
-0.368866
-1.031796
-0.416722
-0.427021
-0.908780
-0.373427
-1.126629
-0.839129
-1.223997
-1.074111
-0.502140
-0.910407
-0.857342
-0.726794
-0.980165
-0.634997
-0.530819
-0.763539
-0.558930
-0.917388
-0.950791
-0.956533
-0.713272
-0.714992
-0.740307
-1.190606
-1.084441
-0.919357
-0.548737
-0.862803
-1.191884
-0.457081
-0.574935
-1.027310
-1.523870
-0.581942
-0.432058
-1.812425
-1.138960
-0.499053
-0.975121
-1.338029
-0.872755
-0.787961
-0.767896
-0.565233
-0.136938
-1.288325
-0.484614
-0.473756
-0.726458
-1.610182
-1.322251
-0.586450
-0.975307
-0.270570
-0.914991
-0.927737
-1.124369
-0.705896
-0.410612
-0.949413
-0.473464
-1.210472
-1.188298
-1.199911
-1.219476
-1.210630
-0.570869
-0.941289
-0.710038
-1.347338
0.007738
-0.589505
-1.346385
-0.904198
-1.070336
-0.970298
-0.386854
0.232837
-0.826796
-0.662964
-0.577764
-1.223009
-0.529842
-1.061144
-0.943280
-0.859761
-0.522854
-0.672501
-0.702908
-1.703222
-0.286054
-1.411786
-0.947208
-0.561304
-1.064883
-0.590415
-0.693825
-0.865400
-0.632109
-1.172790
-0.763916
-1.143497
-0.765098
-0.498162
-0.654679
0.029198
-0.676320
-0.635156
-0.737605
-1.479879
-0.565461
-1.181184
-0.704178
-0.792024
-0.934527
-0.087828
-1.005516
-0.495879
-0.753219
-1.321002
-0.550790
-0.954395
-1.173136
-0.268397
-1.424217
-1.029349
-0.799220
-0.961712
-0.721745
0.207548
-1.537959
-0.541819
-1.065198
-0.400470
-0.762550
-0.418022
-0.459972
-0.627324
0.018603
-0.577512
-1.165522
-0.791907
-0.843399
-0.433222
-1.027555
-1.053616
-0.483823
-1.430509
-0.531784
-0.848541
-0.718772
-1.304932
-0.788887
-0.684154
-1.129370
-1.125610
-1.490432
-0.355670
-0.635843
-1.739828
-1.026558
-0.857756
-1.269424
-0.800436
-0.675843
-0.827307
-0.519260
-0.991354
-0.413839
-0.306584
0.134572
-1.360866
-0.705310
-1.157679
-0.949727
-0.492758
-0.958380
-1.573515
-0.975060
-0.742398
-0.812658
-0.551583
-0.417371
-1.283864
-0.436086
-0.631283
-0.952947
-1.249353
-0.438813
-1.337929
-1.039429
-0.647267
-1.094994
-1.008075
-1.028729
-1.140397
-0.875863
-0.529686
-0.772317
-0.272183
-1.033381
-0.728128
-0.988043
-1.356665
-1.233094
-0.880562
-0.986747
-0.573263
-0.150009
-1.249988
-0.878201
-0.403176
-1.474618
-0.928694
-1.047895
-0.925442
-1.035404
-0.705295
-0.962906
-0.976464
-0.830982
-0.911231
-1.171589
-1.448311
-0.576879
-0.827422
-0.298620
-1.542684
-0.903286
-1.083539
-0.926668
-0.544652
0.027481
-1.657656
-0.669907
-1.026243
-0.320782
-0.770815
-0.232398
-0.812011
-1.299009
-0.550482
-0.587260
-0.855189
-0.842819
-0.549476
-1.322929
-0.706284
-0.832977
-0.758811
-0.696075
-0.527583
-1.094015
-1.461309
-0.123775
-0.606403
-0.691604
-0.782705
-0.725412
-0.021692
-1.076705
-0.437813
-0.996625
-1.461924
-1.009391
-1.301169
-1.120004
-1.694654
-1.204015
-0.656790
-0.894529
-0.957809
-0.946028
-1.370088
-1.476180
0.015768
-0.485383
-0.442933
-0.935388
-1.401660
-0.775271
-0.605515
-0.769302
-0.543735
-1.060268
-1.356831
-0.893559
-1.238843
-0.469463
-1.266536
-0.864558
-0.553575
-0.820916
-0.503857
-1.215309
-1.352050
-1.512722
-0.084155
-0.824411
-0.846986
-0.532740
-0.711864
-1.019440
-0.917405
-1.269837
-0.360101
-1.216915
-0.602198
-0.435012
-1.020018
-0.658627
-0.680386
-0.615245
-1.135338
-0.339635
-0.531737
-0.905855
-0.673454
-0.432569
-1.027526
-0.863963
-1.215604
-1.420818
-0.496913
0.006770
-0.456588
-1.539848
-0.825117
-0.200180
-0.555034
-0.734309
-0.028687
-0.346480
-0.432760
-1.116914
-0.996540
-0.802504
-0.851171
-1.177372
-0.948734
-1.252379
-0.213582
-0.800885
0.122818
-1.469526
-0.887604
-0.244454
0.786582
1.479173
1.080867
1.822193
1.393344
1.358343
1.440762
1.457948
0.893846
2.185291
1.618814
1.433496
1.567964
1.938376
1.247464
1.235931
1.071880
1.895610
1.114445
1.176050
1.838453
1.845029
1.544291
1.636157
1.723255
1.258398
1.926370
1.730033
1.227308
1.812557
1.109656
1.022518
1.146031
1.114096
1.010216
1.448950
1.705186
0.719396
1.230237
1.681228
1.622292
1.251015
1.419015
1.507278
1.397620
1.581049
1.283916
1.919741
1.718571
1.417980
1.714689
1.142019
1.575784
1.880319
0.687057
1.113330
1.554631
1.314489
1.444189
1.795948
1.721829
1.651524
1.683963
1.156554
1.338502
0.761097
1.618655
1.192041
1.086884
1.899970
1.704884
1.221881
1.653474
1.155999
1.822915
1.606004
1.751872
1.311809
1.514321
1.438737
1.508943
0.799053
1.524752
1.370153
1.326789
1.976994
0.911507
1.312901
1.719525
1.098653
1.112117
1.547417
1.180374
1.352399
1.400152
1.109157
1.119117
1.021506
1.206950
1.095770
1.548989
1.475655
1.031024
1.117556
1.501070
1.077410
1.189805
1.703162
1.708336
1.341998
1.869237
1.367195
1.606080
0.662097
1.473890
1.195350
1.809442
1.109196
1.440969
1.443644
1.015553
1.688617
0.860619
1.858499
1.412551
1.144579
1.383230
1.538142
1.907122
1.204926
1.023814
1.055156
1.966201
1.660648
1.326853
1.632624
1.247296
1.337301
1.702444
0.767025
1.443918
1.016751
1.113560
0.941090
1.510967
1.431148
1.783185
1.725544
1.658525
1.577140
0.638282
0.936980
0.937430
1.257067
1.291425
0.977552
1.067399
1.308457
1.073001
1.814306
1.340301
1.454166
2.397567
1.564635
1.091948
1.025358
1.871911
1.336321
1.670095
1.609944
1.351639
1.173571
1.513337
1.270108
1.204705
1.150454
0.901466
1.537224
1.559477
1.601997
0.745551
1.038940
1.618050
1.954010
1.338570
1.188174
1.891723
1.452061
1.418781
0.666745
1.769811
1.051482
0.974661
1.085585
1.332691
1.455309
1.617010
1.712905
1.416305
1.466465
0.734222
1.608943
0.434133
1.138864
1.421626
1.179247
1.510115
1.273271
1.061254
1.202013
1.179880
1.668296
1.802409
1.480140
1.152808
1.031822
1.104251
2.119749
1.507899
1.510419
1.497552
1.545559
1.471239
1.199563
1.113886
1.570150
1.450438
1.270809
1.584230
1.682486
1.861886
1.545837
1.586870
1.102673
1.835266
0.957981
1.233885
2.030191
1.445668
1.011592
1.916856
1.451794
1.594368
1.236287
1.587554
1.374054
1.730811
1.582125
1.636727
0.756090
1.606296
1.249851
1.240640
1.335111
1.793220
1.632860
1.682112
1.014613
1.592668
1.427019
1.298225
1.550480
1.091866
1.402163
1.482387
1.181259
0.723401
1.867467
1.023025
1.647850
1.185351
1.175794
1.340838
1.109056
1.558355
1.548939
1.362008
1.800968
1.081022
1.869068
1.480948
1.653633
0.748740
1.661482
0.566828
0.898107
1.351182
0.978674
1.938787
1.909587
1.719923
1.861551
1.345344
1.610819
1.354793
1.332052
1.043347
1.297334
0.938420
1.145791
1.461139
1.802613
2.159272
0.964272
1.035451
1.181113
1.190139
1.379688
1.223597
1.050091
1.686001
1.530335
1.841917
1.501981
1.442699
1.035021
2.228152
1.597918
1.174650
1.732586
1.249109
1.331329
1.234472
1.072445
1.356761
1.565721
1.860244
1.234502
0.934228
1.938276
1.267163
1.560359
1.474715
1.374905
1.466751
1.131189
1.524237
1.473029
1.342456
1.832972
1.892261
1.133303
1.327265
1.134181
1.476878
1.493025
1.354697
1.572728
1.244475
2.130736
1.231604
1.172960
2.009992
0.840472
1.117556
1.203973
1.451102
1.680314
1.492524
1.344297
1.338831
1.330981
0.935756
0.913667
1.222430
1.311030
1.904223
0.869361
1.088975
1.473800
1.384770
1.203434
1.734968
1.562869
1.042815
1.341345
1.170945
1.072519
2.047351
1.319018
1.183098
1.635234
1.506741
1.640628
1.274984
1.600543
1.268076
1.215270
1.301006
1.363481
1.406643
1.267164
1.162154
1.428780
1.072195
1.893386
1.509336
1.543374
0.643037
1.008433
1.812359
1.726546
1.266558
1.733797
1.158243
1.630766
1.392985
1.825077
1.533750
1.381923
1.203057
1.245496
1.245008
1.765667
1.192255
1.667863
1.647261
1.577532
0.559901
1.191367
1.688187
1.614631
0.879587
2.123107
0.971860
1.365252
1.560251
1.550901
1.522794
1.452512
1.172088
1.136117
1.935546
1.443308
2.096768
1.132781
1.940819
1.032580
1.778073
0.720209
1.343590
1.326056
1.354538
0.730232
1.569634
0.942683
0.908559
1.871684
1.770218
1.018567
1.580458
1.396779
1.313758
1.561516
1.619930
1.376440
2.057541
2.125853
1.570209
0.991706
1.395863
0.976111
1.708965
1.897029
1.472966
1.192893
0.920308
1.203481
1.284008
1.710094
1.401761
1.151486
1.110340
1.230255
1.803947
1.526285
1.921451
1.864694
1.526117
1.050408
2.086667
1.049667
1.232071
1.213846
1.805860
1.344962
1.637068
1.873318
1.659286
1.455651
1.812048
1.776129
1.406512
1.274442
1.296327
0.983056
1.126857
1.752470
1.237101
1.749828
2.764716
-1.435631
-2.740451
-1.471671
-1.353538
-2.424133
-2.912110
-2.771960
-1.597542
-2.384251
-2.443075
-0.607567
-2.444894
-0.463172
-3.105244
-2.308196
-2.797595
-2.441215
-1.640461
-2.483955
3.028690
3.013239
-2.808728
-2.094642
2.703954
-3.169827
-2.726664
-2.848558
-2.416502
-2.997480
-2.816616
-2.126971
-2.394676
-3.127081
-2.332437
-2.888278
-3.113419
-0.909888
3.064689
-2.344180
-2.270206
-2.601875
-2.452828
-3.070666
-2.947589
3.107392
-1.802913
-2.140160
-1.726500
-2.914452
2.575796
-2.928970
-1.636377
-3.187930
-3.004527
-3.047020
-2.986370
-2.698179
-3.073983
-2.724088
-2.664920
-2.738369
-2.608267
-1.511725
2.612398
-3.010749
-3.029805
-1.568450
-3.084295
-2.762746
-1.920997
-2.698577
-2.381528
-1.879414
-2.725865
-2.380711
2.957045
-1.555925
-1.581461
-1.850135
-2.315918
-2.648107
3.204377
-2.913559
-2.431755
-2.508389
-2.217219
-0.660067
-1.710550
-3.013709
-2.567556
-2.712959
2.754811
-2.927094
-2.925041
-1.670942
2.725801
-3.175722
-2.515308
-2.691165
3.035860
-2.143848
3.083164
-2.086036
-2.424777
-2.504594
-2.807179
-2.513656
-2.880686
-1.658850
-1.903482
-2.985638
-3.035105
-2.779129
-2.499120
-2.346686
-2.479062
-2.565972
-3.135659
-2.813924
-1.815799
-0.662730
-3.075514
-0.601896
2.790460
-2.311435
-2.282184
-2.574717
-2.505349
-3.047472
-1.472157
-2.537312
-1.691523
-2.277273
-2.373627
2.992313
-1.195170
-2.136544
-2.867679
-2.199820
-1.877265
-3.053222
-2.958110
-2.413507
-2.509458
-2.159107
-1.581192
-2.956532
-2.276583
-2.739615
-2.546738
-2.290899
3.185656
-2.815828
-1.756047
-2.296190
-2.886836
-1.856377
-2.398357
-2.953908
-2.189963
-3.025438
-1.695879
-2.546418
-2.685863
-2.756800
-2.535860
-1.508399
-2.374666
-1.935892
2.917269
-1.407918
-1.272098
-2.695451
-2.679696
-2.742919
-2.975250
-1.593661
-2.942241
-3.166497
-1.996903
-2.523929
-1.661527
-2.877264
-0.537311
-3.066171
-2.567435
-2.861312
-2.667225
3.056956
-3.084229
-2.399437
-2.390722
-1.692345
-2.719901
-2.464105
-2.282423
-2.352940
-2.897382
-2.736481
-2.293060
-2.440602
-2.306263
-2.754921
3.074556
-3.013872
-2.873808
-1.560819
-1.782600
-2.909512
-2.842489
-2.393369
3.007819
3.121061
3.054044
-2.638219
-2.839899
-3.205696
-2.606480
-1.897528
-3.073237
-2.549674
-2.909794
-3.040433
-2.387864
3.084224
-2.473657
-2.825225
-2.886089
-2.830341
-2.300011
-2.438688
-2.605486
-2.722892
-2.564821
-1.743232
2.789786
-2.631613
-1.883965
-3.016726
-2.519009
2.682938
-2.077984
-2.461227
-2.637359
-2.912215
-2.603266
-2.546046
-2.855345
-2.746811
-3.041964
-2.957298
3.003209
-2.925128
2.869003
-2.184100
-2.992560
3.125343
-2.534453
3.026746
-2.856760
2.939064
-0.646741
-2.251834
-2.427300
-2.525296
-1.643661
-2.506010
-1.454485
-2.429120
-3.198487
-3.141007
-1.620321
-3.091278
-2.482115
-2.773020
-2.533641
-2.745770
-2.072176
-3.005043
-2.816307
-2.887185
-2.791337
-2.864644
3.013888
-2.459652
-2.784747
-1.537768
-2.783936
-1.458298
3.069703
-2.474356
-0.366725
3.074853
-1.689483
-2.027954
-2.752374
-2.935945
-1.826172
-2.788974
-2.474681
-2.784184
-1.413641
-2.747866
-1.146881
2.905010
-2.491445
2.875797
-2.994832
-3.100614
-1.866473
-2.622158
-2.380171
-1.459388
-3.066350
-2.906581
-2.456502
-2.551122
-1.603859
-3.145599
-2.225975
2.825667
2.917913
3.122831
-2.838443
-2.854713
2.943208
-2.604806
-2.034575
-1.201255
-2.201983
-2.949999
-1.743657
-2.453459
-2.576713
-2.488840
-2.587775
3.043636
-2.497721
-1.940704
-2.733183
-2.858753
-2.822851
-2.609530
2.957087
2.884896
-1.503371
-1.613116
-2.980361
-2.723279
-2.134855
-2.294149
-1.738669
-3.020214
-2.363411
2.583178
-2.221131
-2.612398
-2.521152
2.981176
-2.655825
-1.792628
-2.346710
-2.768029
3.194358
-2.089007
2.677352
-2.947990
3.015615
-1.667277
-2.708409
-1.985465
-2.147533
-2.300984
-1.367488
-3.046900
-2.918507
-2.567237
-2.147725
-2.408482
-2.493189
-2.408910
-1.481378
2.943039
-1.818826
3.009931
-2.375691
-1.481093
-2.743896
-2.583171
-2.770266
-2.991815
-2.427769
3.198359
-3.104262
-2.633232
-2.150273
-1.837761
-2.715733
-2.563260
-2.834197
-2.989244
-2.608340
-2.864566
-2.959735
-1.822039
-1.583004
-3.191125
-2.303313
-1.897221
-1.815927
-2.490806
-2.706852
-2.410920
-3.069446
-2.781179
-2.891168
3.029889
2.942899
-1.975425
-1.651880
-1.981481
-2.400203
-2.753633
-1.417352
-2.032685
-2.665271
-2.254041
-3.133342
-0.741827
-2.920582
-2.923037
-2.609158
-2.275945
-2.748503
-2.431042
-2.732893
-1.608543
-1.320716
-2.276127
-2.910440
-2.965091
-2.438307
-2.813499
-1.613370
-2.627697
3.172926
-2.062598
-3.066653
-2.455373
-1.656759
-1.420776
-3.109626
-2.258231
2.965529
-2.469182
-2.354225
-2.465074
2.931699
-2.829241
-2.629803
-2.364366
-1.651295
-1.578495
3.093462
-1.731808
-2.498141
3.070305
-2.114844
3.037015
-2.259374
3.206106
-3.185044
-2.796539
-1.680600
-2.129642
-2.429353
-2.661675
-2.723903
-2.994131
-2.122910
2.730498
2.940313
3.014680
-2.435261
-3.010690
-2.091084
2.756786
-2.570473
-3.115629
-3.184649
-2.960355
-2.743050
-1.615430
-1.069030
-2.355161
-2.427384
-2.727925
-1.900987
-0.490275
2.892718
2.562759
-2.278980
3.200457
2.872774
-2.542914
2.820767
-2.642714
-3.150351
-2.841994
-2.771830
-2.775514
3.046525
-2.724858
2.879265
-2.805862
2.914800
3.096203
3.053226
2.971975
2.824214
-2.541443
2.857675
-3.063001
-2.717757
-2.868805
2.959442
-2.616649
2.918371
2.656557
-2.494308
-3.004271
-2.778751
-2.499388
2.954083
3.156754
3.077600
3.204688
2.981591
-3.013432
-2.551501
-2.631889
-2.902252
2.994127
-3.034845
-2.793135
-2.839258
3.067204
-2.787431
-3.045892
-2.643129
-2.811782
-2.913377
-2.463643
3.171814
-2.616817
2.848962
-2.589202
2.955945
2.822123
-3.060308
2.490867
-2.615963
-2.325976
-2.769889
-3.106498
-2.265255
2.975141
2.891648
-3.166900
-2.620104
2.954036
-2.982898
3.018962
-2.243382
-2.828875
-2.895510
3.022808
-2.702367
-2.776178
-2.938627
-2.352041
-3.081626
-2.984117
-2.788811
-2.914387
2.377292
3.178355
3.072205
3.072194
-2.856713
3.150223
-3.095654
-3.119933
-3.042065
-2.933944
-3.206464
-3.134919
-2.780172
-2.813903
-2.860091
2.956283
2.630533
-2.973150
-2.889373
3.200950
2.781364
-2.869625
2.802465
-2.760785
-2.944572
-2.182095
-2.960542
2.493988
-2.823752
-2.966760
-3.206239
2.974135
-2.681892
3.170769
-2.386323
-3.129527
2.991843
3.080841
-2.616326
2.946958
-2.900774
2.980911
2.839706
2.653426
-2.448260
-3.052972
3.038187
-2.964515
-3.200520
-2.722647
-2.618807
-3.061807
-2.848282
-2.880335
-3.205257
-2.739490
-2.986995
-2.683319
-3.199243
-2.379643
2.752223
3.175181
3.119236
2.751439
-2.687782
-2.443472
-2.701803
2.683460
-2.631680
2.280495
-2.236003
-3.116026
-3.124324
2.990132
-2.867298
-2.514053
-3.129855
-2.902661
-2.903326
2.762323
-3.061556
-2.615224
-3.058940
-3.056986
2.977139
2.948594
2.674307
-3.054269
-2.907467
3.165181
-2.881081
-2.819457
2.890280
-2.960701
-3.050152
-2.591420
-2.799854
-2.877599
-3.195330
2.962126
-2.902583
3.113626
-2.960643
2.991936
2.795431
-2.987199
-2.978705
-2.812613
3.039771
3.186379
-2.490863
2.612157
-2.698004
-3.203066
2.989348
2.879360
-2.862070
-2.965808
-3.028538
-3.129907
-2.725358
3.023331
2.846873
3.043382
-2.407754
2.716873
-2.347526
3.025711
-2.701412
-2.907377
3.023956
-2.995626
-2.891079
3.066662
-2.776657
-2.485818
-2.584544
2.738602
-2.637970
-2.880115
3.064788
-2.681111
-3.023236
-2.844152
-3.048899
-2.587687
-2.756906
2.817188
-2.996069
2.837638
2.508064
2.815917
-2.974136
-2.990569
-3.193057
3.108903
3.126417
2.982421
-2.622786
-2.486671
-3.065620
-2.870832
-2.539384
-2.993367
2.931058
-3.078615
3.187924
2.898779
-2.706497
-3.024864
-2.824346
-2.830927
-2.650143
-3.162892
2.957778
-2.797846
-2.782275
-2.925656
-2.794060
3.184211
-3.191899
-2.306485
-3.000546
-2.893134
2.988174
-2.653045
3.049655
-2.779154
3.067837
-1.883446
-2.745217
2.859290
2.972899
2.943821
2.979201
2.699165
-3.047686
2.830484
-3.034114
2.929160
-2.991508
-2.534275
-2.532257
-2.647708
-3.104352
-3.088249
2.680700
-3.031718
3.126377
-2.608269
-2.894540
-2.466473
-3.083296
-2.770006
2.944053
-2.326379
-3.139228
-3.127911
3.103691
2.936388
-2.625898
-3.123203
-3.069922
2.942093
2.853560
-2.781205
-2.731516
2.900053
2.980279
3.009738
-2.827861
-3.002200
2.933655
2.817835
-2.884812
2.972616
-2.931955
-3.057721
-2.935677
-3.008422
2.882556
-2.946759
-3.168595
-2.448912
-3.128095
2.890813
-2.488298
-2.670974
-2.706623
3.038340
-2.561625
-2.480821
-2.984881
2.831470
-3.054470
-2.699856
3.152727
-2.209922
-2.185936
-2.856389
-3.008798
2.861674
2.919083
-2.989683
3.158694
2.996400
2.917537
2.907156
-2.664092
-2.665999
-2.384524
2.570843
-2.850041
-2.886277
3.029836
2.969827
-3.180601
3.144654
-2.828917
-2.847329
3.143168
-2.730482
-2.878616
-3.031808
-2.993594
-2.425305
2.979694
2.805432
-3.053835
-2.676966
-2.904151
-3.152162
-2.872020
-2.964683
2.516830
-2.648830
-3.063142
2.598236
3.025279
2.794775
2.753691
-2.931112
-2.815607
2.665869
-3.191347
3.116611
2.968938
-2.952140
-2.771833
3.021608
-2.910179
-2.569757
3.071260
-2.869702
-2.616156
-2.861067
3.132396
-3.001412
-2.554424
2.930488
-2.836946
-2.937258
-3.049997
-2.839338
2.828561
-3.174812
-2.751257
2.354031
3.133584
-2.960838
-3.001976
3.050694
-2.710412
3.129770
-2.748078
-2.895944
-2.696090
-2.713746
3.138737
-3.160957
2.949665
-2.162762
3.097585
-3.038648
-2.403460
-2.870803
2.882279
-3.035484
3.039708
2.606628
3.056508
-2.851994
3.015392
2.877213
2.815685
2.318915
-2.694554
2.987919
-2.848005
3.011537
-2.553598
-2.939883
-2.519022
-2.837878
2.742646
-3.124794
2.938354
-2.771392
-3.107066
2.820911
2.613478
-3.060630
-3.121389
-2.737230
2.811490
-2.668572
-2.754943
2.992011
2.697267
-2.857278
-2.827231
-3.174421
2.818648
-2.742545
2.851666
-2.871447
3.027820
-2.896510
3.046492
2.970834
-2.773780
3.072420
-2.949672
-2.510823
2.947138
-2.861391
-2.729259
2.641937
2.917271
-2.594185
-3.066387
3.119258
-2.798057
-2.633555
-3.014651
-3.012961
2.959862
-2.784039
-2.791324
-2.399317
3.031703
-2.964431
-3.054404
-2.768464
