-2.297341
-0.541294
-1.947647
-1.700957
-0.559026
-1.780977
-0.683541
-1.067167
-0.652274
-0.590627
-1.018062
-1.125543
-0.689251
-0.263738
-0.903124
-1.662928
-1.436178
-0.910733
-2.266474
-0.781233
-2.370028
-2.695619
-0.719065
-1.084940
-1.799673
-1.384539
-0.655301
-1.908112
-0.843068
-1.169670
-0.725033
-1.138198
-1.438477
-0.627644
-0.658420
-2.366659
-1.277510
-1.071386
-1.613943
-1.277376
-1.099234
-2.409952
-0.573907
-1.067523
-2.089078
-0.850028
-0.789080
-1.439215
-1.804389
-0.400709
-0.987493
-1.129784
-2.387575
-2.431188
-2.302726
-0.973259
-1.113483
-1.169217
-0.977210
-1.211997
-0.845076
-1.059064
-0.909579
-1.366257
-1.322791
-0.884158
-0.542372
-0.596153
-1.000920
-1.795403
-0.495059
-0.385546
-2.324975
-1.403530
-0.940380
-2.492302
-0.299800
-2.375942
-1.021977
-1.776404
-0.600846
-0.730686
-1.365984
-0.501714
-1.428552
-1.157753
-1.232883
-1.071720
-1.281692
-2.074248
-0.533359
-2.297824
-1.447183
-2.431587
-1.028274
-1.253707
-1.008245
-2.019567
-0.788139
-2.786387
-0.203595
-2.373846
-1.798144
-0.944153
-1.447521
-0.898666
-0.651146
-1.146178
-0.613778
-0.626858
-1.390281
-0.897993
-1.265108
-0.612993
-0.965627
-1.127245
-0.798762
-0.701455
-1.921631
-0.734215
-2.071889
-1.265236
-0.520113
-0.854055
-1.670844
-0.909676
-1.352708
-0.999994
-0.953469
-1.403590
-1.069163
-1.090147
-1.210482
-0.939486
-2.585115
-1.159054
-1.037729
-1.451053
-0.387774
-2.089844
-0.740186
-1.955514
-0.780654
-1.191452
-2.567453
-1.201508
-1.859057
-2.317707
-1.318307
-0.914448
-1.208131
-0.927146
-1.226219
-0.432673
-0.225365
-0.814514
-0.633002
-1.231482
-0.863614
-1.356952
-1.539596
-1.384835
-0.361745
-1.237603
-1.040417
-1.236280
-2.141234
-1.587358
-1.289772
-1.733181
-2.905233
-0.972693
-1.744424
-0.693428
-2.610483
-2.573348
-2.286645
-0.646706
-2.002615
-1.290929
-2.017657
-0.865163
-1.144030
-0.726484
-0.711150
-0.844096
-2.352678
-1.314807
-1.006210
-1.052826
-0.989704
-1.469444
-0.587517
-1.977213
-0.899723
-1.114174
-1.261907
-0.859560
-0.769431
-0.756772
-1.334208
-0.732880
-0.713130
-2.283246
-1.105273
-2.173380
-0.978815
-1.099281
-2.172741
-0.764512
-0.188335
-0.997333
-2.285545
-1.545899
-1.317374
-0.704500
-2.712556
-1.231620
-1.386000
-1.008899
-2.178728
-0.797454
-2.677659
-1.007777
-0.733032
-1.272730
-1.045006
-2.206614
-0.766045
-1.536260
-1.309936
-1.010495
-0.872978
-0.883274
-0.128750
-1.337593
-1.944348
-0.855678
-2.795202
-0.973488
-0.213739
-0.899555
-1.473007
-0.934278
-2.532122
-2.170442
-2.524800
-1.021823
-1.099877
-1.176246
-0.367362
-1.411132
-2.905924
-1.398434
-1.138451
-0.574864
-0.872941
-0.735919
-1.424457
-1.548452
-1.241646
-0.826315
-1.422289
-1.798041
-1.828556
-0.760881
-0.622686
-1.369059
-1.202223
-1.382330
-2.066675
-1.899145
-2.590584
-0.952318
-1.582828
-1.014401
-1.268528
-0.637021
-1.076694
-1.175075
-0.643569
-1.527286
-1.494781
-0.711194
-0.360865
-2.393621
-1.315101
-0.527810
-1.475461
-0.855860
-1.349653
-0.383681
-1.119476
-1.075347
-2.331034
-1.929183
-1.079889
-0.930695
-0.843974
-0.810978
-2.273849
-1.205559
-0.621115
-1.376293
-1.203337
-0.892691
-0.859272
-0.835134
-1.196027
-0.655961
-1.068759
-1.173186
-1.395215
-1.561815
-0.313868
-0.781209
-0.831596
0.119856
-1.133472
-1.495842
-2.040069
-1.132169
-0.502955
-1.661499
-2.424897
-0.934472
-1.692072
-2.269967
-0.715870
-1.517684
-0.361216
-0.478074
-2.130980
-2.004991
-1.051432
-1.192858
-0.472263
-1.172436
-2.038262
-0.732595
-2.122743
-2.330285
-1.964657
-0.972023
-2.454795
-1.017166
-1.240909
-2.609092
-0.571346
-1.291473
-1.493139
-1.664561
-0.381467
-0.855220
-0.841586
-1.319512
-0.765273
-0.813062
-1.701070
-2.452651
-2.374878
-0.698460
-1.844296
-1.409592
-1.067629
-1.890997
-1.429150
-1.638228
-1.105146
-0.901638
-0.879519
-1.673785
-2.385657
-0.639838
-0.884635
-0.896214
-1.211515
-2.632178
-2.399766
-1.389765
-1.581978
-1.822588
-1.145513
-0.634124
-1.295899
-0.383362
-1.985214
-1.226695
-2.294884
-0.184211
-0.896983
-1.161273
-0.696561
-2.140883
-1.133155
-0.638111
-1.600337
-0.870678
-2.126607
-1.985423
-1.622582
-0.755117
-0.767813
-2.540614
-1.169946
-2.497100
-1.733897
-1.413907
-1.082659
-0.774275
-2.310295
-0.929381
-0.229810
-0.917986
-1.312821
-1.495321
-1.818404
-2.366553
-1.978089
-2.307241
-0.788956
-0.549543
-1.610481
-1.072102
-1.091337
-2.175372
-1.398898
-1.349779
-0.648626
-1.349769
-0.651542
-2.626631
-0.953993
-1.167483
-2.351136
-1.282165
-1.948565
-2.575682
-0.962854
-1.389134
-0.605590
-1.305920
-2.176122
-2.166052
-1.534799
-2.387270
-0.917875
-1.404801
-2.499603
-1.322184
-0.750021
-1.410131
-1.857505
-1.938612
-1.803029
-2.314302
-2.499551
-1.369430
-0.742166
-1.399096
-1.032127
-0.313794
-0.766051
-1.135653
-1.023303
-1.162711
-2.462349
-0.456529
-2.372986
-1.208423
-0.330239
-0.767944
-2.177775
-0.649633
-0.900399
-1.260569
-0.407697
-1.319893
-1.086494
-0.718016
-0.757341
-0.690100
-1.725713
-0.597817
-0.691026
-1.080911
-0.805459
-2.033212
-1.878758
-0.936877
-0.814279
-0.530749
-0.733130
-0.784042
-1.171373
-0.102341
-1.074471
-1.312888
-1.573005
-1.454438
1.924834
1.162512
1.748493
1.168878
1.708806
1.194086
1.510258
1.336610
1.342281
1.267517
1.211941
1.490346
1.369263
1.251496
1.262492
2.007127
1.166068
1.218973
1.203098
1.207943
0.988484
1.678210
1.262132
1.329843
1.626318
1.026960
1.583305
1.443311
1.491148
1.245546
1.526127
1.876974
1.453526
0.835211
1.845521
1.880019
1.700637
2.159293
1.114484
1.854582
1.245843
1.175541
1.238149
1.408960
1.277421
1.832346
2.030600
1.424472
1.041154
1.248645
0.629400
1.546818
0.997443
1.258040
1.961410
1.885163
1.331163
1.042382
1.901839
1.485522
1.840118
1.313374
1.637237
1.527724
1.999935
1.468541
1.136371
1.605122
1.005493
1.349906
1.472180
1.702587
1.330209
1.519953
1.181670
1.631171
1.652020
1.000792
2.025776
1.869365
1.154533
2.324283
1.524752
1.713764
1.483144
1.486276
1.143354
2.416097
1.628684
1.257300
1.448430
2.004342
1.114498
1.284423
0.865490
1.865008
1.219261
1.811533
1.350634
0.844469
1.131908
1.348189
1.612011
0.824409
1.420708
1.611170
1.954399
1.237561
1.551508
1.631424
1.657626
1.195736
1.100904
1.669832
1.110165
0.997347
1.406550
1.677257
1.813097
1.628777
1.577298
0.731055
1.638551
1.204001
2.278211
1.117119
1.731224
1.342961
1.238578
1.315972
1.807970
1.620348
1.113616
2.011391
1.438515
0.751440
1.791048
1.329778
1.843334
1.466410
1.807461
1.317481
1.898958
1.202890
1.329742
1.460401
1.317756
1.517315
1.003801
1.226005
1.295547
1.960614
2.214450
1.462713
0.928779
1.506771
1.613760
1.462068
1.527199
1.337539
0.950975
0.971545
2.059083
1.168174
1.495667
1.703751
1.017771
1.912310
1.583892
1.854886
1.394047
1.451269
1.106448
1.770575
1.415240
0.798210
1.488156
1.484646
1.406306
1.134153
1.167357
1.580627
1.248538
1.156372
1.537819
1.664392
1.318809
1.361270
1.663274
1.312551
1.326106
1.063811
1.431424
1.574448
1.486413
1.400625
1.359778
0.873912
1.423732
1.834397
1.598132
1.276355
1.814724
1.641345
1.372793
1.485554
1.294611
1.167930
1.882800
1.491006
1.501582
1.858014
1.681127
1.175808
1.195812
1.344841
1.873975
1.133840
1.587610
0.945474
1.422615
0.843039
1.492363
2.066502
1.584646
0.597628
1.188349
0.803602
1.843930
1.124283
1.936539
1.137582
1.280654
1.142392
1.228072
1.354345
1.151425
1.244793
1.815861
1.455524
1.289948
1.328144
1.997614
1.047356
1.933496
0.830531
1.251601
1.673098
1.594138
1.154537
1.173578
2.380402
1.694688
1.521090
2.117236
1.328622
1.415266
1.250545
1.136738
1.274077
1.115159
1.480690
1.289791
1.110590
1.474902
1.138213
1.343038
1.490969
1.424683
1.113465
1.669129
1.855125
1.733537
0.868815
2.305802
1.327081
1.229315
1.646018
1.928037
1.010288
1.890997
1.148457
1.439410
1.601853
1.686801
1.807008
1.507808
1.127766
1.189313
1.933129
1.656742
1.501931
1.473145
2.021809
1.210184
2.047015
1.807644
2.067351
1.674842
1.357134
2.170813
1.295607
1.113204
0.964272
1.571013
1.214495
1.511911
1.452933
1.616893
1.437405
2.158881
1.150903
1.571095
1.261633
1.477176
1.858280
1.285047
1.592569
0.571260
1.863486
1.600180
0.807730
1.294312
1.074507
1.220068
1.654077
0.884930
1.103374
1.784026
0.640138
1.244772
1.469699
1.368770
1.760119
1.106038
1.882366
1.153271
1.892259
1.544416
1.750129
1.475689
0.960921
1.138720
1.553698
1.794888
1.510112
1.562501
1.834527
1.397457
1.464564
1.657087
0.901507
1.084680
1.526432
1.663182
1.300332
1.934341
1.831950
1.808297
1.275555
1.450946
1.651020
1.906037
2.081377
1.091531
1.292218
1.488908
1.259671
1.958650
1.842471
0.916101
1.733101
1.564528
1.944334
1.983904
0.759650
1.580883
1.753725
1.358138
1.523240
1.294100
1.958373
1.155651
1.287594
0.973059
1.357039
1.413105
1.440366
1.342235
1.704089
0.849049
1.558570
1.423953
1.221979
2.032907
1.336369
0.939288
1.733066
1.509446
1.864330
1.215253
2.251783
2.134479
1.232782
1.769763
1.077029
1.056484
1.637621
1.805411
1.403677
1.766777
0.723989
1.643074
2.165070
1.206503
1.712438
1.602114
1.253314
1.473797
0.773622
1.640266
0.730856
1.556513
1.584885
1.032176
1.805167
1.720059
1.694094
1.231176
1.330027
1.352630
1.685922
1.828869
1.705107
1.353996
0.972587
1.003036
1.299303
1.234709
1.895723
1.481043
0.978067
1.499784
1.251521
1.088514
1.910223
1.907801
1.143273
1.102040
1.650356
1.549595
1.187752
2.015802
1.985723
0.982109
2.035173
1.449103
1.984286
1.414053
1.429959
1.666014
1.288688
1.150280
1.977913
1.657536
1.481994
1.985979
1.258705
2.173511
1.824377
1.794030
1.245152
1.539571
0.565954
1.150893
1.550940
1.668908
1.185079
1.628949
1.587809
1.163682
1.355834
1.067889
1.993499
1.436281
1.678498
1.474290
1.517468
1.262435
1.106323
1.687605
0.633227
1.406129
1.120843
2.263697
1.842063
2.008843
1.964826
1.081451
0.921797
-2.665247
-2.199920
-1.796518
-2.041545
-1.633940
-1.585480
-2.176041
2.339845
-2.107286
2.915942
-1.669401
-0.939489
-2.446998
-0.594071
-2.043917
-2.193850
-2.012196
-1.650640
-2.453853
-2.187460
-2.920037
-2.205324
-2.580010
-2.468604
2.911234
-2.067509
-2.037550
-1.906099
-2.599031
-2.576387
-1.774176
-2.098883
-2.782461
-2.699258
-2.152812
-2.911663
-2.041697
-2.149430
-2.616148
-2.233361
-1.875164
3.073137
-2.695774
-2.904544
-2.396776
2.433244
-2.067977
-2.288137
-1.978374
-2.390854
-1.753291
-2.552606
-2.342290
3.093249
-2.327222
-2.603152
-2.056397
-2.263198
-2.943083
-1.972191
-1.704386
-3.122414
-2.762498
-2.239827
-2.153613
-2.529804
-2.098727
-2.082993
-2.460946
-2.370047
-3.002646
-2.180306
2.904860
-2.529910
-2.219936
-1.718046
-2.087511
-2.298041
-2.630404
-2.387633
2.988380
-2.768541
-2.181640
-2.133620
-2.246619
-2.717913
-1.545208
-0.979492
-2.217330
-2.250154
-1.364586
-1.850552
-1.759504
-2.359483
-2.528922
-2.198605
2.855304
-2.767594
-2.171493
3.103213
-2.019156
-1.836874
-1.563529
-2.314268
-2.302751
-2.502002
-1.530907
-2.084065
-2.748724
-2.537797
-1.819657
-2.470167
2.554317
-2.119254
2.974210
-2.242870
-2.209125
-2.426664
-2.865756
-2.094250
-3.147320
-0.223136
-2.281611
-1.078783
-1.929605
-2.161114
2.792778
-1.405648
-2.009908
-2.450006
-1.558484
-1.897715
-1.741368
-2.215552
2.577940
-1.990692
-2.288104
-2.296076
-1.858945
-2.222301
-2.337364
2.712308
-2.645672
-2.528389
-2.128093
-2.353903
-1.995592
-2.498701
-2.331164
2.967901
-2.627404
-2.198617
2.849361
-3.169778
-1.662965
-1.945091
-2.260411
-1.985612
-2.446346
-1.951370
-2.536179
-2.522294
-2.225328
-1.895718
3.105067
-3.026458
-1.541251
-2.331598
-2.173146
-2.429755
-2.802006
-1.766685
-2.202905
-2.320926
-2.264252
-1.393837
-1.982338
-2.009580
-2.576961
-2.273638
-2.571474
-1.867612
-2.193779
-2.265493
-0.537311
-2.364001
-3.004235
-2.730855
-2.735331
-2.021370
-2.499915
-2.323712
-2.490165
-2.412298
-2.278544
-2.595630
-3.159376
-2.281399
-1.496845
-2.530990
-2.144301
-2.387305
-1.693472
2.809135
-2.501199
-2.656037
-2.807836
-2.058847
-1.777306
-2.411919
-2.954082
-1.626670
-2.910052
2.762964
-2.228696
-3.048389
-2.093984
-2.985931
-2.827515
-2.281911
-1.517710
-1.911191
-2.689888
-2.358640
-2.442257
-2.212713
-3.002123
-2.433873
3.167976
-2.810655
-1.656817
-2.748003
-2.696567
-2.385694
-2.764754
-1.871419
-2.230154
-2.719794
-1.974184
-1.936841
-1.534803
-2.168551
-2.291252
-2.216950
-1.626425
-2.498097
-2.350478
-2.030853
-2.021301
-2.154872
-2.676683
-2.281302
-2.232532
-2.496613
-1.673952
-2.437572
-2.337723
-2.032568
-1.551160
-2.632402
-2.637999
-2.587257
-1.010015
-2.875401
-2.800189
-2.308929
-2.646787
-2.807039
-1.871001
-1.985160
-2.380289
-2.142348
-1.896181
-2.202196
-2.487671
-1.520860
-2.207069
-1.447771
-1.947299
-1.960543
-2.358750
-1.750687
2.939946
-3.031281
-2.603081
-2.642911
-1.622430
-2.454066
-2.154635
-1.907046
2.741660
-2.418898
-1.107259
-2.618704
-1.865224
-2.580369
-1.851034
-2.236380
-2.916789
-3.136286
-1.905759
-1.363885
-1.883508
2.490367
-2.305871
2.963472
2.711606
-2.216198
-1.839550
-1.391908
-2.010355
-2.441431
-2.182958
-2.386438
-2.690157
-2.067476
-2.429012
-2.158422
-2.272436
-2.855287
-2.793784
-2.485037
-1.775908
-2.393175
-3.148267
2.990445
-1.765518
-1.979497
-2.337909
-2.539752
-2.887375
-1.752536
-2.282911
-2.344085
-1.602237
-2.653572
3.171653
-2.803977
-1.993172
-2.961140
-2.339852
-2.508732
-2.128051
-2.101025
-2.521287
-1.884686
-2.140558
-2.021987
-3.081097
-1.998768
-2.261212
-2.405643
-2.213801
-1.918234
-1.588698
-2.511457
-1.349431
2.966954
-2.260977
2.980027
-2.524925
-2.430619
-2.456696
-2.489383
-2.046732
-1.910857
-2.760847
-1.546748
-2.810019
-2.352528
-2.061284
-2.601741
-2.222568
-2.734315
-2.237609
-2.436832
-2.420810
-1.852271
-2.205893
-2.721274
-2.131745
-1.498293
-2.516032
-1.956270
-2.022095
-2.081543
-2.052990
-1.952961
-2.498727
-2.666171
-2.147751
-2.304728
-2.319830
-3.096546
-2.937649
-1.822786
-1.206463
-2.141838
-2.553826
-2.348655
-2.898528
-1.547087
2.749824
-1.836532
-2.699755
-1.696977
-1.654992
-2.565085
-2.155613
-1.977948
-2.246554
-2.196193
-2.837751
-2.885756
-2.333392
-2.510218
-2.379645
-2.309371
2.120999
-2.584010
-1.946523
-2.250868
-2.516069
-2.948493
-2.502509
-1.926719
-2.175385
-1.988120
-2.134024
-1.225321
-2.821521
-1.800627
-2.450569
-2.859538
-2.293052
-1.821906
-2.633119
-2.324855
-2.008648
-2.625813
-2.368028
-2.527925
-2.801076
-2.160786
-1.797668
-2.724154
-2.096103
-2.246512
-1.783629
-1.696056
-2.263780
-2.115412
-2.456833
2.326267
-1.720900
-1.797250
-1.405719
-1.608380
-2.079408
-2.649541
-2.941653
-1.903671
-1.607864
-2.119143
-2.419494
-2.233776
-2.340993
-2.627753
-2.692436
-2.796135
-1.584038
-2.149420
-2.140073
-1.749341
-1.826111
-2.494402
-2.531794
-1.585151
-2.151706
-3.053233
-2.042889
-2.666149
-2.020717
-2.469445
-1.887365
-2.598553
-3.029698
-2.510392
-2.388622
-2.465067
-1.611004
-2.960355
-2.637787
-2.280743
-2.262098
-2.258177
-1.792691
2.982857
-2.624032
-0.284214
-2.901135
-2.948082
-1.926084
-1.485356
-2.634657
2.583030
3.164049
2.577818
2.532568
-1.942482
-3.132729
2.386187
-1.364486
-3.067372
2.775639
-2.851048
-2.663052
-1.136701
-2.934690
-2.888229
-2.673573
2.815726
-2.972911
-2.267101
2.928296
2.866819
-1.092643
-2.825587
-2.855538
-1.758231
-2.199641
-1.746375
3.020348
2.391788
3.178884
-2.609127
-2.292897
-1.929556
-2.526787
-2.300107
-2.390280
-3.060009
-1.967860
-2.054198
2.473523
2.565952
-2.576354
-2.963020
3.120211
-2.498633
-3.014750
-1.747028
-2.453901
2.914239
2.997008
2.672967
-2.542716
2.936190
-2.558536
-3.035248
-2.998102
-2.720295
2.548359
2.996459
-2.020153
-2.713533
-3.157962
-2.723307
-1.671105
-1.787724
2.793959
2.200980
-2.384881
-1.828065
-2.591835
-2.369261
2.274081
-2.679062
-2.571419
-2.039647
3.099226
-2.482941
-3.034989
-2.117517
2.902427
-2.015295
-2.359141
-1.401950
2.122066
2.182165
2.330481
-2.692184
-1.349695
-1.878837
-3.062109
-2.233849
-2.725927
-2.944771
-2.834540
3.171832
2.530199
-2.493723
-1.796273
-2.807297
-2.564401
-2.491938
-1.608495
-2.229777
-2.727711
-2.594979
-2.724826
-3.107729
-2.201459
-1.928525
-2.372083
-2.589816
-2.944128
3.025445
-1.778022
-2.634956
2.712612
2.391697
-2.574701
-2.860189
-2.809209
2.945921
-1.870158
-2.902924
-2.265382
-1.818320
-2.875904
-2.933220
-2.552200
-3.125035
2.716161
-2.595786
3.065950
-2.421254
-2.935829
3.118876
-2.098697
-2.564600
2.439886
-2.554516
-2.560539
2.048104
-2.693926
2.699734
-2.619933
-2.238149
-2.439570
-2.003561
-3.089273
-3.095382
-3.000350
-2.183589
3.016555
-2.707055
-1.684742
-3.061178
-1.766731
3.154212
-2.591397
3.072168
-1.965071
-3.056240
-2.079801
-2.353425
-2.411926
2.345227
-2.964298
-3.086750
-2.934936
3.131496
-1.671635
-2.022758
2.271920
-2.540180
-1.512615
2.107118
-1.156193
2.729343
2.541891
-2.206528
-3.117091
-2.785513
-2.902583
-1.965226
2.928682
-2.742954
-1.642282
-2.755167
2.097536
-1.267843
2.882728
-2.977177
-2.254885
-3.156082
-2.311906
-1.842173
2.904257
-2.289105
2.720234
2.414166
-1.962522
-1.599913
3.024983
-2.339092
-1.652150
-1.454942
3.048045
-2.595337
2.458847
-2.744698
-2.214887
3.014937
3.041404
2.386702
2.479965
-2.054547
-2.353374
3.158575
2.840563
-2.904400
2.661708
-2.654005
-2.086939
2.338901
2.158751
-2.703039
-2.291618
-1.869327
-3.115924
-2.932211
-1.509431
-2.818276
-3.058318
-1.351281
2.578096
2.886687
-2.344769
-1.706047
-1.803727
-2.882085
2.735283
-2.688089
-2.532993
-1.850056
2.774828
-1.271318
-2.915601
-3.191066
-1.640265
-2.198958
-2.738964
-2.434224
-1.584775
-2.749574
-3.040708
-2.640210
-1.601834
-2.707026
-1.870550
2.292256
-2.668315
-2.980192
-2.590852
2.614161
2.750671
2.004384
-3.085633
-1.921417
-1.407961
2.552800
2.639345
2.705810
3.155929
-2.620772
-2.702116
-1.556028
-2.392093
-3.043090
-2.140363
-2.316989
2.495187
-3.004812
2.884198
-2.703019
-3.047432
-3.144172
-2.318861
-2.328658
-2.762777
-2.350505
-2.528548
-2.025320
2.461271
2.612519
-3.091223
-2.561048
-2.027344
-2.201266
-2.524922
-2.565204
-2.639387
2.920423
3.193273
-2.861404
2.616074
-2.995041
2.882424
2.872848
2.631751
-2.399836
-2.256791
-2.497371
-2.578161
-2.303260
2.817639
3.124388
-2.748799
-3.017711
2.071140
3.016004
-1.982857
-2.960435
-1.802599
2.838148
-2.289898
2.292324
-2.316688
-2.820203
-2.261992
-3.047326
-2.862195
-2.766898
-2.682602
2.015552
2.451016
-1.958643
-3.027269
2.883909
-2.606358
3.018342
2.752993
-2.862626
3.104165
-2.659696
-1.429808
-2.741165
-1.756844
-2.974377
-3.191272
3.189924
-2.374134
2.183209
2.244288
-1.495743
-2.157276
-1.677129
-2.002577
-2.430120
-2.742930
2.506899
3.098660
-2.461037
-2.983757
2.589017
2.696046
3.183337
-2.552317
2.666706
-1.720153
-1.570726
-2.768986
2.153236
-2.182291
-3.115563
-2.956335
3.026129
-2.030645
2.583173
-2.177547
-1.778064
-2.240621
2.401574
-3.071489
2.546992
2.841898
-2.447757
2.403858
-2.541001
-3.053074
-2.526722
-2.583757
-2.774706
-3.145904
-2.416157
2.037371
2.621572
2.898496
-2.502797
3.029266
-3.016648
3.107396
-2.877516
2.763746
-2.024327
-1.980052
2.641161
-2.670963
-2.599102
-2.322033
-2.358358
-3.092224
-2.192306
2.007708
-2.976386
3.140947
2.360122
-2.383393
-1.775162
2.964822
3.091197
-2.223016
-2.755226
-2.808983
2.092203
-1.887067
1.988776
2.153483
-2.304700
-2.617267
-2.477698
3.018146
-2.283069
2.733701
2.831205
-2.590077
-3.008821
-2.728707
-2.263440
-2.626228
-2.523860
-2.934452
-1.508148
2.360920
-2.690894
-2.296002
2.960233
-1.186346
-2.825376
-2.919750
-2.907504
-1.686400
-1.332189
-2.778535
-2.211430
-2.568688
-2.769694
2.195713
2.937503
-2.583950
-3.043471
-2.290767
-2.382355
2.990004
-2.308075
2.256621
-2.111637
2.965751
-2.872911
-2.412682
-2.766601
-2.111892
-3.060837
-2.688732
2.825272
-2.895763
-3.073822
-1.582260
-2.100115
2.473645
-2.834277
-2.991688
2.570189
-1.971560
-1.808569
-2.667541
-2.093185
-2.303964
-2.867942
-2.661310
-2.814217
2.560973
-2.896830
-2.597407
-2.174409
-2.337208
-2.672019
