-0.900035
-0.756351
-0.776908
-0.969691
-1.146656
-0.536989
0.036407
-0.540967
-0.397066
-0.436319
0.069133
-0.539366
-0.955205
-0.440188
-0.941612
-1.425796
-0.981471
-0.542204
-0.437500
-0.120852
-0.926132
-0.810490
-0.567455
-1.047364
-0.508611
-1.200153
-1.519285
-0.599313
-0.513169
-0.428524
-0.502723
-0.789980
-0.928490
-0.148362
-0.753187
-0.708821
-1.118419
-0.555871
-0.242969
-0.818831
-0.138862
-1.503710
-0.118261
-1.126379
-0.831633
-0.885190
-1.040178
0.209220
-0.968488
-0.932904
-0.991885
-0.898147
-0.618681
-1.036044
-0.797774
-0.751593
-1.351837
-0.744570
-1.075459
-0.309871
-0.647310
-1.106265
-1.261483
-0.879665
-0.702121
-0.694395
-0.767765
-0.661654
-1.096993
0.037761
-0.494533
-0.453871
-0.560130
-1.262810
-0.466852
-0.447476
-0.054992
-1.353085
-1.073542
-1.188383
-1.059118
-0.833945
-0.526390
-0.792037
-1.455235
-1.186990
-0.049991
-0.425614
-1.113113
-1.192405
-0.350843
-0.997946
-1.305357
-1.074784
-0.512825
-0.195134
-0.650513
-0.334930
-0.561957
-1.069028
-0.606744
-1.242207
-1.258726
-1.169377
-1.402192
-0.253527
-1.036128
-0.453500
0.173922
-0.086360
-0.982167
-0.736266
-1.215053
-1.228793
-0.999623
0.243873
-0.570431
-0.405531
0.082639
-0.919185
-0.609861
-1.410847
-0.604616
-0.985128
-0.248222
-0.595586
-1.105340
-0.284669
-0.778968
-1.287287
-0.804307
-0.556520
-0.674829
-0.709937
-0.978074
-1.402109
-1.219929
-0.811813
-0.675666
-0.516907
0.116650
-0.563350
-1.072063
-1.064540
-0.871186
-0.642704
-0.975531
-0.825176
-0.436473
-0.999698
-0.932289
-1.179294
-1.149157
-0.482172
-1.408769
-0.843331
-0.962475
-1.192079
-0.119180
-0.802740
-0.615962
-0.043991
-0.975857
-0.679637
-0.602856
-1.002263
-0.569547
-0.727168
-0.567190
-0.493480
-1.113738
-1.152687
-0.891083
-0.837043
-1.180340
-1.002061
-0.232506
-0.770803
-0.481121
-0.745087
-0.535553
-1.119067
-0.666137
-0.706003
-0.438262
-1.614787
-0.909191
-0.890207
-1.204038
-0.288112
-0.688030
-0.516972
-1.141679
-0.938205
-1.324406
-1.350249
-1.285182
-0.464188
-0.961076
-0.744646
-0.696177
-0.724380
-1.021133
-1.125902
0.133498
-0.778958
-1.514117
-0.718642
-1.176233
-0.082059
-0.509546
-1.195229
-0.649047
-0.146214
-1.537721
-0.910422
-1.134461
-1.084868
-1.144407
-0.243620
-0.483140
-0.156469
-0.752245
-0.319512
0.070951
-1.150036
-0.864880
-0.350387
-1.166647
-0.388462
0.232837
-0.761346
-0.285954
-0.512314
-0.764860
-0.726192
-0.341195
-0.746930
-0.663412
-1.478676
-0.868850
-0.899257
-1.158091
-0.613303
-1.084536
-0.750859
-0.888554
-0.999433
-0.932676
-0.628375
-0.407252
-1.090258
-1.238240
-0.453625
-1.339846
-0.830548
-0.678462
-0.003359
-0.758382
-0.479971
-1.047420
-0.933955
-0.629031
-0.607204
-0.484429
-0.900527
-1.369295
-1.654476
-0.761489
-1.332766
-0.692229
-0.556869
-0.913884
-1.270738
-1.150744
-0.714987
-0.840558
-1.595939
-0.868240
-1.519168
-1.288962
-1.441693
0.214959
-0.425311
-1.130868
-0.868848
-0.204121
-0.764663
-0.465047
-0.770758
-0.664228
-0.177747
-1.035661
-1.328250
-0.464658
-1.170648
-0.367773
-0.831205
-0.857267
-0.287474
-1.234159
-0.466334
-0.638486
-0.915121
-1.454724
-0.199838
-0.618704
-1.146028
-1.060160
-0.770484
-0.421120
-0.832193
-0.627181
-1.364786
-1.143644
-0.287676
-0.604087
-0.479493
-1.285456
-1.370108
-1.009003
-1.264687
-0.372033
0.160515
-0.640918
-0.901660
-0.830430
-0.622477
-0.950906
-0.238432
-0.329968
-0.778710
-0.807848
-0.830054
-0.617033
-0.744620
-1.218414
-0.632435
-1.592338
-0.232999
-1.053003
-0.733018
-1.141580
-1.104879
-0.974517
-0.505946
-0.483690
-0.439681
0.103150
-1.072213
-0.726036
-1.099566
-0.075833
-1.229731
-0.793578
-1.260596
-0.767616
-0.905845
-0.946012
-0.528598
-0.511249
-1.000857
-1.053638
-0.766535
-0.337726
-0.623770
-1.007630
-0.720533
-1.212815
-0.479150
-0.753362
-0.766556
-1.405329
-0.765777
-1.107581
-0.582540
-0.963360
-0.380529
-1.416471
-0.102270
-0.691836
-0.608635
-0.816719
-1.268874
-0.741002
-0.823367
-0.806808
-0.048350
-0.870148
-0.648032
-0.232154
0.069594
-0.746561
-0.840860
-0.615931
-0.783610
-0.920639
-0.349092
-0.885927
-0.602980
-0.640835
-1.291126
-0.205473
-0.564880
-0.613363
-1.127938
-1.048120
-0.712823
-0.410054
-0.495254
-0.979055
-0.901553
-0.734339
-0.537499
-1.288661
-1.030299
-1.003775
-0.813041
-1.104820
-1.371842
-0.680344
-0.670092
-0.365227
-1.221778
-1.023259
-0.618779
-0.650139
-1.187881
-0.311481
-0.654149
-0.770182
-0.739039
-0.649027
-0.485198
-0.580156
-1.358350
-1.001884
-1.008982
-0.505983
-0.503293
-0.799610
-0.534913
-1.407639
-0.799108
-0.619025
-1.148165
-0.678611
-0.742067
-1.163971
-1.316373
-1.327702
-0.921977
-0.257937
-0.859990
-0.766586
-0.515072
-0.388299
-1.242700
-0.687350
-1.222598
-0.536748
-0.631361
-1.085468
-0.069579
-0.745836
-1.408735
-1.214860
-0.535985
-0.204488
-0.316807
-1.160147
-0.367119
-0.950718
-0.274915
-1.281054
-1.486267
-0.824163
-0.451379
-0.783838
-0.950799
-0.958365
-0.527429
-0.882283
-1.104302
-0.617735
-0.673730
-0.760010
-0.920565
-0.669290
0.070706
-1.047520
-1.184954
-0.359686
-1.186929
-0.279032
0.180863
0.216884
-0.749578
-0.504544
-0.793122
0.852032
1.077628
1.713435
1.281907
1.196994
0.769294
1.375313
1.843716
1.482894
1.203543
0.637066
1.629846
1.109815
1.611127
1.480738
1.129199
0.744631
1.699260
1.572594
1.110600
1.249405
1.386880
1.217041
0.523509
1.034784
1.721522
2.000447
1.533684
1.423657
2.139806
1.179246
0.302570
1.604180
1.518073
0.944766
1.514400
1.308728
1.497967
1.222236
1.615778
1.107296
1.578265
1.091766
2.358126
1.201270
1.285314
1.480266
1.068893
0.998623
1.375681
1.387439
1.600168
1.379434
1.422170
1.145205
1.487918
1.358282
1.421227
1.247839
1.206900
0.868243
1.433741
1.618513
0.698405
1.403952
1.742845
1.422305
1.655181
1.545033
1.441821
1.930629
2.072729
1.375932
1.483248
1.127162
1.756035
1.324681
1.377259
1.448871
1.635087
1.705292
1.649901
1.459302
1.435603
1.654038
1.126146
1.238757
1.378351
0.606877
1.556802
1.046667
1.089268
1.638523
1.156050
1.465602
1.436406
1.053667
1.741455
1.403299
1.740802
1.745338
1.148406
1.620072
1.706604
1.566520
1.322009
2.126290
1.506812
1.619064
1.407448
1.198180
1.563545
1.561009
1.120246
1.277540
1.034390
1.482193
0.651047
1.899118
1.240844
0.994215
1.361367
1.449668
1.662150
1.420107
1.602728
2.103178
1.472692
1.388390
1.401276
1.677038
1.638212
1.377153
1.892313
1.488834
1.174475
1.181846
1.402751
1.244295
1.219307
1.640268
0.820402
1.179009
1.399239
1.238412
1.365699
0.932337
1.361958
1.462175
1.118991
1.358230
1.526028
1.422582
0.961606
1.385918
1.246622
1.918247
0.850308
0.876652
2.167570
2.191149
1.781415
2.070318
1.106486
1.026498
0.959908
1.806462
1.009072
1.701515
1.413595
1.752058
1.369920
1.578787
1.389821
1.662853
1.608603
0.966915
1.471774
1.494027
1.143848
1.727299
2.151587
1.159901
0.989318
1.254761
1.384524
1.636022
1.386611
1.353331
1.779392
1.442561
1.509631
1.439535
1.151035
0.743642
1.263353
1.523663
1.647456
1.350855
1.533080
0.537872
1.759053
1.059978
1.858812
1.886012
1.506496
1.575564
1.207821
1.294323
1.136563
1.395481
1.341047
2.022979
1.938289
1.610957
1.097271
1.169701
1.530701
1.234439
1.837668
1.693902
0.956510
1.405789
1.526813
1.159331
1.504700
1.646787
1.641012
1.387880
0.962538
1.534637
1.611287
1.701700
1.560822
1.638916
1.285230
1.168435
0.917544
1.642018
0.906132
1.327807
1.510638
1.136219
2.087135
1.783904
1.308604
1.364317
2.040274
1.571277
1.400784
0.886347
1.136786
1.567889
1.269661
1.596870
1.174711
0.831264
1.696909
1.265419
1.754268
1.494575
1.383622
1.419115
0.923385
1.338512
1.508509
1.264148
1.224750
1.156443
1.181737
1.774400
1.583450
1.406288
1.829004
1.492905
1.483489
1.240414
0.950120
1.146472
1.293023
1.483015
1.195484
1.337789
1.857832
1.172229
0.832657
1.285732
1.305924
1.227221
1.817553
1.654473
1.938981
1.803493
1.676269
1.420243
0.555822
0.977897
1.100984
0.611171
1.080341
2.050188
1.307152
2.103251
1.684220
0.970001
1.377463
1.574048
1.891283
1.419947
0.984641
1.751451
2.381183
1.645567
1.436531
1.639049
1.664193
1.508204
1.401568
1.109200
1.143538
2.077862
1.265879
1.757144
1.586227
1.029512
0.845773
1.663894
2.085350
1.240031
0.694729
1.594412
1.494909
1.932864
1.702155
1.270402
2.170149
1.720586
1.276679
1.809043
1.573750
0.909268
1.329652
1.130915
1.630948
1.335708
1.689374
1.398394
1.769078
1.702624
2.065287
1.384010
1.107511
1.290043
1.111188
1.444805
1.007623
1.647452
1.745764
1.819773
1.278847
1.312710
1.139263
1.524805
0.848217
1.418780
1.376480
1.576974
0.803911
1.023525
1.539250
1.319320
1.923382
0.884120
1.366520
1.762764
1.668594
1.498195
1.286293
1.809010
1.515368
1.772146
1.046186
1.572191
1.706078
1.471334
1.142394
1.333526
1.935218
1.266323
1.460080
1.481549
1.332614
1.227604
0.708831
1.661244
1.697037
0.920287
1.347024
0.839387
2.051446
1.092411
1.268397
1.332008
0.490250
2.009091
1.303516
1.196635
1.564682
1.599200
2.101871
1.552637
1.180046
1.572258
1.500185
1.650404
1.602413
2.105410
1.381182
1.279850
1.521298
1.665653
1.746026
0.945037
1.664958
1.618699
1.561602
2.291404
1.747250
1.507808
1.120097
1.368437
1.523374
1.164063
2.163256
1.507719
1.460030
1.089971
1.725966
1.319925
1.524265
1.409039
1.391506
1.473916
1.450181
1.635084
1.269932
1.235809
1.846669
1.573869
1.508186
1.825376
1.200429
1.618737
1.521527
1.292681
1.310990
0.944894
2.453103
1.242960
0.926256
1.556788
1.434260
2.167114
1.569779
1.549564
1.389242
1.908237
1.268931
1.811065
1.121045
1.467211
1.244715
1.699389
1.591918
1.576227
1.591735
1.986901
1.537444
1.591566
0.854059
1.366718
1.115117
0.907986
0.900032
1.478610
1.438831
1.833417
1.807868
1.724736
1.128402
1.484799
1.317980
1.079263
1.339892
2.016275
1.308881
0.792181
2.079719
1.302551
1.684378
-2.667622
-1.131119
-2.936800
-1.340060
-1.522528
-2.546118
-2.846660
-2.771960
-1.793892
-2.196227
-2.419315
-0.528027
-2.272607
-0.659521
-3.039794
-3.159044
-2.863044
-2.557473
-1.654549
-2.811204
-2.927246
-2.608401
-3.005078
-2.305913
2.898820
-2.973477
-2.923013
-2.914008
-2.417632
-2.670231
-2.728583
-2.979787
-2.329227
-2.799831
-2.266987
-2.691928
3.005303
-1.891636
3.004173
-2.671429
-2.466555
2.961362
-2.445447
-2.612517
-2.810288
-2.848544
-1.855008
-1.551112
-1.793428
-2.876688
3.033945
-3.065263
-2.094526
2.898905
-3.046288
-2.850671
-2.659121
-2.894528
-3.139433
-2.441757
-2.599470
-2.672919
-2.542817
-1.523796
-2.819939
-2.945299
2.795231
-2.609794
-2.626146
-2.924403
-2.640945
-2.764027
-2.697932
-1.421265
-2.660415
-2.446161
3.022495
-1.465710
-1.646911
-1.628571
2.723721
-2.413376
-3.195786
3.045411
-2.235406
-2.573839
-1.518945
-0.586484
-1.121502
3.073127
-1.694463
-2.516609
-3.018431
-2.992544
-2.728691
-1.947683
2.987577
3.042014
-3.104357
-2.894574
3.196612
-1.641631
-2.328155
-2.714027
-2.621127
-2.700943
-2.644303
-2.710006
-2.946135
-2.509698
-1.052634
2.970298
2.832651
-2.838018
-2.433670
-2.377194
-2.937211
-2.985568
2.951177
-2.486675
-1.412901
-0.728180
-2.984621
-0.536446
-2.380078
-2.769584
3.150153
-2.586429
-2.701698
2.777564
-1.837320
-2.483781
-1.626073
-2.791980
-2.688083
3.206909
-1.403353
-2.594693
-2.840745
-2.396169
-1.288216
-2.856872
-2.892660
-2.478956
-2.393218
-2.233692
-2.039340
2.999404
-2.342033
3.085421
-2.743088
-2.285945
-1.853982
-2.823700
-1.559697
-2.279562
-3.083185
-1.660027
-2.310955
-2.291108
-2.386313
-3.145207
-1.892711
-2.779976
-2.751313
3.199136
-2.506529
-2.097447
-2.440115
-2.263141
-2.694102
-2.127866
-1.337548
2.867786
-2.509018
-2.677469
-2.778901
-1.790011
2.882795
3.051239
-2.585951
-2.589379
-1.978848
-2.894674
-0.340961
-2.477123
-2.632885
-2.272263
-2.823271
3.002332
-2.495181
-2.072187
-2.325272
-1.757794
-1.848381
-2.008511
-2.850492
-2.350652
-2.506258
-2.671031
-2.350000
-2.375152
-2.633512
2.938021
-3.143180
-2.032124
-2.677459
-1.757168
-2.371648
3.008575
-2.384340
-2.336275
2.811470
-2.049477
3.064306
-2.572769
-2.643549
2.630343
-2.933729
-1.704695
-2.876887
-2.746024
-2.582544
3.187277
-2.976912
-3.070527
-2.800906
-2.778338
3.069847
-2.764891
-2.889059
3.124549
-3.063635
-3.181041
-2.761171
-2.066738
2.752399
-2.435264
-1.519429
-2.947418
-2.967767
-2.618500
-1.387169
-2.526677
-2.702809
-2.846765
-2.014217
-2.431814
2.871402
-2.713827
-2.845614
-2.891849
-3.009255
-3.086360
2.891193
-2.380449
-2.534412
3.190793
-2.544815
-2.536491
-3.053110
3.004514
-0.712191
-2.317284
-2.623650
-2.328947
-1.970911
-2.617764
-1.258135
-2.756370
-3.022518
-2.944658
-1.612269
-2.240430
-3.152251
-2.707570
3.016987
-2.680320
-1.978951
3.081793
-2.996939
-2.841027
-2.725887
-2.799194
-2.811149
-2.956270
-2.104995
-1.341418
-2.402634
-1.654648
-2.755333
-2.477593
-0.693974
-2.226584
-2.147632
-1.962504
2.679963
-3.079846
-1.950992
-2.461725
-2.483174
3.103476
-1.086391
-2.813316
-1.805760
2.847357
2.679093
3.044701
-2.536683
-3.166063
-1.801024
-2.844141
-2.445621
-1.900744
-2.477301
-2.841131
-2.783751
-3.009270
-2.196810
3.072136
-2.815023
-2.844708
2.590664
-2.964005
2.986593
-2.789263
-2.750929
2.827532
-1.535521
-1.576507
2.837655
-3.083631
-2.594505
2.717079
-2.620828
3.205296
-2.251750
-2.650500
-2.447522
-3.184251
-2.493381
-2.682472
3.133085
-2.020482
-2.737049
2.819446
-1.475815
-2.071265
-3.045811
-2.793540
-2.641922
-2.228700
-1.149620
-2.782017
-2.559761
-2.849160
-2.234230
-2.808748
-2.848402
-2.731344
-2.590375
-2.119877
-2.412160
-2.964378
-3.023378
-2.238797
2.742802
-2.358941
-2.547622
-2.161589
-2.904759
-2.443614
-2.439179
-2.321289
-2.006264
-2.850551
-3.039965
-2.474732
-2.469716
-2.735731
-2.820438
-2.736159
-1.666211
2.877590
-1.753376
-2.815105
-2.269813
-1.741544
-3.071145
-2.779521
-2.819007
-2.271866
-3.001298
-2.495777
-2.809044
-2.698682
-1.363192
-1.772311
2.716604
-2.285296
-2.899646
-2.138396
-2.295490
-2.961543
-2.996462
-1.628983
-1.679121
3.026611
-2.351103
-1.569972
-1.902403
-2.425356
-2.641402
-2.999968
3.017389
3.174757
-2.956618
-3.011126
-2.882138
-2.171775
-2.125852
-1.184198
-2.662195
-2.819083
-1.482801
-1.181837
-2.878070
-2.281771
3.010311
-0.676377
2.773555
-2.549768
-2.412808
-2.166118
-2.944853
-2.429682
-2.536543
-1.947175
-1.878276
-2.366743
-2.845273
-2.899641
-1.456559
-2.338542
-1.763761
-2.562248
-3.044810
-1.939364
-3.132102
-3.025601
-1.631495
-1.539773
2.584511
-2.454580
-3.162225
-2.665531
-1.545084
-2.716793
-2.369739
-2.632891
3.107796
-2.712288
-1.586447
-1.513045
3.028012
-2.059058
-2.956289
-3.016530
-2.311194
3.112864
-2.349756
-2.880730
-3.119594
-2.550704
-1.624201
-2.325991
-2.102104
-2.727125
3.101133
3.092704
-2.309982
-2.440040
-2.981820
-3.148117
-2.282368
-2.945240
-1.937305
-2.806450
-2.780903
-3.050179
3.031037
-2.371306
-3.070299
-1.823838
-1.265380
-3.075109
-2.468431
2.835312
-1.477905
-0.494486
-3.020836
3.064179
-3.129828
3.135007
2.938224
2.758523
2.959148
-3.100863
-2.954001
2.983043
-2.762761
-2.448265
3.001373
-2.921208
2.944714
3.150074
2.940397
3.083362
-3.164510
3.059802
2.889664
-2.475993
3.039619
-2.853455
-2.783207
-2.934255
3.008484
-2.682099
2.983821
2.852907
3.068929
-3.069721
3.053680
-2.695738
-3.132753
2.960405
2.881251
-2.751248
-2.843446
2.811605
-2.940049
-2.697339
-3.098602
2.928677
-3.174316
-2.596785
-2.642908
3.001754
3.037605
3.171843
-2.577679
-3.139031
3.173411
3.099594
-2.784122
-2.813166
-3.106974
-2.916451
2.601601
2.825971
3.157428
-2.679671
-2.681413
-2.784125
-2.835339
-2.779249
-2.985203
3.171491
2.564399
2.658136
-2.947354
-2.721088
2.819231
3.084412
2.796256
2.603462
3.060426
-2.711354
2.398517
-2.448929
2.665095
-3.071989
-2.623477
-2.395068
-2.592461
2.910650
2.704541
-3.039381
-2.621932
-2.752843
-2.791263
2.953873
2.911024
2.705103
-3.107515
2.951760
3.142171
-3.069470
3.044865
-2.748453
-3.100922
2.998231
2.695982
-2.515001
-3.032957
-2.885886
2.977714
-2.677335
-2.891671
3.064251
3.142264
-3.032943
-2.743100
-2.807450
-2.889202
-2.477753
-2.882705
-2.850901
3.012245
3.105319
2.653316
3.088209
2.862745
3.045799
2.685111
3.012408
-2.835324
3.053266
-2.985330
-2.912983
2.787728
-2.987522
2.841837
-3.055122
-3.004171
-2.788097
-2.815157
2.894129
-2.651932
-2.945785
3.162808
-3.066739
3.099840
3.010818
-3.002894
-2.314194
2.424973
-2.951723
-2.967600
-2.974393
-2.753232
-2.847969
3.055055
-3.010677
2.800657
-2.759144
-2.825051
2.709011
2.831612
-2.704005
3.088638
-2.317703
-2.861555
-2.837211
-2.445178
2.827772
-2.865207
-2.899987
-2.993491
-2.860637
-2.638631
2.883144
2.890191
-3.119719
-2.971227
-3.052555
-2.553832
-2.884907
2.776597
-2.895251
3.167583
-3.049569
-3.127104
-2.747114
3.022405
2.893775
2.791554
-2.973210
2.733493
2.926486
-2.920286
2.576038
-2.913255
-2.755027
-3.047391
3.120929
-2.556313
2.788053
-2.763454
-3.137616
-2.874240
2.846057
-2.796620
-2.638559
3.080932
3.121028
2.968778
-2.902829
-3.137844
-3.174354
-2.735003
2.651423
-3.198374
-2.930225
-3.028662
-2.473395
3.089406
-3.061076
-2.663704
-2.758374
2.937939
-2.682167
-2.649994
2.926922
-2.179821
-2.896960
-3.152947
-2.746561
3.194499
-2.647803
-2.983449
2.844650
-2.429657
-2.615149
-2.537920
2.903087
2.704414
-3.140019
-2.777787
2.908076
-2.734908
2.912553
-2.829519
2.993677
-2.457728
-2.683021
-3.000170
2.954204
2.631154
-3.189717
2.942623
-2.986712
-2.374187
2.964229
-2.771947
-2.697615
2.869791
-2.721067
-2.715593
2.662144
3.023228
-2.077898
2.956557
-2.467507
-2.979528
-3.164424
-3.126449
-2.110135
3.086290
-2.592302
-2.967762
-2.980294
3.115105
2.914983
-2.888099
-2.603394
-2.548868
3.186539
2.547303
-3.012116
3.044650
-2.616291
3.039150
3.026834
2.790922
2.732811
-2.542333
3.028962
3.030980
-2.844057
2.589785
-3.022799
-3.189681
-2.857500
-2.960459
-2.804619
-2.959990
3.096764
-2.494247
-2.966355
-2.590051
-3.177227
-2.942878
2.470235
2.907341
-2.495949
-2.822247
-3.188653
-2.749554
-3.144743
2.919010
-2.453956
-3.189665
-3.055883
-2.713858
3.075187
-2.936734
-2.544051
-2.731374
-3.040067
-2.950261
-2.983320
-2.735605
-3.005598
-3.120887
-3.073872
2.686206
3.116419
-2.998106
2.823109
-2.539047
2.977487
-2.946447
-2.998223
-2.573148
3.042255
-3.019773
-2.938970
-2.365050
2.766020
-2.858121
-2.765306
2.563678
-2.798971
-2.905884
-3.183638
-2.873415
3.058024
2.826538
-2.793334
2.962344
2.999255
-3.038399
-2.656081
2.768246
-2.506332
3.047813
3.028992
-2.784591
3.200559
-3.138073
-2.986109
-2.853351
2.817405
-3.156166
2.846808
-2.027370
-2.926831
-3.074966
3.055028
2.831443
-2.623494
3.053129
2.870882
3.138216
-2.480617
-2.838701
-2.301314
-2.675671
-2.844796
2.974979
2.914407
-3.128592
2.925485
-3.061557
-3.030262
2.891567
-2.734763
-2.750157
2.962686
-2.733198
2.920262
3.165288
3.003796
3.053203
3.042803
-2.844730
-2.875873
-2.753776
-2.804252
3.077981
-3.180759
-3.095795
-3.066861
-3.068619
2.603239
-2.640597
2.756879
-2.591848
-3.166587
-2.472877
-2.978463
-2.765470
-2.893190
-2.862499
-2.475149
-2.660064
2.985244
-2.644963
-2.888188
-3.075327
2.929092
3.128947
-2.567240
-2.948098
2.925878
2.963286
2.876876
-2.858351
-3.104097
-2.730710
2.823333
-2.419158
3.182251
-2.918937
2.279378
3.149324
-2.786544
3.080842
3.030218
2.932842
3.169763
2.345085
2.660670
3.032265
-2.682600
-2.880847
-2.874434
-2.846271
-2.233401
3.069895
-2.797545
3.134704
-2.444142
-2.905190
2.624561
2.548028
-3.044639
-3.055939
-3.064479
-2.620847
-2.341323
2.939194
3.057460
-2.996870
2.705959
-3.154481
-2.978072
2.884098
-3.200694
-2.449772
2.953589
-3.059016
2.797627
3.058605
-2.492128
-2.521700
3.137870
-2.360624
-2.968972
2.750788
-2.795941
-2.663809
-2.985006
2.930322
2.707252
3.151348
-3.075230
-2.985128
3.060582
-2.687401
-2.162113
2.642680
-2.947009
-2.856774
-2.722961
2.704454
2.991505
2.639733
3.056572
