505.214773 1688.444761
430.124923 704.609209
304.203109 1528.764065
324.232693 1464.606901
150.637450 691.869434
1833.970698 1790.876623
297.380159 1278.289245
239.279709 631.990599
483.354731 596.713367
319.574975 652.777914
259.554277 595.173256
218.650559 1179.323266
662.641640 1835.052781
422.959296 571.038053
468.554613 1322.110165
1161.177102 1729.364884
1277.446030 1712.341617
622.824200 1441.982546
115.519111 1434.221062
404.077441 620.230760
338.693272 1509.726501
445.817879 1670.542386
398.757989 726.065800
1207.717052 1643.503455
1920.743149 1704.196863
1090.441041 1626.145955
1056.674142 1617.411574
304.173375 1567.472855
278.027041 1342.723428
180.861226 1131.787635
195.576326 1300.366235
359.919560 641.896391
980.239678 1631.914176
220.294946 1355.428561
430.972811 1465.335934
1898.179647 1667.516290
264.107977 937.811786
360.736468 1277.317236
1833.078624 1478.352642
960.051579 1551.734977
419.779959 642.580061
407.968702 1570.272765
181.038479 1324.230505
609.718102 1817.403598
454.900290 1542.660792
510.459627 1623.897058
238.246208 791.404469
584.258204 72.084329
252.720147 1331.926036
424.528308 1533.915825
1250.372246 1696.275508
250.211385 856.423055
125.647892 1399.204019
463.593730 1589.518933
361.415844 1509.942371
725.277459 1497.135758
979.096397 1582.359101
500.873987 629.148783
412.452672 1657.885963
280.684536 1442.615337
479.826949 1544.893127
174.187397 747.447569
196.352340 891.684978
397.850996 1269.781229
162.791218 1054.478732
296.462923 744.989497
281.502892 582.976549
207.484817 1359.873311
836.641876 1465.084266
176.733913 1386.757074
456.157690 1468.069752
363.233438 612.364543
165.525700 1440.317628
1059.678866 1725.756027
327.562874 1252.543919
278.610477 1486.540096
248.429734 747.126008
405.667280 1631.678256
1017.170635 1586.512704
1203.440334 1723.323192
598.417892 1690.280730
289.595401 1479.152661
240.680243 1202.581467
684.937142 649.821482
1006.329055 1677.429889
133.386377 835.873661
207.653026 1336.660519
248.195689 1195.273675
582.473076 0.782941
429.126751 1769.803329
610.530211 1318.558324
262.757623 1558.420332
1129.424045 1724.454218
389.573700 1741.046815
594.680262 1350.889762
221.568029 1098.012050
291.377265 1259.033072
172.768470 1367.581096
304.052521 1443.093820
214.952014 1369.625799
340.370202 691.011174
569.519834 1626.267781
294.170689 1621.196422
323.016794 1361.167645
1288.347656 1811.385242
578.733761 1652.768419
641.387124 1474.803975
508.555697 1331.760688
384.355222 1304.254858
305.725597 652.537244
1065.373310 1584.689247
153.939581 1197.823980
145.863869 920.395602
382.883695 578.917424
977.695654 1598.287319
1361.442237 1894.035984
275.501810 1304.475010
149.186338 1281.904804
430.260551 1354.292369
268.812075 770.078828
290.722381 1349.166185
268.576545 808.894662
295.803495 1400.423712
867.537670 1575.759058
1850.133081 1720.170197
248.573310 1370.727178
256.218195 1127.692019
410.567730 684.001007
223.454287 1405.244058
527.976012 33.482716
251.667569 995.357437
303.992902 1429.984588
275.218946 1181.163747
709.376696 1910.869144
393.353596 1555.160218
164.716999 989.507939
904.060755 1581.037303
618.489905 60.459226
229.890501 1276.942539
93.634385 1505.232374
409.607669 537.953617
382.341621 1424.752043
507.596256 1652.202433
245.466205 1002.720849
346.261140 1433.163734
199.386954 1234.521924
169.124741 861.283398
348.552242 1552.943277
336.461159 947.693127
142.154696 884.624269
1267.123473 1746.974322
312.878730 1448.397446
227.612200 876.915604
303.561203 692.006498
472.146309 540.205275
542.152942 1576.906176
333.466551 565.622868
548.417782 16.275296
317.405397 1312.507230
829.672428 1558.112077
1127.917137 1646.978420
299.581668 755.802656
642.240967 1376.237175
229.144146 930.554436
306.515982 798.794642
1116.939860 1602.500941
1841.118158 1634.839187
285.504555 1215.952144
116.869374 1247.263238
129.596186 1342.825110
169.587265 1360.742022
667.574481 1918.923653
291.391487 1571.076633
486.712458 1428.657474
384.195253 1591.932880
463.315558 1461.242243
374.089637 1567.216522
523.618251 1427.195298
217.942958 1433.218238
273.298607 842.705268
426.567339 1498.210063
614.386398 19.252389
262.892503 1089.747451
543.304068 1400.345116
254.552916 1334.741172
560.443801 1806.617643
455.600030 1575.539962
363.449072 1178.197768
238.584856 569.386869
266.388800 729.359508
288.971232 963.444700
253.155714 1545.436778
450.892867 1417.430250
517.861717 109.635612
859.847764 1499.657205
166.687373 907.967658
1269.349855 1647.356902
123.363274 1215.831407
303.106400 820.405804
404.420204 674.029963
235.005570 715.119895
236.884389 828.977591
552.027708 1515.219294
380.531960 1535.497579
295.617020 1305.344844
502.542018 1479.405587
760.059120 1501.870911
957.913659 1523.868873
379.416363 1635.556655
443.181905 621.846076
270.366612 1457.426171
168.228231 661.904565
454.822361 1714.263654
280.291676 1136.942947
1119.620745 1690.762045
834.647934 1523.700723
91.315936 1613.095584
937.188701 1592.388613
648.144531 34.994094
337.902070 723.164808
1862.175716 1755.856769
283.148962 628.774280
372.919950 1629.668537
315.798547 588.305183
381.339428 641.411602
1102.831099 1633.443556
791.706409 1532.301827
1886.958812 1792.075901
514.218760 1818.240319
183.985586 1209.457381
1324.432933 1788.694559
449.702789 1382.757060
689.817180 605.791410
333.240391 1291.809675
576.461245 1390.722998
224.346507 670.723724
1833.588948 1765.748932
601.618651 1596.345159
264.696941 1423.199205
1232.433097 1656.706678
283.673000 696.878798
487.226096 1777.250065
1172.542845 1786.623584
286.249443 1063.446567
489.456332 1737.538357
228.054645 1356.677323
179.329820 1484.207337
578.928872 1736.958146
499.153228 590.990779
192.188559 796.722532
338.632737 1385.538407
1076.512574 1660.819596
345.733091 1650.912461
297.774991 1155.736175
225.850574 923.280051
174.603287 1335.103227
141.142865 946.270847
122.950000 1294.955650
101.185723 1403.399938
238.854799 1269.332907
473.978645 665.562493
483.492812 1394.019048
1162.980495 1649.914155
240.523710 1069.707465
131.786855 1472.248301
528.381126 1700.548342
131.920420 695.609546
174.268055 788.948022
225.840132 1289.911445
550.473704 1431.585786
322.660160 1540.907233
329.535982 1325.981735
602.453381 1481.773860
550.876237 581.017561
542.439655 135.105918
1042.552677 1650.526036
376.036200 586.406247
220.520392 590.623866
340.225815 870.199436
114.959005 915.039160
689.971385 1460.382630
201.477955 851.493382
1250.763718 1778.511120
572.540930 1572.062842
484.243271 1354.777571
539.569442 1919.499046
186.824664 594.395851
261.971815 1382.237544
1882.572576 1898.202427
157.594740 1014.979802
185.765926 1195.271005
412.102512 585.624659
509.862242 1388.290541
216.522442 826.352482
202.208405 1500.938790
188.069951 1411.087959
321.157506 687.320466
1014.977693 1624.060097
518.903154 1447.889966
368.217695 675.998902
516.446091 1694.095273
168.396945 1092.969215
355.855839 1405.333702
1085.319335 1560.014069
1181.807784 1754.431023
260.112969 1297.652354
687.392052 1388.664177
570.259079 1774.971703
536.634429 1754.084702
945.900017 1489.317441
204.510690 964.532107
212.122903 1207.639195
1223.075411 1755.034103
513.947611 195.069529
511.246114 1600.436376
528.887560 570.181547
205.309790 1275.747387
454.493970 553.423301
373.430019 751.164887
301.571046 904.520461
561.117068 100.641520
229.392599 970.404531
256.264697 653.764378
1487.309831 1997.699114
452.166338 1672.386372
656.616887 590.373681
92.272880 1556.690426
193.524398 1454.509610
378.318977 530.767483
136.144797 1317.847150
254.011525 1278.592648
469.982144 1642.773742
532.115706 1727.462719
387.508873 1433.879250
329.260081 757.157436
147.298098 1443.763016
564.452489 1368.571448
168.072842 1236.360715
602.957396 1869.942574
269.495671 1398.967505
390.150178 1485.630288
175.396934 1420.532225
1854.718621 1831.493697
208.322237 743.444992
222.557004 1518.867566
218.390226 756.326051
507.637782 1607.386045
392.303360 1706.618392
287.554188 627.094086
173.456530 823.575036
255.967166 1093.575182
284.979106 1001.788816
298.663258 1371.583369
404.419394 1370.431045
553.018775 1860.581190
1017.258717 1614.869978
590.902248 1417.288172
608.215665 22.634577
606.314115 1930.580970
443.838421 1580.115578
1875.223781 1641.447927
211.766936 1010.187490
383.459476 1672.321104
1153.992708 1683.636122
214.160050 1251.041773
430.162136 1610.572209
577.700280 39.298698
1213.440100 1686.540682
642.138535 1982.887435
543.253736 1668.118142
625.589402 1406.602145
1863.485343 1686.558129
436.075077 1652.211676
484.227341 1430.998246
555.385053 1483.465870
1138.346844 1613.053579
667.575291 1926.423398
1885.988519 1714.853473
268.388321 1523.084359
351.390263 776.812666
897.657836 1536.934432
249.569476 1490.593630
614.302885 1955.898837
624.345495 1899.924120
214.859779 1138.311011
358.524844 1334.045259
475.365149 1692.620850
393.312137 649.507813
1904.426800 1764.982554
429.921327 1318.409976
170.680269 1295.960849
393.416030 782.046417
604.024253 1364.444874
538.158691 1663.500392
258.019378 1251.437206
157.294217 1244.170891
1128.610866 1657.367283
230.877291 1403.616542
1922.360963 1734.227635
526.315915 1788.609802
184.214349 1575.189429
921.567192 1554.787028
347.616711 904.007967
224.249134 1474.540138
254.509424 901.194627
528.474698 1482.666521
1251.393848 1737.055978
293.080008 1103.269065
304.773974 1194.562968
549.389513 1332.450419
309.907365 1590.592473
481.964073 1496.195742
463.132578 582.343391
253.156533 700.626448
188.996669 1032.223666
488.583775 171.170342
1042.749285 1685.676976
513.466004 1567.665165
255.005212 1601.119069
501.806887 1744.001410
338.265127 512.859621
304.400958 791.031964
226.216447 1040.070838
261.281755 1039.410395
223.009718 716.101104
420.752246 1526.248967
1183.457089 1670.262929
1290.105588 1774.576498
312.427981 620.073859
237.266050 1175.419685
583.145699 550.568331
203.315335 1609.644213
922.682907 1517.881550
396.953850 1345.440226
348.043963 1595.172870
1030.333747 1555.221505
1843.663674 1552.068683
419.181728 1691.245802
585.765696 1453.105192
274.308221 877.024789
794.555347 1490.373935
204.771317 1091.235980
417.163834 1468.586386
456.483648 1797.667600
312.824953 1508.167045
539.444428 1601.887003
239.539770 1150.462396
608.126899 1983.830717
460.197124 1627.808990
192.465917 709.903929
197.252843 1248.231603
534.485751 76.791159
249.574170 1456.336190
196.131906 1388.296335
94.535049 1366.906786
404.603866 1600.255011
1855.089547 1602.074055
1215.709813 1790.764782
323.664827 650.920737
563.984090 1833.438429
257.311364 1233.559182
331.232827 1343.841375
642.147490 1572.955852
222.437913 683.120665
337.632762 1489.513025
1169.186911 1600.465028
428.479857 1734.658272
518.414300 1294.953488
1816.210763 1509.050827
297.428030 865.175872
694.660172 1521.459085
365.983013 1366.234236
492.213855 1516.545073
352.330168 658.083512
675.517481 1491.996725
261.286530 670.901676
390.464926 1393.758180
224.140710 792.303517
192.856299 1276.647328
422.500532 1409.485169
434.916521 1440.196134
518.813485 645.882964
1915.507327 1796.885635
867.003925 1537.364501
366.425642 1327.496958
340.146491 812.893419
528.949834 1358.470504
133.667981 1373.057284
369.269551 1582.839812
449.185103 588.133180
995.159289 1558.884708
567.117539 1374.461762
342.186014 607.541640
475.012622 1358.933991
374.243526 704.392631
473.285615 625.368012
326.394133 771.645006
548.209515 1708.918066
228.472010 1228.280939
170.601151 946.882713
559.225119 1325.057289
550.062154 1123.900599
864.013483 68.915598
848.478810 790.782615
767.631788 1970.041066
476.056102 987.759549
995.516842 1890.650438
740.942777 1538.948196
758.276118 116.574489
734.000101 1866.419213
895.713141 1276.566022
841.379861 1449.063868
538.670891 757.383055
801.959487 1703.585261
981.171501 1304.894276
582.924976 1300.435188
943.909667 1918.938186
1134.918021 549.442325
778.137117 1874.982797
895.611987 1208.930264
963.693354 1982.066597
919.012913 69.880397
921.366221 663.472096
1054.607205 1248.053516
810.440393 1281.427163
1003.335569 606.662336
992.768574 45.210686
1005.972075 1850.830118
781.689086 1712.437733
755.129963 1503.629497
844.053102 1585.514373
988.919767 1242.103878
623.952430 868.840941
759.521549 1565.916174
556.456354 1233.745715
1125.734963 1130.330590
1083.034690 1121.613536
898.432666 1323.448701
1153.829083 1226.065677
888.504453 45.351735
544.008172 877.441695
899.833357 1737.817911
1069.354807 583.043294
847.730794 712.796178
829.916869 926.779201
1127.316058 1252.731430
562.900665 1054.449809
772.692264 1671.181213
916.973197 56.416844
895.415986 1595.548780
1189.207724 541.117009
828.936396 971.298231
864.593783 856.728610
510.472109 862.373690
847.763197 1331.225981
941.989124 1388.684325
890.998666 1240.412516
805.615111 1943.476545
1029.597893 381.038751
875.979408 1503.563372
871.451339 1536.445177
608.293253 967.486872
833.595829 1495.054386
907.797352 1259.631387
833.786682 826.667128
1232.704228 1281.613977
935.790086 693.681906
978.065448 1528.668114
529.339843 904.298201
1030.874403 448.796150
762.980015 44.114917
738.053641 1698.959842
854.463119 734.684659
935.242703 1871.024729
1105.126180 578.327327
909.856756 1531.317015
860.626781 1874.346501
592.667238 1070.499530
1082.563903 394.104865
933.513816 1492.830994
992.953077 1962.736626
692.446443 1445.867233
873.071326 1467.131453
689.700938 1478.436514
825.926030 1937.820389
913.185227 1917.464478
722.837075 1074.854438
1102.424442 439.407510
849.046263 1015.365874
1038.833363 536.521801
637.555680 1302.972204
1100.554519 1189.136058
579.335295 690.901167
1185.998650 1188.006111
900.126279 739.299782
832.393636 1689.200906
1029.300830 1179.834096
840.251286 1768.083022
976.484710 647.593390
1008.736207 479.914633
862.844802 16.412383
848.966305 1941.251955
863.201698 1365.282401
892.623672 703.663718
931.177772 739.516743
599.548178 1416.258269
642.007330 1671.059843
981.060825 144.957796
930.722161 1730.119923
1053.619550 666.373627
1001.801454 1169.778981
904.389770 1901.622375
953.466971 605.337867
1042.321819 1157.854628
1067.479577 436.901182
612.180464 1042.276653
1024.335181 1912.870360
1168.241960 1257.801040
834.632979 1532.262464
727.055227 1766.328479
1032.075776 1314.381539
963.804229 639.831874
803.336549 1077.684172
895.954724 1977.975114
822.095130 296.101900
794.316902 95.825800
1112.048130 12.889873
912.671527 1994.720227
1027.868153 455.676259
870.879645 821.428300
595.046462 1483.020988
704.897237 1914.633638
951.619758 683.371047
914.396555 182.793777
868.166894 663.732191
981.301276 770.324299
659.455219 1319.632383
1040.320167 709.799804
854.257032 1431.602451
660.616751 1120.912236
1180.146186 479.750902
1020.819483 1139.351983
630.273565 1414.331166
820.541695 1910.892222
925.718608 717.362078
895.669887 638.609751
616.433451 1286.059802
853.285915 1693.125957
1033.727861 586.542453
820.929921 1612.659641
578.431067 1014.144842
1056.749613 1143.571580
785.336831 78.792288
922.663057 1572.111279
570.077021 814.911161
813.173293 887.561866
748.479186 1831.326957
580.160152 1017.598302
832.926085 647.285651
900.209750 1490.337887
1071.597732 691.905394
818.411413 1871.465864
782.234639 1636.796379
1092.729032 465.314125
522.464154 1098.748450
712.118276 1679.298390
984.348012 679.603485
955.749411 1353.951149
638.417560 1484.190542
681.455255 1385.161997
848.776534 391.337952
753.898461 1731.250048
912.248976 689.506294
607.403626 1363.362690
793.564205 608.054066
769.057132 612.862317
522.888979 1056.271460
748.910674 1448.757165
1102.336685 537.653634
783.242690 1753.267442
957.596692 767.558830
746.813697 1646.876247
1072.048789 503.873189
1074.609224 541.538075
1063.990852 1097.737054
820.803272 1353.131607
865.903182 136.130398
789.824654 54.386864
930.344518 1330.704761
618.870964 1319.492205
880.859090 1818.630161
874.203651 761.820664
825.437667 84.539334
796.794512 1200.163236
550.419212 1152.552479
964.598638 803.834144
808.214159 730.587235
881.314207 1907.390892
841.826633 1295.213511
794.150631 1772.397251
810.050103 1116.483578
1076.117958 624.310592
923.646102 1288.199782
900.781623 1695.505782
992.875059 456.089306
723.107136 1752.593413
769.602863 1864.908069
544.807590 1027.989365
777.989917 1375.413258
912.966433 1178.345657
883.661712 604.615838
686.717915 1429.764990
618.753216 1451.592538
851.212109 657.230999
574.786182 975.795839
1008.638276 1267.731724
1034.805386 1268.670971
953.063754 1448.306917
865.115022 82.371203
782.588426 13.289137
906.769947 1664.713914
897.713098 761.515109
827.479133 1791.089479
910.507923 1634.671928
863.065162 1791.530168
925.973090 613.541422
735.423335 1788.800567
832.174406 1757.720188
864.963626 305.518957
848.816354 871.095965
802.785735 1004.663661
884.702064 723.425061
878.560099 1641.977050
913.886693 1859.455546
833.616235 1854.898478
602.347723 1100.651909
893.200004 798.090588
930.373535 1949.351844
788.874992 433.827186
628.047440 1077.552188
572.880229 774.318937
859.869394 228.651386
807.032937 1845.786908
866.500465 1751.640846
880.790638 1767.621330
584.943372 862.322733
942.186847 534.337393
816.834391 1559.854931
667.314964 1513.067101
622.025796 1163.586502
790.694686 1895.185538
803.648363 1383.830156
820.864359 1789.788003
568.645210 776.987645
579.868565 1375.356063
802.951744 141.781772
527.935814 953.432992
778.076296 1905.709118
896.262252 844.337223
861.329294 1614.000233
837.181857 1403.346929
766.639438 1517.947348
611.389041 1002.685536
537.315783 792.670115
787.063159 1032.337286
769.459134 1821.611660
585.394260 1153.444434
784.987380 1603.048082
972.391035 508.613152
784.894220 229.755062
761.061313 1758.215599
906.809865 252.984075
770.134575 1477.785730
560.848754 733.096274
925.530715 1428.091651
625.233519 801.639820
791.404483 1835.891930
937.728695 1608.552161
629.788129 1338.533602
689.428638 1321.979257
806.177980 256.209433
854.977975 692.525351
1118.610686 1217.152425
825.079058 172.772376
967.994653 1272.234324
826.055225 1236.045221
927.294476 1422.513589
600.571253 1234.984021
887.330869 160.292037
774.941314 1518.467418
794.421320 1539.737579
810.668326 1522.421959
788.668004 1486.838968
950.659586 1970.021016
715.027338 1411.522580
551.312564 1289.548815
577.269435 1262.942517
587.722073 1341.513989
772.036743 1121.184079
1024.919492 1947.656835
926.398480 518.687603
930.746197 810.769072
1079.213823 1912.467667
930.235745 773.283422
1022.657162 1233.586258
588.856819 937.742032
844.293067 1903.748119
805.357517 1658.055922
804.542021 1965.815938
934.454243 119.975969
658.359137 1453.734331
694.031074 1878.934338
1002.562667 715.606458
850.393461 1866.885322
884.569490 32.051598
867.706159 1386.237101
835.489667 137.218332
998.991011 1299.836374
543.773967 837.848524
851.768489 1567.564511
798.607259 1450.792107
829.862439 1737.554295
819.015414 410.347955
840.559909 527.042932
541.309409 1003.106939
747.448571 1400.691957
969.233816 733.037380
1145.270254 519.175067
826.077648 1164.355622
798.437816 651.046820
577.854431 616.250459
889.719828 1780.447514
934.460156 1766.287885
992.009365 1999.850327
854.111834 1915.100276
1030.010070 72.559960
990.867109 1929.111861
918.003835 1839.700358
895.657918 1594.193717
744.575145 1921.887191
852.642424 562.302690
721.239240 173.036568
822.150921 1037.909142
751.434250 192.353252
644.166038 1760.778075
897.528466 1986.267197
860.290242 901.368315
796.737027 1487.321817
910.269637 789.922997
856.751479 1609.471069
847.956511 1517.282575
791.480554 195.548658
826.289996 677.835188
1019.795344 1078.657606
927.265011 48.041006
556.866572 1069.000457
786.164728 1345.262568
945.319969 1546.174437
758.912598 1684.858551
985.570032 1935.132732
799.115334 471.737511
555.861087 1416.599681
807.670271 1416.900656
636.278524 1256.653091
553.403708 930.484596
1089.754090 657.090777
971.165449 560.574180
830.491146 710.742359
1087.547812 1286.588634
843.423823 1731.964742
605.405357 760.904293
1036.600879 551.689132
766.930384 1071.841576
887.113721 1553.821871
693.314155 1536.461781
899.018138 107.607624
619.123338 1200.550125
1018.599847 610.160460
856.919170 181.506817
907.447383 1452.048334
1019.992259 1993.492711
1149.188617 463.918798
629.845804 663.693124
1008.090466 499.980048
790.792318 1165.048375
1202.457815 1251.083233
853.972726 27.496663
990.672411 1354.117006
579.398375 1207.254048
887.614029 1722.090710
996.478007 579.994929
873.803600 1881.637173
868.145688 1669.590409
859.019324 1221.163028
912.950488 1369.026436
875.668813 1992.765055
528.251105 981.841677
1127.678725 1163.825079
1085.473055 1227.519204
888.876924 1430.561357
847.769288 1826.982437
971.183791 1412.715059
719.738788 1513.159681
832.000309 1198.984379
986.242586 91.716818
809.031475 21.671079
1025.765165 667.298704
723.044455 1471.226361
829.294589 1369.670457
1008.137641 1804.468864
871.441583 1481.016366
543.523868 692.412825
845.159326 1123.819078
948.803129 4.052519
608.510653 832.885354
519.162721 727.367112
1075.292621 1982.651692
885.577624 1949.658379
901.858438 150.719663
1056.891642 472.979140
789.908094 1734.108891
1058.452104 46.046678
1047.272171 1219.729755
870.850835 213.701624
826.135066 93.394595
786.811281 1805.042567
928.564688 94.691070
892.361266 1473.025372
769.847554 238.824156
921.151139 866.084465
1035.398152 650.778050
856.855948 949.952149
840.965666 1464.628040
842.879730 1643.934598
1043.440784 508.336893
574.616951 895.015160
994.491733 750.843673
931.532268 652.263569
850.979351 1975.255753
628.350622 1436.716636
822.387634 1817.608534
602.386566 639.933576
821.414872 1985.294820
621.810390 1391.028677
1101.380353 513.989223
735.134338 1357.422723
1199.330879 1295.460859
807.392024 815.537396
922.738051 1952.681876
740.200938 1822.049031
955.590583 1583.126176
864.931829 115.902201
1090.740884 1152.261200
858.023133 282.342230
969.755192 718.013725
1058.562811 404.984832
818.571326 1662.053843
1014.894227 99.299970
511.305873 1021.937918
1007.645455 1201.476909
901.366233 1400.880476
896.713405 220.350008
921.301815 30.889551
669.662572 1280.116292
976.128236 1975.276396
695.791386 1751.697243
680.481198 1406.557457
541.928818 623.256257
865.269535 1297.318016
1072.054789 1193.999125
884.635277 1852.841482
529.517296 1250.332339
647.050542 1371.462215
1081.782521 498.095642
960.768880 65.680404
838.853996 1078.892151
809.441173 1579.969905
677.835403 1679.131785
586.921308 1129.406297
615.191866 1286.428677
832.016897 48.042308
624.824379 1134.652942
512.426987 993.627267
972.671152 1211.105972
749.394468 1994.129623
721.803802 1421.921562
798.051142 1723.355754
943.731460 569.478850
882.549415 799.171227
777.549815 1796.148263
982.864160 48.670533
797.134929 856.474943
807.685841 767.403814
594.001746 721.796781
780.578261 1429.767884
703.671526 1843.704325
1147.211025 1193.853118
697.893533 1359.105372
1004.334686 535.773603
918.959687 555.656117
552.590670 1696.322469
1155.230216 259.527418
612.974071 1757.108124
1151.502963 127.475993
854.373131 328.774849
1876.427342 1131.592299
1071.517461 1766.643502
603.750372 1571.125708
955.445868 261.645868
702.780516 1857.879938
1935.269584 886.904952
1962.619076 948.118830
1000.216130 1636.468359
49.628013 854.867828
871.996185 1916.505421
677.264720 1828.451186
987.333825 1817.411472
1932.470855 1054.850114
903.386272 346.863079
599.816262 1678.096144
556.099873 1601.976407
548.193595 1658.804870
511.923206 1773.040941
508.171141 1466.113498
1325.562834 685.580745
573.169065 1496.247645
809.352621 1710.701201
728.377701 1848.234119
325.441390 1531.074930
1034.275823 1690.668300
1953.579319 728.540676
992.777277 1681.504156
845.716486 1718.044554
963.496612 1898.109641
928.892190 1867.124945
428.675536 1392.876714
1321.536983 447.050348
856.941657 1905.942499
1264.493217 473.187164
422.717936 1706.959796
374.138393 1371.628967
486.375239 1630.314127
1067.937654 1816.740288
1030.208963 1913.940357
823.184012 383.536205
679.077527 1652.677028
1288.946707 609.530881
1072.689308 16.145447
1193.946001 262.753663
559.669483 1648.251392
613.151010 1552.476810
1240.087203 498.452046
566.633936 1615.909964
300.971273 1462.342683
500.137809 1517.927246
846.957281 1787.126401
652.874908 1496.773400
709.006325 1806.747261
656.483036 1618.955657
1036.787511 1639.448418
1916.907265 773.791461
1173.606004 1783.543455
569.731745 1546.708583
1265.248790 390.179123
606.098908 1588.768700
303.384658 1539.389860
494.408148 1614.502604
1084.587854 1937.114812
829.501952 1784.972516
495.597097 1458.010734
408.412820 1545.069071
742.605734 426.035152
872.692865 454.336383
1343.530972 490.692026
463.844537 1430.266946
1049.761882 1719.127401
1021.514874 1756.668076
1132.450286 1869.167717
934.771380 259.936320
1271.970247 364.028717
338.253857 1345.341733
434.863253 1672.035623
1082.337542 69.263208
1035.451815 1813.427600
629.785291 1719.875453
359.675019 1736.218083
1158.922712 1999.435351
1983.381220 917.349368
887.267063 245.699867
947.801283 1993.872249
1326.879761 372.803480
1114.041015 136.468558
583.771533 1555.816313
502.036437 1718.423925
870.052955 1798.360659
800.899132 482.609743
521.872376 1738.778604
692.315894 376.848856
893.718458 1722.508136
519.941641 1771.168830
625.711653 1453.682049
1110.779125 1972.861427
1953.759791 692.478124
451.221095 1568.569326
634.571005 1629.126723
358.983796 1563.323279
1884.917699 803.937744
1106.928087 1669.536622
765.369579 396.768806
1325.446625 410.458619
781.568801 430.466414
806.708177 281.238230
517.199332 1669.311167
1222.280964 443.104195
296.999664 1585.374544
368.332126 1546.744580
405.538186 1767.970322
1080.027725 190.739662
827.630982 1816.544046
555.045293 1624.993863
800.531904 399.505728
1975.234755 799.124698
1091.869166 1702.470257
73.384329 884.801497
922.536588 1749.840115
832.856798 1742.948784
986.832067 1743.533802
1925.438430 743.445926
462.816531 1730.073801
319.666760 1495.170761
880.220252 291.521616
459.512863 1631.574266
558.199171 1533.725655
597.220655 1747.718692
673.919756 1737.566536
543.062067 1729.277030
858.369376 393.088454
1103.539895 1638.218025
722.050633 428.133090
1018.349289 1744.077401
848.193281 449.517442
629.083521 1595.774290
437.921622 1422.681509
402.774945 1666.258825
990.331363 223.834071
1148.271225 1808.578168
1107.353656 1897.007984
1016.198706 1755.445989
931.194542 1893.758523
524.016476 1696.690271
600.983202 1798.944333
559.293264 1514.383256
643.212123 1674.110638
623.125241 1663.930088
422.322216 1701.798617
1174.273251 291.991645
353.910005 1542.658021
1208.906043 217.199595
1091.878729 1784.823095
498.525143 1426.374757
1087.655466 1735.316765
394.530579 1548.450838
1198.144391 66.414087
1991.085185 684.619749
528.774571 1782.974534
357.000557 1599.710096
1899.654534 1067.088175
1162.615575 1975.711018
1023.232690 154.021796
731.400789 525.517689
1122.742378 1714.594236
1091.427173 45.477438
1242.407563 221.809221
1105.362737 1745.785128
1063.888053 1966.226591
987.713367 1922.685512
580.207573 1654.683818
1177.312207 232.033631
465.856379 1596.305873
413.492927 1685.761160
413.861199 1556.136569
1133.348102 170.989710
1299.988371 542.967360
976.532227 101.119162
1988.374239 739.181724
418.177876 1357.865077
628.010179 1655.103149
634.310556 1555.426708
963.976768 1859.391037
1012.284530 63.830774
654.720217 1787.405697
1254.629767 535.008108
1059.628880 1676.366261
1156.857008 322.070195
670.257492 1705.420538
1218.379607 1886.284198
434.153886 1314.815456
1084.222884 1837.765404
1953.107551 766.245674
1126.915113 1775.767223
974.264317 322.259926
1210.142913 1852.388385
1938.171122 835.398009
689.254323 1604.579342
607.278056 1631.446852
487.365881 1760.370000
488.728314 1554.772993
1160.600941 25.206653
1203.932185 1769.063176
456.045180 1754.077360
983.131569 1796.356658
583.495061 1461.930745
718.395589 1546.579717
355.592163 1664.895985
1138.724931 390.834477
928.911897 1777.172906
542.138640 1667.661602
976.408399 1753.717916
1157.299394 1724.487958
1320.292786 514.164646
1039.654644 1968.210100
636.094004 1557.899420
439.989068 1590.113758
1204.300521 412.902588
887.339130 1673.497403
1060.485856 55.465784
561.563397 1414.726280
625.330165 1799.243301
1012.966176 1727.597156
1180.589563 1749.037020
480.384556 1524.255641
814.136954 1668.845246
899.583462 1698.400576
812.492052 430.712395
673.742466 1783.547843
640.267217 1705.417607
1137.958583 352.114472
887.181211 1842.392494
1294.838961 391.635971
849.849282 281.424193
1948.946312 918.392832
617.580839 1506.882459
1170.108450 334.894248
788.320107 1740.435274
1921.820386 820.334710
631.337297 1650.994245
1110.815845 20.339392
533.613624 1710.629935
773.537151 462.659964
870.513295 1647.977966
734.957230 1600.332060
940.661442 1810.557660
826.341489 252.451530
735.721201 481.196712
790.340260 366.404968
412.898940 1574.833676
1080.005324 1715.858899
1030.674531 1889.888121
1917.573079 943.557872
555.914320 1580.814874
515.955485 1792.239559
974.272268 1721.186024
29.511535 885.510794
263.917748 1462.504220
421.541659 1738.159748
1136.941153 1649.208804
1181.994158 1826.018202
930.301061 1836.440592
730.845462 390.174945
391.460309 1392.710954
374.803292 1487.416001
462.635397 1372.222004
1162.660134 204.995648
747.417191 1777.929965
295.545185 1507.789722
1900.803717 851.449117
238.581358 1408.219149
693.111527 1789.162950
1319.223495 592.884708
571.579251 1497.384143
934.978476 1655.978073
1120.362294 1958.546204
301.668857 1311.501660
241.258092 1532.433569
900.152242 385.388401
405.135071 1426.404787
1193.600559 1961.952152
1242.676850 414.785909
1004.565024 1788.453184
1063.950720 103.929297
346.211258 1443.279724
1134.529376 100.182815
1990.329581 854.377023
505.981866 1574.124428
934.958040 295.662723
1101.486992 1815.413219
340.927259 1633.639869
1284.302464 517.074622
937.081827 1660.470981
474.713176 1495.715588
1111.414733 1844.791043
965.405565 196.472774
918.818464 253.183571
681.929018 1508.305719
1270.179859 326.535004
688.548344 1757.081447
605.188846 1708.219364
466.701477 1637.652946
603.787901 1634.969676
540.240110 1450.705619
1217.030637 288.445796
849.991397 1999.047408
514.150332 1329.749355
1270.914989 1923.212403
543.572363 1806.105933
456.455336 1663.663270
335.808527 1754.215079
601.485391 1853.358614
1343.198110 540.651859
626.642387 1596.168085
861.673235 1762.571945
1188.203009 1680.786840
562.638279 1750.592648
369.320713 1698.052116
504.614562 1613.563249
470.523370 1590.854061
455.050382 1791.355694
523.818898 1498.582064
1062.990149 224.046289
880.946906 353.987823
418.796018 1656.445446
522.791732 1555.716517
285.949218 1425.992043
1044.929032 1855.683248
1943.593006 968.296265
599.953971 1578.669642
308.978349 1378.481257
357.306596 1489.306216
820.682242 318.238986
681.171294 1827.975446
906.152562 1620.249337
1065.645914 1919.952762
1071.656276 1951.828586
670.896548 1629.860348
1127.525710 1684.405933
993.991935 1903.594606
843.548072 252.467282
887.423610 424.031978
746.405179 1742.587301
670.222714 1546.770819
803.946875 1704.771483
440.128848 1391.194522
1222.294945 382.102642
942.424674 1764.269787
987.159606 1974.007187
505.260990 1426.974097
1059.556584 1862.865386
773.512407 1704.344146
644.844182 1601.174031
575.130844 1675.675842
477.683573 1680.478139
496.570380 1807.220786
721.155813 1711.732107
596.008390 1521.261906
902.073192 104.180653
1321.615708 570.077337
582.527598 1669.929972
428.750114 1810.326184
516.390823 1736.292797
835.128528 351.864754
964.533875 1639.164680
616.832654 1631.157310
1258.405646 424.771307
339.951198 1520.504014
1272.199241 287.300696
1007.319744 1843.113134
285.732467 1484.502973
428.525535 1700.950009
1158.010437 1843.543023
1050.442213 1764.327991
997.127214 1871.536812
846.021858 1673.378988
1200.246375 319.114928
1032.581603 1868.708948
1168.021547 170.317627
572.120973 1723.569126
1093.044675 1904.131227
1054.960565 169.160257
1027.474142 1818.589160
896.878301 1889.717339
1283.717684 573.376698
958.614982 1998.839517
420.077162 1628.073672
757.238817 1734.489498
402.887982 1716.719382
1160.129185 1677.169003
1099.608152 93.374316
1297.580339 486.057390
590.716506 1472.186457
468.350036 1627.918851
536.784670 1588.688982
315.355084 1423.840221
363.943103 1363.568873
389.455733 1806.630828
1152.744901 365.716489
1107.411438 226.966479
999.961716 188.225305
515.386404 1551.119078
1241.738833 351.656993
1033.887694 197.808179
1232.356594 310.874806
1126.735241 56.099375
625.454650 1624.285052
711.410339 1650.823468
1076.278503 14.167330
1008.702919 13.150787
383.696663 1303.623578
1109.395213 1944.771621
937.031186 1711.963593
967.742447 1675.428933
362.851569 1443.939937
1114.924341 191.618441
1072.637986 1644.419396
650.131336 1645.687869
1200.683971 319.198348
912.328651 330.704945
702.260434 504.933228
1037.224203 21.629788
755.853823 363.757728
1969.569369 890.365344
806.083793 1774.055494
1064.225476 1792.972418
921.659763 1693.479352
1010.403730 1663.576372
569.165016 1733.494458
901.501045 1812.761275
552.453532 1585.326321
415.767397 1263.153082
1125.080490 59.779867
513.815464 1513.615059
937.410049 1741.550399
1060.408636 1888.616871
751.094810 1695.967946
337.878406 1376.025677
323.478514 1461.501994
863.423969 1690.543785
803.952600 346.401182
1367.022705 515.810842
338.319283 1608.628938
1883.885656 937.399864
1287.338261 444.571096
1203.781439 354.110846
598.940869 1810.634123
385.277048 1518.714066
317.816769 1410.612255
642.234404 1730.158501
1095.798500 1839.369976
1938.087566 858.448032
529.462538 1830.167040
888.917540 1762.062154
830.256414 414.486176
440.687847 1488.230724
1170.182163 49.972218
517.237977 1270.940748
769.404645 320.183266
1134.673381 1934.874442
316.409914 1654.170501
567.862094 1796.656248
971.943295 1786.701646
773.838190 1668.764661
477.857074 1297.923726
984.996605 1942.783149
904.039420 1781.668117
511.984287 1468.801555
1083.025363 1995.552171
273.374357 1565.805544
1354.977028 457.415788
1946.162672 797.765170
536.186030 1406.609738
462.259155 1826.689544
589.244498 1602.919288
582.887622 1620.380885
509.657548 1589.608908
996.242191 1870.930802
858.986321 377.408503
886.252768 313.210201
469.425901 1613.597448
1005.582873 1955.555258
460.787958 1538.986915
520.595026 1683.382904
421.491888 1318.416506
326.453697 1712.976704
399.951507 1680.542573
1243.230227 1945.022953
1239.821274 275.851564
1013.680156 1949.446621
702.974626 1681.870922
485.052538 1408.572740
1293.368814 431.968148
1973.076065 817.679559
219.754055 1456.477374
182.708875 1418.080887
652.075701 1806.909705
951.434251 95.763125
210.418379 1389.387809
976.368337 157.192854
1758.224068 1099.757582
1080.075258 243.500846
1202.438265 400.503659
435.593813 1638.713153
1647.935935 1104.709806
434.407196 1506.001466
1158.395353 142.226341
293.632166 1539.236089
980.244170 160.190797
1532.359244 994.093900
149.706039 1372.666800
1166.270678 200.828908
407.075916 1679.479536
1733.946892 1148.705872
407.451724 1598.782916
1359.598044 518.473748
1870.519412 1206.254388
434.768547 1621.910870
1704.710020 1039.846843
148.660234 1242.740915
1140.419252 161.833499
1381.025797 651.326745
108.398122 1359.351418
768.435101 48.500237
431.456829 1482.013141
681.421673 1753.325286
960.795947 131.014482
1058.215276 237.237158
1670.394148 1036.594114
597.554243 1844.890658
396.234444 1869.242949
816.010134 1982.858558
256.490126 1543.699586
352.386712 1485.173929
532.773220 1879.794988
1447.829763 766.842162
903.533625 1952.137826
443.830180 1677.072758
1020.973732 317.618196
1074.605206 233.670330
682.123514 1841.437097
385.528597 1574.913321
245.739296 1465.675151
441.690796 1595.715489
467.222497 1607.280835
799.538188 1999.716000
496.105985 1654.611908
1389.401597 609.393660
840.769936 171.460367
966.364904 248.543254
786.867709 85.974258
473.763650 1448.645923
293.325507 1466.356417
1909.370217 1184.273620
804.426067 31.354181
231.488093 1604.467356
200.612596 1280.318473
978.577305 197.727359
696.663584 1766.970347
537.206445 1622.903448
1479.329062 838.625846
203.140015 1315.276741
859.530478 68.802156
285.320970 1460.921001
435.012139 1342.882619
1033.447381 261.619295
232.242794 1618.145868
747.650296 11.492640
264.048008 1624.508870
293.001258 1695.913280
1153.089210 223.768767
336.116347 1686.599882
105.397308 1333.017985
610.102304 1688.661588
833.489139 114.911565
533.834058 1724.906321
1389.680507 812.438591
716.883142 1719.594720
1312.029262 491.095408
659.007224 1974.790447
246.906476 1396.601725
1057.814759 191.653659
140.828581 1197.979397
1232.884943 417.242016
433.704311 1390.850982
495.210397 1587.037985
1115.087278 200.228940
942.616727 1985.920032
441.547385 1640.378599
817.986495 1760.752165
324.998780 1498.324134
393.902868 1723.306692
363.664699 1663.277656
1476.294266 807.058889
241.953646 1377.217076
189.836509 1450.197462
1031.684067 53.056106
663.032161 1546.066221
177.346535 1339.061011
280.681215 1579.072945
1114.913599 126.443420
542.412304 1800.054847
459.059561 1828.554173
521.628034 1896.972459
553.758748 1655.893842
661.257818 1651.318310
833.265892 1695.588957
925.727833 1924.255138
274.980385 1671.962625
557.934318 1538.238467
1676.382855 1125.363000
955.611152 194.785167
521.855383 1596.184281
183.369480 1492.151758
1216.693207 291.521510
97.963575 1196.247041
150.692640 1439.673796
130.264590 1287.539778
337.794744 1609.684244
1726.944977 1114.338373
570.368624 1706.712784
865.946967 134.797971
323.053671 1536.004687
297.973102 1500.099010
486.445269 1617.775053
1512.906407 801.533372
211.381327 1516.266249
1420.050224 936.392673
166.056326 1282.105537
589.279515 1776.668631
889.092916 143.077738
365.834941 1533.386572
371.720390 1613.924832
1390.841719 733.357903
423.800266 1510.317387
412.843889 1764.538331
460.428346 1368.842492
620.360552 1761.941575
502.826668 1736.710064
465.437826 1533.593251
329.362859 1585.075728
1166.798125 412.418256
405.155579 1540.565811
919.819577 1795.224134
566.371387 1714.376548
279.815506 1720.637119
803.886373 61.968472
1791.402699 1086.589818
1520.252246 862.161031
880.075630 1803.529725
407.032295 1561.845727
522.007561 1784.300063
1043.615593 237.203246
480.583434 1739.837920
860.272288 30.454441
1355.554104 861.267508
682.025030 1576.604801
1577.408221 948.697549
619.041905 1831.174659
1815.818393 1173.436108
858.170577 1760.590900
289.235652 1433.695704
398.567390 1806.781741
1145.419578 283.884722
941.424131 234.325860
1767.381862 1176.882643
1817.581538 1114.420721
191.929150 1360.414693
1301.434113 408.176042
546.617278 1572.889137
1141.204742 356.673764
469.122040 1725.107708
1047.396882 122.693009
1332.071171 518.874446
950.631578 126.727883
1298.708401 480.327539
214.168693 1300.375941
620.819106 1728.106944
389.271455 1384.716883
515.619071 1827.660623
300.406058 1506.286491
321.525237 1647.649188
850.943637 70.424361
168.712489 1451.558624
868.817960 1963.383967
403.195824 1406.764713
507.694198 1434.796202
892.411384 85.666268
1697.282468 1160.420671
474.769978 1909.398864
566.827876 1580.109590
1908.727150 1148.853030
695.668599 1641.259910
728.968707 41.692046
1721.822960 1077.171082
477.860346 1503.707135
420.535517 1788.786817
1088.451907 335.304661
886.680798 5.259009
1260.945677 393.882804
598.629226 1523.620721
368.349830 1582.741677
998.563853 39.236802
1108.290958 163.555184
533.667520 1456.950039
254.548103 1479.915169
1249.801767 463.622069
1431.447079 843.851986
542.158626 1758.720748
939.356977 165.491968
1782.963864 1120.676535
1201.071516 435.567190
364.447420 1353.445805
767.623828 1713.463045
332.387650 1622.661417
1497.547997 889.107514
1356.754677 477.722315
44.321111 1216.735424
548.688256 1496.230611
451.459608 1701.647338
713.260179 1953.019313
1236.629109 501.145462
243.806568 1327.166418
611.432504 1878.012898
451.328480 1800.521020
770.483512 1748.636014
1636.451757 1024.598511
1835.940440 1145.273481
632.097571 24.146183
131.309219 1408.857747
910.608624 112.436735
743.417988 75.410145
1179.568030 327.118943
1196.032220 318.732668
355.756752 1715.411920
1023.634108 143.855661
268.812773 1596.714911
72.461947 1339.382698
521.893616 1518.143533
1415.338879 689.307380
753.447296 14.327078
980.446801 1975.674954
446.670635 1534.942609
1056.961858 167.524084
54.114644 1298.525724
633.805762 1528.702763
757.442022 1935.198696
245.351015 1557.052868
635.557249 1700.407208
893.644626 1770.452584
887.777646 89.105293
599.093575 1812.358560
1540.032496 1029.110074
377.657883 1638.199805
1142.479643 319.203187
1382.762035 706.001908
315.953562 1429.717086
1285.962767 569.781664
565.870185 1860.577529
389.237965 1487.164926
395.732289 1528.242310
468.880995 1593.716125
898.650193 173.720629
1101.559716 274.639344
181.939005 1245.218276
858.141900 1885.541449
1032.574393 193.126660
367.289963 1526.857749
1187.634555 467.687652
461.933899 1469.702078
1066.244674 279.674242
321.636269 1467.456468
370.124947 1459.043183
981.942888 104.298379
490.832112 1768.478952
1567.088093 1006.570448
846.885657 1991.691896
332.160162 1497.078873
331.117242 1333.890058
375.284970 1679.918282
1421.586199 732.119216
370.556377 1802.175435
629.502898 1664.493177
1386.796605 510.614700
444.380818 1699.591508
403.735095 1826.940965
455.036110 1648.461374
367.559985 1492.973317
333.043224 1375.061896
836.244106 1731.423375
1265.371678 479.828456
1226.719689 533.755962
1358.338699 748.757067
559.216128 1789.497238
445.734750 1643.311327
501.479745 1623.246133
283.101718 1385.052422
508.735894 1833.035095
172.636184 1404.748129
1379.927453 772.557240
853.849006 120.496080
820.066804 93.278340
382.062526 1388.402732
239.162274 1362.728752
1535.192176 946.200559
1001.725863 197.518990
109.057950 1255.491658
564.056320 1760.277505
424.282185 1516.405172
272.702327 1505.102351
417.383852 1633.813210
221.208962 1563.552569
1009.288597 248.990840
1627.616204 957.506045
397.555574 1646.508885
1559.834702 972.318849
1228.310075 459.883284
286.124385 1353.738230
683.309533 1709.731594
428.211184 1842.077340
971.422179 72.471290
285.850923 1387.483127
251.845668 1446.145818
1004.368977 175.574748
647.950707 1851.061994
131.625692 1367.808179
889.376862 1736.034635
1437.715849 810.647210
1410.938881 786.877088
104.825909 1313.208671
470.608189 1679.761165
494.102952 1525.973471
546.235557 1663.480494
334.006422 1511.068233
1648.618765 1063.994797
1416.280814 652.449840
446.413781 1765.453115
1477.705889 783.213640
597.875941 1556.671051
263.265331 1757.351881
1553.432145 867.380856
154.691824 1336.779364
1003.546691 173.864442
385.109856 1702.413998
931.600940 60.909458
33.109073 1249.719336
1744.836217 1050.875210
601.808224 1659.235960
526.766547 1715.908726
1330.811249 567.635874
1111.995111 238.379927
1048.559107 207.006669
615.586974 1968.018514
1077.365274 95.478144
484.852189 1751.490490
370.711936 1554.208662
514.998251 1654.130239
1111.199389 309.128796
904.714959 116.840756
411.020874 1483.969348
1572.676181 904.205254
397.869216 1402.445463
479.638491 1385.000720
1425.561190 887.043675
442.132910 1570.965205
505.164810 1575.357026
905.117506 54.692020
1003.462407 121.856930
1681.998909 1073.149696
1043.131529 157.158338
302.519861 1625.904920
441.873170 1751.354578
1376.532987 455.612052
1706.697727 1107.747334
525.466025 1681.967620
319.115730 1396.039300
445.638546 1546.531954
1078.865522 137.229573
502.470233 1468.085784
85.365786 1278.774105
1862.397642 1169.287319
1454.267566 812.011652
1304.204944 540.029389
410.467930 1359.314030
99.493960 1229.400706
699.171848 1918.193706
538.567369 1582.231128
415.404847 1695.769370
616.558994 1796.344242
133.929370 1296.014083
541.445922 1720.511474
645.084928 1487.877046
468.323562 1475.286805
170.000274 1313.465336
570.745386 1672.673521
299.153932 1566.484375
1955.665830 1193.076480
453.168330 1771.660555
498.475285 1697.499103
287.748141 1421.463125
1280.026326 437.562735
283.036681 1608.508249
836.320488 23.197036
1021.593576 283.022278
651.484046 1741.092260
538.680081 1694.104612
689.768596 1675.570441
353.374623 1523.717311
1506.713877 968.395484
325.662367 1750.728534
1128.962679 192.495914
4.772961 1213.065378
504.005596 1530.483078
313.303213 1461.295906
525.367720 1751.310217
902.816224 1897.460136
1184.724892 499.338952
397.695343 1437.796651
447.720806 1871.265566
345.877526 1725.282462
96.772513 1289.322609
345.948695 1378.473573
861.205498 1850.724738
464.441206 1418.497382
1282.025231 512.709824
439.786469 1430.690444
621.385953 1631.663230
382.835729 1638.518617
1593.756562 982.467825
238.218973 1522.611598
1323.069207 454.813847
447.021488 1606.005834
328.450787 1438.037970
1775.283100 1142.042364
185.592468 1363.250842
254.238112 1410.401822
416.853027 1573.624793
482.140638 1656.005068
393.169126 1736.413636
654.873950 1727.264980
1255.317370 434.071949
549.161862 1822.837350
789.092267 1954.039948
1480.834760 725.305252
1029.286986 98.782047
596.821465 1606.309325
316.750171 1785.428527
643.477247 1451.757322
950.046461 23.251346
1007.981637 223.336620
161.844385 1395.402806
685.585253 13.210745
330.690806 1704.663353
400.874654 1861.370532
1247.484608 268.295514
1506.092236 912.144532
486.554210 1704.888500
1538.714973 913.310075
586.903028 1639.517067
324.407072 1590.234712
817.134117 145.130987
379.695757 1569.536411
1169.284583 377.624075
527.959790 1622.800604
1603.351497 923.869380
365.865117 1411.034358
358.992669 1606.895771
460.326785 1568.101608
739.606092 1692.403689
1611.081106 988.095190
1356.081851 817.919047
382.157622 1769.163992
593.438772 1737.412844
499.452179 1535.192470
836.300961 1938.719319
658.657978 1913.069664
1079.965116 194.958860
386.451825 1439.149733
65.501175 1189.958324
1195.683932 514.961035
352.162141 1747.950184
1075.224541 35.640042
607.066672 1919.189483
555.646326 1818.504323
388.090964 1479.043102
1471.535836 912.373443
189.017995 1469.427920
243.408759 1434.849132
916.335262 206.740140
1397.108571 760.531575
208.976590 1422.789204
480.150901 1649.056788
235.831535 1493.947164
338.533164 1560.488173
