1278.766750 342.406203
1352.963861 1158.338431
1173.714387 104.931835
1176.885870 86.635117
1189.866406 1164.550418
963.974286 1989.483529
1046.253168 1789.299026
1295.521715 1107.353072
1389.643345 1050.688295
1426.219660 1199.935624
1348.454876 1082.382597
1008.643005 1611.033230
454.177673 245.666341
1518.472528 1148.657512
924.893652 1909.339009
234.186257 445.683541
310.476863 443.357449
755.639539 55.944198
951.809992 44.516578
1464.671186 1209.916114
1139.165591 111.302052
1242.235759 333.841220
1372.581152 1181.076534
369.846563 409.805356
1142.037751 1982.934339
353.398381 358.961204
420.895452 314.223897
1119.893808 183.237439
996.548139 1808.055395
1011.406576 1491.055438
940.508324 1760.995127
1347.965632 1117.165475
353.873535 327.015759
878.422798 1835.285044
755.659378 1968.096826
1002.511284 1999.016566
1177.016393 1324.945168
1027.530560 1779.161744
1145.089621 1830.942889
487.039431 250.346319
1472.006079 1169.978943
1204.264902 170.946170
874.323752 1868.332604
433.127166 201.329678
1203.039912 249.693219
570.185603 150.858272
1203.594856 1215.447194
100.406154 479.443791
949.249669 66.577503
611.116170 49.454486
277.296612 466.627668
1198.383414 1309.886853
1041.652058 1956.685836
1169.656882 289.046425
1052.020962 247.553759
721.567536 127.185223
399.799464 293.597606
1430.095795 1119.080645
570.842534 81.793211
674.093031 1879.117862
560.098888 36.193209
1232.833414 1258.044940
1169.024696 1296.467878
1037.846655 1754.514413
1049.086707 1474.517367
1326.446214 1243.143138
1375.180276 1103.100854
891.641252 1785.554248
639.773645 112.790809
1037.382876 28.734546
606.278766 4.751009
1434.383985 1144.552424
1070.685007 48.885107
203.838729 429.213546
1095.279149 1756.742706
1141.473742 81.412704
1206.674982 1184.382500
1267.655914 277.033703
440.586373 282.585967
250.684018 466.175442
493.498331 138.301358
814.196415 1944.195014
1062.758192 1587.975627
1473.297918 1112.033149
129.026914 379.830338
1086.558883 1267.740157
844.348956 1806.415471
982.771855 1593.489335
260.185033 345.456397
1161.941998 408.135829
908.944680 20.374639
1084.391866 137.764200
221.570120 467.242235
1154.977705 365.606841
815.624443 1972.185927
1105.326925 1507.824035
1060.689177 1758.294968
977.432077 5.105471
749.660360 1891.692629
1018.014064 201.823539
1339.373817 1178.333219
1304.313726 315.397011
1044.048392 295.638769
697.808729 1846.886546
266.170873 562.407421
594.823031 120.197005
463.576502 90.775999
895.851379 1939.453522
1004.965558 1800.667376
1310.746053 1141.951655
456.075685 305.427427
934.846739 1587.797729
1112.059360 1331.603269
1322.569825 1064.828168
477.628959 276.383355
288.114544 597.667421
970.157428 1789.561800
907.027933 1692.138445
1235.815474 105.476988
1184.628332 1202.339069
1065.054175 1998.510021
1176.197166 1220.725132
949.435150 1940.260369
286.496480 228.678789
1056.683624 1996.748390
951.902899 1804.684097
1126.663535 1546.242670
1427.245505 1230.326006
892.151448 1886.940544
204.216783 374.735437
1127.689222 1380.513041
799.290202 1908.624613
1032.834765 1604.855832
364.710744 284.077251
1073.766263 322.671350
1100.806518 1403.385668
403.604592 267.372743
184.618739 454.862832
1078.570655 1804.201035
1079.389897 14.095629
1406.955845 1034.343111
1208.240574 63.866201
610.536767 90.954144
1162.551802 1390.735852
1103.124710 107.120542
1032.415183 1727.711752
1143.558977 1269.357750
1173.597866 146.226155
1234.901803 1407.707496
1070.754761 1300.998478
307.568535 484.316957
839.299650 1895.779573
1194.965157 1352.180848
1282.620562 1151.295607
1380.862915 996.370700
720.442349 63.289054
1404.277901 1079.147387
247.726644 357.654300
899.679621 1758.237637
478.813297 180.593687
342.942196 333.708662
1267.966158 1211.825377
785.657492 8.963154
1204.599693 1384.868163
1330.541694 1277.373341
388.272955 320.289003
1092.181854 1937.317441
1062.551096 1625.726193
879.994269 1683.866187
1114.445226 1910.465493
1013.292352 17.008824
381.802361 324.220568
1062.662518 204.398754
630.290271 1978.337301
1235.149617 184.573739
1129.700989 287.034496
1097.282631 243.106109
680.266559 30.151406
1118.648572 1998.749056
1231.839513 1295.169228
1171.789763 160.082081
320.059120 356.843452
1106.075647 1443.991053
654.932791 1988.386209
795.562507 1839.813385
433.851758 212.835685
1104.181767 336.242743
1058.821380 1549.691039
1252.892755 1065.136773
1245.375038 1148.751489
1274.171651 1439.581244
1069.937182 128.250764
729.580559 1932.622380
162.399613 495.218562
592.557309 172.673397
1113.887362 1287.853919
274.229135 429.851035
973.503749 1688.373315
1296.777184 1283.031683
1345.835282 1112.219552
1203.905918 1143.420643
1259.926976 1280.560900
431.362467 79.239628
1150.637780 197.319889
925.838689 1829.380538
1158.312119 233.935269
556.143310 114.199410
575.910898 257.329370
1192.979223 212.659512
1510.432841 1183.755161
687.523540 1930.730537
1163.505266 1113.316438
1196.996345 323.675884
1151.823632 1524.744698
190.953120 387.796360
426.994501 163.776356
986.867192 190.575737
410.345391 265.550957
280.939066 367.715334
1388.223446 1229.391663
1182.549954 1985.017891
1350.950946 1151.464844
1095.837592 308.946149
1372.469930 1092.208424
1438.862143 1167.282245
370.734246 367.840796
508.331655 172.515947
1047.475278 1976.665322
389.756189 199.549216
1007.904940 1684.224014
298.014690 533.564589
725.605455 1975.026027
1507.237165 1094.646914
915.566455 1788.657589
665.049508 81.613629
1290.762672 1188.626606
1113.017854 61.447720
543.423284 102.265564
1060.110376 75.301018
406.510687 419.037364
1296.140842 1178.068699
390.916126 234.441876
183.007393 538.774311
1186.034076 1471.538904
1200.225091 387.436193
983.834658 95.008460
1017.888017 79.577820
558.626392 162.648597
1464.213413 1141.425526
1116.579901 1225.646374
762.415021 1856.107718
292.357833 411.664403
1116.845063 345.625213
1091.998977 1572.959389
1140.230133 1311.862017
885.330669 1774.456224
1024.115035 1366.729036
886.634442 1737.671428
1025.579495 1930.958263
993.407113 1769.419849
1471.790892 1238.018157
692.916993 1959.929155
312.880955 380.440512
1083.187680 1469.455831
991.127095 37.153446
457.279271 152.245824
1147.348616 1205.016569
1189.916606 1256.100772
853.022573 1751.239336
538.892924 65.961905
1140.563824 127.032512
1152.052472 28.170868
1243.291445 299.089728
1441.128322 1122.775804
248.769937 494.869066
346.263124 384.040459
1398.152852 1178.362301
1281.385173 1124.499921
1220.369389 1329.359219
1100.733658 1360.890165
667.825483 93.255851
1173.566461 1287.221065
211.937464 577.635477
367.481922 130.015626
693.081844 1880.403713
1413.586794 459.346095
1252.828000 1115.289110
945.883905 1860.612220
1113.390781 1802.809754
1074.321150 1430.461046
1044.014266 1649.182277
1362.909818 1061.309145
752.330000 19.223550
1196.335916 1249.010861
1017.201416 168.628944
1003.847705 109.347397
1260.985362 1130.969638
389.558167 325.921540
648.210694 60.058403
1417.697100 1258.568583
1265.229383 374.454916
1060.756036 1515.527257
869.193666 1916.592941
502.365511 300.388089
253.899316 497.773588
854.213515 1773.729569
591.895845 69.462768
458.022759 194.964679
395.316759 147.945815
575.685839 206.345792
1197.691251 1396.333010
945.186647 1647.654003
284.201480 498.909132
174.674038 500.151831
619.557218 85.538460
1330.728952 986.260313
1002.700412 1711.529865
1411.297048 1162.213253
1127.769009 1144.553949
1232.439010 1361.963430
137.295420 475.968626
1159.748355 1356.904383
1359.803165 1226.160373
289.214964 692.381449
1202.374980 288.628185
1471.399899 1060.595724
1084.563101 75.861732
990.565701 135.435673
1422.981023 1065.288912
1101.783688 1870.554326
971.043854 1839.734066
512.932870 108.763624
1321.519796 350.457864
1113.507192 152.911731
1293.587770 1220.992114
1136.893389 31.185177
810.115127 1992.432929
942.103155 1719.925693
349.190390 236.008445
912.048210 1863.392862
1140.319146 164.400844
1017.551995 79.602086
1042.301660 18.902468
1134.204436 1171.544477
1040.669613 108.959815
1272.038396 1246.830019
516.902041 78.324368
1203.859685 292.316187
1306.203592 1086.127925
1148.325336 1251.336391
1132.070219 1464.404658
1186.268369 1426.625913
952.266708 1818.581422
846.390375 1945.813981
268.305259 267.348296
293.280554 336.851633
728.266135 26.980627
366.835735 373.548552
301.252799 281.845267
1205.450629 244.490607
1073.848013 1957.534942
1133.292376 1418.607488
1145.545836 332.006826
208.654783 420.184380
973.854371 1664.877144
1147.175209 304.772814
163.917117 404.302185
252.245831 417.854719
310.539166 301.674880
438.000957 123.381743
687.925674 64.286379
1125.444380 1956.160952
1113.616601 384.746714
642.928912 18.746202
644.079639 53.900826
474.339624 340.251926
243.042090 302.038132
1213.066652 1983.271157
1065.766495 96.464082
1380.590446 1304.757477
338.294678 163.960549
1104.846463 53.288359
324.277648 306.354580
377.182933 257.509623
1091.445679 1534.671559
1011.077579 1838.813699
1194.612741 342.076251
1280.823213 1057.359280
1101.073092 88.010120
1014.766657 1879.652998
816.561125 1773.566973
1380.412028 1268.717913
697.529566 29.024189
1218.894057 326.137813
1072.434874 1740.454157
974.360443 1729.871223
236.873604 387.781010
838.259330 1858.392798
1098.314397 19.656256
1367.290158 347.323956
1067.477511 156.425422
442.312572 246.109462
1258.156436 1316.597662
1022.433543 143.875779
1266.470609 1403.543384
1228.812901 220.673269
219.367145 517.073351
1152.755290 1479.809812
1010.021419 1532.443878
878.500748 1977.150408
1134.780914 243.362004
488.892983 48.385243
1328.265782 1022.953244
1228.351503 1119.670421
1130.026266 1427.733643
195.479291 494.508323
166.844125 382.827355
1233.055911 271.300820
1092.234013 179.669381
1287.874174 409.864031
1303.128016 1039.139780
1237.640740 1210.247974
1161.754250 1443.845940
1223.089996 1453.280925
1222.737629 1181.044664
1149.786464 203.111638
240.460414 409.709771
254.728623 531.598036
1331.996396 1106.015649
1037.999887 1519.185788
1449.770202 1047.250764
1059.821396 205.542312
525.721864 205.204543
1000.637708 1889.493043
1088.102324 278.434804
520.906415 246.836293
1138.437272 1902.734892
1144.091116 395.265417
496.082748 104.906009
1205.544904 1281.531264
652.255044 149.644039
1113.278296 1483.351652
1199.024084 115.079233
1259.611417 430.335144
1134.960775 127.257835
1203.343098 427.717599
1019.211617 1574.775334
279.357261 303.214977
1166.695973 320.920506
1089.777378 1139.031084
925.086278 1671.411701
149.336459 454.920553
1036.819514 127.075240
1022.035931 54.892052
1032.156698 1907.145653
1165.708909 251.863068
1003.986114 1953.436991
219.516173 538.721927
1372.051288 1145.043685
486.731893 211.288954
991.057200 1639.107053
979.209515 1907.136947
572.717488 80.733216
1309.881382 1188.479369
681.667659 1995.152325
389.557160 357.436600
1223.645609 364.057612
973.450717 1915.296595
1067.018877 1911.297771
1315.843634 1315.313694
606.528954 137.929402
919.194615 1838.596360
1258.331248 237.883930
1367.324052 1205.055302
720.293491 94.321813
1203.277002 1108.136713
793.644752 1880.434792
1231.196761 1234.066379
1006.637036 1734.769204
706.984727 23.328396
768.811298 1933.589906
1502.006757 1125.663975
1085.890495 1978.212164
555.319275 172.204435
970.827778 1888.855917
1298.952032 1250.528542
777.850126 1985.643828
937.232975 3.627314
1115.863879 214.146277
1357.029763 1038.025239
489.933154 232.923045
748.251038 3.761964
1400.828843 1120.071917
653.272687 1946.087870
1359.948594 1154.879661
1465.063344 1174.971747
1252.284806 1180.940883
522.955655 149.515891
1044.123172 1695.119020
1070.801313 1386.136619
1017.942115 1042.445575
1040.569789 854.597513
1135.251993 1866.414624
1131.343883 569.843189
1028.334585 1740.471232
1110.618823 705.654912
1243.090580 1646.399867
1013.865840 1337.370082
1053.278938 1932.638511
1104.227734 1662.552943
1209.252308 1029.987760
1072.826253 1234.805340
961.316758 532.021327
1195.686808 1442.124110
1216.163549 1064.375806
1124.578070 1044.928528
1250.713551 1529.973089
1071.547663 347.475212
1116.698103 1611.032395
1150.037904 905.902529
1211.036566 1779.368417
1155.981321 1876.466144
1059.609718 481.107390
1137.153308 994.607589
1172.911755 1062.060114
1053.037224 374.509690
1243.447113 1806.919738
1162.278375 1671.077401
1027.945470 1490.415119
980.956102 1303.136401
956.478882 1413.138266
1195.736939 1008.917198
1218.810770 649.734462
1073.701180 1364.092828
1078.548811 956.074915
1282.185663 720.223129
1307.497147 751.992840
1188.311748 1066.308714
1318.996310 823.098430
1079.477302 1863.964799
1180.916878 633.297192
1117.285531 1527.948308
1009.671606 352.939440
994.587712 518.779168
1171.054254 739.488246
1244.759312 941.271289
1100.832012 798.598571
997.841224 1471.955954
1154.257439 1865.247589
1061.399326 1409.265308
1075.903768 310.013069
1265.002942 691.191435
1231.812083 632.048944
1066.440196 614.593301
1123.444579 1075.999120
1273.057885 1130.289167
1058.566177 983.686473
1213.239998 1731.566110
891.121234 177.814781
1101.383719 1338.086240
1027.699554 1322.501490
1172.341184 700.568696
1037.528462 1294.159067
1231.482776 1002.692383
1215.292004 582.029989
1240.922318 904.187495
1062.619838 504.614417
1213.192838 1329.988821
1104.352101 666.975645
965.434248 260.897487
1141.757406 1806.138888
995.608169 1490.366686
1123.247955 540.736644
1184.603633 1685.742421
1042.905649 376.112789
1181.732785 1328.358986
1166.146435 1606.354988
1109.513809 805.554652
934.702477 209.684707
1191.220003 1294.633317
1118.600669 1759.421920
1135.938473 1178.273325
1161.487489 1265.971071
1002.810026 1287.032975
1095.155183 1730.714487
1265.533518 1564.721789
1172.594459 794.625171
836.772734 222.546964
1205.518901 777.786505
961.260093 339.288100
1207.350040 973.021116
1278.771784 878.413475
932.980617 471.444776
1234.066271 866.321550
1170.998642 535.424061
1162.589041 1444.703526
1203.144711 845.837318
1144.460416 1541.292648
979.267750 461.033372
992.394345 284.500343
1194.116746 1796.682376
1163.410836 1720.697865
1265.015388 1066.858762
1017.687781 484.108969
1198.480134 545.761099
990.896259 1163.255885
977.579833 1370.238709
1084.720893 1946.451001
1129.265232 1452.621157
1123.814892 457.307854
1101.723310 869.631243
1183.767288 1698.237176
958.058035 408.173643
1160.975504 868.428515
971.753361 236.684397
1255.524302 738.589921
1263.389136 1694.381239
1125.335081 979.017970
1045.064956 1354.655966
988.161718 1545.880779
1093.899902 1131.095079
964.623132 360.264206
1250.524096 789.273769
1246.827844 1762.637840
809.526965 159.239500
1018.818140 1926.021301
1223.089482 1829.112094
1088.103504 1776.451052
933.546644 273.392260
1169.941734 623.630235
1032.131179 1200.950800
991.299449 1694.567446
1051.387674 458.268980
1218.569699 1937.083323
1070.514267 455.667348
1282.660452 529.133842
1173.814631 989.072255
1168.641781 505.550489
985.241573 1246.909357
1117.542722 886.456996
935.884362 265.721759
1069.965163 850.376619
1096.315644 1056.558094
1135.631913 1696.758437
1033.501006 525.025416
1082.954750 404.373320
1127.521121 1034.466780
1181.422817 1382.985915
1101.655882 368.586288
1095.117327 1432.932996
1167.053182 752.941875
1135.680375 823.173658
1023.358755 1822.440859
1142.450486 1359.728606
1039.138346 584.348556
1143.182349 709.807822
1142.171194 1627.622817
1206.799286 743.155056
1021.041158 476.106005
1201.656105 1269.863821
1187.738770 477.343084
1152.677727 1660.677151
922.281663 1406.120884
1021.354475 271.299475
1010.619915 834.395205
1199.355599 1405.711744
1151.339009 470.880165
1131.227305 1113.129868
1037.115976 1226.571902
1062.432691 1124.673677
791.255542 201.329570
1069.054014 1494.210684
1163.003692 443.018849
986.697395 1073.334625
928.541096 390.477125
831.509846 374.726947
1066.576857 784.234823
1015.459955 1232.998534
1017.121419 330.087481
1099.244959 1496.631553
1131.505207 571.408507
941.132488 1428.936395
962.331080 297.073961
880.422019 337.564842
1136.190428 787.703884
1073.081727 1089.047182
1203.418788 1895.580785
1098.615469 1798.270773
1173.028163 1124.434612
1027.775236 1103.422568
1134.740015 1610.148646
1165.659714 577.217787
972.535238 1879.145456
1092.306727 986.416901
1026.033828 888.097774
1256.819527 572.324134
1133.556916 504.944787
1232.967410 1592.899294
1143.181558 1089.698124
1109.759279 1485.858372
1056.156979 925.841819
1122.117473 410.524668
1153.228995 1056.538962
1117.296851 1405.626391
882.180042 245.811188
1108.652326 1508.972220
1123.053184 1639.821996
1056.959880 814.702397
980.312615 1110.583106
1223.578761 824.391022
924.255246 312.830682
1103.062400 1173.042293
1076.644273 1189.048624
1088.839330 452.536505
1199.740459 722.706468
1281.964034 1000.267520
1026.568009 1022.435958
1199.926744 1208.555195
1166.535298 1836.281933
997.157866 1763.337126
1109.378657 1386.304421
1217.887772 473.870223
1185.762653 1574.411698
1100.097884 1447.679887
1206.511297 1543.736271
1085.953248 406.072053
1043.158395 1585.151268
1158.316471 1511.658244
859.181939 188.408063
1185.115333 667.073105
1233.182731 780.478575
1114.393674 518.120269
1148.502184 1458.004809
1187.373258 1665.623920
1196.505893 1590.293863
1117.219357 850.636191
1172.163468 615.963424
1231.529024 1684.322260
847.402984 262.906660
1080.984279 831.530040
1068.013707 529.415534
1217.032358 0.975684
1169.375929 1544.638779
1044.641044 1543.006051
1174.003079 1512.795616
1072.813542 648.843408
814.765206 328.241664
1063.716975 1325.400373
952.447800 1281.706330
944.851697 904.449508
1067.599680 1706.735507
1026.027501 1097.437301
1046.972244 1595.039247
1091.592569 549.727448
932.604871 1109.923976
1068.196853 1889.766538
1134.599746 689.831024
1063.928916 1657.202471
1262.854003 605.201699
1018.670222 1428.651924
1067.036453 1198.084712
1088.557556 1308.867264
1225.478743 744.371737
1008.178585 550.865640
1094.526849 818.390049
1098.368388 1580.513606
1080.553646 913.514986
988.012467 1399.506962
848.660800 344.397695
1142.201558 1991.405463
1018.788558 1560.287293
877.180127 131.095665
1097.644930 1222.244364
983.224646 477.660304
1124.604849 1121.394885
1097.331232 582.515618
1184.502054 1622.331103
1149.573395 1396.065649
1101.329015 1074.156310
1052.267462 1043.666255
834.647535 111.722667
1090.961670 487.016329
1087.875785 943.608246
1149.530261 1925.952117
1039.855310 1077.179614
1125.643983 965.723137
1140.118415 1212.599379
1033.948148 948.113835
1172.942171 1938.811370
1067.039821 1336.145180
1004.986362 1356.219864
1126.963079 1315.156064
1088.545619 1249.759885
1049.290827 1781.331786
1097.603064 1131.627617
992.513542 1017.174624
1093.124288 1012.260677
1059.802023 1057.667946
1150.093032 898.090877
1175.416818 1746.470055
797.711632 280.704522
1212.225688 601.874358
1257.243344 1727.223494
1179.618067 590.442973
1091.134180 987.509232
1149.959533 721.279935
1100.397089 1679.959012
1040.171833 1465.004145
1213.974559 1702.770419
1114.795942 1898.444648
1078.914689 1199.574272
1108.709014 1638.049622
1024.019047 500.720780
1173.348681 1638.376420
1181.945030 1820.701583
1164.925386 1201.566253
1184.158442 1941.474369
1178.131775 1083.609567
1099.353582 608.219181
1175.631668 1352.217233
1037.909746 1264.467011
1161.313773 1491.448555
868.358665 237.252609
873.558420 376.623088
1150.984614 752.994536
1071.244998 1142.476441
1047.405590 417.342510
1044.339248 306.480813
1255.013750 838.944083
997.363696 385.637441
903.904307 424.855608
1130.804506 1486.983791
1231.109309 1561.172903
1283.526859 1791.210629
1104.855668 1705.381482
1236.604156 1865.233282
1214.218004 1710.897291
1220.157927 1520.000952
1027.703992 1391.843438
1031.324045 1703.527522
1033.987328 334.642876
999.675571 1899.992465
1194.783416 829.512204
1127.249472 1940.892106
1016.943042 1518.081118
1155.763465 1771.904586
1207.984543 684.006938
1034.959900 1303.345142
1068.616928 577.088637
1086.897470 1395.100446
1121.954495 1232.043467
1147.430433 1961.324101
1018.745236 407.275461
1204.443784 802.175348
1063.015465 1836.003928
1129.567413 776.299776
1038.593167 1125.220083
1118.012829 1367.045721
1041.688487 1454.386444
1128.698562 1722.704259
796.632494 266.722185
1024.874267 1161.753068
1174.882144 1162.712405
1183.340293 972.319979
1167.758666 678.450913
996.702391 429.506242
967.379378 360.811018
1125.339983 494.704490
1243.782166 1028.832840
1168.701903 1493.687801
1134.325501 536.254992
990.531652 340.517575
1297.720749 784.995180
1033.757374 1394.473473
927.453874 1300.730652
1273.139035 1825.347940
1152.909562 926.308245
914.002275 355.444188
1241.729076 1982.505235
1147.013980 1290.692726
1193.296205 1835.608662
1014.026638 207.676720
1015.725065 443.912002
897.696058 287.333903
1178.942516 883.520045
1209.370572 917.159490
1078.519747 1805.101339
1211.669362 1099.086565
1124.287544 921.715301
1139.049720 1450.403922
1024.372211 372.943843
1234.091844 1462.629469
1110.593994 1425.690934
1009.792463 971.802696
1149.860175 1142.894025
1136.996747 1790.122818
1090.195157 732.240312
1172.328847 839.748591
1189.780656 963.095155
1154.221874 1246.870905
1162.272351 1587.190338
1224.650321 1167.635926
1065.713981 1277.657995
964.582476 977.123037
1129.461946 1893.474810
1165.842860 1818.125529
1200.553231 428.556561
1055.826240 1229.577319
1063.183654 1104.173990
1219.563992 1618.285708
1092.496455 1283.596114
931.544402 433.574931
1174.951021 926.593426
1091.746399 1831.886996
1119.095176 634.680803
949.710963 487.109090
1229.529078 1794.925743
1063.093659 1752.743424
1121.832084 1909.531543
995.206656 296.630598
1084.338114 1450.979280
1334.461782 1747.262146
1153.853371 954.862919
1106.597559 1968.473138
1096.167495 1899.345169
1133.233137 1574.963457
1165.458227 1901.167875
1121.660781 1270.395682
1173.317812 0.656001
1255.353340 649.421579
978.388543 425.391798
1251.652453 713.274699
1180.878529 1236.834722
1055.133522 1416.540633
864.341767 306.488309
1140.762311 660.444502
1236.692282 515.459966
1172.893091 394.471870
1232.873077 1743.315539
1134.876171 1134.369430
1200.932452 1481.513461
964.402424 449.054197
1072.201552 1774.881173
987.016229 1132.145769
964.037217 311.085637
1153.636716 1029.803934
1241.584906 985.572674
1240.007963 553.534341
1119.889331 1762.398974
1086.190868 1609.098904
993.083789 1400.803239
1200.417717 1857.829614
1101.593094 863.351264
855.442098 160.434513
1117.913230 483.297352
899.918756 215.502634
1063.909555 1482.446147
1100.471029 1936.738640
1070.602832 764.952170
1120.936911 933.276928
1135.550758 1191.990264
1285.255849 1971.819811
1101.749175 1837.872032
1203.538170 941.879505
1177.595305 1765.276108
1081.388008 1528.567438
1105.122266 1169.504516
873.792856 412.379750
1003.312466 1062.306136
1163.395607 809.341154
1235.789946 1418.075683
978.107426 939.470819
1117.813597 1027.763171
1063.048672 276.113631
1196.709540 1877.659832
1156.279556 849.465965
976.415413 1333.025336
969.085039 1442.998124
1059.428535 886.441730
1071.748248 1019.695447
1158.166855 1854.182152
1085.500998 907.856277
1122.757869 741.407484
1052.960122 987.020501
1140.197203 1762.155596
1041.607206 1167.956681
1011.739030 1455.247423
1080.244458 382.037320
1143.579595 605.311853
1072.986351 1563.842188
1135.476004 1839.862326
1225.594013 609.384409
1204.895795 518.067500
1039.157647 533.952223
1003.817302 1199.286399
1007.647166 1601.984631
1182.399556 871.340294
1147.166525 1070.892060
923.812553 339.494222
928.978650 354.924655
1756.535057 488.857082
303.051774 673.160154
1997.574685 642.267824
187.782293 567.183935
436.611822 714.063732
1944.227437 1217.697844
95.047958 270.829790
1302.439775 1555.855353
341.369052 673.548146
1557.821541 662.536806
1910.683238 988.800508
901.661439 1357.292267
91.897918 149.232469
1037.877212 1327.772552
117.879925 322.125158
1884.920762 421.252521
1891.494964 457.570761
1958.970630 1141.650299
520.767328 776.633149
10.962142 506.859404
1432.825676 660.066618
1490.308188 680.255508
1995.647361 332.763644
1986.441060 473.156289
1339.084848 1566.238431
141.594263 504.754299
1889.107959 276.952940
13.935619 271.034251
1832.820525 427.592802
0.655200 394.959986
1929.933875 827.981759
163.351551 186.394219
25.128713 216.430912
1962.748569 426.068907
1938.831714 457.871336
1676.815541 506.187550
518.837756 816.098282
155.488716 295.475203
442.267412 817.751967
1944.451995 391.358004
1992.384561 418.716221
1586.195395 590.302067
178.394855 272.194712
74.659047 428.777819
310.647830 837.947120
1591.726571 627.681601
527.126871 931.767839
349.555828 366.211055
359.626073 642.079562
1474.258971 728.567397
129.163309 677.764621
469.085695 827.199899
1876.172588 589.303040
1635.325447 529.688495
89.613460 643.106703
1787.937730 544.518674
76.245272 658.859377
1849.490419 408.933474
1435.483305 779.437926
129.628288 241.765745
1890.037008 885.690645
1890.352982 549.442984
40.868575 538.577544
486.648723 728.287839
28.918566 667.944720
1632.522685 566.558858
31.951490 644.040305
212.563369 353.170368
1804.403706 455.252154
1770.870176 346.914583
1708.757238 571.673408
428.685230 821.554664
1352.433743 1533.629779
597.338262 802.968060
1985.121825 262.096387
88.801006 211.596832
1949.656766 348.108170
195.384223 318.600277
326.345213 653.676977
538.324097 742.412732
1647.052252 673.912093
1850.997992 372.915421
143.441444 525.724066
181.901367 278.060970
1780.683923 376.380397
1894.285420 408.337388
378.438673 364.151450
932.914720 1343.177960
265.568905 603.463151
85.937329 399.936507
567.891949 759.774105
201.522765 542.909392
149.848438 570.600167
1699.472377 501.012501
1811.262819 482.543875
441.736151 918.151751
1534.255970 663.463569
298.334630 777.134834
1811.280007 405.515440
1655.454852 628.580171
169.877964 710.319723
369.347741 478.463829
1871.340787 816.286377
66.502372 615.208666
1417.400954 786.068500
1874.904479 632.530988
1881.999958 916.903038
1975.039915 305.994779
278.654228 837.400970
492.856539 842.244160
464.463520 860.986674
224.388228 712.915463
1545.730385 581.846057
482.749339 788.779386
1508.869580 635.037042
130.366855 195.961240
1744.249575 505.176288
286.275044 563.093618
1611.636400 612.568575
1783.553268 285.144104
383.185136 817.567997
948.732905 1285.945181
35.972803 290.026779
950.430298 1310.254121
1767.789640 522.691421
1878.951385 367.226724
1891.227019 485.987032
1900.168881 851.625409
1964.963270 504.407988
1815.581034 446.308123
313.975089 706.748694
230.736008 607.951681
216.605768 503.097710
1764.116437 465.785629
1534.292408 728.583329
84.379509 466.411993
503.352889 745.485841
195.883083 213.444579
358.583866 873.266418
111.358688 268.502137
558.290763 817.596230
1523.470127 611.942587
1753.561414 475.957063
1722.101698 460.766409
237.891163 611.252630
89.398024 389.348083
279.498214 343.510600
1950.192979 350.885168
22.415678 348.202729
1521.577601 628.172914
1691.881271 439.394090
223.755382 359.349890
1593.527766 550.882976
1503.735229 576.570591
228.223413 681.304671
288.491998 714.400482
78.398913 339.314956
436.728326 580.687155
166.274675 349.911804
68.514432 418.504800
143.943966 291.007990
200.554915 667.576585
340.706218 502.020198
403.518806 941.519661
1497.026840 667.207836
1421.239382 785.502714
1926.176533 1153.771163
271.162108 386.726454
250.734971 515.072712
471.943012 915.038909
154.391860 332.623424
266.797440 431.377634
451.807871 629.792134
1911.956190 344.885797
177.556229 402.060765
87.561524 336.998934
20.485848 577.711536
349.317181 565.284611
1454.112896 739.333076
77.590519 540.108297
1816.914072 573.341517
266.970109 543.660641
531.705183 853.728413
162.750231 535.993045
1034.970315 1294.020152
1407.574800 824.472052
76.873918 369.611337
1804.079511 577.538992
56.122491 324.352562
153.728593 490.076383
1993.527772 302.138963
519.136418 854.427255
4.898426 243.828318
353.933464 697.512633
1831.615214 258.835043
255.171211 361.374687
1678.564020 555.215849
239.706057 305.521618
1922.843954 879.678989
1999.280038 388.631405
494.294382 736.102473
252.772837 325.178925
1950.152883 939.190220
1565.563748 592.461241
1453.686009 635.651691
1928.683213 569.843120
1590.691762 679.026861
332.842781 387.016911
277.154596 244.408872
1897.517752 494.413874
1797.658591 502.708789
185.436397 465.274238
1447.072578 705.163095
1605.777351 565.738313
348.008246 786.059709
1854.990571 512.272082
25.327312 463.964844
1795.336677 441.906959
1974.767362 417.335818
557.878629 832.929825
189.550304 380.958491
35.500058 546.891716
115.262790 547.154180
295.218839 812.126159
52.490856 142.347839
173.839759 477.633861
1787.460867 598.673278
1503.473660 739.700851
1857.656673 449.833331
209.975979 260.126541
101.232172 335.890963
1785.713547 429.409350
1983.914261 209.379237
400.847461 841.622346
1737.731340 443.406193
66.722080 165.184751
288.515617 753.699225
1836.540813 479.120656
480.612729 768.410684
281.012764 660.206963
1946.241921 1012.663976
1970.078094 544.025120
417.115095 671.820456
49.812851 234.902789
1918.304991 921.818109
128.608307 255.964309
241.353269 452.921716
238.941311 647.020327
435.582932 861.801514
1839.091040 327.540699
1654.428501 461.911060
1938.818757 371.409581
274.309728 622.803532
417.893683 866.304525
407.709065 740.899702
1675.907640 449.236863
1747.053958 546.164295
67.890464 384.020507
1962.642768 1043.585343
28.308368 494.732915
1947.654207 317.584334
1781.953933 572.008652
917.259717 1303.728833
1741.474751 620.882264
1708.587670 532.819389
157.673082 246.148123
302.030113 320.081374
1988.271690 440.458920
431.122007 758.746243
66.120141 578.193171
152.979630 395.377826
1857.571999 505.418243
308.191086 545.683146
1921.824650 310.788693
1739.823601 582.851354
1906.418701 954.058127
144.276590 461.760305
1914.104263 254.546799
533.257239 887.816222
109.925997 473.802956
53.859216 214.929461
267.051085 402.212615
1933.325974 535.277208
1812.889694 290.532104
452.996397 780.266493
1733.759879 402.269142
209.982929 456.791101
377.803303 783.480184
55.731006 380.693487
265.473312 483.245147
1458.500335 835.029711
293.381109 490.507413
890.229059 1291.827380
1689.268908 590.711282
374.219397 595.195084
288.847654 299.698086
171.808557 606.305605
435.495222 899.676356
87.093593 243.580191
1601.052543 655.781122
215.355821 290.066032
249.000606 564.552379
394.885208 568.370853
1316.330775 1519.749452
519.645263 666.419836
1676.970341 512.173544
1610.189587 522.200177
86.341749 306.036208
42.156438 517.239378
241.459821 537.831202
383.528112 676.416155
1837.613123 592.782721
36.929424 431.567261
181.466270 435.186069
105.921163 362.115941
21.193133 617.475582
1815.503176 522.956272
1863.700357 331.245927
507.437915 901.311095
1412.274688 724.480300
1848.398412 379.239934
133.197163 281.328525
1808.512236 378.751668
196.479704 523.557008
1625.934851 492.464743
1615.605153 457.384760
52.331176 465.941668
77.355663 461.314917
400.742778 611.524847
452.848318 738.108943
1470.807108 701.936009
176.258263 635.546764
68.248179 483.614552
1859.516718 551.286199
1933.695426 1072.114122
1446.306741 670.185696
1997.862873 448.995200
1738.681431 400.806329
289.110058 694.978162
1731.824158 504.766904
1969.073530 185.933770
37.865864 479.713216
121.452013 426.871359
1756.580447 304.607059
1904.507203 369.820779
1909.155978 480.851945
325.332205 590.631434
596.465043 826.996232
1703.663260 464.661383
1998.206105 604.078847
1830.673403 357.284682
1868.556870 471.068889
533.615515 714.215857
117.127497 294.713574
155.582708 384.007126
117.915758 587.846931
179.456602 362.500314
1645.289749 647.945064
115.481875 100.331118
1479.391904 609.944763
1857.111027 330.566290
154.350804 333.327394
31.814836 156.984518
1995.298819 562.371384
241.398519 483.015573
570.547178 878.857317
1566.196028 555.977090
1989.149584 487.286425
1662.904944 469.125284
320.266013 737.903737
81.517863 105.598679
1725.706855 357.828387
431.214825 760.125337
1817.723652 670.304494
446.317126 659.052518
86.538504 303.179471
34.809888 308.414441
256.422146 295.204967
185.341538 313.738320
1761.184521 584.283281
1924.674535 494.367329
1935.899364 229.742683
328.828927 718.220720
127.627575 324.330161
402.304490 525.750657
97.191986 509.087604
183.062113 446.927357
318.198053 501.658718
1924.951236 428.564735
1947.612447 425.311233
490.374940 877.680405
39.337442 410.558683
269.111171 726.287483
1677.542547 502.803249
1721.878196 570.445310
20.537369 371.100005
347.541513 450.812124
546.136869 790.141398
1899.222861 520.218011
184.720624 502.612502
1772.327579 626.204207
1947.756741 382.884370
1815.178969 617.472483
161.455354 663.981571
384.321491 756.586972
406.165760 641.125224
289.193265 583.165055
1816.189137 524.162693
405.999183 710.931754
359.526501 538.411247
432.689845 690.019587
292.580190 423.548364
1507.688531 695.759011
1843.400973 281.929961
124.969392 447.714470
149.876953 426.282081
78.543543 492.324887
202.409459 417.479425
1917.245942 632.688336
119.361735 169.556338
150.999876 359.168246
315.263257 625.766875
1955.389644 291.039800
1740.350828 319.698869
481.501294 662.576667
456.244999 719.731062
398.954816 898.761439
172.969454 436.656022
372.665156 739.739737
888.547671 1322.459391
1804.618260 344.404620
1990.445546 381.220217
1771.073859 382.061377
129.727503 232.938483
1951.279890 273.737353
61.951016 266.126819
1412.346585 695.938024
231.951962 439.358475
331.796327 427.455029
1672.224412 582.139808
90.124685 241.943448
58.180547 361.473504
1695.553654 410.051927
96.426763 571.967410
259.580396 586.240130
0.357205 182.542473
271.987000 750.697152
598.657377 861.387057
211.974509 626.373775
1918.117473 1033.213356
474.318486 800.237045
363.111914 708.791566
1483.572972 659.226175
1565.962324 709.723098
141.023545 633.942001
1881.756088 540.766232
245.953965 250.249064
1938.031030 969.074050
1875.560470 366.956128
1810.511383 398.165183
424.072807 796.080739
128.964416 550.990204
319.787455 469.824912
284.991561 517.745028
202.188478 759.489641
307.475723 358.025982
74.638410 545.404671
1561.711426 650.079027
45.948173 254.735836
1785.009447 313.595502
143.596186 402.488468
103.587588 400.872900
1683.463667 541.883092
1930.187428 386.083802
219.210788 395.930754
88.469110 285.266919
632.808537 795.220004
1947.719006 898.637106
100.507542 401.130364
1608.225947 611.284609
49.307082 93.379157
1382.728316 753.750930
102.015536 512.567555
194.866577 320.676666
479.512309 699.943209
344.958670 755.422632
1641.987855 411.965919
104.704361 431.587287
38.872240 468.869426
1743.315661 385.222436
216.159208 423.379744
1749.120071 567.204932
1892.825796 317.288403
232.750840 402.744523
366.611529 653.251853
58.718901 440.026758
1843.019630 228.226672
1475.332552 802.916658
595.209105 767.178429
992.401689 1309.991939
755.162592 354.188977
927.742003 231.551801
1866.150087 321.355862
47.792415 716.214043
723.885377 387.825031
1293.001301 420.942799
162.466323 231.953392
1416.318737 627.178417
1501.278585 454.580280
1097.834294 412.449812
62.409473 266.997408
1655.453979 494.400685
179.405080 782.097902
988.825635 391.024960
1295.534077 463.695736
1940.137743 354.994955
611.115663 338.826167
214.630532 826.034833
1079.127744 480.351117
149.970219 269.762644
1043.049700 395.383508
1658.717791 360.491064
255.806263 288.940652
1005.887462 546.645061
118.268626 221.198914
1450.912719 633.057090
199.822873 855.068336
1707.218634 293.561403
579.866204 353.751211
2.805883 584.221660
970.615896 421.565954
1955.139063 245.776556
1270.459092 397.994653
1361.139526 482.123048
78.934210 212.248746
1257.757144 601.123063
1049.473049 611.281328
1982.573222 444.734350
892.089038 327.116404
932.008625 290.173838
1171.196457 670.948706
1798.805200 205.732157
20.885802 496.552272
1067.517583 575.663370
1358.536918 566.238801
1355.125524 482.449886
1266.198421 632.696756
992.445537 484.179552
785.973843 374.883563
1034.857679 430.228039
1735.031441 323.774644
59.086638 564.548436
1125.082770 491.665702
1690.483691 302.226848
1152.574592 393.500666
1358.161953 516.797060
1112.120196 341.167187
1619.089857 380.997430
825.761266 355.248627
289.453388 275.946912
1181.820188 414.392363
785.347322 481.264892
1418.639650 598.597398
1285.038187 561.862582
1886.610038 325.824548
1160.582985 449.128805
1854.921565 240.941286
808.017481 297.996596
92.233443 554.842983
822.127455 397.807823
1452.285281 671.748043
1350.152302 532.761436
770.151881 521.588759
1907.806350 477.579374
1099.846941 368.936126
945.234190 408.294218
1470.758040 504.690562
1006.060142 418.367540
731.328544 273.023657
1818.383751 268.508116
1164.245740 360.281171
1081.232853 595.647013
1767.984990 177.962647
1886.755133 305.164368
1609.140655 409.256117
1887.221353 419.159953
825.042647 262.505012
111.790593 809.635850
1405.764873 428.382390
1538.855653 435.723255
1569.084178 601.031661
1044.300230 492.386544
149.130818 873.255289
53.682313 484.126359
1051.670650 456.995622
1927.647128 360.595357
827.454992 441.432592
1079.255782 523.423560
1007.192656 457.581173
1863.476238 227.449575
1442.848902 514.657838
697.869744 368.604024
82.431860 657.224246
1740.727728 242.681374
772.277229 299.356841
901.723918 364.109298
137.638178 747.254400
1836.055257 292.660614
1057.362317 647.221161
1205.973262 662.975603
1183.995160 518.798576
1697.631538 425.182159
1895.116810 359.057211
16.672279 461.104842
924.779568 479.859969
1086.053560 406.443891
88.529922 290.162681
1245.361133 476.372194
1205.445982 392.561682
674.472223 451.406821
1531.518453 490.867609
1367.545336 621.001963
657.729986 379.476682
550.504389 334.444311
971.758777 472.011222
131.569463 280.548248
1145.927729 542.912930
1199.986812 435.111196
885.218633 396.010549
938.592075 316.168084
1108.992172 444.899954
1929.484051 118.458018
743.022023 385.004881
1872.157702 269.414284
1390.936518 680.353153
1198.498516 574.581831
1258.545363 507.428437
929.723100 443.273330
985.077514 446.427930
1738.238935 244.561616
1045.000080 339.178610
1007.606628 614.050660
1569.911394 505.230237
1234.995847 591.385255
1108.105645 587.247216
1683.911692 556.400197
855.932860 483.392516
1462.777500 560.649780
964.916174 383.971997
1984.151723 412.065406
1799.892872 322.576630
922.685871 510.133338
1124.640969 407.484487
203.396776 219.871127
1922.519645 138.201493
1936.258996 420.190217
947.115745 447.876803
1175.805126 586.323472
156.079675 840.457125
1725.683771 450.488117
69.821747 522.507417
1757.077998 211.009285
1754.067801 354.074450
1977.165988 254.535052
1827.019186 359.582509
208.845825 288.883702
1975.477310 383.612054
851.140573 340.151796
1007.548244 642.634956
1424.644053 531.998786
1345.626437 598.880830
176.622292 319.487319
237.094233 221.343851
735.921632 358.483218
196.508188 1151.106315
1910.939639 9.253008
1428.643142 576.530413
1759.146294 339.098274
85.485309 711.301571
1643.010648 413.293189
65.642594 787.142278
1592.556011 356.366822
1385.709094 592.083599
1778.652638 380.149279
909.857066 284.631435
1194.404736 542.013807
854.202072 407.808998
971.256582 431.770070
1309.015556 614.052298
702.313973 339.817773
57.539713 425.201903
847.155664 447.988038
1606.655139 518.409256
34.970544 748.183600
125.376651 315.112520
1167.154176 621.863759
1890.618124 206.590682
288.944934 239.628018
1869.289824 175.499372
22.118188 557.476012
142.447526 239.545077
1070.540383 365.893748
1216.078457 564.768630
1401.176461 566.445005
36.800581 534.018155
179.480636 1054.256235
1753.244259 315.287201
959.420166 421.271189
13.767339 688.885167
163.134824 803.901890
1714.735541 187.600630
746.618888 418.671258
1614.019735 474.274819
1782.172442 293.691709
1262.501807 441.605309
1415.303705 666.978369
188.311444 253.670987
1595.647796 621.247676
1526.175934 619.687958
1908.911798 298.890677
898.887482 446.859061
1885.476440 252.909791
1663.842281 283.552780
425.476910 285.081104
1698.735594 343.223102
1120.028908 518.860120
1920.084002 397.803562
1571.067328 459.775199
1449.224936 622.493105
1223.948877 624.048626
1120.245736 559.892123
1953.885024 277.692686
19.493674 281.673067
224.773581 256.480881
1823.368564 503.187244
650.152905 345.013585
1042.770286 1900.927899
1968.804010 662.903335
1547.280880 590.773425
1450.332381 425.206019
1794.566967 261.217011
69.144260 747.360637
838.483780 484.412390
487.625437 341.202077
1639.085986 547.015935
1741.137836 125.210889
1398.981992 767.340232
86.958007 488.840017
1527.817050 539.410974
102.876159 751.659814
506.480050 310.941376
1834.034855 272.222754
1831.886630 447.939431
863.164997 353.528585
1733.049821 373.224461
31.266382 368.952211
1982.897658 624.214030
1271.506881 577.780405
1955.139563 326.340314
1043.920981 425.763091
158.562295 910.127814
1714.548997 210.669004
812.096977 475.773510
1627.485351 464.344907
1212.237791 628.151463
1017.164259 305.618005
921.073506 402.044011
1639.527290 449.108301
1261.449282 498.026509
1475.294424 667.813638
1918.655804 217.582990
1937.977859 517.500978
123.719121 907.611960
1571.864363 550.910965
1469.630534 473.130881
1657.352623 414.086974
1372.181763 567.310702
834.338690 393.691504
973.734698 321.569371
79.627243 867.787136
1141.467467 584.844631
1986.765986 290.542112
1956.073047 487.128620
921.202940 371.987415
1450.665497 602.444666
1089.309625 473.068152
1822.663046 186.980124
1030.085430 554.432098
1219.046011 516.714248
1687.249467 266.427184
1221.649484 445.233132
1094.844186 563.922952
1078.992859 434.908942
956.450686 374.868788
858.948038 312.883074
1990.535216 304.948736
1601.710092 437.590927
1560.868564 522.181648
1720.217099 269.819316
1246.300604 525.450395
1041.754648 565.549808
1803.295062 230.523998
906.425050 264.945501
1175.600959 626.692850
676.760547 329.152026
1756.306694 145.462935
1220.470849 489.611524
1212.503219 433.879670
1492.047368 571.527958
858.616073 280.421169
1923.746581 223.093870
1321.573090 527.881528
1325.595881 551.223526
1116.834383 606.485273
985.853743 378.421135
829.784845 364.727725
1121.990633 375.274757
782.436757 446.741744
1307.059803 489.030581
27.989525 231.257256
971.751080 501.686496
1950.730598 247.482710
1577.603257 415.881621
1400.543074 626.941215
1903.439918 244.785674
1160.400260 555.328845
48.890063 631.193784
1400.653189 561.769378
767.013405 334.455523
1300.317268 377.256151
1847.409184 389.473645
627.456016 320.183743
1986.603738 345.369110
1818.452751 127.751855
1788.617809 145.583006
547.176299 330.795388
1062.377738 547.317053
1536.639914 649.063199
1635.294357 632.795873
875.065974 388.180858
51.996759 234.026108
1718.844099 156.985398
1144.336578 517.240288
1887.545957 162.764702
1689.154392 390.042149
941.793602 514.926435
1930.418869 187.565931
658.684418 294.559718
97.370171 840.868630
1003.305871 521.320855
24.466000 656.560819
408.843919 315.830957
169.573877 198.356821
1196.353805 483.384486
1169.989925 519.113825
1652.811491 447.512625
1402.418474 524.285195
85.668582 807.178214
1793.887583 473.254207
56.372649 680.435531
1165.142957 580.010889
920.282753 399.945679
1110.287134 524.839344
1387.160742 469.766185
1229.678370 396.590608
940.724799 406.333896
1949.449510 211.923338
1504.182558 687.524565
1644.442483 515.812265
1825.007075 210.996005
1037.661413 377.191162
1692.384897 436.430453
74.168233 584.466314
99.421281 776.401859
88.826348 244.262717
1342.285234 453.868033
890.790734 479.856469
1680.277060 461.845700
1654.302207 315.815820
114.536401 255.877548
1100.925535 532.163617
1505.852522 728.784815
1028.573164 463.664682
135.567158 780.389930
1077.679133 338.357257
1361.466107 529.564666
246.010842 255.024601
1835.875551 178.501220
1625.139246 342.233068
939.579962 274.406043
1392.717114 490.068698
1877.166897 384.345666
1125.672769 478.813530
1040.332739 512.126747
1260.690280 547.553443
527.426578 361.354399
1270.453037 468.525862
1773.231612 227.408769
1493.322357 601.487684
1418.189599 494.769871
1723.177082 387.112260
903.677745 402.791813
316.284854 300.152311
1171.063102 479.197171
1657.373983 408.444952
817.027076 321.545503
1613.688335 382.738879
870.841647 514.766520
1995.608128 520.164350
1296.880674 425.670454
1309.946188 578.460285
1165.963989 464.429885
1857.201116 280.692303
942.060852 340.436558
1899.324253 293.740455
937.912744 562.096272
1428.087510 413.423947
365.143386 296.143028
1600.696647 550.342343
1454.875924 545.114994
1210.893950 525.080273
19.460875 418.565516
1514.500253 519.089933
1498.280104 631.690430
1126.355640 631.684763
970.228633 535.252395
586.123931 318.926547
1461.335557 582.632036
1867.855693 449.078907
1488.480052 536.892197
1596.730455 493.183637
1004.691588 344.701973
1755.192826 273.185941
1017.164996 386.009933
1992.316594 216.160487
783.438888 417.546528
1622.781178 297.970209
1671.785710 363.540988
807.767065 436.466951
168.148925 286.620394
731.227195 312.909033
814.687958 361.273817
1018.349606 419.252147
1094.932531 498.150980
1115.629298 432.414551
1924.499384 286.779325
1577.571323 336.120127
1196.191125 585.143059
1914.793970 443.684763
1860.188104 140.715438
58.882333 830.086412
1762.253881 266.590668
973.403538 574.897645
1705.756276 331.124874
41.498539 600.917595
114.284773 871.981035
698.493214 301.558790
1879.751565 512.068013
985.110542 490.528497
1101.654718 623.433462
1537.577355 401.639165
1894.648547 161.191177
1087.106260 493.165465
1912.397709 192.568977
1180.184314 451.217801
884.220121 420.011696
1150.116466 431.381578
1041.076614 344.127692
1452.703058 523.180086
1116.763459 472.877091
1995.582675 182.214816
894.542697 333.126112
1006.434845 387.392554
1076.858902 384.214558
1973.560379 173.764386
1.754911 250.308623
1748.748957 180.116365
1019.424623 591.093403
1754.544034 403.868895
1674.313700 326.543739
1956.729800 434.103653
1939.020759 312.935610
1373.731547 434.846009
963.373302 271.638500
455.895057 306.114556
1533.111689 470.179284
1029.262282 497.850039
81.293169 618.967307
1243.478293 657.394010
1813.859998 327.714252
1242.244788 419.264016
1871.288587 277.490183
678.983943 404.016300
789.187322 337.438581
1299.549713 506.904338
1778.834152 102.508609
697.072121 416.096535
1082.596116 444.338217
801.371770 387.853571
922.630708 351.015269
