1264.983018 327.958228
1365.827369 1143.135973
1164.873540 87.041595
1162.579312 72.782069
1195.595733 1145.477942
966.035356 1969.656078
1060.838024 1775.739287
1308.350627 1092.121409
1398.490972 1032.847218
1442.627794 1188.650337
1362.015962 1067.798994
1005.687720 1594.601536
464.278822 228.456227
1537.843385 1144.036428
933.858282 1891.556434
234.497961 425.771550
319.863024 425.723920
772.962128 46.120124
943.543633 26.398857
1479.718237 1196.777330
1129.418472 93.936045
1229.078496 318.810325
1389.836341 1171.134554
375.836805 390.749787
1140.971186 1963.007380
371.545895 350.661264
437.839709 303.760785
1109.763496 166.092139
1003.844527 1789.481650
1024.510999 1475.978820
953.270182 1745.634258
1364.952019 1106.770900
365.848276 311.026794
891.241834 1819.933603
771.472302 1955.991623
1004.799356 1979.166415
1181.013589 1305.394115
1034.886775 1760.976069
1140.371237 1811.508254
500.636720 235.796465
1491.214161 1164.568687
1198.551562 151.804615
884.582336 1851.215866
446.652400 186.656937
1194.093584 231.901430
587.087963 140.327613
1222.093678 1207.908299
108.314516 461.166966
930.580133 59.646922
623.016571 33.410115
287.937198 449.721476
1211.085399 1294.549184
1038.683007 1936.931695
1157.937166 272.852479
1041.857829 230.427894
740.036497 119.627529
413.153721 278.741456
1442.601752 1103.503662
588.133945 71.914363
673.659847 1859.208143
578.934064 29.726318
1246.453219 1243.516160
1179.353531 1279.369441
1047.615060 1737.160371
1057.609850 1456.519018
1338.534995 1227.244337
1388.027395 1087.884545
908.130004 1774.387083
656.093037 101.306092
1036.297369 8.808610
623.688376 1994.955763
1449.365742 1131.370307
1059.624915 32.233882
208.431423 409.835938
1107.480341 1741.003727
1127.822351 66.857266
1219.227168 1168.921997
1255.560290 261.213450
452.633354 266.728641
263.910425 451.205354
512.992051 134.229576
828.126031 1929.962996
1070.424889 1569.596120
1491.015002 1102.939773
135.641714 361.046596
1090.840525 1248.291453
855.787462 1790.113781
993.840213 1576.934094
272.666612 329.938836
1153.873092 389.929311
917.577869 2.428816
1079.101578 118.565310
228.944176 448.743375
1139.740260 352.784798
834.924202 1967.106159
1117.288928 1491.902508
1068.640207 1740.036665
964.601816 1989.794501
765.869162 1879.976587
1017.579353 181.913854
1344.902433 1159.158870
1288.940547 302.615777
1030.500579 281.042835
715.958797 1838.616689
277.873671 546.294412
611.573764 109.426794
477.390037 76.431286
905.440944 1921.933748
1019.609486 1787.171455
1328.656575 1133.151969
470.218479 291.407230
938.494471 1568.220227
1124.269805 1315.871467
1340.146299 1055.335593
484.599902 257.663116
291.927746 578.035934
967.680525 1769.739934
917.475850 1675.184815
1222.730655 90.410177
1194.338497 1184.952373
1053.791373 1982.011819
1187.558786 1204.294826
966.031861 1929.254292
298.568884 212.840810
1051.769775 1977.449722
952.665279 1784.743183
1132.112735 1527.022217
1446.938853 1227.366854
910.604001 1879.342875
215.264572 358.092488
1141.969547 1366.544730
816.767510 1899.078501
1040.598408 1586.472494
380.341187 271.638175
1057.580666 311.069152
1113.947326 1388.340384
421.059304 257.646740
188.368163 435.262753
1077.885152 1784.257331
1068.555469 1997.386359
1426.400149 1029.764858
1192.901823 51.165522
623.520038 75.853839
1176.782352 1376.746116
1088.834717 93.250408
1038.373276 1708.709498
1156.288728 1254.043117
1162.013430 129.977398
1244.606147 1390.317549
1087.761286 1290.474564
314.013408 465.474236
850.609486 1879.353302
1205.606566 1335.267080
1300.264545 1142.061192
1396.303738 983.794313
731.019492 46.415744
1423.967895 1075.779072
249.333568 337.763623
908.049817 1740.081170
494.405636 168.205648
358.791558 321.593953
1282.297696 1197.939115
798.268953 1993.505994
1217.504707 1369.620147
1342.650213 1261.511278
398.822808 303.350235
1086.576227 1918.144066
1068.997132 1606.840487
891.906203 1667.907166
1109.257002 1891.165799
1016.679370 1997.384537
392.983046 307.650076
1052.335214 187.371383
640.453520 1961.211504
1234.959247 164.619165
1119.532599 269.911751
1081.058293 231.558149
695.822066 17.717149
1106.801728 1982.690614
1243.340140 1278.911304
1165.334481 141.177830
335.683140 344.495394
1109.872785 1424.441980
669.334908 1974.632535
810.833635 1826.972924
446.514374 197.412345
1101.384755 316.463509
1067.525379 1531.779452
1268.181559 1052.376013
1260.273363 1135.536934
1285.800254 1423.414608
1059.516747 111.232074
745.242625 1920.186879
178.536732 483.479113
611.284147 165.899177
1125.986370 1272.036253
289.301064 416.740797
978.225265 1668.984438
1308.552902 1266.921012
1363.940773 1103.926440
1219.868163 1131.513029
1272.993347 1265.532444
441.904725 62.296133
1134.692846 185.389106
937.023981 1812.904077
1157.343474 214.003310
571.818061 101.915814
591.870700 245.418482
1178.708792 198.690630
1529.419991 1177.749108
700.205611 1915.323189
1171.793538 1095.208730
1182.221057 310.232214
1163.187735 1508.391053
197.196217 368.885826
444.686832 154.545825
979.333109 172.074954
420.976326 248.711488
293.886007 352.583868
1406.408303 1221.274058
1172.698342 1967.663727
1367.996837 1141.168138
1085.980315 291.642432
1389.451337 1081.805715
1453.881076 1154.111328
386.172962 355.261822
525.374533 162.214257
1042.519304 1957.313844
406.353011 188.543307
1013.459237 1665.035706
305.685928 515.120254
735.062839 1957.500548
1519.273433 1078.781455
924.417802 1770.818357
676.148946 65.079210
1305.353585 1175.073386
1109.144275 41.913650
559.366735 90.332798
1044.546127 62.877706
410.723881 399.494817
1315.940016 1175.575910
407.069198 222.794438
190.958700 520.502990
1192.757843 1452.750284
1186.761058 372.707274
972.804394 78.427815
1007.937556 62.280144
570.553147 146.649417
1478.982642 1128.005722
1134.058813 1216.017284
779.045015 1845.006490
302.521915 394.457076
1098.548843 337.607127
1097.916478 1553.854880
1149.739067 1294.364454
889.631151 1754.969636
1034.595947 1349.795784
893.363793 1718.884807
1023.538260 1911.086807
1006.868854 1754.744494
1491.737520 1239.101401
712.184046 1954.732819
310.567893 360.598861
1086.848548 1449.880781
982.628559 19.075385
469.263129 136.340740
1162.270800 1191.736139
1205.610335 1243.841432
859.834024 1732.526008
556.005690 55.696697
1126.290942 113.085967
1142.076294 10.935427
1229.347550 284.814258
1445.854859 1103.367011
263.162864 481.105775
346.376157 364.085297
1407.301006 1160.627236
1300.351739 1118.429179
1232.546334 1313.524509
1111.900114 1344.326600
685.267907 83.646149
1185.241859 1271.088192
219.152632 558.983474
380.615881 115.046202
700.755464 1862.027095
1399.468311 445.180612
1265.866856 1100.236775
957.770209 1844.582965
1114.425070 1782.881093
1079.014218 1411.044134
1037.741356 1630.238364
1373.277940 1044.234502
771.528660 13.932427
1208.730382 1233.371216
1005.813460 152.216880
990.407812 94.568673
1275.520646 1117.356773
406.011764 314.581597
658.650079 43.099518
1434.044734 1247.195834
1251.649124 359.813266
1070.475149 1498.075030
878.836074 1899.088619
510.840711 282.303224
269.900104 485.848990
862.530089 1755.567081
607.592342 57.206973
470.346723 179.321647
413.267249 139.322332
586.109024 189.347729
1210.293949 1380.860671
944.797430 1627.681775
297.634555 484.151973
182.068181 481.660991
634.056507 71.839235
1350.485168 983.292571
1011.228934 1693.534064
1422.177371 1145.533832
1141.113568 1129.771957
1244.360296 1345.934571
145.208506 457.649119
1171.514587 1340.766361
1371.524602 1210.060918
294.442480 673.091127
1189.337154 273.574958
1485.926543 1046.973641
1067.232411 65.927519
972.432476 127.203377
1442.735519 1062.770097
1099.494473 1850.688385
983.132766 1823.857055
526.731139 94.404226
1306.899377 336.812239
1103.965920 135.431781
1310.799423 1210.853061
1126.358382 14.212994
827.661138 1982.944026
951.494316 1702.318099
364.921222 223.729919
924.107021 1847.544530
1137.930934 144.588785
1008.721319 61.706823
1032.093124 1.803628
1150.694619 1160.258514
1026.128988 95.352657
1291.145116 1240.977807
534.174649 68.412681
1192.104304 276.165261
1321.620839 1073.425567
1165.553349 1241.180509
1138.605235 1445.593010
1199.945693 1412.151267
954.284548 1798.728221
858.716999 1930.120809
282.454054 253.246772
305.595969 321.201870
742.103878 12.602236
379.167004 357.859030
315.257674 267.687300
1190.752069 230.993438
1075.208106 1937.605277
1144.330290 1401.929309
1130.420779 319.052399
222.232914 405.616646
978.879010 1645.607024
1137.339799 287.456658
163.347735 384.354827
265.552121 402.983139
322.780473 285.967082
447.069763 105.652070
704.632934 53.448851
1120.291114 1936.836843
1098.263830 372.062985
658.456770 6.211973
658.822700 40.421822
484.815997 323.315866
254.319465 285.549888
1209.523966 1963.632658
1050.592941 83.503197
1399.025703 1297.225822
356.993452 157.000275
1094.944913 36.009937
338.318688 292.232479
390.659162 242.847571
1098.939211 1516.154313
1022.058981 1822.200651
1183.565058 325.507206
1296.824441 1045.504104
1082.809302 79.969273
1016.619700 1859.739051
829.506626 1758.353316
1389.354081 1250.830112
707.887366 12.015353
1210.995614 307.856699
1082.766321 1723.429300
985.710178 1713.507604
248.359171 371.437109
852.121820 1843.990547
1086.722997 3.462925
1355.767647 331.081534
1057.756873 139.044578
455.593752 231.215452
1271.007394 1301.384595
1009.872305 128.369762
1277.274904 1386.725057
1221.145287 202.294144
232.268843 501.822529
1157.360625 1460.393011
1010.482317 1512.534782
886.678669 1958.899354
1122.072496 227.976382
501.620644 33.068874
1347.047008 1016.148325
1243.540749 1106.791316
1136.592321 1408.880219
204.726322 476.801437
173.512370 364.062520
1220.235238 256.062221
1080.782135 163.285138
1276.541316 393.406032
1316.205160 1024.120697
1255.702648 1201.715162
1168.101108 1424.969979
1228.191552 1434.021627
1237.301976 1167.462899
1136.952961 187.800671
252.193662 393.618921
264.803213 514.340638
1350.234794 1097.866893
1044.224538 1500.225962
1468.824590 1041.461565
1054.351927 186.387248
538.093500 189.560798
1009.388095 1871.604073
1075.301017 263.126381
535.679275 233.389955
1146.806829 1884.619380
1142.872278 375.347192
514.292580 96.743698
1219.517980 1267.253803
661.094277 131.725948
1118.645837 1464.174216
1193.046006 96.040224
1247.446179 414.482002
1126.801353 109.091703
1194.911855 409.582288
1027.269769 1556.481753
287.881945 285.149232
1154.005962 305.572928
1100.254752 1122.095643
919.846172 1652.156506
154.759136 435.715974
1029.950536 108.382950
1008.890517 39.850792
1035.515760 1887.516562
1159.592385 232.868085
993.143821 1936.659445
231.619154 522.855638
1386.898925 1131.740616
504.455609 202.208512
986.719757 1619.670718
978.734845 1887.228174
590.554412 71.785287
1326.652021 1177.664243
698.625119 1984.710625
401.789214 341.721595
1212.441908 347.544032
989.439666 1903.424863
1068.993694 1891.481500
1324.553607 1297.310062
625.449917 131.717985
925.263515 1819.587648
1255.533752 218.104764
1383.987934 1194.151194
737.025532 83.522584
1211.825853 1090.150561
806.223100 1864.916205
1248.960441 1225.064368
1019.169185 1719.292455
724.115798 13.174040
782.918150 1919.413553
1519.850876 1116.654183
1088.281451 1958.379748
573.966224 165.097215
984.361051 1874.246500
1311.570392 1235.122000
790.475276 1970.161595
928.088069 1985.867469
1100.068581 201.917215
1369.493036 1022.396556
502.374406 217.294333
759.359786 1987.159641
1414.723633 1105.805895
670.315665 1935.625576
1377.868130 1146.192041
1481.801970 1164.044383
1267.160933 1167.639676
538.594844 137.087812
1043.310329 1675.161381
1083.497311 1370.793993
1021.426361 1062.052833
1036.646279 874.184434
1143.214748 1884.667818
1137.473771 588.862350
1030.488075 1760.268883
1108.998809 725.503340
1238.483868 1665.806414
1005.112537 1355.257626
1050.788476 1952.472485
1110.210453 1681.547458
1201.769431 1048.509314
1065.482168 1253.316120
970.506308 549.734978
1193.859828 1461.954558
1213.190631 1084.067081
1122.410081 1064.724597
1250.775860 1549.949012
1087.466309 359.509246
1106.058421 1627.939156
1143.076741 924.560684
1212.737124 1799.210106
1150.024658 1895.468847
1063.399270 500.720668
1132.896769 1014.131598
1178.256709 1081.243857
1063.596258 391.466937
1243.925105 1826.869494
1163.512974 1690.953525
1030.824887 1510.120283
978.472242 1322.957396
952.951807 1432.800441
1195.634863 1028.906658
1217.282028 669.590128
1071.410868 1383.875118
1072.340070 975.039956
1282.038691 740.137017
1295.414276 767.900247
1190.921997 1086.051336
1308.228060 839.950969
1085.462466 1882.958543
1197.907880 643.762713
1114.219243 1547.666806
1017.832929 371.104719
1001.361513 537.549807
1170.379811 759.391252
1238.816667 960.278380
1102.549557 818.511885
996.845413 1491.845471
1158.260516 1884.755534
1063.897994 1429.022362
1086.645413 326.782136
1264.177297 711.088742
1226.849334 651.377482
1069.389119 634.288184
1124.645352 1095.945119
1268.151883 1149.589832
1054.997294 1003.278503
1219.732025 1750.392637
903.845509 193.187292
1101.778477 1357.996758
1031.437631 1342.061943
1173.556661 720.445999
1041.530117 1313.709208
1231.037178 1022.601827
1215.869644 601.936040
1236.918318 923.695250
1072.165140 522.092167
1216.683660 1349.594909
1105.053921 686.939332
980.180171 274.400669
1138.133053 1825.720731
1000.117678 1509.763821
1127.539059 560.246329
1181.716171 1705.446408
1053.781775 392.848142
1180.975748 1348.259022
1162.196865 1625.936671
1110.781110 825.348407
942.613497 228.027475
1182.004524 1312.356644
1117.763912 1779.387264
1135.521560 1198.224452
1165.768862 1285.461867
1006.978682 1306.548189
1094.552980 1750.681428
1265.111034 1584.693341
1171.983051 814.530214
841.156678 241.972863
1191.892112 792.364978
969.308105 357.503864
1208.029711 992.937534
1271.444381 896.930864
930.344736 491.183993
1230.662251 885.942895
1171.228624 555.378217
1168.807445 1463.622193
1208.764538 864.942346
1143.379320 1561.210972
991.580353 476.737546
1001.557053 302.227893
1196.858026 1816.448676
1168.296823 1740.003607
1269.335966 1086.298852
1028.097441 501.086115
1209.859670 562.104008
994.576469 1182.827308
975.163365 1390.005986
1082.710579 1966.332494
1132.512540 1472.331468
1132.501506 475.296298
1098.213491 889.275642
1179.833718 1717.801130
963.790111 427.245293
1157.714613 888.074154
986.067866 250.529233
1253.454488 758.472384
1272.613415 1712.076830
1121.078915 998.472265
1043.355928 1374.558745
994.375458 1564.800979
1097.151688 1150.783836
972.397320 378.598505
1250.120198 809.245706
1250.205767 1782.263694
820.291252 176.093319
1016.639729 1945.891969
1230.913014 1847.496117
1086.563877 1796.374523
947.230366 287.860857
1169.813132 643.553816
1031.318409 1220.848637
989.014298 1714.350333
1058.968669 476.684002
1218.159380 1956.993526
1081.601001 472.210288
1282.033414 549.038399
1168.202144 1008.179440
1172.132152 525.226171
988.995106 1266.466849
1113.404617 905.978711
937.781244 285.613587
1070.579684 870.322637
1091.143865 1075.789247
1143.534897 1715.082304
1041.936547 543.064988
1091.394628 422.410864
1116.113690 1050.873659
1185.843937 1402.403387
1110.628387 386.364890
1093.379585 1452.812671
1170.998335 772.503497
1137.044768 843.109896
1034.356156 1839.134996
1145.888985 1379.343938
1038.927328 604.323461
1137.932115 729.035207
1144.092003 1647.506275
1205.573695 763.072867
1030.619140 493.565867
1213.973590 1285.564166
1188.381509 497.288212
1143.589689 1678.466163
914.773886 1424.565879
1036.477683 284.319070
1009.476019 854.338447
1205.718121 1424.582431
1160.668622 488.473995
1116.946248 1127.009203
1031.310017 1245.621190
1057.593073 1144.033412
803.938224 216.793203
1059.446430 1511.724557
1178.589735 455.480651
984.539704 1093.207553
939.863156 406.859905
839.053609 393.238580
1073.075316 803.124276
1012.877415 1252.806913
1025.362989 348.216492
1098.411539 1516.528536
1137.695450 590.336408
938.071739 1448.676537
967.389245 316.335309
895.531701 350.620414
1130.904118 806.946446
1074.734516 1108.892908
1214.448564 1912.161755
1104.371744 1817.335133
1173.198042 1144.348317
1021.306974 1122.257273
1128.017057 1628.893949
1171.993321 596.141494
978.334177 1898.196882
1093.017616 1006.359717
1014.611818 904.461116
1254.322762 592.081429
1136.455536 524.716311
1243.625764 1609.721423
1143.917857 1109.662290
1103.985452 1504.917424
1051.289214 945.152163
1127.329460 429.744962
1157.116812 1076.132998
1120.916266 1425.209148
890.392454 263.953427
1110.092252 1528.896276
1116.834108 1658.805264
1046.595936 831.755547
988.213144 1128.863318
1220.741484 844.102298
935.870152 329.007161
1095.191095 1191.402139
1074.477320 1208.906763
1097.842293 470.368724
1198.603645 742.629543
1280.651205 1020.138630
1023.712228 1042.206793
1198.184185 1228.393240
1176.898814 1853.335343
1006.152708 1781.133243
1111.024333 1406.150738
1227.084469 491.603303
1186.021201 1594.324449
1096.759005 1467.312422
1208.688975 1563.572575
1088.364002 425.901664
1044.887946 1605.066301
1159.257006 1531.550452
868.076105 206.292807
1197.053818 683.012274
1242.022956 798.369123
1122.949738 536.102991
1155.936659 1476.523714
1191.117600 1685.183175
1194.212388 1610.075784
1121.842484 870.006561
1178.447188 634.939825
1243.238657 1700.481027
856.092862 280.825101
1081.875225 851.436853
1069.323353 549.286854
1217.650850 20.880507
1179.395824 1561.896327
1049.516894 1562.314356
1183.707974 1530.185256
1066.423932 667.704941
817.205455 348.006018
1066.627815 1345.100920
943.517434 1299.506137
946.136061 924.322478
1074.544531 1725.399739
1016.748010 1115.127197
1056.002985 1612.884014
1092.477441 569.683861
930.871849 1129.762857
1065.903719 1909.548502
1138.964709 709.261197
1068.283331 1676.698123
1268.557569 624.281895
1012.931214 1447.721490
1069.586202 1217.835239
1098.509196 1326.164262
1223.782631 764.213807
1020.547532 566.473128
1093.966829 838.371759
1101.161836 1600.272602
1083.594429 933.195895
988.298771 1419.419334
856.594453 362.663556
1155.412247 6.388786
1018.478021 1580.226156
886.261233 148.880037
1100.906260 1241.889930
989.543695 496.545593
1119.654429 1140.726585
1104.497268 601.141141
1188.421424 1641.918852
1153.584652 1415.571914
1107.429607 1093.177987
1054.302324 1063.476451
843.622038 129.594865
1100.177506 504.716318
1081.483680 962.468934
1154.853523 1945.184489
1033.735612 1096.130440
1119.586774 984.694030
1140.069396 1232.513749
1040.012252 967.125619
1171.416922 1958.667305
1074.174462 1354.781654
1013.214819 1374.422443
1129.075065 1335.020125
1096.754940 1267.903522
1049.509483 1801.245016
1099.895536 1151.478554
987.346894 1036.449660
1078.764388 1026.058423
1058.077085 1077.548737
1147.758333 917.929994
1174.934436 1766.378642
808.858411 297.207062
1217.432616 621.159826
1259.100658 1747.051125
1174.800761 609.765967
1091.267244 1007.452903
1150.690361 741.256291
1090.323357 1697.208978
1048.746185 1482.978155
1219.355929 1722.007940
1126.605251 1914.530713
1077.178682 1219.412891
1101.325450 1656.610990
1025.315575 520.592960
1179.176893 1657.483312
1192.384066 1837.660684
1163.113012 1221.398042
1183.332230 1961.371653
1175.873886 1103.436901
1104.550063 627.443674
1181.447476 1371.263517
1027.641306 1281.601786
1168.299753 1510.163188
877.427911 254.982056
889.084926 389.228246
1157.601732 771.842748
1066.240981 1161.794336
1054.856022 435.856749
1051.181838 325.248348
1252.379326 858.745628
1006.427198 403.369826
908.539312 444.265347
1128.910478 1506.807948
1229.622530 1581.093518
1287.533174 1810.717909
1103.044035 1725.254560
1238.470695 1885.060046
1215.496471 1730.811777
1213.114191 1538.671974
1032.102948 1411.265944
1039.721037 1721.623175
1045.695264 350.816371
994.923054 1919.331496
1191.670230 849.181790
1128.891502 1960.738725
1015.726919 1537.958381
1163.623298 1790.247004
1206.016326 703.865120
1041.324745 1322.215046
1078.174690 594.559577
1091.732783 1414.461257
1113.951817 1250.279192
1145.097280 1981.163400
1029.027526 424.330051
1204.023913 822.085352
1062.479108 1855.911134
1137.097865 794.735524
1040.474341 1145.045464
1122.272807 1386.499182
1046.047001 1473.818065
1130.733546 1742.520218
805.242545 284.679121
1023.972174 1181.647056
1169.270980 1181.819979
1182.296621 992.207042
1170.774342 698.135684
1007.202711 446.499907
973.720749 379.688824
1134.633228 512.387165
1236.966288 1047.588241
1171.923311 1513.339952
1138.363646 555.797629
999.345960 358.375136
1299.694705 804.811538
1025.751344 1412.752552
932.447733 1320.072388
1272.868935 1845.301594
1151.407010 946.138399
926.142752 371.230048
1236.889231 1.822596
1149.544182 1310.487153
1196.974589 1855.257031
1019.038546 226.981553
1019.244312 463.513008
909.345830 303.583348
1169.135523 900.852310
1204.906256 936.567077
1076.165991 1824.876180
1201.700160 1116.357789
1122.325413 941.532833
1137.196451 1470.231930
1019.510011 392.255589
1227.497934 1481.483228
1099.795522 1442.423463
1012.804564 991.488014
1147.182623 1162.627633
1140.345852 1809.753611
1089.255203 752.132548
1168.383992 859.268392
1187.100388 982.828394
1153.636806 1266.776739
1162.835736 1607.096798
1214.058172 1184.598974
1064.433283 1297.531202
971.842446 995.758603
1137.113527 1911.905072
1161.376895 1837.532736
1204.776150 448.060105
1055.020150 1249.475428
1067.598229 1123.592952
1223.318050 1637.905810
1085.228911 1302.181164
942.971348 449.884727
1172.322816 946.333666
1098.800609 1850.554063
1119.832725 654.581571
963.096850 501.853667
1232.228009 1814.725514
1060.301595 1772.461155
1125.052950 1929.183783
1010.582575 309.350754
1086.064637 1470.818727
1342.090065 1765.657630
1150.749441 974.533968
1112.015477 1987.714632
1092.576197 1918.933102
1129.822153 1594.646104
1169.067469 1920.752510
1118.430670 1290.088006
1169.332017 20.167484
1261.356666 668.409591
986.409016 443.619703
1255.576349 732.798724
1188.091750 1255.396887
1063.880475 1434.431283
880.103817 318.726733
1137.302174 680.118567
1239.508912 535.236417
1172.664302 414.446903
1229.284904 1762.904045
1139.940501 1153.629158
1202.336191 1501.440099
969.627428 468.270957
1074.910693 1794.610468
996.796010 1149.493403
977.181743 326.045783
1153.394208 1049.716888
1234.430596 1003.769215
1251.709933 569.647951
1123.892726 1781.906853
1088.281836 1628.903256
991.679783 1420.709269
1200.580984 1875.844775
1102.599792 883.308761
866.611973 176.970993
1127.876350 500.540344
907.704984 233.898721
1068.964215 1501.750853
1106.785423 1955.668767
1063.531423 783.637026
1111.350011 950.802130
1124.177330 1208.412399
1286.961597 1991.661055
1111.430195 1855.274974
1195.935963 960.285781
1177.412713 1785.189701
1078.976975 1548.376733
1098.001536 1188.168294
884.718487 429.029528
1002.506936 1082.204268
1159.905118 828.947301
1229.683634 1437.061705
981.671784 959.063672
1107.272082 1044.658762
1066.076831 295.825671
1205.553065 1895.502942
1147.661435 867.464556
972.249016 1352.562033
969.363343 1462.910610
1054.414797 905.714689
1071.745939 1039.609878
1168.945731 1870.976113
1085.871641 927.767258
1122.083038 761.372103
1050.566145 1006.858913
1145.184199 1781.499103
1035.645067 1186.957666
1009.754011 1475.062676
1087.980907 400.454398
1150.851675 623.851039
1078.262140 1583.045068
1129.827245 1859.001626
1221.663310 628.982341
1202.006314 537.812681
1051.584716 549.565973
995.416779 1217.342305
1015.120965 1620.487701
1175.506095 890.023568
1141.836471 1090.122551
935.887541 355.330231
932.756288 374.477506
1736.954881 492.490431
291.867021 656.683327
1988.473571 624.554714
179.930156 548.882884
429.216306 695.507124
1940.976022 1197.965909
88.075615 252.110073
1293.959092 1573.919109
330.905488 656.604168
1541.879663 650.601939
1900.763250 971.532666
917.893083 1345.754578
92.490122 129.326846
1056.066566 1319.564710
112.438294 302.968614
1865.116193 418.802972
1874.417744 447.326099
1954.919451 1122.136495
508.523766 760.875089
1992.360197 499.749401
1418.637505 646.092344
1470.446269 678.810272
1975.728958 331.029247
1967.380885 467.174578
1324.012338 1579.316683
125.613133 492.803369
1869.732208 281.804892
6.392347 252.603744
1814.362353 435.068122
1983.503818 384.839975
1918.535688 811.613287
167.218005 166.858737
17.321329 198.110724
1943.321165 421.419458
1922.381585 446.647353
1656.916032 507.003112
504.564040 802.089072
141.903571 280.857916
433.492473 799.875027
1925.512927 385.173157
1973.205976 413.103999
1566.728772 586.102644
163.542628 258.836092
60.884432 414.395729
308.540232 818.144531
1572.128574 623.813799
517.165984 914.425121
343.534513 347.228739
352.720685 623.400693
1460.617531 714.058929
122.381947 658.967592
454.609839 813.464149
1859.124389 578.847343
1616.799249 536.993598
87.367854 623.250409
1769.246456 537.528856
58.732060 649.379295
1829.583543 408.384976
1418.258447 769.443487
118.594513 225.105284
1878.954527 869.063495
1870.977529 544.666678
31.321315 521.015120
483.487645 708.584315
9.158690 670.420972
1614.946575 575.921810
15.345475 633.048271
210.511491 333.300009
1786.012753 462.997743
1751.158046 343.807627
1690.493516 563.734832
417.846461 804.799296
1338.522742 1547.937305
584.570498 787.631650
1976.409738 244.188733
94.292320 192.390404
1931.900653 338.956021
179.497013 306.592733
320.637623 634.597985
530.230267 724.217280
1627.472840 670.274623
1831.022829 373.100450
137.308754 506.712715
184.482724 258.314550
1763.015078 385.567151
1879.345617 395.107742
370.090602 346.071233
947.967903 1330.014655
252.558079 588.386582
74.465297 383.658392
560.525330 741.206006
188.074470 528.221714
142.368339 552.143931
1679.596408 499.775401
1791.496264 479.594452
425.305070 906.899902
1517.153905 653.260437
281.244663 766.911452
1797.778568 390.876599
1636.365545 622.907175
165.803817 690.739458
358.398748 461.829404
1858.418946 801.027888
60.386480 596.213479
1400.739003 775.049391
1856.856105 624.114293
1867.531485 903.219185
1968.326992 287.202283
261.588465 827.057808
480.424903 826.686558
448.937420 848.417600
213.616377 696.165784
1526.303130 577.285020
478.379939 769.350210
1489.216970 631.573491
112.088924 187.901549
1724.749630 501.134423
282.764106 543.491122
1593.675632 603.966520
1764.624301 278.957121
372.802169 800.574512
962.672295 1271.636624
23.994473 274.117532
967.815921 1300.542032
1750.866018 533.187875
1864.887645 381.326218
1872.755615 493.538754
1888.193474 835.634354
1945.506405 499.883412
1795.625600 446.351922
314.223904 686.774223
220.652124 590.779034
210.387159 484.113769
1744.585697 461.895289
1519.311932 715.461978
69.055517 453.693510
498.249470 726.236435
179.307267 202.254470
351.381380 854.680608
111.389034 248.530081
547.540648 800.832591
1506.042111 602.306778
1733.929595 472.613977
1703.971156 469.152399
225.221210 595.888490
92.103331 369.618262
273.962392 324.316954
1933.507442 340.014226
21.165052 328.286475
1507.177632 614.416991
1672.156973 436.145678
209.138498 345.824682
1573.844922 554.292822
1485.437833 568.606511
217.808999 664.330440
274.818708 699.837428
65.183540 324.417357
427.037186 563.289847
153.337281 334.718216
63.325520 399.214476
134.671480 273.314420
194.303958 648.578611
326.880526 487.687203
395.503929 923.253637
1479.298151 658.047331
1403.888718 775.581435
1922.203590 1134.182669
258.403814 371.435592
240.352685 498.078812
460.444245 898.779669
136.973583 322.885617
250.049086 420.490301
438.872793 614.560623
1892.157835 342.386523
172.913356 382.695119
69.252948 329.164356
5.997213 564.049032
333.607616 553.014077
1437.322439 728.624898
70.721638 521.415972
1796.988782 574.764255
258.954938 525.430403
517.153912 840.132640
155.596288 517.407954
1051.699479 1283.140983
1390.441110 814.322117
59.070465 360.688243
1787.402423 566.580160
43.196256 309.203404
138.315681 477.401076
1978.022375 289.576960
510.913193 836.289915
5.174900 223.915807
344.137878 680.173918
1812.283984 254.050895
241.599364 346.801098
1661.271533 545.213072
225.756646 291.309003
1914.882851 861.380297
1983.392430 376.556424
480.433334 721.803667
236.125847 314.174427
1941.465310 921.225050
1550.144683 579.793420
1439.073305 622.121968
1910.668347 561.178511
1571.087523 675.525669
314.463789 379.190415
267.905195 226.703224
1881.460791 482.507452
1777.752393 502.136251
169.754028 453.000370
1432.348455 691.663406
1587.774379 557.129350
331.412470 775.052223
1835.016194 511.775015
8.773618 452.894174
1775.920252 437.300039
1957.391304 407.606629
542.187152 820.667603
179.380630 363.836509
25.317860 529.777179
107.036363 529.018293
282.730014 796.561760
58.632098 123.324552
154.358407 473.503308
1767.759328 601.577393
1505.831386 719.926483
1838.397873 444.502875
197.623920 244.427241
98.227242 316.204549
1766.059770 432.866277
1967.188234 198.570698
389.905469 824.934204
1734.551627 423.684864
59.593686 146.589845
271.903803 742.715957
1817.130343 474.668894
465.500775 755.440973
273.584294 641.637851
1940.478496 993.530286
1952.104516 535.253321
403.149320 657.623919
50.762940 214.969936
1910.255979 903.511394
118.264394 238.874989
226.776994 439.292576
232.196322 628.217494
424.968019 844.911009
1821.311797 318.478703
1637.602460 472.563237
1918.905215 371.221545
259.242637 609.781731
399.949944 857.667005
391.464115 729.380756
1656.207485 452.150359
1727.413621 542.871618
57.402413 367.043404
1956.907516 1024.450342
17.007088 478.335794
1929.108992 310.327646
1763.301988 565.030868
932.218632 1290.582906
1722.142381 625.661801
1693.983508 519.190014
158.056288 226.196321
301.867055 300.167612
1970.898403 430.724782
421.634791 741.236895
53.014673 563.198797
138.699956 381.408850
1837.644415 504.363424
299.655220 527.690828
1909.823133 294.819818
1720.038629 585.118383
1897.329960 936.292541
133.516326 445.003179
1897.459413 243.613661
521.508914 871.660163
99.861368 456.571459
59.134880 195.649609
259.733994 383.691149
1915.431240 526.363052
1793.881217 284.593893
445.689641 761.740947
1713.775977 401.791698
195.674417 442.832040
369.100239 765.522513
38.243759 371.080087
257.867842 464.771559
1447.819418 818.122991
281.301414 474.674994
905.946865 1279.598925
1670.847962 583.144690
360.551967 580.711096
275.462552 284.952797
163.514466 588.121099
431.393831 880.188844
83.497803 223.930467
1582.229203 649.279862
212.478558 270.360554
233.330348 552.263053
387.532558 549.863474
1306.981709 1537.379433
502.816625 655.737079
1657.287790 515.203681
1590.360321 524.039947
73.347998 290.944919
26.725636 504.585855
233.518817 519.568535
369.471354 662.309699
1820.647767 582.236723
24.277597 416.123928
165.694395 422.926814
85.969457 361.727776
6.579511 603.946851
1796.328153 517.429993
1843.788176 329.650165
491.863326 888.900748
1399.515024 709.190580
1830.213169 370.971243
125.540928 262.944657
1789.231952 373.766171
179.015490 513.859451
1606.054809 491.294931
1596.615439 463.382700
41.043336 449.460586
61.147979 449.743594
405.178593 592.068619
440.928277 722.155977
1453.169858 692.600664
168.698764 617.056352
71.002116 463.891459
1840.749803 544.502089
1928.262197 1052.868227
1431.632441 658.181487
1989.567323 430.815568
1718.784098 399.034098
275.649357 680.301852
1714.421649 495.085108
1952.430709 174.997543
25.093845 464.433816
107.778298 412.299308
1737.085650 300.186449
1885.107079 365.058787
1892.044133 470.665224
310.072260 577.730137
579.787779 816.000312
1685.227195 457.131705
1986.137779 588.237760
1810.861199 359.299900
1848.574115 471.136927
519.118233 700.502722
97.891781 289.402409
144.224206 367.649591
107.286874 570.933380
176.770296 342.726467
1626.170315 642.374444
123.071604 81.875298
1465.287986 595.885459
1837.214849 332.103614
150.953755 314.670863
23.668962 138.767329
1992.054534 542.660575
227.382753 468.762601
554.763602 866.646667
1548.750070 546.373805
1972.862174 475.827594
1643.646973 474.196288
300.532023 734.759731
87.793788 86.626913
1706.799359 364.080678
415.263216 748.203478
1801.713225 658.320466
436.291343 641.774640
74.176821 287.566229
28.675778 292.810865
246.511900 277.860561
168.637335 302.896082
1743.808555 594.012635
1915.205812 476.847974
1916.174129 227.004133
317.290602 701.989528
120.856343 305.558595
395.353400 507.088747
84.254998 493.947628
167.776003 434.067488
304.807568 486.862901
1905.480879 423.997395
1930.933877 414.296648
487.492078 857.934256
21.007408 402.670013
257.609393 710.030373
1657.739111 504.902879
1704.486915 560.743357
2.763920 362.117297
340.394419 432.224397
543.700291 770.314536
1882.748264 508.957065
172.860447 486.614980
1752.413189 626.244552
1929.056223 376.037827
1795.271253 616.955404
154.848138 645.122625
367.665220 745.610813
387.347794 634.422571
282.265112 564.428937
1799.779687 512.807024
389.097076 700.304382
350.430212 520.618758
417.079621 677.588088
288.744533 403.964978
1488.337300 691.056417
1826.075491 291.873253
120.495093 428.245982
136.403777 411.617223
71.701840 473.622598
200.032136 397.707402
1900.169233 622.277730
128.687747 151.960599
147.446809 339.573343
311.249097 606.261208
1942.374869 275.912445
1720.436503 319.763585
466.328219 649.678514
439.550582 708.798646
382.804220 887.110568
166.594725 417.746129
357.151484 727.253324
906.122498 1313.094029
1785.937457 337.386868
1970.894610 377.130390
1751.163457 382.461889
114.224823 220.340535
1933.235067 265.313050
68.553519 247.338752
1402.601561 678.477270
221.837244 422.156331
326.025812 408.394974
1652.291062 583.079405
77.812000 229.113638
42.684588 348.965115
1675.911564 413.334122
85.096623 555.515379
249.239173 569.221210
1989.344078 165.901190
257.433164 737.104125
584.683154 847.141273
199.196697 611.099219
1912.132845 1014.142795
460.782247 785.630376
347.325526 696.651776
1470.406465 644.285371
1547.838331 701.470500
134.212243 615.148522
1863.288557 533.314063
230.698297 237.353097
1931.890025 950.065383
1857.833768 357.881516
1792.228417 406.059338
410.184173 781.808725
111.298466 541.665206
308.002134 453.772164
277.464010 499.308095
198.140682 739.909611
308.090289 338.079966
66.420326 527.219942
1541.797256 650.180960
38.162120 236.406572
1765.026586 313.616132
134.552537 384.745950
93.810700 383.523636
1664.840530 549.127955
1913.121036 375.821113
206.177666 380.873455
81.407277 266.646633
626.067720 776.481116
1949.313506 878.724825
98.068971 381.365802
1591.212169 600.934928
53.803070 73.936745
1368.156116 740.177591
100.823252 492.627148
177.175210 311.399979
471.591102 681.627212
328.810783 743.663077
1622.087214 411.224970
91.228629 416.924779
28.949331 451.603262
1724.710476 378.120914
210.977215 404.151340
1729.808518 562.341965
1873.633285 311.748644
225.314306 384.270690
357.615037 635.416369
49.328534 422.465280
1826.266147 217.347233
1464.034567 786.413494
584.346670 750.487352
1011.098817 1302.976887
741.307356 339.827442
914.048461 217.092498
1846.181317 320.496529
42.555600 696.918742
707.145080 377.038605
1276.891153 409.131596
142.628788 230.205040
1398.546607 636.254355
1483.576670 463.838497
1084.989547 397.150993
43.232546 272.590876
1636.969896 501.811706
171.011377 764.038825
969.239385 394.625424
1275.890978 460.419582
1920.612655 359.273780
591.988895 333.280783
206.573586 807.823020
1067.172004 464.424887
130.650977 274.842830
1028.710983 381.504657
1643.328882 373.209857
235.898842 289.468990
987.854094 538.099951
98.429758 223.535723
1433.611756 643.042983
197.618973 835.276232
1692.898984 307.459924
560.051341 351.762310
1990.266150 568.751055
950.784052 419.754177
1938.140571 235.401790
1251.904620 390.649393
1342.163110 476.083165
59.184961 214.808375
1240.502099 591.058034
1037.315927 595.508284
1965.063269 435.119627
873.823280 319.175166
915.606413 278.771696
1157.410679 656.467507
1779.047567 208.535229
12.120427 478.670641
1047.570341 574.360901
1338.631495 564.826217
1335.740473 477.888710
1248.096233 624.396435
982.183323 467.112874
767.818841 366.517870
1015.927498 424.044773
1715.738491 328.980146
49.692144 546.926904
1108.900820 480.058418
1672.675157 311.276572
1139.240429 378.709296
1338.329353 518.600532
1094.707404 331.503897
1600.139264 387.250134
806.494865 350.209747
269.487747 274.784497
1163.567184 406.276377
766.830320 473.825679
1400.273172 606.295257
1266.738580 554.007080
1866.837873 328.671103
1141.963504 442.064848
1835.082319 243.092003
789.329850 291.114955
83.486642 536.906574
802.873822 392.484386
1432.535284 674.744537
1331.144669 526.820525
753.283112 511.004376
1889.430461 469.707776
1080.029701 366.591290
925.490658 405.166621
1450.949421 507.107140
992.387057 403.832478
711.746955 277.054592
1798.889851 272.870369
1150.258047 346.106230
1063.408881 586.764976
1748.553359 182.321115
1867.015051 302.240255
1592.310983 420.042731
1867.969963 413.903773
807.439570 253.192858
110.203843 789.784735
1386.281329 423.943171
1523.544031 448.520735
1553.089047 612.963847
1025.020054 487.400629
143.985487 853.946205
46.097033 465.646508
1033.593894 448.640060
1910.388420 350.577459
811.155194 429.991390
1062.111571 513.291406
991.151866 445.779579
1852.694292 244.192758
1424.063811 507.924222
677.995823 367.334462
75.276316 638.598490
1721.294490 247.207954
752.323790 299.071305
882.773646 357.987883
127.039766 730.313655
1816.900237 298.107607
1046.747030 630.270968
1186.293241 659.929079
1167.707964 507.339442
1678.494958 430.693584
1875.533254 362.997481
3.071578 446.468355
909.236329 467.344819
1068.173817 397.581835
69.035649 294.231817
1225.509454 474.792524
1186.552981 386.265728
659.279200 438.532172
1511.607727 490.483524
1347.735338 623.038759
638.384650 374.749896
530.670466 332.065896
952.549633 466.758286
111.765023 278.097657
1126.064749 540.790808
1184.714660 422.330512
867.412403 386.956292
918.637694 315.958479
1094.070887 431.711331
1910.301368 113.109260
724.794465 376.882234
1852.937436 274.856964
1371.102803 678.561984
1181.645957 563.971657
1238.643718 506.714970
917.606133 427.469417
970.732469 432.555622
1722.888179 257.247781
1027.344252 329.966865
988.756116 607.486092
1552.486237 514.871214
1218.167869 580.736139
1088.245084 585.102578
1665.370533 563.667244
836.644028 478.440196
1442.967981 558.240583
951.060967 369.610433
1969.664783 398.311500
1780.836722 328.360025
902.772930 508.547097
1106.305623 399.608172
183.714482 223.030724
1902.635445 139.298353
1916.679473 416.553349
928.296021 441.365080
1159.876597 574.302523
145.920316 823.234452
1708.561274 460.656924
60.823182 504.657635
1738.307926 217.784657
1735.563801 361.435601
1958.456180 261.533941
1807.142899 361.430685
188.901706 287.906409
1956.654960 377.023786
833.304327 331.294434
992.900320 629.143372
1407.589648 542.400164
1325.684519 598.145189
157.360915 324.545373
217.180861 221.138602
718.157229 349.482635
191.839184 1131.660482
1892.744174 17.552155
1414.696856 590.746096
1743.198436 351.025149
77.585265 692.928085
1626.770100 424.818342
57.172163 769.073713
1574.870900 365.522224
1366.214981 596.444902
1763.777118 393.389500
890.956926 278.356943
1174.454436 541.559051
834.643288 403.849802
955.547776 419.430103
1289.176308 616.202995
683.048293 334.616348
45.503019 409.336767
831.566132 435.530600
1587.266681 523.218529
29.064492 729.165107
105.501107 313.328144
1152.342149 608.514087
1870.962594 203.389949
269.156280 237.393353
1851.022553 167.568966
15.445605 538.669154
122.868882 235.685292
1052.323370 357.747478
1199.563216 553.640678
1381.523369 569.660672
27.540206 516.302785
173.935311 1035.040655
1733.627363 311.626787
946.127148 406.387744
2.103670 672.667886
154.059190 786.175711
1697.644982 197.942494
730.315551 407.235099
1596.414919 483.583686
1764.171634 302.209658
1248.169437 427.778968
1395.365559 667.810002
168.489017 251.758939
1582.307422 636.088690
1510.406831 631.850192
1890.324207 291.743230
879.540020 441.887431
1866.808385 259.844359
1644.471102 288.486979
405.773660 281.749874
1683.173997 355.649735
1106.724275 503.987056
1900.851711 392.380243
1552.906604 468.147048
1432.299362 632.986411
1207.915190 612.237384
1103.482863 549.027158
1934.479938 273.217509
1999.516756 282.254228
204.798674 256.462498
1803.561993 500.413411
630.711963 340.421075
1022.839592 1899.264332
1956.948825 646.797574
1527.919611 595.434519
1434.687415 437.626824
1777.027529 270.777841
61.603487 728.929108
825.473546 469.335311
468.009672 337.620194
1620.317282 553.673282
1721.722877 129.643030
1380.764501 759.088017
83.273277 469.227673
1515.047276 554.772427
93.068231 734.249480
486.817410 307.579264
1816.898708 282.368540
1814.279550 438.634849
845.481863 344.221495
1713.557580 369.145602
15.881676 356.178302
1968.752349 610.090570
1251.685508 575.857465
1935.236776 324.631382
1026.027911 416.850911
152.007569 891.255618
1697.499577 220.959864
798.005093 461.644106
1611.667870 476.444156
1195.143998 617.934478
1000.951127 294.054318
902.617236 394.563994
1622.513803 459.576474
1241.869023 494.393605
1459.797733 680.321120
1900.330424 225.378177
1921.246138 506.561170
117.418506 888.652435
1552.864421 557.078911
1450.134540 468.873246
1641.286266 425.853737
1355.169492 556.840553
815.404422 399.993467
953.734852 321.543007
72.084379 849.356463
1132.933374 566.851472
1967.834147 284.363924
1939.182083 476.446925
902.610758 364.851918
1431.102914 606.171580
1078.343325 456.445132
1802.797184 185.590131
1014.121503 542.401223
1199.090874 516.831566
1668.645427 273.531707
1202.276327 440.621698
1080.085688 550.552414
1059.655699 429.897391
936.626494 372.292659
840.214308 306.127937
1970.818255 302.151239
1584.652986 447.948360
1541.025707 519.878954
1703.406951 280.610995
1236.197095 508.289287
1023.136175 558.368322
1793.137573 247.700921
889.401928 254.479917
1158.138643 617.081959
659.485778 319.244107
1737.624581 152.514348
1203.754294 478.788340
1194.297587 425.657969
1472.383558 575.045908
839.495127 274.855743
1903.952070 225.623418
1304.474867 517.592114
1306.033687 547.178539
1098.882974 597.863705
977.394142 360.324823
813.056483 353.797170
1105.551316 363.962369
764.300424 438.368286
1287.175913 487.928091
8.917098 237.075864
953.993558 492.582009
1932.125136 240.210972
1558.482676 421.593418
1380.652120 627.907889
1883.735563 248.151281
1141.888076 547.988301
39.109238 613.776068
1380.852853 563.898041
747.176669 332.281783
1280.826060 372.976658
1827.568375 387.203666
608.944813 312.840726
1968.246579 337.649057
1798.574267 129.723462
1770.389629 137.563156
527.418125 327.695410
1046.469127 535.337879
1522.420189 663.005364
1616.884640 640.389741
859.823076 375.299405
32.458675 238.185995
1701.908660 167.462776
1133.457760 500.559885
1868.629936 168.991150
1671.835658 399.934099
923.786435 506.247100
1910.638977 184.924501
638.743502 295.743465
90.190136 822.283147
988.342511 508.117859
15.303593 638.809997
389.024936 313.276972
149.701883 197.057427
1176.725939 486.750705
1152.924849 508.769529
1636.733400 459.263350
1382.844706 528.307974
74.218520 790.801059
1773.891815 473.330738
48.989961 661.912864
1151.792730 565.178738
904.607515 387.662705
1094.865149 512.175079
1370.199970 459.212815
1218.698067 379.976835
920.832791 408.164037
1930.873531 204.745768
1484.356845 689.402233
1634.268725 532.931821
1805.387161 214.408259
1020.910514 366.307745
1674.260729 444.682669
65.480392 566.501274
90.184553 758.689596
69.998572 250.876047
1322.916878 448.978435
871.162969 476.142683
1667.062095 476.743661
1636.605191 325.081725
94.770532 258.767495
1083.913908 521.810401
1487.403962 736.283826
1012.195713 452.203094
129.867316 761.308622
1064.320721 323.587782
1341.494747 529.996135
226.096628 254.931915
1816.018138 176.525257
1611.294171 356.634516
924.919415 260.867593
1373.426596 495.177238
1857.390406 381.529325
1108.660639 468.461141
1021.783620 504.880044
1240.777282 547.314640
507.929180 357.007809
1252.402032 460.114811
1757.829299 240.042295
1473.349161 600.513981
1398.604770 490.801295
1714.036677 404.805127
892.381872 386.316235
296.437804 297.689567
1156.213153 465.928277
1638.417948 414.548498
800.874458 309.897436
1595.698781 391.280569
851.074734 512.029659
1982.701453 504.998523
1277.844777 419.682476
1290.257603 581.713109
1146.509086 460.176501
1838.800867 288.415779
922.401009 343.858818
1879.624544 296.656960
926.714560 545.534224
1415.893536 397.627483
345.215670 294.464323
1584.993794 562.589993
1434.932913 545.820382
1196.211219 511.535577
4.665346 405.235967
1494.575891 517.654260
1480.992447 621.805014
1106.837188 627.733234
952.977900 525.220772
566.353455 316.215548
1446.334346 569.534395
1848.532556 444.262171
1468.607644 538.185227
1576.816428 493.310325
989.661523 331.543762
1737.942137 283.258433
1006.257208 369.348460
1972.837272 220.493763
766.120983 407.714198
1606.958654 310.164024
1651.899998 365.208241
796.297533 420.136883
148.255187 287.527987
711.495780 315.891068
796.846493 352.426971
1001.429481 408.750056
1075.120427 495.492140
1095.914438 429.602286
1904.762684 289.433988
1559.669194 344.843561
1178.121342 576.772427
1896.948546 434.756096
1841.340757 147.146770
47.215599 813.862896
1743.076054 271.956809
962.443503 558.176054
1691.839021 345.454961
33.622282 582.611652
108.733495 852.778491
678.588316 302.174903
1862.578384 501.907071
976.220823 472.639554
1081.690174 624.110472
1520.354273 411.718188
1874.884960 158.744716
1067.528034 489.383812
1894.011318 184.812566
1164.125396 439.371603
864.321059 419.229478
1136.320244 417.020214
1027.053260 329.901416
1433.474166 517.999909
1100.242512 461.623326
1975.973552 185.688551
874.680340 331.686906
991.013250 374.673933
1067.736097 366.512610
1954.975800 166.609113
1981.999607 253.128062
1730.390978 187.834470
1004.009926 578.480548
1736.299551 411.851588
1655.476273 333.028728
1936.915659 436.099728
1919.280680 310.306196
1353.880702 432.613217
961.471415 251.815095
436.118834 303.142347
1515.557891 479.713724
1014.139962 484.892416
72.872226 600.880837
1225.556083 648.711906
1793.906906 327.405404
1225.349060 408.606824
1851.360381 278.472729
659.866865 398.437603
772.173651 327.009953
1280.015086 503.033563
1763.544830 115.329415
684.252626 400.856946
1066.963669 431.890658
788.480136 372.674957
909.774938 335.806268
