41.814149 1138.349525
834.598610 97.850249
1850.715319 957.871075
1807.802604 943.898799
575.579673 55.141608
1690.529531 534.166558
322.099559 591.914409
677.722632 17.628438
817.282231 1923.878280
788.021054 51.573085
694.002766 1955.110057
349.178882 448.532529
161.940716 1239.973739
870.139135 1997.621716
190.033004 726.333241
452.456714 1425.844009
593.467055 1383.595996
206.559266 954.376275
1601.530144 883.209372
853.241567 52.471813
1861.451221 927.720304
1984.489196 1111.746452
786.110900 74.831194
487.659633 1365.222889
1805.237116 417.623763
382.035342 1298.822873
339.409602 1321.630982
1783.259385 1034.252510
297.367130 627.184147
446.173055 415.432566
235.781209 589.931761
751.113556 0.032483
277.708449 1327.312531
163.307393 674.333012
107.598208 857.166362
1729.675363 394.453718
643.838576 268.285380
302.869678 598.223153
1521.779906 107.592384
242.609581 1260.277111
818.532795 0.884537
1884.337921 1019.164563
102.053279 647.152244
135.795168 1207.507735
1882.118607 1079.637124
53.530243 1072.054822
647.992878 140.266909
281.185345 1461.640192
1708.460303 819.869052
18.630994 926.484785
531.990654 1434.558219
642.623521 222.170912
1626.714517 863.494619
1928.268266 1051.229545
1826.809464 1001.105341
180.702834 1039.974878
256.076896 1303.313018
823.482718 1948.791663
68.458120 1019.815213
47.093406 772.756469
58.248307 966.967937
586.772952 109.629149
587.026896 238.257927
367.244223 588.840324
442.948364 357.765939
696.598105 88.232280
727.657246 1953.864530
210.062756 638.747660
192.781450 1088.350128
1612.870664 910.563926
39.396724 898.833641
831.275204 25.791510
1649.834512 955.822066
368.050488 1377.763685
426.539280 530.907811
1888.441154 860.463489
645.360220 99.194761
9.089532 1031.592435
294.253768 1301.177625
494.632187 1429.960974
108.097032 1126.460875
123.295991 796.862993
453.540966 484.862507
853.125830 1922.447043
305.353648 1374.074983
536.872108 202.849618
135.514767 653.547899
391.022844 473.464686
178.634476 1362.400436
1920.522007 1211.985102
221.149380 812.035256
1784.113433 965.209005
420.771512 1429.006165
1858.753488 1209.965428
191.039330 853.998496
481.583742 389.731882
403.990205 575.870628
1622.524693 854.177654
91.355959 763.652212
1756.323847 802.452187
692.719547 36.788030
1994.525758 1120.028750
1781.488485 1069.838476
69.198436 734.638362
579.505538 1485.025969
173.054586 1060.977209
37.258532 1085.002500
208.366868 769.987294
342.996053 622.626770
662.365681 1977.882457
350.292054 1269.867789
309.185849 463.987480
538.238799 272.990719
664.735187 1919.650596
271.337662 1273.635560
680.290581 1509.562514
257.021557 612.094420
246.538721 570.639765
16.350146 818.919363
683.377269 130.567619
1790.952511 789.284137
684.687219 175.006947
190.534683 718.106894
161.374226 1251.448322
1738.542925 453.807623
286.028778 671.382626
537.980152 429.608808
847.530322 94.862827
158.841480 704.136729
181.104902 1397.274521
570.470346 320.845287
112.070661 747.843187
419.694726 455.324039
228.243446 1312.343887
1860.127316 1045.467782
528.014495 331.802830
191.959172 1289.866137
313.768704 1447.255339
370.346944 596.803750
1605.143448 946.355202
774.932954 1882.864109
1876.587671 894.637822
103.930442 1056.809663
606.215243 324.136256
1854.803676 884.693633
328.730442 537.618204
573.227283 206.059961
1899.632308 947.566398
668.938887 291.495032
518.739101 235.723361
579.560991 1416.138604
179.881456 759.191960
592.522009 208.778663
747.579766 90.877056
819.308193 1864.924781
131.382000 963.110386
752.520832 1952.174256
242.674177 1378.814308
217.624913 626.087846
163.581960 1190.190571
423.140072 1336.368050
737.575202 129.070932
173.455049 901.195958
608.047581 269.592034
740.085004 163.728651
408.851988 1284.073386
1718.254024 354.884338
479.562054 522.386293
216.033616 553.221157
1627.658608 814.842573
1667.284207 848.735937
191.666241 1302.764524
1745.061925 1049.007093
69.456129 891.561019
1938.316912 982.571136
1867.921837 1076.194285
1832.162637 1069.395830
105.956829 926.056912
1782.174127 838.209712
622.881073 164.697679
1977.682972 901.134498
213.194655 1369.243227
530.163976 374.157435
101.970075 902.830078
74.271551 672.045501
68.456435 1225.029471
1887.074513 1110.010306
486.061235 470.531588
629.948121 1938.268624
670.419220 77.942075
637.546037 292.154837
1773.394119 955.509671
119.668696 826.253385
269.816577 1496.341630
216.296723 1127.128423
552.678278 243.606129
547.197071 1399.370857
265.852108 497.578331
717.945655 198.021073
720.251433 1998.407593
608.595301 58.085951
620.914671 160.341209
22.625768 1069.752904
1934.289616 948.950846
175.736143 642.141396
1903.970709 1034.478736
114.144593 1102.067634
242.567116 1228.559110
1934.449734 1013.310864
789.612477 1957.521756
92.600669 801.604813
599.389757 27.134519
1900.045938 1178.669289
568.806806 442.494411
395.675820 1406.183302
165.052742 1154.996848
1720.463381 934.073273
220.128452 1293.998135
318.125048 1411.394041
722.481902 67.159091
1766.706321 498.929830
709.938280 33.962011
1853.303632 1097.961416
730.903271 1947.340771
759.485671 1989.763003
390.352585 1345.876759
130.670397 1157.573169
1710.039358 484.567641
71.880993 1204.924459
347.286078 491.715215
610.586765 1466.758567
77.640319 859.304878
858.089121 1881.222924
203.293436 592.646119
56.961168 964.376688
682.131964 64.207493
1739.288133 503.455411
109.194003 1047.289569
1744.659262 869.820583
526.014351 1369.997725
768.398582 117.000468
40.371351 1227.333895
464.137510 1494.017240
632.881519 395.897804
1954.656926 1200.669115
1680.407522 876.151900
1735.688252 870.793596
193.783916 1115.384942
794.224486 1948.628333
544.314900 137.764666
116.621854 729.500133
368.647708 1338.646100
1815.043148 1133.997381
530.380497 466.967826
576.577541 267.926470
177.092579 607.254562
494.887243 305.028400
175.677537 565.073087
1573.868002 844.326587
273.397733 582.702769
851.108223 62.476220
57.684543 822.493442
449.545923 1366.917165
513.470950 368.851049
1670.933261 867.230825
73.779725 1152.383058
557.293091 78.321462
580.274125 138.445356
145.630013 588.144564
36.445884 1005.557294
1819.167433 976.239458
1902.653356 743.940808
1945.134985 1158.502866
835.774664 1894.826734
345.216391 1495.290905
331.523255 1350.338758
788.996165 2.500384
692.795545 1997.370221
741.852869 235.488744
505.695896 269.194360
128.473562 1008.258176
611.842057 200.586650
539.084175 1483.826592
40.002904 1112.355925
140.824685 791.219110
104.476559 1273.509406
637.505070 1998.587261
197.275744 673.997173
1628.213004 640.745096
488.412048 344.416985
370.529472 471.738375
700.170698 1911.063330
106.035122 887.208914
586.557826 170.884637
1770.572709 894.826190
1655.534891 924.640783
723.459631 36.989166
321.482872 1284.548740
48.624250 937.663178
793.676209 120.218527
5.078272 1166.642852
435.103463 381.814862
153.087674 735.667778
377.253197 1255.592790
469.693482 1460.111586
144.328699 616.531082
105.884999 1022.032186
105.600267 1182.968116
38.989992 1163.321060
240.004453 1183.037643
573.287684 303.233854
311.215018 488.358960
507.516472 1463.051767
368.306966 1559.879029
78.695902 1003.892947
763.200747 1847.870904
304.526050 551.582113
778.689413 1884.343413
768.820471 106.268985
669.995134 249.549068
318.277049 1476.785988
602.479240 299.005393
722.566275 69.981300
822.278435 1584.735020
1945.193648 1119.918091
835.984534 1861.817477
1728.049141 903.092375
1719.754609 869.627344
744.420334 1864.360003
1626.576697 771.036344
249.020907 620.526820
42.794529 1040.860399
13.821495 1189.286751
1837.704514 946.799425
721.589635 123.920479
1744.986627 830.707657
158.775401 877.109168
235.837767 518.443628
127.960107 1247.740512
184.240259 697.929865
1872.036466 967.103787
1657.431008 904.496688
1740.305767 556.301260
628.763082 101.541097
1751.880019 924.841692
691.288780 156.737113
49.924767 1054.567511
1914.080497 1131.872005
660.401426 1966.462365
550.673999 169.176522
557.643873 393.338157
645.215117 329.032724
233.011954 657.128581
140.755783 761.467514
95.447813 1251.970589
299.911347 1335.911706
153.975149 934.811192
276.520953 1384.099252
127.423283 1309.553317
1881.286368 1112.515721
1763.573311 404.078874
586.082778 351.989471
1834.109768 1172.046578
431.713082 1400.228830
363.304978 548.640519
1853.959543 1137.517595
284.165245 1420.261598
504.341343 1395.148030
242.494411 1345.671542
55.259774 1122.709475
129.213674 972.759236
1768.572655 430.416693
1868.416318 1170.193735
85.118908 920.021272
95.629188 959.408680
439.449346 1285.998338
167.781233 1328.025829
1839.466233 453.196717
1803.149636 908.053518
797.476816 175.078939
188.837099 1226.838137
1804.220592 877.078567
263.257718 1315.925111
145.479316 1278.809219
497.486421 428.744097
326.187303 652.452648
1921.048096 1178.239479
692.009942 1978.919786
1819.681992 518.246219
334.037853 684.858235
73.301427 582.610776
761.169005 147.422347
145.254360 916.262756
1988.010498 1125.228229
379.768796 518.108534
272.792309 538.066858
408.285845 1372.093432
117.337591 690.702325
1765.062979 467.264461
80.609331 1173.715187
1741.372092 962.418771
207.864005 1256.938845
672.723195 213.968638
1846.510285 840.346644
623.028113 243.635797
1972.475523 1015.110228
544.262022 1455.825761
590.685839 401.726414
451.869411 448.640888
190.241043 793.707994
1819.725144 1038.567252
20.347024 969.973819
738.686750 1896.553282
672.272824 69.122127
549.222084 359.441443
325.355164 1528.458391
326.487536 1389.404718
1997.478959 1079.646523
1795.775442 1002.177448
8.201008 1241.630724
740.844765 1892.004589
721.201639 171.858476
584.756609 360.835139
623.682077 363.503044
687.464362 106.823480
1932.008822 966.896107
466.014360 1398.842035
579.704294 1448.657524
777.708086 24.422545
464.060660 443.718107
796.857005 1837.529725
1752.231775 1004.986764
214.198682 1207.640987
252.344735 685.229115
1814.392302 1097.010837
323.897044 1248.348368
1690.873255 267.901751
1838.502382 1232.886974
36.608708 1001.835788
618.232267 198.387970
149.381814 1095.377201
526.525182 400.899991
1918.237816 929.570645
1999.330977 1231.146902
1835.300345 915.034838
1954.697284 1224.986810
396.100931 433.285817
203.019088 1335.970495
1895.974506 1145.494498
625.293109 75.123273
276.749503 537.898816
254.001650 1439.380465
1790.582244 859.387921
1722.853702 836.171785
1598.219753 811.576763
1898.294044 1061.564419
1654.915569 249.415623
508.670224 1499.730514
746.049362 37.891856
104.867751 1220.516552
343.692263 502.576056
280.876386 633.372616
140.480266 1041.771596
638.986209 30.903598
39.437591 827.044430
459.843482 1334.163865
1971.790570 1155.698677
245.024078 738.781296
1622.026820 188.798488
654.317191 181.412439
116.127964 1093.191554
220.450342 698.880851
1921.854862 1089.429429
811.786462 89.374303
164.104320 1015.344080
646.195471 35.840199
178.652277 786.137922
614.655593 129.411226
304.879832 564.246509
42.216516 861.421657
162.768578 834.010017
855.389492 1974.042718
1733.863762 519.740391
201.693661 1163.970039
227.196139 710.572995
786.437285 217.484160
123.614226 857.332129
1625.726497 819.450454
1874.062679 1001.843588
785.917161 1926.353989
287.826419 1243.448647
132.899906 884.217508
772.965251 1980.462846
66.181671 813.094862
766.288024 42.726731
876.729171 18.134190
709.699921 111.403924
83.339122 1104.491033
410.518431 501.723058
528.639115 292.672976
776.740477 14.944481
697.163235 1850.228242
1046.791180 802.914270
796.241719 1540.786148
975.138925 679.360351
718.149752 1700.642858
1157.550497 568.811149
939.922512 272.808610
979.609618 849.436554
1031.729248 562.215806
966.949936 1999.774216
1099.744454 146.220495
691.263028 1492.042702
1157.805276 359.038929
1069.172138 33.630093
848.785077 23.280211
1258.697709 458.524986
896.423930 1278.307267
1122.229067 533.165805
809.660645 1898.954808
1106.019625 711.730953
1066.646730 803.420318
862.790301 1413.365469
1019.456167 1968.778382
1021.037516 1988.380222
797.517374 1339.465464
1112.960333 768.754801
1106.309431 606.451042
1061.799666 403.874424
937.685443 232.396542
1017.303590 308.830424
978.551686 1974.495055
864.783051 1609.664481
984.695570 290.157883
851.260533 1934.085820
985.360463 1818.283583
953.986670 1791.885738
952.509567 64.967755
941.204145 1899.800880
961.682922 786.902738
821.531103 1600.442132
1130.360632 444.715336
868.924960 1293.209371
742.403511 1462.539182
836.184593 1691.329587
1018.101602 1936.034326
801.877938 1774.075124
1013.261746 374.819327
1086.967355 786.648251
1090.777021 318.337399
920.940906 1250.738955
885.907342 1739.090829
895.832736 1606.587592
754.169837 1587.375696
926.972832 28.700994
1100.888754 101.636334
887.591708 1929.864401
1121.740509 641.243210
810.255779 1114.101724
1029.642415 249.639487
1060.631125 267.475834
862.393844 1681.648573
1061.959623 211.823725
1041.789384 1976.476367
896.787998 1583.879047
1034.572556 1906.906530
849.386468 1454.344953
1196.491020 245.783275
786.923263 1618.688301
857.143491 1175.618180
917.089044 759.032622
995.255922 398.885031
839.610616 1480.969727
1134.869687 585.002167
931.775952 1294.455543
1138.025433 245.299819
1151.972937 519.227818
735.702776 1794.778364
916.000559 1124.053223
1160.142158 210.171002
1163.201972 682.496880
955.275071 147.626180
1091.257080 185.483157
928.658817 202.504291
1026.988832 647.629117
1233.737564 494.704948
830.894970 1819.078678
899.173030 1151.972696
962.099011 1754.088069
864.096818 1262.297346
952.026796 1966.107869
911.403343 1872.521721
666.113159 1433.060635
998.503061 1856.356967
904.546300 1469.694593
1116.588261 396.803712
878.441829 1848.640051
1128.956808 445.082466
891.618610 1392.250309
811.781759 1203.211705
1005.411375 734.898898
1059.003856 635.484037
1077.107567 89.072200
735.062979 1441.507251
894.756603 1502.796608
869.123596 114.284192
984.929455 331.699897
1103.307675 879.655241
1244.248593 384.700550
939.000888 1395.213291
793.186811 1845.142764
1135.382468 616.203277
766.465662 1348.345570
874.133090 1863.358441
827.684443 1149.523868
955.718822 1715.317507
1186.211912 606.964358
1016.522674 1919.685446
1059.573423 259.226964
979.304415 477.995488
1075.733170 53.360705
739.719580 1337.200768
846.708029 1843.457766
1085.520445 696.211040
824.758170 1050.023234
938.025039 840.461908
1165.028131 750.157988
1045.026098 730.231546
825.306364 1192.203467
845.666598 1572.935494
883.262790 151.838100
994.042007 597.959246
788.433012 1426.145483
1013.266906 897.658777
783.087187 1420.421149
936.559088 1509.380425
918.275045 1997.992629
958.944815 1444.080290
965.513426 186.501189
824.760433 1848.339862
940.539409 1195.865294
806.688869 1798.563569
952.255060 21.152648
1068.899049 602.939723
816.076964 1447.617675
792.743817 1383.893390
851.651258 1999.647443
1202.149633 352.794272
927.182004 1327.163145
1042.086070 343.106482
852.663891 1728.472582
863.504552 1806.517456
872.443802 773.501658
1190.386728 285.080924
726.224473 1543.330422
881.971061 1653.953785
1054.492207 527.199247
846.712885 1724.116193
817.107198 1406.021467
1162.412691 172.829132
924.184957 1427.025454
1083.616127 570.239207
1005.969109 348.149857
883.902646 1200.910428
704.250439 1798.458258
1059.820734 338.654814
913.780620 1435.228393
988.537678 102.245188
883.834221 194.243118
987.625321 63.783114
771.417516 1150.263646
1094.165025 402.941643
885.393757 1417.838044
818.712988 29.809005
696.490629 1348.800245
673.017903 1332.378574
759.936357 1756.624221
980.123084 161.030895
868.091007 1254.482033
1036.952506 448.736400
856.858610 1516.123381
1006.979719 350.717328
809.195962 1225.303161
829.229390 1257.263676
854.168729 1757.977647
1070.319991 59.984469
1118.723425 817.609328
904.595292 750.047732
1030.045780 76.395463
879.934548 36.902887
1098.242625 514.519102
857.009343 1521.565618
944.216452 804.902714
857.310654 1965.173301
703.861602 1871.637486
940.655106 1546.938147
799.847011 1480.822172
1236.136543 523.243152
1024.684709 25.489687
1157.377815 397.320330
809.485840 1879.978003
913.288878 1352.035146
1031.468992 11.562831
1233.949619 338.745330
792.904617 1175.947173
1048.677211 446.604007
1088.270344 555.460078
818.858992 1751.514902
916.498172 79.364342
925.950194 1917.369604
652.984037 1285.635697
987.607515 101.308360
913.957912 132.430814
754.859703 1397.367918
794.926058 1695.512586
1113.007535 1951.065767
1087.342959 1989.323411
1182.092587 135.733631
1030.246878 800.799244
958.662483 736.715630
1192.544938 309.817654
873.417444 1484.125951
1131.981711 480.624455
1088.134815 376.157619
1185.515174 446.820704
818.601387 1370.434053
1014.119556 495.631349
1098.192574 453.761293
785.863869 1083.750477
850.926846 1639.094771
921.928871 1754.511514
825.237031 1488.638076
1101.768134 363.208825
1119.111100 572.869431
1195.871218 493.138735
768.120223 1831.624972
877.651986 1563.106328
1187.993447 586.181261
721.337578 1197.003607
890.069550 1796.615925
746.886748 1506.819273
1019.896323 955.146635
1173.829166 477.557228
1080.588680 464.347575
1168.212500 420.141627
785.144567 1592.297035
701.616354 1262.887035
1099.967693 245.363050
898.612442 219.568694
725.417588 1897.512836
1089.647582 610.217449
994.456010 73.915375
1073.279330 491.821054
792.105789 1507.618276
854.400935 56.762288
1061.650559 837.532984
772.766532 1666.686528
956.419398 626.137979
950.311994 1585.796334
1096.171899 338.549168
1005.940751 139.310624
1007.604063 246.217785
878.754646 1703.388477
676.375309 1524.214572
774.721812 1795.125941
1061.625607 526.104918
760.127874 1893.608754
1050.979953 298.065347
758.119115 1241.937952
1051.850938 925.716580
1046.596187 463.183646
895.525526 1020.690738
960.824828 192.630253
760.359040 1479.076462
1158.215602 68.382790
757.670203 1545.773786
1093.452955 542.644771
1131.049412 346.833111
933.519370 29.518193
925.747667 1992.984730
867.742736 998.604399
774.184868 1441.057718
976.936317 1896.030041
1073.313168 859.176271
945.269193 22.237318
926.970788 1971.342887
1127.895689 130.418303
819.499834 1950.320585
1062.242525 890.651140
973.358475 255.008836
1021.261232 268.624431
1035.134447 227.456073
1049.211352 176.508740
1041.562093 719.321735
1024.563727 106.111225
778.051068 1.710973
806.633687 1987.933724
892.034875 14.334045
841.625321 1879.733763
1160.327031 652.808446
695.243390 1228.302684
915.700810 1576.322323
1207.875679 647.548606
899.455089 1523.045313
895.537585 1951.705111
842.053333 1658.216573
1004.849314 596.927164
1034.750468 364.786547
1157.583594 617.183291
1026.067840 857.212832
969.384103 128.992957
980.470606 563.986455
882.204349 1464.906913
1123.964556 546.755855
1029.886663 763.065429
1075.470970 120.343079
995.685832 870.532476
1099.554287 25.038750
798.843942 1568.383810
1118.986196 279.536282
1017.251327 177.563014
1090.227944 439.283060
757.754120 1169.436601
716.198527 1290.104512
815.490902 1719.786288
1028.567424 93.570643
772.139079 1444.184931
892.386956 1235.534142
913.889344 1892.458932
780.245283 1365.558209
730.963286 1372.439442
1205.939303 414.290707
1224.203313 457.398051
1135.759229 727.105057
1017.633716 607.930436
1173.601951 794.464908
1167.104686 631.554957
1264.679991 437.569754
1137.031492 312.704731
1003.839767 645.104174
744.862528 1317.212828
1031.754538 851.874995
908.047919 1773.765307
946.938682 890.784903
971.871304 435.038298
1050.725328 692.716251
914.476221 1659.315406
1015.560870 209.645883
819.065503 1524.941786
1156.910991 300.628660
1147.514185 145.729126
974.105370 905.716554
877.979047 1364.232424
922.222612 1796.625608
991.922388 769.757077
847.897945 1770.613483
966.161114 65.384494
1166.946965 272.426261
1058.041998 374.168920
1070.146706 653.346622
645.872093 1203.565025
889.059749 87.639147
1041.998013 126.497949
898.196700 1962.047318
807.164188 1651.100128
917.593876 1374.557528
835.069543 1289.613646
881.565346 1435.884324
1122.513220 1991.639170
1147.878406 410.718851
767.521547 1507.918208
800.737588 1277.278598
866.705927 1824.200672
1094.935199 287.544514
914.133558 249.936444
1111.736275 811.087475
843.441656 1916.634871
835.906917 1349.952466
1030.286897 908.992334
1127.492053 174.219306
1132.767325 746.962902
909.362239 1182.739761
705.555456 1421.932976
758.441365 1204.630928
870.051504 1877.284077
1042.438137 1871.657886
1072.947807 734.004564
1125.823239 53.909186
820.290260 1908.858917
1203.674451 380.226853
839.074241 1314.523093
1275.338872 409.100370
1188.931364 331.182606
968.435688 1957.724109
1062.002459 97.137469
1043.703409 719.863395
801.677873 1683.778014
929.410203 1832.526707
930.804735 1943.560853
1051.910114 162.999347
1158.825141 492.741801
1182.005400 98.405123
974.131403 214.916615
852.407234 1962.138357
1085.600554 831.183105
1004.832704 741.083248
985.857029 1381.620686
1025.183120 158.072361
1028.742061 49.312187
1186.325496 546.876837
1065.640122 202.569114
638.285806 1412.043348
968.566629 1877.185132
1070.675691 744.040402
834.963289 1569.805189
711.071968 1459.680471
1162.343961 707.472871
1013.972142 676.190354
957.637191 870.295794
851.410027 1215.172032
1175.755684 368.381733
1218.793467 765.542837
957.501686 1924.974478
959.747068 927.591224
998.155138 820.663481
1041.571648 498.480392
1153.442463 800.947068
1025.267707 190.168672
989.505561 947.642387
902.687346 1625.246195
854.872120 1362.285818
910.934047 1690.407326
1087.792159 167.106994
1133.766310 329.323608
787.427267 1227.033395
818.260646 1622.663840
947.321548 1482.630188
817.637461 1406.489741
1105.642244 658.503108
923.103783 109.173931
1189.383059 388.782935
687.771728 1398.665053
991.729061 705.030000
927.916327 71.376095
840.221060 1225.708606
1088.533585 8.440725
1065.828050 1944.056625
841.456042 1544.860773
1044.152144 668.210853
1023.759693 531.187862
1167.041643 316.798387
1074.578903 820.572623
945.774760 1837.870580
859.948777 1054.978847
835.159465 1439.467167
862.753659 1126.839826
1027.427041 385.020267
1107.871884 857.518057
787.472067 1738.951574
878.437775 1908.390415
1048.459380 135.325479
1099.513678 912.608902
1028.707557 762.352993
973.221041 1944.001079
1127.783471 684.294914
1012.329342 433.584752
952.525521 110.539651
657.016258 1380.508796
991.214813 40.222425
907.441310 1868.803404
1302.223872 379.298033
791.733481 1933.649847
951.080562 48.064106
960.093982 1220.517100
977.169864 818.388671
895.054755 1838.048365
1057.435544 287.835092
971.562929 374.081850
743.022996 1859.972905
881.121641 1991.568807
1011.402283 790.779647
785.969082 1870.845220
753.873584 1709.521996
956.871734 1932.969291
1082.458095 659.782569
1004.160221 119.430677
1131.808202 389.800931
873.395191 1315.305403
829.133771 1553.159700
1097.109439 484.762241
1089.212034 770.841323
854.674522 1601.070224
812.165815 1514.206420
801.266776 1468.697878
920.917974 165.382014
958.538559 533.560606
947.107119 1863.411857
997.466886 21.826818
790.730999 1267.741462
770.587088 1293.055944
566.863944 1049.936374
921.749831 1549.461316
379.264687 1071.120421
794.223957 1495.068903
985.650842 1633.025796
1927.126944 348.280556
705.048803 1130.608221
217.628472 1006.855936
888.687422 1600.628897
439.188586 1168.032422
1940.568460 108.251177
221.185467 221.290944
773.784823 956.813374
302.769633 123.439115
652.146932 1263.220825
529.141116 1213.040409
548.691652 1261.396947
1956.604174 270.298370
1160.440223 1663.394849
229.624254 1116.262425
385.915207 923.066949
453.562504 991.924910
778.491905 1110.519716
377.047927 1439.704920
1324.392048 1991.829976
344.732382 1491.800229
631.358219 1018.816205
601.552872 1146.995373
490.559906 1193.305322
777.224802 1041.644896
1955.051250 1948.431563
633.949328 1061.789520
690.291063 1020.945296
614.886398 1265.947741
666.031863 1219.978472
461.253582 1184.115415
1099.249345 1716.444193
660.769703 1245.926795
1070.141130 1724.639257
575.153800 1231.093396
484.759536 1352.197029
535.097733 945.887572
717.221120 1175.129147
607.534344 1333.184950
962.849603 1703.303075
510.416591 935.852454
1091.842785 1857.626158
839.607638 1321.108657
923.422076 1569.798617
402.461420 974.142180
198.497170 1035.572386
1041.771628 1746.459668
328.769286 940.382219
389.826187 1147.389531
121.682880 1445.948196
528.931093 1132.866192
176.378795 1028.590190
682.302106 1063.860591
472.174918 929.990353
788.839308 996.926047
1927.086823 1990.984060
633.357623 1294.731268
185.881474 1403.358709
1053.820821 1673.168461
299.036896 970.920628
473.831528 1142.275617
121.382022 1256.977054
768.367875 1275.224538
568.054299 1100.449792
434.208357 1188.441805
433.100213 1290.556935
984.361340 1757.108083
1383.224979 1928.486444
1150.185234 1741.356994
371.809087 1172.500455
715.408826 1058.475439
656.039093 1185.899552
737.091698 1264.062360
887.439696 1578.777129
1131.105723 1621.139024
412.879846 1219.504989
688.923876 1004.867876
706.369470 1452.250158
681.001653 1168.885258
615.845757 994.444022
584.540650 1203.466319
871.638688 1334.212044
259.251740 192.018632
828.652444 1546.412165
555.436205 1363.775958
1179.449761 1638.281609
758.871623 1486.636963
95.517479 1229.538138
499.230513 1013.449051
635.593754 1132.592779
1071.328054 1789.804005
414.579370 1085.371505
821.349982 1708.889564
636.509637 1046.343251
471.399785 1050.916655
144.086940 1386.940545
841.957976 1446.401246
1973.237574 1907.249321
203.852345 1039.877066
409.764070 956.828616
378.301792 1045.814702
1893.204795 27.969482
677.263672 1087.335077
883.722283 1691.567498
1139.904445 1694.958009
1089.199240 1758.969148
836.642953 1623.579468
407.846838 988.311432
1067.503041 1720.143671
355.942934 1052.031993
623.819028 957.689565
477.390472 1234.744977
768.105855 1527.091632
484.427412 1165.758877
598.710210 895.708154
948.093961 1738.422885
238.206749 103.556923
733.008929 1096.011312
309.696804 161.126826
604.770576 1074.598900
503.899403 1103.546853
548.692865 1139.841519
1929.344098 1967.593091
160.929846 1226.604625
550.382078 1166.422203
886.156411 1626.855229
145.858562 1208.880337
183.631610 1331.168006
610.892755 1001.664301
434.212722 1061.079637
223.218917 1144.537063
1066.197891 1690.230356
830.721842 1006.498229
925.034227 1778.035887
858.829034 1051.125870
1127.302248 1766.590627
453.995552 899.792138
494.230645 1201.025403
553.664324 954.995538
849.299608 1522.084867
735.113215 1239.641621
778.788515 1294.985577
653.573813 1122.988161
519.253632 1295.997280
488.362718 975.284132
469.847660 1082.896895
609.948031 1337.783413
548.166228 946.308718
477.538214 933.225112
163.906290 1457.665101
898.652800 1597.251049
450.440975 1313.085429
936.506902 1531.312879
746.830483 1163.541176
455.839825 1373.673303
661.801852 1186.916333
232.634502 1510.078020
867.581035 1471.899546
331.105977 1975.711916
379.939312 1098.369957
370.267687 1028.593004
1923.505535 282.447147
782.935984 1335.252947
740.375095 1508.100225
1058.030307 1850.060549
859.710793 1109.653817
786.843636 1386.020618
1003.683021 1551.666258
604.339274 1171.206670
714.042463 1322.062050
602.421807 1297.961358
276.910019 1050.953888
908.710885 1524.954883
371.263656 965.628161
190.306166 1139.355040
424.394988 1383.430750
839.168058 1489.786893
1100.638997 1806.088135
663.021937 1495.904434
295.750008 46.908966
321.013205 1079.763439
773.759686 1139.879794
215.693350 1231.878772
690.760597 1193.929126
670.948092 1423.287137
651.612941 1116.574554
1109.206541 1778.054843
695.505754 1036.424993
920.234186 1634.490323
530.638982 1035.371481
842.818551 1248.788778
422.988348 1235.748957
840.339096 1172.127554
1962.016398 1983.870391
737.262659 1140.492230
1106.451324 1607.378517
784.026722 1246.561138
1959.868903 56.575731
541.748707 890.215848
426.785995 973.325703
325.334869 1110.293225
354.361911 1301.066505
818.583283 1371.796458
888.146453 1110.510092
381.998428 1373.380756
637.592236 1149.860367
308.702256 1479.618734
388.543612 908.936474
460.123841 1077.069459
1004.432852 1666.611718
608.815633 1194.089399
263.357333 1005.595083
519.188914 1171.939266
807.300739 1085.481413
1154.124626 1764.811446
669.437837 1356.031854
234.398469 1023.517520
77.861324 1325.070199
943.169279 1691.898330
724.960100 967.719288
707.544673 1410.397305
299.332375 1387.172562
426.288833 1146.008702
650.761902 1083.970609
814.445471 1113.750965
515.826781 1304.316491
691.309561 954.173868
664.812265 1046.691013
1043.105861 1725.564393
599.263289 1056.785230
667.659013 969.703799
889.547731 1635.633319
502.245277 1242.635078
1107.551366 1655.737191
846.809449 1615.324557
1963.691376 137.292849
104.726943 1188.157442
995.519303 1588.732406
713.330322 1041.060052
1928.596042 40.664951
820.623459 1053.445716
738.819032 1444.153225
124.321336 1166.999092
1021.768426 1776.782800
734.099195 935.217913
571.822832 893.851409
566.274564 1175.946197
810.089163 1573.967551
990.373397 1789.672674
967.409642 1670.108485
494.517502 1016.223732
558.232302 1192.851992
584.578696 1308.844424
1937.344562 162.802846
245.127302 1047.011154
621.077193 1131.068317
644.068823 1077.725248
271.725272 155.024734
521.682442 1270.003305
608.043902 1090.453876
854.362227 1025.962590
865.001659 1205.173772
696.861375 1183.611530
916.350134 1718.972829
310.317128 1132.282032
648.694805 1351.571938
447.634075 1343.409675
871.722378 1504.952287
657.404687 1046.220145
524.827131 1269.634131
1929.411325 74.395262
659.134696 1389.825046
488.927519 1066.387200
1121.857372 1839.691086
355.323053 1486.379951
642.386655 1015.583489
698.503686 1347.659292
521.202912 1312.617474
429.298176 1125.002847
1076.573489 1674.477590
517.500157 1055.667870
707.295804 1410.206626
996.267264 1702.988142
561.463347 1296.150523
747.550398 1446.115917
427.255912 1015.977607
789.768008 1470.265341
241.358089 137.096787
394.019506 1304.619712
854.072656 1596.759433
917.267032 1144.320881
176.674027 1417.389225
1058.113203 1772.461826
797.644642 982.424891
430.152827 1229.574954
805.006903 1178.355533
702.873273 1538.893232
905.345103 1549.524114
233.633943 973.132888
1071.106967 1595.806091
572.871684 1007.416170
521.963238 968.295486
833.464365 1080.603461
321.878514 974.941951
235.027905 1468.482037
952.881175 1587.326263
518.617779 1361.982691
423.576238 1409.395120
808.099579 1311.441223
806.036074 1155.219049
165.834045 1110.071413
560.123039 1247.243773
532.975083 1098.313181
1150.605413 1796.237310
408.574094 939.314421
491.558235 1130.272429
870.596268 1082.443879
507.177186 1167.533314
385.500557 1514.116562
540.127174 990.756496
551.402594 908.030892
320.054105 1467.366122
471.581796 1451.179489
980.444087 1556.055882
1021.793380 1657.580959
408.860296 1053.936181
120.812202 1169.676614
193.280047 1320.048934
578.460891 1257.925971
1934.728595 201.245689
429.958299 936.539790
597.301870 1225.254730
573.788359 980.933041
844.310704 1644.754597
575.214849 1088.902076
759.805881 907.970601
614.015749 1367.866006
687.119403 1323.835419
627.769762 896.223738
691.625081 1087.978497
545.383425 1315.034467
859.230973 1573.270384
1181.201085 1760.462326
525.587879 1033.914073
289.867376 966.367478
691.896107 1000.307382
481.449737 1296.762322
1091.818179 1632.168437
766.081084 1137.293495
716.478738 1285.910938
471.326538 1544.372870
660.749284 1258.718938
597.024396 973.939426
650.949905 895.552392
464.048855 988.729375
578.148783 1041.317275
739.913831 1202.776453
604.334053 1017.478030
140.582829 1086.028743
720.732049 1472.072367
1151.957720 1821.585794
513.399326 984.068834
570.289234 1277.751460
468.161422 1042.287158
887.183182 1674.061849
630.126596 971.693110
597.937991 895.134777
1029.313035 1693.186360
368.023212 1002.831567
1054.488872 1557.086489
625.490037 1225.369834
451.440789 1256.335149
617.075570 1023.764640
797.668100 1215.174889
599.163610 1195.957170
620.005636 1307.766619
652.871805 982.116886
915.981356 1628.156943
710.924428 1214.871431
900.380759 1486.479839
239.150173 1446.713216
623.706629 1418.776878
828.075486 1494.301558
621.048311 1241.075774
614.482376 1222.444568
1082.408019 1822.402002
651.020494 1312.902790
161.536868 1522.113040
553.569592 1019.305363
326.460854 1361.721467
772.152196 1073.677652
785.931628 1437.140982
1120.188900 1730.742011
316.501303 1431.472549
449.882169 1505.819184
217.061069 1170.533287
522.660566 1213.259806
515.963375 1369.466929
345.823587 1139.360437
904.143482 1668.221607
955.917764 1566.917226
811.846971 1529.866546
413.944106 1345.049149
1018.533868 1617.348219
849.305469 1529.275583
974.518640 1601.892555
754.997826 1426.477531
516.918853 906.978428
701.955315 910.339477
673.711541 1387.556587
640.657627 1380.611250
515.868854 1446.065510
746.832303 1324.237344
724.067995 1007.507967
748.087409 992.752399
672.417384 1281.354197
851.017402 1588.359400
753.098903 1021.810267
624.111676 931.906425
1035.429408 1581.104087
1046.874368 1628.966407
977.659425 1823.542648
644.992004 1394.422050
929.837057 1679.344604
236.164415 168.274438
550.036241 1062.929174
678.233047 1156.316234
515.373952 1079.220711
800.488447 1034.788082
573.449541 1134.190088
554.716209 1182.412237
360.932562 931.361986
493.809616 1486.600303
810.881768 1421.095831
411.997033 1285.669338
742.885126 1056.445545
701.441676 1223.933523
553.958345 986.302101
547.931069 1514.353767
203.277172 1063.156098
726.509236 985.563617
830.434457 1672.161361
1223.822716 1761.011784
152.248088 1349.353304
1902.961770 157.286555
1123.590661 1687.742107
969.272279 1629.679738
399.518577 1118.412020
385.048244 1242.648891
250.653083 1048.605097
346.045194 1022.708456
698.460774 1228.004452
1972.534227 93.048801
562.954897 1156.283439
561.527923 1110.574775
1000.015487 1720.792728
253.109114 1417.827369
813.034311 1457.730879
320.798671 1577.826998
811.356443 1643.085796
812.960958 1297.298440
213.906193 1066.593124
438.292884 1104.388789
685.492627 1115.159564
664.492602 936.948241
487.228970 1416.906109
704.285848 1277.605601
520.895428 1145.401913
447.764019 1318.817042
723.430844 1368.559974
648.229290 1156.395939
1173.195985 1717.215150
1952.733503 16.342078
458.661749 1395.800798
482.755363 1125.106537
655.090179 915.145247
343.388818 961.522550
126.296845 1281.015388
773.233211 1189.618918
973.080849 1662.567256
840.182213 1713.995653
578.742389 920.833095
653.230781 1325.566486
422.298034 1443.639234
637.371963 955.037207
434.902605 1464.500544
514.737718 1101.875252
596.380489 1118.744242
757.306504 1368.753121
923.619438 1586.085769
674.085175 1320.939469
599.802345 935.238735
338.898610 1193.670236
1114.689516 1687.382895
271.856369 109.679162
1641.270929 984.084075
1820.197467 819.976820
90.915468 1283.079985
346.349379 1710.182661
1667.836340 901.089604
220.454246 88.699251
1206.078164 554.428733
335.070384 94.542652
515.705532 64.016922
1844.007851 1186.131889
1147.396989 503.445800
27.498379 1031.163287
495.986797 1755.037010
1828.817424 956.830428
226.949335 55.761406
1009.466159 419.328272
1585.631193 853.217690
533.411232 1826.763654
1840.642361 1221.122774
1198.345491 587.514628
1936.183453 1022.141987
713.429472 128.027204
1290.508222 676.174188
1858.347531 1143.087418
1195.240478 453.141844
143.506818 500.944781
507.132660 1842.337838
759.523571 193.883010
1514.916403 908.435733
239.098246 1605.536887
1842.041879 1017.629736
160.197882 1233.428016
210.161886 36.920864
324.659738 31.909985
1160.057174 441.197192
56.535411 1312.874590
1868.191426 1307.498508
237.899151 1484.607731
1695.632115 1059.420221
1745.951873 1018.555870
1979.571596 1367.143531
888.159034 245.007510
274.610805 1510.639094
1849.777627 1270.828741
294.410523 127.995762
340.183477 62.112146
98.969871 1338.079701
1908.287559 1048.306504
1729.781539 898.865698
1866.187349 1134.917359
59.449778 1037.188167
237.081700 1582.420085
1870.454039 1220.718817
759.266512 158.335776
82.603872 182.731617
272.782523 56.295388
15.759176 98.821463
59.696214 919.818883
1700.636385 979.611888
1322.511479 663.656272
39.710946 58.244451
1695.163614 1076.291844
122.135659 561.822332
234.007087 122.998569
122.416331 1315.089940
1999.594340 1107.951777
912.433963 331.404515
1710.165038 841.672195
287.597261 1573.398353
1744.500393 940.547333
79.807675 783.580420
300.499676 61.078430
1676.260120 1114.671726
210.250153 1482.692788
27.765388 974.483861
1806.059905 1109.479671
419.086729 42.983221
1824.362069 1154.437916
1612.086768 859.965217
146.069932 1124.640568
78.888109 101.779433
1937.728753 1254.878129
866.090872 272.077111
126.312640 1233.920464
642.567834 154.258814
125.304762 1397.735331
1674.237044 937.902134
439.046755 1831.512688
154.753812 458.196702
546.433464 84.307500
135.812055 822.409882
1959.504555 1065.635047
466.024149 1876.538567
326.297792 1510.379693
1910.005778 1126.524692
176.402462 1361.485687
1798.407816 948.891466
1797.126754 1297.794775
1762.846692 1220.961098
925.171732 260.143972
144.341053 673.986226
1640.681970 924.774753
392.237707 1660.028940
111.836638 1056.839041
1656.265349 861.427363
1782.536208 1014.140265
448.897712 1736.457789
84.873594 1206.515874
1880.394262 1346.657353
5.996998 1399.883005
14.094667 1188.920040
110.694230 1120.030919
168.086960 1337.661546
306.184654 1492.429266
1719.666373 1148.255127
1967.625647 1038.668308
1165.477175 536.833993
203.000330 81.275111
14.837021 1069.825700
1613.542396 1006.998077
489.021094 36.348465
118.365686 449.260890
1577.160615 982.733100
1535.953353 840.765568
1790.726751 1168.677589
1177.136450 571.486443
1949.073259 1255.183708
102.136043 130.249130
1730.402276 1070.474586
1769.744419 984.057680
1892.901076 1169.608669
955.895383 285.697899
1612.948438 1044.786394
908.285111 376.180562
85.693939 554.845785
49.012137 1246.153284
141.406730 30.054139
1813.225320 1033.264211
1796.733659 1169.917787
820.000166 240.355520
1835.299223 1046.895785
1833.629632 1309.332518
140.201661 802.001933
47.443089 1251.636348
1932.850100 1296.347353
84.278080 947.799999
1727.561535 1126.959617
452.001009 127.619280
1802.826399 1069.400886
266.066816 1428.594120
72.457058 1158.957098
1756.792858 1165.075540
35.068470 126.512521
1240.333424 536.277752
978.698830 304.295507
220.746461 1442.103332
1800.889440 1130.110647
1992.999894 1294.326731
412.586424 1852.364979
42.203310 1173.977898
298.902025 1534.545742
854.183897 307.594768
118.015189 1099.582872
1056.454105 368.996809
94.280581 1284.595526
1252.685653 625.785066
187.523437 1398.931264
1765.795554 884.695706
1815.839977 1346.601425
412.549407 77.167623
195.763183 118.481728
1189.948246 664.801067
1265.862939 560.668578
1685.824000 859.362587
680.815026 41.206541
178.751376 978.024731
420.585370 134.000972
73.297743 1115.011885
402.313874 1718.490560
677.247697 135.757529
356.467251 1771.350772
638.425061 112.930803
105.898927 594.706470
74.113748 1188.751913
1797.530431 930.784248
20.382352 1258.828643
1769.545831 974.082653
1850.411315 1078.310801
97.498742 50.263227
1639.957890 903.363039
287.831280 1459.605803
1782.118237 1006.340956
160.551891 853.339595
322.349650 1745.706586
1173.324154 603.532355
1945.113822 1368.082034
127.846599 1064.400433
1322.062027 628.518208
184.677323 1110.590978
215.803950 1562.066538
1215.940910 484.377059
1951.250291 989.760961
1978.695551 1193.100474
359.926487 163.394599
261.362635 1547.023639
575.163648 47.507691
143.206245 976.638895
1806.709594 1074.660345
377.965509 1692.556267
476.366053 1827.958690
146.993789 923.363555
1647.994764 1023.401193
596.609311 69.862764
860.411136 337.176306
0.081645 1218.397426
174.277218 52.696793
1227.839801 570.327456
513.913329 96.732044
175.845200 684.096866
129.471673 1278.549401
1765.005675 1125.988990
954.946573 329.527072
690.780438 97.736215
1439.180918 734.622868
118.954904 945.583139
1997.231893 1118.142055
162.737888 1393.696029
586.397403 101.522921
116.411319 628.307432
62.206333 1344.217165
1898.586471 1288.427267
160.050485 1296.203136
1103.373114 467.600598
1272.099725 596.999774
150.653321 1457.737773
1570.277971 913.502278
170.847540 1995.085791
233.251317 1647.186344
455.802632 58.266536
464.633946 62.508468
62.060169 1050.025078
385.361865 1748.383952
1689.481981 1139.494135
1485.996304 825.518820
53.212803 996.276434
821.734791 206.173441
179.118822 1537.253762
363.824549 1505.734701
15.497651 939.252475
415.481181 1751.417241
1504.444381 795.689192
144.035699 1009.454264
166.403003 1428.261651
1695.171309 1037.882826
102.548411 1156.735913
235.521448 1409.155650
320.229612 1640.848095
22.480568 1306.448052
1026.086522 450.313503
1925.550537 1104.031313
479.451854 1935.995608
789.951325 215.497787
1769.087768 931.111436
639.907467 207.663919
17.824052 1330.794661
1921.781045 893.029078
1772.407415 1088.889310
80.616234 985.027093
138.139716 113.274072
356.606443 127.380725
152.562886 535.031850
209.757595 1517.783176
314.401258 1978.515955
124.312694 892.283562
501.167431 129.087766
91.361918 936.727707
325.362018 120.012024
1723.211072 1010.470724
1866.244497 923.806667
321.624372 1906.693827
1945.402171 1322.481745
1051.209593 426.539228
272.308747 1478.713630
1801.373082 1020.240111
111.141011 664.256293
1781.816695 1257.466951
888.554195 210.906263
1827.249326 1313.780778
62.653920 1137.441667
750.038394 125.232426
1948.934570 1214.012344
1916.640419 1248.227459
1907.449725 1128.828055
1857.066587 966.446399
1774.929395 881.029668
201.319437 1333.922316
603.409758 135.905736
569.308451 141.452323
786.531230 249.726388
71.146203 1212.202178
1881.701563 1217.692185
162.278777 1052.335419
1803.276765 860.423926
44.862000 1278.152599
1584.723212 950.053915
829.028686 259.374949
105.139613 92.916551
48.926778 113.010132
119.844119 775.594350
1762.343480 849.766367
1008.790151 374.176846
270.562993 149.278951
111.408982 487.560962
1983.954225 1261.398843
1873.304918 1000.604305
1685.521896 1013.299812
1986.793218 1029.816114
1654.564014 1064.046613
252.663317 86.010584
1106.693455 388.994821
1829.286224 1168.215140
1036.612242 397.627358
560.500907 73.942894
77.381017 661.742012
119.883651 1209.445572
14.577312 1217.651208
372.143908 1658.387170
97.914406 696.855167
1700.094865 914.300130
258.431711 26.800148
81.339329 1325.347272
1563.774826 876.278206
219.036587 1384.872801
885.865104 311.450294
866.632177 276.388071
1524.169855 849.392817
1871.914057 1246.335333
40.362998 963.265554
38.582457 1133.529500
1739.754146 1036.849117
1139.629381 466.836485
802.320462 182.234462
26.643010 1145.482679
953.949644 240.878228
28.388068 1058.541939
1741.653081 1215.804821
1008.847148 322.512572
1609.693942 828.432494
348.039455 1874.486561
1857.104608 1189.005824
341.782203 1674.843066
1422.973597 765.235567
1241.013486 460.506000
31.775059 1139.440121
1972.492160 1196.093435
679.488607 171.768566
366.230226 86.335267
418.261318 1803.145053
106.637197 1372.643047
419.588951 1687.703161
1905.979513 1291.888205
1770.730945 1094.844027
1939.841029 1191.063886
391.687946 117.451788
138.187062 77.473982
1798.062254 1046.053876
1030.356003 346.598651
109.732257 791.463974
174.921115 812.796491
890.480790 354.597581
1896.520435 1052.082785
134.970559 1000.359508
325.743959 1603.641658
390.795227 1773.895618
1172.441648 479.018379
290.693837 24.615493
1740.979593 1123.491002
110.964693 1132.158205
721.926013 83.522144
1193.015974 514.350052
1919.184929 1220.185808
98.116243 742.650074
1866.786116 1096.755867
440.331595 1775.711364
1907.404067 990.115949
111.935769 533.982175
1287.069824 633.103495
900.778334 285.407788
673.126429 104.636843
1824.493556 905.300444
123.017184 528.496692
140.286248 1365.498537
1998.489243 1070.529344
1838.969412 1219.220524
57.133711 1282.110717
1504.400711 874.806946
39.215579 1168.241070
100.613024 1031.448996
89.717418 891.059397
143.627146 589.784429
79.843819 1101.656699
1741.770471 1091.822870
1348.277588 693.933657
1904.221477 1258.038683
44.174556 1089.440271
1690.895228 949.964992
638.222473 77.377980
1707.053351 1178.877078
244.475648 1516.770460
293.055622 93.116374
81.629624 1244.417635
1972.328247 1178.514668
138.308114 1153.698601
1820.460824 996.172093
981.407411 395.933903
1744.142280 1271.323171
383.135038 55.443707
1389.916432 723.217702
56.981631 958.009590
98.243160 825.575600
28.817371 1235.177007
313.801120 1432.039369
516.429105 159.449572
57.037526 828.791220
1883.974216 1412.110012
1804.648657 1211.090585
1562.598449 827.104225
124.949282 720.435255
211.657966 1435.764250
129.482751 857.608517
607.811225 166.512625
1882.181345 949.063507
114.324037 1097.027348
1836.175597 1111.915946
1077.738044 402.334779
1655.451451 1034.057171
669.123203 68.354616
70.409937 1006.237726
1732.576508 974.355883
1199.939824 620.612430
1606.121925 910.118665
1731.715555 890.804652
1852.449819 1073.933878
1975.247501 1126.265308
1954.392320 1131.583149
113.219927 1188.501887
619.194106 43.346671
1976.579523 1346.573328
189.910829 1463.180903
917.055600 224.551623
372.567784 1787.430642
80.452034 1071.543394
1758.772044 1286.292046
150.128992 961.918127
354.880873 1635.552530
381.613753 1867.992747
1600.157361 894.976787
163.971801 1502.571218
1727.180562 1263.638495
1916.029101 1335.439574
522.582617 29.882969
965.188701 364.583084
1931.805398 1174.994046
996.364063 354.046617
30.657130 1107.530647
1762.616295 1091.088000
51.275479 163.207023
1860.441038 1031.692248
453.427405 92.671980
1979.864932 1134.029297
1083.150940 345.307238
1730.700201 996.887590
1848.731226 1049.694685
1925.287400 1083.207352
152.694932 1203.986157
1086.838903 436.971711
824.679776 298.195376
1825.252544 1271.649093
50.288191 1200.632078
99.625768 973.088617
244.346812 1446.594315
152.594020 1333.447313
357.767222 21.581166
1792.771227 975.699075
1474.106148 738.256124
559.217011 110.113498
1811.306524 1241.924370
415.899983 1629.131155
59.281878 1386.697830
82.392811 1249.844198
23.049441 847.318920
928.088860 359.497490
1620.507206 955.305688
1661.071429 970.444354
175.031477 86.716922
855.160929 232.872566
1674.508846 893.757295
1974.919992 1089.906780
1679.933792 980.872618
1766.611687 1057.142802
