1113.553680 1682.939598
1982.057953 809.216606
1269.548022 1460.945080
1312.786999 1435.134487
1803.071867 775.864653
1233.613642 1310.699159
1446.160663 1179.213317
1891.163065 668.813478
1989.376049 671.153025
81.007324 826.090847
1948.091358 656.891136
1512.715885 1074.695594
874.281168 1671.476728
155.830531 790.785083
1172.989513 1216.251529
767.420011 1915.177633
889.843216 1976.527920
1194.415113 1478.187852
1142.973318 1352.200872
1977.524170 724.388537
1163.634747 1414.762439
1026.063684 1681.952111
1998.435324 824.478705
896.687899 1932.636326
1346.576613 1306.649329
847.398918 1810.649838
902.466088 1780.958519
1149.044493 1463.158666
1379.208114 1183.935918
1538.009970 1002.741569
1306.141775 1111.918593
1985.211208 737.544907
895.231947 1821.317542
1262.842940 1200.005031
1191.152880 1357.848680
1237.394720 1284.562202
1693.600394 816.221246
1276.825671 1117.384940
1447.026973 1218.142316
960.414743 1698.967518
133.492688 817.083477
1191.018036 1462.479865
1161.533088 1180.912956
954.858800 1668.441077
1059.296781 1592.075150
929.529736 1531.509821
1829.388286 804.258960
681.805877 46.374688
1148.461193 1433.254447
933.511614 1412.455427
867.682747 6.259524
1806.783497 896.070696
1272.938320 1268.420589
1043.848736 1594.297958
961.804112 1541.337894
964.726501 1436.504337
885.729302 1749.008650
27.839559 737.691735
1067.864660 1542.445635
1036.818298 1275.747784
872.454159 1410.104359
1850.028581 841.732921
1777.011455 875.852122
1408.336160 1152.300503
1579.131436 978.874535
1959.876595 830.946709
1989.532177 701.381747
1305.880780 1179.348858
1112.595846 1537.019067
1323.481248 1355.475758
1065.042478 1425.771789
58.886341 789.319359
1190.133313 1368.617255
720.376457 1963.822528
1500.466921 1157.373990
1230.974366 1414.443930
1858.835488 804.035311
1192.485349 1573.276290
885.156703 1691.258729
778.299344 1930.764496
917.392117 1538.193064
1116.859943 1278.329805
1594.958150 1075.179637
89.391517 705.158063
693.847875 1915.171755
1660.860184 809.959137
1247.505912 1197.881575
1473.993343 1037.427568
811.761154 1867.931880
918.247653 1775.425169
1245.993064 1348.835968
1098.487794 1437.722904
795.742144 1996.091695
1060.896747 1725.422312
1175.340176 1329.698426
1655.922393 1012.236035
1462.949944 1155.712407
1220.433732 1325.603908
1166.328068 1263.243669
1029.840221 1498.190745
1938.280972 763.760389
1154.108148 1628.644332
1017.870269 1625.831856
1095.908487 1243.738705
809.409953 54.280546
1042.672569 1565.702053
951.611549 1525.079492
1250.688226 1272.242289
1347.412061 1163.276872
1985.767224 840.801763
889.526611 1713.207144
1438.187335 1074.740839
1686.380736 846.037643
1879.322494 610.949109
923.581512 1716.694744
823.758265 85.783109
1398.002758 1189.665432
1376.215762 1136.797196
1336.706056 1434.336199
1828.919142 822.176543
1278.868170 1287.431464
1807.162668 822.568699
1363.687402 1327.254437
835.675226 1732.868131
1410.031564 1372.148212
1317.646221 1162.655479
1672.518442 1057.256055
75.950957 882.117326
1209.357886 1211.745036
752.988956 1867.010189
1706.925868 880.609981
1193.053912 1278.418575
1553.409516 1073.970226
832.764852 1711.152210
1000.004629 1644.521849
1669.302010 907.774575
912.328503 1746.441737
755.740693 1963.628557
1434.080227 1178.023565
1323.559210 1335.862002
79.754804 698.691829
1241.060808 1365.393051
1059.807550 1500.627101
1736.311230 902.394122
1163.506081 1474.687448
1428.978456 1120.746380
1740.218881 829.982586
1243.387827 1475.927989
1807.219118 957.143772
1643.196169 844.581696
886.587959 35.178975
1229.361869 1248.690021
1761.013086 860.318035
1912.952028 769.080080
75.479099 734.954589
1113.271559 1445.398703
44.758633 694.274608
733.945114 1828.251279
1311.243689 1140.730158
930.288805 1615.077808
833.698797 1779.336068
1848.801806 745.991056
1204.279887 1391.890656
1793.187944 922.112376
1914.670746 851.533516
882.604970 1757.644525
1360.582504 1255.019064
1584.087121 1115.675323
1349.500083 1157.135184
1371.333556 1220.129766
1217.748163 1311.983233
906.882056 1852.071883
1137.739943 1498.359254
967.493354 1321.581324
1284.142841 1489.950484
963.316041 1579.840423
987.227201 1514.839014
980.119601 1385.360552
1385.272814 1345.335814
1867.789001 911.852838
1230.020996 1444.678481
890.544606 1894.547703
1645.077257 938.647929
1058.368617 1371.363694
1120.280268 1184.180699
909.018910 1657.032115
915.936034 1640.270725
1596.362434 1040.512111
1841.333866 650.548095
1838.671119 714.295130
1827.331758 947.635604
1079.630033 1466.081373
1151.700889 1304.167046
655.332611 1935.481536
1063.888808 1686.845101
1728.092514 866.058014
840.159341 1927.283977
1404.553984 1099.366577
1887.420269 830.528803
1959.703644 752.599917
1799.373384 711.515288
1900.103801 890.790533
877.926554 1497.354821
1172.678434 1511.333575
1215.133369 1151.841632
993.197390 1559.372186
994.081645 1605.024482
990.515847 1738.628833
1226.984127 1548.512175
96.724552 732.299094
1098.426707 1317.375375
1773.219983 718.346802
1036.157266 1679.686136
1688.909191 1006.125555
696.474941 1832.457163
889.311828 1614.699046
1060.959348 1499.315507
948.659068 1838.211355
856.160464 1885.039144
5.384414 866.037680
1402.862455 1323.946774
1953.279762 859.880530
963.144901 1625.896412
1969.106940 720.131631
1958.542285 670.686087
866.904162 1839.643768
901.372305 1571.745251
1280.578714 1322.662203
762.024560 1616.552934
1501.441882 1116.592814
856.374508 40.310431
1127.942263 1337.882718
156.062614 749.857266
1335.690254 1196.917615
1128.761303 1533.904511
1902.674908 782.000368
1300.974598 1386.272480
976.488314 1643.646529
1228.552107 1399.927759
931.725244 1935.828954
1886.723461 745.636297
834.011944 1677.776479
732.333092 51.055254
1746.273904 970.783148
929.819172 1724.153103
1120.842278 1390.907836
1192.119029 1406.169318
975.098330 1542.984843
114.441907 781.993471
1712.736020 805.165579
1147.829183 1228.424504
874.708656 1936.725020
955.985057 1707.157785
1630.759240 1056.213723
1757.326772 895.280890
1289.712248 1151.800781
1621.963599 914.392905
1221.174762 1086.488033
1355.784104 1280.844511
1378.327887 1173.970332
98.068570 854.620219
1059.637338 1331.092373
832.983045 1895.208993
1624.248629 982.743199
1196.776379 1326.968595
845.533599 1545.739375
1752.174935 795.061299
1824.462868 859.882713
1240.949084 1119.136750
1007.145330 1476.432154
964.888515 1603.771801
1291.635680 1310.565541
1134.065914 1634.120157
1995.630340 669.316016
832.192921 26.497166
834.501617 1849.328539
38.942375 829.478215
1919.877961 741.408800
1779.491812 850.864684
1665.798539 872.964630
1017.485783 1545.196172
1774.236769 829.673246
769.527826 82.187170
864.421684 1575.376397
1084.757300 1282.346944
1020.953249 1833.468865
1862.634939 691.590705
1268.435475 1177.387982
1494.942995 1197.392571
1612.454435 950.325990
1537.984447 1104.773968
27.902620 782.791036
1101.465278 1363.547160
1830.061777 859.566067
1033.512335 1454.440343
1058.547416 1406.031587
1884.477963 720.414221
851.395667 1752.951802
1094.659969 1508.908378
46.629150 907.999153
1066.232181 1729.912262
1601.690995 1006.374780
1225.013106 1263.141756
997.423299 1784.115646
815.239032 36.123205
1250.167862 1208.007066
951.411153 1434.224222
952.624688 1646.901256
807.405101 1588.185741
854.456403 1618.341045
1792.169182 995.387531
1375.915665 1081.152670
834.483136 1971.003802
706.532216 0.016545
986.356044 1448.009452
23.974511 692.830061
1389.600931 1115.506696
1913.659122 660.769877
1766.598014 760.990003
1815.215791 889.579749
649.979169 10.059312
1763.312592 916.074190
1931.596377 756.813995
727.696297 80.282621
1098.707445 1600.248237
132.039639 745.299837
1264.408989 1400.455615
1041.766070 1453.415455
85.947231 801.172715
1419.614009 1217.399765
1375.151098 1207.714808
911.338439 1496.868764
1029.454003 1706.007376
975.918230 1543.086280
1890.558269 781.077625
1348.893017 1359.460780
1158.906285 1337.361293
1410.584262 1152.551495
798.244538 1658.846228
1294.042880 1213.287434
1031.386079 1531.906951
1151.648395 1394.010899
1207.520723 1358.040908
1779.231973 793.222353
1089.352414 1412.730082
1874.674789 810.921962
996.619751 1514.390829
1133.887667 1606.378071
1911.360469 688.733579
1745.590196 816.956552
1671.152666 949.288352
1745.115436 928.613344
1253.062239 1147.890160
1128.287528 1254.150490
764.360167 1706.103685
744.291770 1786.468384
1125.944906 1403.299579
793.165861 1802.463548
787.603644 1727.137788
1153.041981 1551.557601
1321.898106 1274.750855
1696.618491 904.613607
1045.084307 1660.168402
716.923496 1861.599105
1494.440967 1122.508231
999.186836 1620.922101
728.490565 1926.599176
787.032549 1874.075182
858.171105 1845.532115
882.469606 1540.797819
1006.715071 1393.607403
1404.876200 1285.057610
1009.042615 1775.128560
946.409317 1379.424988
1007.718158 1430.875581
945.843531 1757.179331
800.742770 1836.244297
1390.506048 1302.080997
1195.668041 1440.249415
1920.573265 801.647997
827.095670 1673.622351
1297.775504 1403.706564
807.881566 1748.498518
859.608237 1716.164001
1633.704298 1021.152783
1407.301436 1222.546188
931.590714 1683.025223
1934.068320 714.951079
1253.723075 1444.852136
1339.372698 1206.346527
1169.521451 1117.145057
1948.299636 801.974477
1014.104754 1355.740367
1050.341959 1639.311345
1449.465623 1118.108074
1469.387112 1175.087043
768.242045 1835.543234
1269.979042 1239.721410
1288.771587 1354.529470
1093.378849 1718.998445
1089.898823 1477.026748
913.181698 1658.575868
1893.504906 926.486236
1122.860421 1468.916474
1835.391475 919.227323
1250.603520 1529.074865
781.377041 47.812003
1705.066514 977.149254
1509.412614 1026.136150
1203.432550 1292.057512
1096.964350 1567.756527
966.524993 1483.896920
1960.222018 642.300731
1827.575037 687.401412
1698.669280 938.341060
750.134850 4.719146
662.153068 1831.059413
1162.395385 1601.320342
1125.828850 1478.531041
1075.853909 1764.845058
1884.741591 647.034493
1812.061575 731.132874
1719.525153 930.559408
1778.637232 954.112759
1839.424461 759.068580
1214.937466 1505.576714
799.801323 1910.040750
784.618635 7.516723
1901.221624 628.589470
1569.810528 1018.181865
69.044579 649.958703
832.428786 1657.896489
840.340353 1604.158717
1264.120891 1231.806147
934.942718 1577.875134
992.057108 1694.901788
1459.604587 1273.155236
865.000037 1787.816102
1006.850053 1593.474899
1845.620326 883.371860
1100.554298 1576.809252
1665.999870 979.324834
1340.620368 1470.327953
961.848031 1788.296611
1193.248534 1440.497534
982.073753 1749.230935
1540.800189 1040.305664
754.763133 1744.246047
1102.827327 1648.608651
1729.367437 767.885777
1346.343376 1098.278638
629.101255 1902.752833
1146.405817 1419.194537
1273.034664 1367.647194
1405.348410 1256.783882
1062.890532 1545.746733
1144.883647 1250.945730
762.243876 45.944959
1999.420963 747.372149
998.676296 1664.947039
1470.715201 1098.307543
1311.803473 1245.278498
1024.198309 1490.520628
1943.384580 787.049642
1080.480320 1374.160117
962.631223 1906.315142
965.540111 1687.026092
1312.099189 1250.306775
1351.387793 1245.814861
1904.019259 835.883257
1054.782840 1627.720365
1301.431084 1208.719279
1190.689868 1546.864934
1922.360975 736.093075
1061.427442 1442.301677
1792.560628 669.014093
1180.658424 1242.975557
1876.488663 868.077265
1368.355979 1135.121485
1156.932458 1508.618954
1158.683638 1301.930004
142.563812 803.159312
1295.813518 1281.917432
937.055621 1686.839869
1189.012305 1190.677404
1900.376028 800.301457
1129.782225 1334.964492
1188.395883 1316.911456
1144.695922 1552.113076
1922.272700 619.545835
952.093494 1647.885011
1098.902528 1356.957456
5.819018 726.361542
1024.053896 1320.855862
1988.246548 782.617406
74.975640 753.952963
1860.196996 758.368857
986.421277 1645.234730
1534.683331 1140.248212
1609.108810 846.447134
945.675157 1761.124980
1044.360472 1602.129498
1117.344303 602.249818
1154.081765 1281.388489
1092.251024 480.137231
977.830488 1442.571178
1352.944735 375.653619
1187.292562 55.138743
1254.475661 642.697191
1214.164232 392.505598
1220.434843 1771.274404
1146.157021 1954.750202
1038.001295 1260.044056
1240.502767 194.723471
1321.467031 1774.711583
1050.113287 1776.407409
1264.121511 256.618471
1244.317709 1052.076018
1126.768570 346.756536
1142.418084 1646.458017
1244.117967 517.414195
1155.388840 584.570131
1082.723162 1217.683153
1162.328951 1712.096366
1282.699459 1780.315627
1136.357627 1117.176158
1251.586849 549.786713
1152.917504 427.470218
1123.920454 242.604696
1211.543613 20.565252
1072.650678 139.185844
1213.177994 1732.601658
1174.126399 1402.675507
1129.496667 116.669067
1123.491453 1703.694520
1194.983449 1446.815430
1241.837220 1481.648624
1203.444766 1795.468241
1254.023967 1543.996643
1219.447876 579.764241
1173.215997 1364.932080
1171.378143 277.758674
1186.757828 1080.544363
969.497521 1237.383942
1061.999516 1485.499438
1325.460802 1641.897820
1036.967058 1519.336358
1144.241179 207.879334
1277.459954 577.589230
1096.601950 150.373298
1223.429919 1015.005353
1205.473941 1396.946831
1144.476316 1385.207662
1049.310511 1376.646529
1196.443119 1817.077864
1367.180409 1835.762472
1096.801103 1734.697909
1198.707659 471.741141
1150.965835 894.814793
1235.140806 79.892860
1282.001357 16.770291
1120.389409 1452.759802
1233.046901 20.271178
1194.849293 1745.044909
1107.436612 1334.899867
1252.168823 1638.030594
1174.944124 1214.694746
1300.562134 81.289393
1063.316370 1424.668412
1208.885471 960.838959
1307.871022 417.705556
1042.796726 226.285030
1102.958732 1294.272935
1196.039691 438.497677
1229.377335 1078.314975
1272.132714 69.221365
1166.740223 354.657874
1028.140423 1552.175982
1128.746451 923.070556
1352.950017 4.046308
1216.855262 503.145147
1321.282035 1899.721409
1364.353563 1986.757484
1233.667485 5.783653
1055.977268 466.756981
1278.670586 290.130266
1141.731522 1549.372708
1073.965003 934.086609
1174.741503 1515.121478
1137.121253 1057.584607
1313.561642 1694.058079
1224.841050 1605.760552
933.211922 1167.810854
1166.231072 1612.785425
1150.692140 1288.150697
1276.602930 126.703229
1140.995923 1580.735709
1175.098325 300.227016
1050.821465 1194.543998
1190.056599 984.469242
1182.609413 519.439385
1175.846191 479.368046
1331.221419 1788.310051
1057.816659 1233.060412
1222.732419 1283.166937
1067.580004 1874.230232
1126.416226 62.660061
1230.340794 670.353902
1173.082379 193.367899
1179.993701 1182.578999
1107.159071 1626.116828
1247.593260 409.820446
1085.348129 1116.011766
1148.668036 1608.944547
1202.333809 928.524391
1206.575493 1483.221041
1331.634558 439.170885
1172.087332 1724.099545
1251.493049 56.620739
1040.764858 265.265696
1155.524412 1861.009908
1114.668570 1080.066694
1193.922099 1541.991569
1384.044349 511.510607
1091.974182 865.047217
1213.412699 647.272969
1299.396436 554.146819
1081.010289 511.512126
1127.635394 969.696060
1112.882965 1369.172950
1239.389160 1919.362746
1114.414812 429.970171
1109.968630 1174.358971
1278.137113 676.210439
1089.389352 1186.768591
1253.254230 1269.738116
1211.799572 1731.378195
1163.058457 1251.295569
1255.674854 1927.446950
1145.742804 1643.402323
1160.555865 964.262600
1077.505101 1601.832430
1121.880330 1808.743571
1186.535975 440.984708
1127.600762 1236.382043
1179.915755 1125.265427
1249.545670 1757.826790
1320.225149 114.540825
1241.892645 1090.755984
1250.413553 145.341997
1107.803488 1510.526762
1172.207789 1569.044923
1088.022375 574.948259
1195.958108 114.708501
990.399526 1314.657999
1039.492037 1459.105963
1177.452360 381.954906
1137.929546 1503.655810
1061.632886 1227.065015
1383.500986 1963.531983
1190.566724 1231.308517
1254.585512 379.120539
1156.505416 62.872441
1240.590048 958.772650
1059.260258 1568.984679
1177.668978 143.926336
1259.028949 1178.563951
1136.241112 1813.980242
1204.179392 1937.586762
1103.428746 1869.757107
1077.428410 899.288419
1060.288043 246.646729
1222.017430 1145.921899
1064.946148 1792.892275
1029.376807 1128.824856
1005.327267 1087.361435
1008.312652 1496.893936
1104.644290 1947.522625
1172.485589 1048.231551
1166.965089 240.635155
1035.523312 1298.964259
1023.200413 181.041879
1119.268186 1010.299868
1071.948401 1042.447859
1098.113670 1544.377824
1162.962646 1818.605108
1319.931866 630.544912
1242.817508 519.328035
1313.833636 1858.210679
1171.645893 1830.169847
1156.841398 361.134142
1165.952480 1324.222086
1076.009313 610.279562
1132.545550 1740.547970
988.086549 1605.837488
1093.466211 1293.226946
1091.518892 1246.056053
1289.160313 329.245551
1276.280439 1814.199152
1104.016348 210.548637
1105.539016 1652.914400
1179.953048 1141.968984
1136.745775 1785.525339
1140.697376 156.334570
1093.955167 960.518764
1090.798765 263.505058
1139.260379 377.369886
1067.652089 1532.722491
1051.074270 1846.543635
1216.893116 1573.600663
1059.161721 1049.642377
1228.529651 1886.304784
1203.049570 1917.197545
1146.402422 1174.867994
1115.933478 1476.609427
1244.491813 1728.328019
1032.175199 1740.831428
1337.839033 1943.759029
1280.152260 557.330483
1040.767486 502.110296
1208.645299 123.624127
1227.716928 1218.658440
1244.251442 307.113786
1128.273006 166.414833
1209.906597 301.338366
1144.765030 1144.625306
1114.962542 312.818381
1135.780463 267.092137
1114.881052 906.337640
1118.081245 1404.661433
1155.974747 1520.923264
1133.971317 1246.567450
1219.638315 203.821422
1293.135260 399.285556
1233.481196 339.811178
1090.654673 1579.889445
1074.556446 1343.152587
1234.559474 422.522815
1054.635466 974.257580
1125.066144 1580.414380
1001.086439 1245.501613
1204.341764 739.398295
1143.914046 298.588546
1110.910043 295.798531
1196.792403 269.768844
1017.811194 1401.560371
1037.822390 1017.760788
1275.438919 43.327104
1158.354459 1986.242226
1016.922255 1632.134897
1126.685253 465.987801
1086.226279 1831.541430
1122.242973 346.053504
1041.095445 1301.649412
1103.889098 1805.955521
1127.967231 596.999167
1089.676404 1449.080020
1131.696077 402.235678
1144.770683 1342.471413
1105.747063 157.175395
1290.132894 1910.738073
1319.571741 13.306619
1171.015893 1495.481136
977.949078 1284.054228
1000.811032 1527.747814
1136.738323 338.526672
1051.301543 1646.884873
1099.169959 112.484739
1023.971719 1055.967582
1149.970509 714.498737
1077.944779 294.657988
1154.011381 841.767790
1250.997681 1958.218716
1000.293252 1220.251447
1214.947647 1852.777855
1072.347362 1316.848056
1196.020876 357.166765
1244.588770 132.499325
1218.096276 1813.157447
1107.735560 1771.697060
1112.925974 821.617323
1139.196426 1207.075839
1183.451171 1667.023178
1211.583744 628.801266
1197.531380 1792.091946
1170.171617 1705.758159
1275.368031 1952.581136
1079.448782 1696.882577
1210.499474 700.157831
1284.974073 37.902320
1203.264542 83.187673
1324.830230 37.812340
1277.529111 1972.535739
1121.284178 531.996432
1259.971058 1860.081905
1000.662239 1726.749876
1062.858022 1746.500474
1009.953176 1772.275478
1191.381505 1649.108938
1141.860094 493.102321
1017.454179 982.118147
1198.436530 1319.979617
1290.709847 458.231662
1095.093552 1311.357392
1131.408379 1742.197823
1090.757196 1457.817222
1172.560656 419.351509
1190.729723 178.487898
1287.535086 443.030378
1167.339865 629.183129
1172.886056 1936.858352
1111.419567 378.808098
1097.891057 1229.062908
1217.833515 374.718015
1210.306654 556.714908
1304.943520 1932.526514
1310.709340 652.026028
1271.288390 1833.107644
997.343959 1343.276193
1264.511237 104.267741
1244.668848 1975.052420
1213.298090 239.669416
1139.300432 947.341882
1037.087081 1098.565211
1107.677316 1512.925070
1252.043939 1859.796314
1112.752408 1166.498436
1160.431262 1031.510157
1256.497810 1583.031852
1065.786078 1114.982636
1060.895531 1146.039833
1187.944283 231.435506
1205.168609 288.431773
1359.422507 537.367369
1165.682481 465.642427
1390.010790 600.590887
1225.647164 446.825506
1230.946300 267.804358
1177.129893 123.736118
1146.694807 441.044566
1219.037730 1056.428767
1136.687372 634.770821
1187.168388 1586.674653
1123.417184 652.465701
1076.955573 263.000413
1350.490791 501.959609
1172.497756 1418.510535
1280.023002 15.601855
1136.610021 1314.421554
1231.335744 119.975314
1188.789768 1971.487736
1174.995347 691.268911
1118.050972 1128.614684
1146.659876 1551.755515
1161.789494 588.156050
1074.529164 1518.789731
1177.428237 1855.186752
1161.525401 84.769289
1176.650820 198.336896
1238.974678 459.049108
1042.624559 940.744146
1133.445062 1883.635834
1230.061984 1885.680891
1246.760726 1717.127818
1088.895917 1426.464552
1077.336237 1151.207963
1151.789087 1093.874586
1169.057714 1234.788221
1273.758557 1751.373609
1171.700931 244.665914
1122.170697 1277.188658
1175.725962 1066.189926
1232.942793 1520.700954
1103.871006 96.682825
1214.561375 1974.956509
1318.605258 565.893629
1238.655327 1676.404530
1113.698610 1082.169526
1255.011291 703.855506
1330.217103 20.996806
1189.203000 557.851751
1228.971426 901.080117
1081.515575 1176.739765
1106.822612 989.777506
1199.660786 1630.455782
1287.491869 1655.203225
1138.102390 558.350543
1305.934238 1809.924045
1225.472475 1658.110601
1269.343407 173.633125
1047.932972 1123.460592
1281.434793 209.476210
1177.525288 154.525640
1123.438960 1690.912309
1285.591062 1875.925225
1359.179650 457.477091
1020.884435 1474.866281
1135.642745 1592.424627
1277.338474 1687.669273
1309.908019 1973.266110
1214.960311 333.569058
1353.714096 1873.016474
1282.031591 0.084467
1018.650546 1684.108395
1290.203643 596.785371
1323.479771 530.300783
1248.690501 1133.121261
1280.669867 1944.352315
1243.231571 1824.455668
1268.146751 354.173682
1288.163711 3.814883
1045.046063 1170.593775
1244.168869 1674.096108
1171.433947 547.945002
1081.562523 1392.643024
961.433350 1196.590875
1381.355175 477.877292
1177.703265 500.442542
1158.682688 626.480072
1086.420768 1017.859499
1227.025341 163.551320
1400.895280 445.351984
1211.063140 1695.605332
1186.724842 654.569120
1104.592445 627.888011
1173.516146 320.931534
1210.720385 627.331362
1346.461521 1970.374136
1169.573532 739.454016
1247.358109 1364.706249
1099.836103 1146.133775
1158.207298 1449.525829
1395.585056 1922.734289
1076.615737 166.345598
1070.854268 1006.329240
1130.985522 1420.162424
1214.121084 1246.841036
1200.708280 1114.832609
1262.851177 478.914948
1303.126313 1849.476924
1253.719602 231.459769
1018.689846 1184.193971
1144.839998 511.637992
1131.838850 1845.995131
1118.465034 1023.396987
1175.575546 1761.032501
1291.482070 1721.266557
1156.075494 1273.998581
1212.935831 505.848296
1099.460887 358.531449
1141.756782 115.024785
1250.736084 597.376861
1110.143235 1612.772825
1125.104979 871.181170
1224.368144 1194.849689
1166.586887 927.708664
1135.966807 213.453956
1262.702949 645.418470
967.540112 1467.744574
1187.068322 1676.432764
1276.426293 1905.953202
1186.145508 713.870486
1277.907627 532.982281
1259.464820 1696.452348
1307.522111 504.017586
1145.563634 264.411788
1235.325955 1905.719416
992.167109 1132.415661
1151.159521 1777.491782
1103.856741 1552.223589
1317.055007 149.946461
1058.942085 1676.216663
1161.217481 1753.855506
1149.513891 998.643203
1336.614965 612.764996
1001.642129 1572.615456
1183.048966 23.380055
1070.880865 187.988904
1079.798379 1639.377346
1095.732274 1761.509194
1218.523014 595.935783
1120.843090 1662.225368
1027.367531 1494.681620
1065.320226 1742.963310
1281.961876 477.012801
1191.191965 1884.762589
1103.385922 195.126887
1168.161818 1107.066314
1040.743403 1343.610550
1142.509317 299.275025
1201.513770 573.606972
1107.759207 1343.372736
1187.801405 1273.861933
1065.421155 1277.185316
1140.986101 1929.238774
1067.087790 347.638954
1160.038826 1620.615206
1276.346091 1785.690622
1106.126584 1046.351526
1076.706084 1081.628314
1052.456767 348.634728
40.728100 1979.540212
1297.627241 356.813483
26.754199 1846.281979
63.890840 77.620688
1467.046245 638.222053
1376.256060 231.368214
780.769201 36.046936
80.338025 1993.335805
1132.759854 90.925560
1302.479413 547.776101
1579.858259 1018.464719
16.606862 1502.492212
1715.481748 957.643193
1469.165453 171.486573
1166.088849 228.005375
1161.607220 284.552148
1449.966940 588.621741
108.405302 160.475573
1279.353075 352.243915
899.489557 134.790766
935.164369 246.438042
1265.155571 190.515821
1252.537247 319.754077
817.720707 78.752182
1440.694511 335.306873
1149.462676 189.095791
1314.084350 163.109869
1116.182713 317.238837
1300.215936 221.316361
1297.249634 399.674572
88.346171 1467.309303
1614.428703 1638.740770
1246.236027 227.270380
1203.289894 354.409762
987.964015 311.451934
93.423055 190.875271
93.142924 1558.695501
62.701974 184.865431
1202.604699 321.420728
1259.764361 385.728417
991.881633 179.728296
1682.916482 1706.504040
1438.252763 192.618071
1930.427877 231.777065
1014.846436 194.943230
83.977351 349.356764
163.218706 1674.407188
109.110639 1942.738906
907.641071 254.117763
1565.280018 288.743433
10.397371 231.140339
1177.780720 390.814443
1088.344793 237.063215
1577.631769 251.412835
1103.441770 316.138063
1498.831404 315.289592
1133.759046 314.433314
940.916074 260.678725
1982.906525 1531.542221
1257.390929 457.018077
1163.330916 424.090687
1396.506234 346.170009
107.844804 80.326132
1323.807954 391.405039
939.148915 403.711178
1347.132723 361.809865
76.862836 1626.791898
1123.098689 270.697478
1042.257210 279.677978
1056.090435 246.262084
1976.554959 238.629704
866.945953 99.983456
164.036610 209.667726
1254.431581 260.615771
8.015239 1517.606492
1235.942108 205.808278
114.114926 1594.000329
103.698358 1953.373768
176.710379 140.281676
980.420690 426.716769
1206.262796 117.560984
1751.831058 114.035592
1593.770148 84.197177
1125.793058 157.459059
1158.802470 289.217290
244.533980 1654.853930
1618.850670 1026.132458
104.871777 1891.003880
1450.540959 256.002064
139.608476 174.450788
1938.467147 1871.547162
1559.596641 250.377906
1064.776557 153.110657
1091.193342 375.371401
75.043485 298.011718
979.211354 183.931100
1776.162762 283.508481
1088.134474 286.331239
1019.529172 297.340894
1707.021325 230.157760
142.564779 1781.737187
1205.298260 424.505116
1412.205654 418.045932
914.196190 223.156057
1157.276367 457.188687
1251.253698 490.376904
1282.935771 253.153362
1847.177740 274.072628
57.767053 260.755140
60.553054 236.972161
1691.291873 259.214781
949.396946 122.918129
42.649796 212.559319
981.820533 148.878387
84.050227 1494.534304
1039.952277 314.815375
1855.721738 79.453647
1008.780186 223.697678
1120.428677 38.827643
59.196620 145.253102
1632.621996 968.467502
1431.952616 110.970609
1644.535727 999.797818
1037.841561 396.217226
1183.360585 200.000268
1160.302904 322.157858
1264.620208 428.006991
1233.620952 371.936369
1103.335720 274.149877
73.624154 10.849081
1960.266733 1932.019860
61.349495 1789.565610
1075.488227 290.941860
1031.117590 250.851817
1406.386664 250.794865
133.702724 111.471642
106.738859 1526.993875
1959.022962 283.277237
16.244435 1565.746535
130.105348 194.754642
961.854709 145.670915
1052.364689 227.679165
1000.705043 346.237273
1992.700781 1914.716742
72.980821 1658.099189
186.298792 1614.766885
1227.987654 195.424757
1305.425039 223.533538
969.773951 145.115158
1020.475645 131.133783
38.339506 1654.162861
1088.014043 90.518453
957.733557 81.449119
54.667411 1967.091206
9.462595 36.029206
1366.824560 276.917804
180.513838 1915.386662
1773.902572 1753.675355
1425.308486 192.716872
50.294180 1552.797842
1716.789698 197.530180
126.027795 1810.469319
1939.736489 359.490992
926.094504 224.484238
867.999435 271.764839
1416.596696 601.032134
118.840711 1650.194070
1871.200054 1866.112224
127.467671 269.857142
1462.310526 120.699308
102.410182 1730.665512
147.869695 1.089183
1198.812184 224.626430
1852.651268 1780.789784
1417.928629 218.299935
1321.512459 344.599412
148.559412 1866.064871
894.558416 248.058123
1455.316324 299.108269
1092.198165 465.480761
1905.529438 1890.295781
91.254234 252.113376
1612.744366 214.943253
1712.356063 923.490535
911.578297 289.149576
1342.495312 304.619478
1108.564622 355.348225
1337.525252 306.892013
1697.636668 108.833497
1263.444413 136.862972
111.052390 224.084811
1329.983890 149.594091
101.752504 1995.344704
1158.302438 68.324270
1820.051311 1779.053904
1011.388740 386.442341
41.456406 1620.731076
1293.678396 447.485651
1282.851656 286.420798
181.970623 72.703772
119.818270 1611.846877
1346.292999 494.361124
1006.514295 122.250641
927.078193 103.400488
1191.789864 395.994091
1028.417776 195.430681
137.048175 1697.589172
158.895828 1517.956931
1180.935300 272.975417
1071.586571 347.703619
1836.114616 1819.393800
876.058216 203.581010
1060.864478 184.817631
16.150048 132.227204
1114.915102 391.761229
1283.914023 292.683226
1104.863304 254.397476
1234.213752 264.134408
193.037013 215.415368
1588.193098 166.754555
1358.534768 390.893520
1510.935084 240.888311
1889.403328 223.287826
1987.428937 1476.928307
1572.365229 216.777665
1058.284499 435.937190
990.389129 246.057991
1156.081126 356.386357
55.819443 1540.046577
1986.549640 1599.989795
1055.715951 295.856430
1246.253534 155.761820
40.212145 192.632726
1124.187969 163.991072
116.027135 1490.596240
4.167398 68.413015
1107.841821 397.631694
83.477658 172.548056
1874.280979 164.823337
1379.673574 516.145461
1234.350578 409.263442
37.930161 56.819800
1589.640706 1667.955430
1305.142176 480.028742
35.496508 1517.598876
1869.538060 1815.498313
24.668136 1945.050588
45.095113 219.990172
1152.394683 102.479942
973.798973 220.487745
1191.105146 247.345218
1834.118817 136.202337
19.499166 251.840107
13.602085 116.703105
1098.491597 108.230949
1121.265225 223.699361
1537.325864 118.734962
1398.792669 544.952128
1326.395443 274.908244
1231.460945 159.349404
1083.081211 309.205013
1604.409150 989.619680
1061.812634 396.910299
1001.449961 350.426643
65.063699 1525.611795
139.508414 1604.154532
1267.377382 423.303311
135.933244 105.947027
1392.286109 374.871639
1613.775227 138.349136
1114.598824 440.847230
73.658396 1838.386840
1201.491550 171.011237
1020.636760 405.345402
1292.860819 513.462225
1493.421090 243.980303
1174.050296 151.028150
118.580831 295.150270
1621.069842 178.003886
58.595471 1474.940459
1907.160548 1771.090521
1197.830204 355.037377
1100.840793 153.610021
110.564575 139.851586
1043.030813 277.374995
1886.886528 1785.160916
47.670850 108.079068
1348.454882 165.719290
127.816465 1755.048747
932.916832 295.800838
1966.336008 1832.463226
1560.209200 952.224842
993.439967 379.180791
143.407421 1910.804787
168.896526 1563.772918
1712.040823 160.380912
15.484704 289.096500
68.460990 1500.118556
1008.680701 283.731369
1749.376623 1740.129602
1775.098464 184.522247
117.896222 1888.470479
812.651426 19.042024
186.210841 41.464873
1015.151570 227.638922
951.079033 180.087796
1543.757321 87.884423
1374.720373 334.009125
1634.408492 204.377366
105.402332 5.509949
1133.637913 509.764450
1337.724041 336.387930
84.874744 1699.713091
1395.395844 262.813782
1353.254070 415.642944
1097.873005 432.732718
1123.969853 228.572862
49.982083 325.092107
890.617502 169.891580
1163.352437 220.565933
1498.892921 72.381727
1066.664361 257.107545
1661.194810 168.597228
985.439212 199.094279
979.219744 113.213186
1364.489183 260.865425
1472.846436 217.520682
163.355134 1943.841348
79.067844 88.634595
918.991023 197.233058
1634.792914 243.861537
1801.459151 1817.513876
1128.269948 473.069218
1374.312397 571.243865
921.869854 152.912260
1314.964740 277.242841
1024.287479 197.456745
24.339649 11.594322
1074.871845 193.385350
1265.204488 89.610774
1340.432792 215.699302
1500.159305 169.050640
1052.011396 114.525756
1165.791119 276.039288
1200.065806 290.640621
87.163540 1920.526747
163.571241 257.881209
1049.179064 221.875276
1292.948747 407.690254
1146.847727 131.737413
1128.209879 353.187483
134.634706 80.440175
1466.577619 181.141072
1746.460467 1774.758488
1518.177470 316.449209
10.207747 1632.779519
965.829944 342.739075
12.205648 1448.717992
929.301655 110.096505
1125.628020 293.718785
83.066858 1609.040045
1967.859489 1492.819654
1310.459357 381.842289
1702.516080 144.516439
138.090844 325.660706
934.583600 188.278321
1258.884195 291.255524
1006.844319 168.233917
139.005625 80.121527
29.686236 1467.720215
1100.804260 61.185423
92.291984 125.177172
1097.559947 494.657695
195.612033 13.302439
1421.950030 156.742240
1350.618285 189.677349
45.485511 1591.160581
1799.503074 1729.368728
1087.477653 340.125075
1235.837728 338.691783
1227.783304 94.221716
66.922763 47.007918
1540.616315 184.450148
107.928797 1844.924070
1464.870739 252.898794
4.574314 1731.302065
34.375921 1813.924293
1173.629215 371.045070
1259.689278 388.370945
4.061343 342.190412
1304.796831 254.972889
1795.580973 228.796319
1012.137999 292.949170
1034.436008 338.638185
1301.838248 344.603000
154.308364 1744.648760
92.477349 274.057849
1200.733535 289.903885
1899.859254 1831.752261
1057.786453 474.403836
1218.967707 310.143421
1085.465335 537.948534
1601.820145 275.632492
1978.106555 159.104241
176.422011 1956.924773
22.547183 1903.572230
1128.477765 535.885969
23.135607 101.799274
42.454228 1867.245618
106.780770 48.339911
1919.509076 1793.464266
1078.946993 127.778657
1149.075389 240.563636
1536.648599 235.345900
1696.820643 70.227218
1433.248025 279.272491
1751.538081 153.070334
1214.864436 383.063268
1953.305588 1526.354570
82.713623 1650.953733
47.595531 1940.411119
1284.059237 104.790641
1028.735378 156.688839
152.116548 24.464594
137.752236 56.988965
1905.960903 343.632102
27.146370 1701.766205
1965.578468 119.790604
1570.930530 985.307447
1089.287937 161.104142
1277.658103 194.629946
1119.831154 178.691394
1932.502080 1551.258334
1212.080211 235.968078
1640.853643 1684.746894
899.645298 134.288439
58.190292 1724.441271
41.319942 1759.101431
995.039576 462.598910
1388.597219 198.169101
1335.614382 247.217191
1056.691958 75.094255
1428.248127 296.310783
64.783937 1884.474694
1294.014884 157.834798
1768.912159 248.674643
152.906423 295.433704
1804.250215 190.872446
1344.468599 556.776025
136.915427 143.155735
100.874373 38.025397
911.580953 171.307903
990.644970 244.923027
1671.892230 203.282165
1168.086961 360.829933
74.334096 1531.074316
1329.421244 525.186409
1141.541022 321.323858
1098.056167 425.367553
30.258553 174.584564
1468.187389 381.636251
94.894139 1778.830758
99.235279 1860.952893
1687.115744 294.700632
211.164329 1637.424854
1469.694484 314.392839
966.748884 232.229451
1362.160791 132.819583
1056.981984 183.207776
1789.069870 1786.546554
1534.191558 155.708978
965.579102 378.613071
1203.197855 265.615840
103.645383 1686.046857
124.337292 1546.876378
218.357769 237.473732
1341.510338 460.437044
1496.701670 136.016123
1009.651604 277.252161
1976.808117 1451.897892
846.876018 222.439892
1490.447040 283.535272
1573.496612 147.886312
49.031621 102.781251
1843.851480 238.204898
1016.939752 90.836499
1501.213433 203.638960
1378.162547 303.186082
1052.804057 146.814474
1673.483202 136.070691
1050.180993 313.752899
1147.855929 216.945363
60.245945 1679.205171
71.933710 1962.583460
1403.850193 305.823332
1137.582232 108.334711
944.845758 264.471261
180.575430 168.166927
1666.490966 960.333084
32.985265 250.949150
191.897051 76.593810
1138.817164 491.620730
1431.223016 554.338545
4.938165 300.566989
588.393699 158.326317
1418.824293 386.255698
761.430801 309.920439
829.973229 196.380042
397.286005 145.814444
1315.913032 434.584365
959.260978 540.031607
1631.281726 441.484535
266.601687 229.122215
649.373813 162.535495
1262.428279 601.838847
1853.433860 379.953929
1624.764639 476.382156
389.150496 179.692337
1413.566250 470.995822
338.726111 151.572169
956.255348 408.202872
1520.079376 416.908926
305.897950 281.635229
1374.200090 348.603333
774.202320 411.739278
1671.092530 437.672616
1024.392084 384.016981
1819.858317 392.106154
1313.352522 546.295888
249.659145 255.111380
1248.947716 438.673390
557.930697 139.756374
671.070745 197.997172
1350.719829 428.503748
582.736933 282.693883
356.165546 335.485998
1248.863658 522.535428
169.022487 151.377364
207.197539 104.253206
494.807451 403.379098
1120.102040 457.295669
1318.568322 468.455851
371.796475 287.488212
640.750501 303.032098
665.303825 197.421417
575.799605 323.404049
301.071775 245.590465
71.077466 288.444791
319.871645 215.334680
1029.660772 474.073878
1384.332103 490.729147
426.629606 256.416082
990.437749 422.793756
466.207500 81.705417
649.516184 272.377438
444.215157 63.412135
937.992239 413.424179
90.778219 212.373321
1544.867356 398.572816
498.790090 104.150308
88.745929 341.382747
716.264888 326.765003
631.161208 235.414035
1163.806695 522.641671
472.048000 139.226092
1120.247164 402.577193
67.216966 168.046243
1436.168091 419.174582
111.163949 313.029071
773.219803 483.191166
630.187979 293.160250
68.608403 357.065069
1219.708565 638.231339
421.969399 79.981051
210.914695 270.272466
794.549203 205.901507
287.957356 196.666671
0.048672 260.622887
1118.334773 453.642600
489.704534 55.888767
412.248103 333.253531
1135.473137 492.267347
1150.510590 492.193858
919.053215 370.876341
1180.686612 629.795737
88.539043 137.750852
1518.630557 515.153858
703.585626 211.701111
835.826769 279.363870
871.553466 487.529440
329.955681 282.786862
1598.180125 527.748102
1360.741906 548.855144
338.756351 249.272676
1211.096225 532.919754
121.779218 235.676579
385.954176 250.305738
297.540217 284.071606
1165.089294 433.044806
732.658894 294.981930
1940.632507 334.494467
1448.978495 455.072067
1075.940704 469.184941
35.100770 232.676252
195.910441 145.534767
1540.303784 450.818176
1157.793326 546.554875
386.671017 331.418970
536.992773 358.678118
485.166434 258.430985
991.003474 493.101291
1197.987358 514.772276
1322.076590 579.971483
202.393346 318.374700
364.713342 212.235966
1358.632668 465.406928
544.692865 228.776433
525.709843 75.178496
1941.255228 387.202711
790.081124 379.319323
660.809102 374.438263
1913.675116 367.812823
1802.014729 423.335635
289.867375 163.954165
1379.371968 404.055090
462.513179 232.169482
508.046892 144.818912
193.904236 176.757912
227.820326 114.874365
518.996745 8.803554
1226.357648 353.475374
48.827918 199.174454
1159.765503 463.801960
707.521712 391.908615
507.589583 337.550313
609.258349 203.338438
205.304212 288.116169
275.611110 195.198222
1033.361536 459.993805
363.493718 90.939303
302.426321 348.132042
846.931973 415.405194
590.582100 241.203438
421.433366 290.855071
974.189545 569.381602
136.083179 328.955625
752.651053 340.472331
267.617155 162.833343
1295.916853 501.748098
1084.554877 510.411562
210.238366 383.943837
444.034420 105.176137
1465.010196 391.514141
1212.883237 319.370084
1229.028683 573.062002
218.924847 332.505068
498.313898 275.666396
1586.357477 491.803869
1006.813511 529.041085
1389.999894 487.910081
1038.100738 414.559975
1037.097925 511.686393
1254.661020 429.207514
1087.057422 474.173797
1472.385184 431.800454
1250.063280 544.428748
139.738842 156.646082
310.125347 379.577053
735.867484 366.511232
643.009712 340.030800
1436.182011 444.084451
1495.627571 350.336260
59.427772 138.934719
1754.169854 582.894635
1229.521513 322.445891
757.786255 388.094347
1052.730431 501.496757
1470.878034 519.966937
961.776256 392.995480
1439.240420 496.665805
903.256465 294.155094
677.061787 321.801856
1067.777658 540.361001
166.870068 182.935652
535.283083 233.014141
136.168865 258.240016
281.345287 173.121354
611.877402 323.780478
1957.245008 293.017761
1337.645616 499.676832
181.535832 229.538155
899.194058 391.442710
1420.710148 598.835521
1384.211169 448.337631
470.609422 373.277558
1184.208667 434.051882
1541.878994 355.533530
1149.408242 318.918229
1331.392637 539.205766
1415.203561 356.297711
362.700068 120.340144
589.616254 197.379933
708.563593 283.922276
1347.214903 495.057743
1685.646295 535.625577
1051.989276 448.332819
292.139128 106.046183
1361.704235 613.029579
1590.353391 430.456288
995.404872 418.271036
23.183038 317.094569
899.282906 425.706255
1113.042691 544.171952
568.273028 227.411346
767.931130 354.434765
1469.740716 465.435826
899.080496 524.612352
839.978561 370.084306
1232.615859 500.057008
183.593391 263.324022
1181.616084 434.999782
974.472348 308.618719
1660.343021 378.450648
997.058113 380.948871
442.639336 211.719013
1182.029433 509.339069
865.884158 341.672295
811.708653 413.950903
548.188354 316.680533
474.062482 199.486383
1267.296745 506.356042
1277.799983 434.308413
1481.159799 397.447772
1086.775321 589.477599
1897.066200 324.691765
269.602817 1840.292095
1260.027386 551.679468
816.988103 450.400998
768.546483 184.536917
1076.032416 439.084746
1468.344664 564.949289
147.111393 298.147153
1728.114392 422.319207
908.784936 493.599466
1058.645731 312.211043
744.689064 420.224438
1389.186633 438.552238
810.608437 375.307107
1499.507502 439.802451
1741.733727 387.645252
1109.647153 423.628077
1123.626804 582.677459
126.304619 235.055852
1030.459130 571.566876
1320.056612 488.163754
1304.259903 592.881925
584.410980 349.507236
1247.421798 485.037507
396.041338 96.561913
1633.455333 510.585923
1017.988876 338.262245
102.828078 413.975489
914.052453 451.417616
553.785645 275.901327
343.476293 1993.936149
234.802593 179.470705
921.635066 500.713963
543.833947 282.361057
790.553400 467.520358
1213.812168 422.046399
1212.982712 608.069048
1559.017976 537.060454
867.637359 408.011209
814.681387 161.998635
938.753278 470.373517
675.791783 286.161326
99.408082 365.294910
241.580431 197.972300
1482.829464 616.127429
449.756709 338.159210
1286.260750 450.625422
1231.183260 568.541721
197.072234 208.959250
771.026820 276.278247
411.674746 178.317657
1108.209869 393.582282
326.611881 314.136683
518.637120 273.515095
984.414303 360.282304
495.497015 218.455461
400.551438 279.154808
377.787513 179.764223
234.508918 222.449603
136.656200 192.854792
1258.589126 462.901853
903.300435 313.238464
868.429230 300.657225
1016.779338 453.826991
601.668810 165.403308
353.240915 282.352946
1109.983740 471.669368
167.589645 132.456629
477.981129 335.900408
1938.608974 250.911048
1070.991463 387.432566
546.121554 171.940044
491.740046 207.209353
793.885417 318.795506
133.783161 116.622898
1218.951443 461.718865
629.926615 227.931045
622.593735 268.541226
469.436282 240.788554
311.181426 81.945047
112.727103 163.490093
432.252086 84.512956
72.211227 280.973925
652.026663 164.026200
1334.014691 455.864960
264.377917 267.445231
1238.352498 387.624440
841.766571 333.525931
692.667434 365.887138
1216.330542 536.301951
505.323955 239.524169
1374.157740 526.030698
752.227693 238.003242
53.057371 331.514506
595.848369 118.625288
1105.420938 507.732719
1871.764709 351.347021
1249.848219 470.235484
1132.470254 388.360985
1090.189919 359.613113
1797.011591 366.220443
403.500708 250.252410
858.385446 442.256017
922.420382 573.321648
158.423225 225.554292
1307.268787 382.152816
1002.778742 326.726820
482.036879 168.197050
1180.873628 397.164542
965.820612 447.437158
236.732934 288.301225
1221.265282 357.938277
1906.671556 286.324218
1498.143070 541.506670
294.029021 247.855046
1368.822885 593.084058
1642.082739 409.159243
1440.114579 369.323545
523.669892 195.320978
503.838302 191.885127
958.626953 480.068883
711.364408 250.267638
1479.944710 490.042645
1057.172500 593.388408
1421.258691 501.642820
475.060080 298.223218
201.936859 202.295352
426.730998 241.751367
668.566404 288.810305
559.490164 87.866990
218.450500 235.330265
1302.439846 429.628019
839.700461 395.323319
960.779339 606.621908
1214.231080 579.548196
304.630697 196.410902
968.758872 488.666825
1416.625362 470.829377
1504.035790 473.139653
1367.612228 459.191984
636.205468 188.810968
167.267128 288.724644
983.148724 516.517762
946.456581 340.307668
1369.895838 383.478443
385.186152 295.377702
830.543957 485.547041
344.022084 192.688182
1537.543078 484.990372
364.011445 130.539667
679.638367 266.217497
1508.653223 383.287037
1139.931350 364.288029
919.951896 361.000778
237.723103 97.458130
719.301867 302.773305
1150.384656 525.517233
489.602135 104.590819
350.308870 247.842024
599.208616 239.982017
1764.295680 414.503588
553.728375 265.177197
1086.642628 432.076986
803.851216 344.014500
695.109644 326.375242
1014.529312 494.215021
174.712087 266.172399
1574.693764 457.788553
494.576533 145.114989
935.296193 425.990527
83.547057 185.910935
886.951720 345.609854
149.463073 368.195373
1276.798317 556.750082
630.755109 129.925382
595.922889 317.208333
446.257388 303.965675
1149.811120 427.619533
216.048420 150.491962
1172.071259 469.645593
246.513411 313.223353
735.727714 188.188997
1602.919700 398.223344
893.893861 457.568604
790.305136 238.312750
512.808979 310.629342
1305.392511 518.631471
810.949853 295.502557
773.769280 453.351978
468.275574 298.667864
264.880152 277.367767
1830.075965 329.212035
819.236662 238.642133
1117.311065 520.731779
793.300104 284.260967
883.805205 376.006678
322.152715 49.268193
1051.827623 412.204973
319.932067 163.834579
1270.944254 339.595469
69.487596 224.304607
930.042775 294.011798
968.561903 451.800909
117.402729 198.388345
1419.591173 420.348742
1978.936611 263.613904
115.585202 287.295374
330.942231 112.228424
402.923844 221.793730
423.162956 176.470546
1208.923955 449.077763
866.322160 260.455535
538.878539 261.168066
1191.087196 547.483397
1157.219677 333.642006
1451.412465 525.603518
1090.679969 549.553272
282.103322 315.901447
1019.103595 412.177139
1393.819188 561.152862
1570.544225 501.495419
1957.318462 226.141574
1166.648192 585.143416
317.435527 185.269273
460.783566 267.957534
807.544535 302.216775
1170.506806 288.904311
379.216754 216.723256
1202.519813 374.977172
525.405198 82.111671
194.056222 177.392316
449.239766 183.113716
346.067109 154.665558
758.852368 256.237152
450.448294 178.289395
1284.173906 370.994971
155.683653 195.577799
308.417965 133.668190
362.801313 191.085335
1294.588808 311.956077
1271.869910 402.009802
1040.762705 349.236612
320.368857 326.202355
1047.053206 540.312035
964.312229 361.903764
1256.032882 614.387329
1217.197267 487.933559
699.418262 172.630098
268.718598 135.739706
1690.927207 408.524345
848.116453 313.189030
338.454515 214.483912
1415.065572 528.314122
573.375638 393.829297
1083.514813 395.169472
535.616128 124.316064
1139.856402 423.545812
1922.912079 308.632762
46.534011 254.962683
588.028175 276.094645
1105.394374 322.007019
1982.671935 322.913622
402.429715 128.564947
79.586237 235.581423
294.862313 68.236526
