1195.540251 1509.889446
155.964918 719.241177
1402.875888 1322.419560
1390.182689 1254.652842
1912.813743 616.140365
1377.704132 1176.811418
1610.248780 1082.528986
1864.788778 488.826987
169.365626 620.747765
250.307455 741.670524
132.280555 609.211527
1683.585268 971.870092
961.734315 1499.858537
297.415607 656.189803
1319.204672 1092.558483
855.286344 1739.318301
931.668077 1786.635816
1346.193651 1354.285455
1270.278959 1204.885636
172.201236 695.361144
1275.022226 1255.245852
1143.781616 1532.871961
150.444863 712.855964
956.337585 1745.941458
1488.568482 1174.424732
911.861585 1626.012642
995.925245 1607.897074
1248.643298 1296.230916
1549.475497 1091.601375
1707.368677 900.574818
1453.045956 983.677648
163.950386 659.272971
957.963366 1631.835321
1416.295129 1073.776969
1306.134247 1201.221037
1401.521497 1181.844004
1853.400338 720.587989
1421.601171 992.359726
1628.869356 1164.884832
926.331198 1505.819030
296.391382 719.655258
1321.326471 1318.699436
1275.382039 1027.550828
1052.146858 1500.687691
1167.131210 1434.256458
930.959222 1336.001063
1936.670130 641.160883
876.470238 30.967658
1252.889796 1272.971423
1044.750864 1260.323703
943.665869 1833.624253
1935.539727 752.026500
1422.745716 1140.210323
1103.080297 1416.601108
1054.819316 1369.321479
1133.243581 1352.919140
948.433796 1563.714328
212.842696 688.044577
1172.973966 1375.116098
1145.447665 1116.775402
1037.993500 1301.153027
1997.053551 717.300385
1955.433447 801.386083
1579.281397 1055.231821
1753.032166 880.473142
121.049044 722.475353
170.961579 628.108002
1449.492529 1049.058415
1209.440683 1364.876781
1445.773099 1206.731890
1177.921064 1264.084140
209.713385 659.526242
1311.321924 1221.854613
834.811847 1800.844757
1664.471524 1050.566457
1358.590094 1265.650400
16.851230 709.277574
1331.057061 1442.448020
986.977074 1529.615764
888.046876 1778.269090
1019.791820 1372.671327
1231.894251 1123.620694
1765.029316 971.174920
284.856223 686.725183
822.787179 1762.676565
1824.512041 715.685478
1384.993351 1058.675820
1651.892954 964.172917
895.502619 1692.968339
1018.459683 1615.953421
1370.411475 1200.798678
1212.997293 1277.767494
893.240382 1826.433603
1158.173659 1564.462178
1235.926447 1143.196831
1827.135245 922.574598
1619.442295 1034.718499
1323.670218 1168.595852
1280.359699 1104.750586
1137.779929 1334.988986
89.196883 653.873365
1258.091360 1470.704047
1131.028770 1465.242308
1203.012823 1092.997289
946.858255 1921.530477
1155.885140 1404.422663
1035.706385 1344.792146
1379.190167 1122.617238
1497.425345 1039.294811
162.792082 758.302518
1002.056037 1556.212494
1597.403192 965.024719
1866.397902 776.355459
1977.006644 451.699816
1034.254721 1557.936834
1009.076230 50.025011
1545.318449 1064.220749
1517.377642 1006.259966
1433.234345 1263.116222
1964.132701 687.134248
1409.588305 1138.817561
1940.156371 682.721830
1492.609025 1204.515750
891.077710 1544.113603
1544.958284 1237.094952
1483.956310 1070.471904
1840.062964 964.085761
219.928983 765.720180
1366.653158 1092.665995
860.808408 1700.875454
1900.636813 841.135312
1343.578391 1156.757065
1721.899522 967.441569
907.194146 1539.070883
1123.038565 1493.107964
1844.296860 817.370493
983.598522 1561.524951
875.821388 1805.092134
1623.976610 1126.750850
1460.996598 1197.934986
249.860485 606.360309
1321.590911 1193.256661
1173.476367 1340.840610
1866.561427 753.801107
1277.067088 1315.182747
1605.248206 1039.342633
1877.186901 693.774726
1340.622426 1307.960632
1960.096362 838.237888
1791.890733 725.941636
964.202010 1866.211858
1380.487184 1124.096537
1886.526697 715.383228
79.254560 666.869112
223.344565 631.496606
1220.091914 1279.436716
225.688180 622.560268
828.711920 1655.075559
1464.329667 1017.467787
1007.681183 1439.476987
910.782025 1599.398190
21.546534 649.684262
1335.388216 1244.589131
1953.840520 815.533730
86.972955 761.096666
972.000943 1582.357104
1522.910032 1149.813956
1740.962536 996.386793
1491.521837 1019.441367
1544.211585 1128.821507
1346.030245 1164.343202
999.837842 1684.353361
1221.187794 1319.210234
1086.700575 1175.068815
1434.229475 1368.902561
1065.886955 1411.792540
1069.792737 1334.945434
1105.080077 1235.398895
1515.303318 1208.972410
30.882141 805.814534
1339.936084 1279.621713
959.084204 1710.366011
1816.054568 837.168757
1175.770505 1225.154751
1244.751135 1036.791378
892.366151 1461.870169
972.579111 1459.214256
1766.692043 937.027876
1946.325206 522.136957
1999.163069 604.801034
1990.219439 849.383285
1188.324027 1306.450615
1254.829913 1140.398534
799.234214 1796.900390
1187.987767 1534.942872
1892.197296 764.868500
933.480635 1755.755947
1584.346029 1023.707219
19.187510 699.893572
124.837420 650.603780
1903.222826 567.112652
70.072718 793.034731
963.815613 1327.907438
1252.989912 1330.143507
1385.840882 1054.626568
1132.067257 1430.983606
1114.006323 1459.614988
1102.684792 1583.527975
1298.263190 1370.828581
260.059360 639.902767
1204.242502 1154.681309
1936.334422 615.118941
1159.158226 1528.501158
1870.290914 929.083764
798.066321 1664.136928
972.475697 1437.909163
1162.183401 1331.225811
990.472628 1643.701792
928.678122 1700.915833
169.843468 768.368471
1552.411171 1202.008159
127.521859 769.287598
1085.831738 1477.521278
122.167925 635.497500
25.810015 495.692484
928.196008 1652.934557
986.305298 1396.803209
1413.556392 1177.957999
892.710157 1468.155856
1666.750935 1005.003524
1049.988976 62.040728
1251.834709 1186.986470
285.483077 598.879135
1507.697137 1097.733985
1215.122621 1356.647656
32.242376 637.108869
1421.145259 1231.402888
1046.179277 1464.046885
1339.773605 1238.185066
997.636166 1756.976616
9.249983 592.505047
934.727558 1516.379687
859.045013 1921.262883
1903.186756 871.847194
986.281764 1537.507138
1222.016140 1221.731529
1307.750984 1252.258390
1089.359887 1381.797857
289.992715 702.308373
1859.331649 678.839943
1265.965170 1070.253907
1000.334727 1798.507532
1052.430324 1538.678485
1803.053480 967.993587
1897.745252 767.098396
1430.274278 1017.698151
1791.237830 812.370141
1353.014353 942.746250
1471.657791 1148.446892
1532.385245 1055.175144
282.389090 790.999620
1186.901905 1183.323182
921.877984 1722.645121
1792.544107 876.630737
1288.593979 1153.650482
937.978335 1375.932224
1914.769317 683.509660
1970.602805 729.980890
1379.397518 986.219617
1110.769262 1311.764491
1060.402294 1435.420684
1430.843655 1172.657116
1220.902224 1475.256069
173.257914 585.123359
915.261372 1854.595627
863.496348 1657.880774
202.086537 742.415911
1975.436733 554.732577
1917.993680 720.647910
1832.217234 767.479962
1126.732986 1379.020331
1937.045946 718.277727
955.019379 44.803735
940.564084 1400.439787
1187.940927 1117.042418
1045.677961 1637.094476
32.567559 590.807469
1411.992264 1044.288235
1659.155445 1101.838225
1781.031995 844.807852
1705.931826 998.434541
199.680672 722.422188
1211.119196 1200.228700
1972.515818 728.323072
1128.246570 1288.153021
1160.794420 1236.525557
50.197414 618.491060
927.800774 1572.859401
1189.695992 1334.809607
205.617825 790.508438
1042.013221 1545.247692
1775.346487 907.549408
1358.406316 1128.456321
1078.869380 1605.747978
979.425477 1945.753100
1317.937188 1025.117939
1073.223485 1279.321538
1038.131393 1470.076786
915.460167 1424.202371
935.054502 1446.859441
1935.376566 864.001013
1547.992543 984.557267
907.436375 1801.250153
816.688353 1848.202360
1092.647865 1282.137070
190.482696 611.685156
1559.087265 1016.293877
1965.834677 481.931325
1884.943019 607.811305
1966.994203 764.165868
797.465757 1890.566250
1923.433437 809.537327
73.869964 635.368638
919.513075 54.200323
1110.259005 1411.585905
261.112154 597.335784
1339.176208 1218.007280
1161.849477 1296.779365
246.967312 697.306999
1571.374018 1093.323924
1505.423998 1073.871311
1008.797467 1328.406042
1090.190914 1524.346248
1088.524702 1383.726837
48.194767 666.605518
1494.912270 1234.700223
1286.176711 1193.110854
1596.200680 1101.094799
854.298056 1486.106167
1439.058399 1078.202869
1135.860300 1364.317663
1276.196760 1243.537993
1270.640314 1171.320996
1903.240238 645.208207
1197.312853 1248.453076
1971.976045 638.643574
1101.817869 1346.668526
1241.765874 1450.250655
9.357266 541.068362
1925.210526 762.949109
1845.478306 852.363356
1893.278439 799.703713
1400.437499 1026.646232
1269.966009 1120.028692
836.038925 1528.218600
830.953224 1615.331411
1217.467594 1230.396949
875.156703 1626.695346
863.627780 1547.898765
1241.265251 1381.136270
1467.992438 1145.069568
1858.957064 805.489324
1144.207210 1494.800639
825.311065 1697.077110
1660.292576 1013.349489
1080.918003 1441.750256
855.956420 1772.941985
894.558414 1707.024725
954.796310 1676.922729
976.625915 1369.289377
1135.862265 1246.615589
1560.135734 1168.063670
1114.635290 1616.539638
1071.086116 1231.704078
1096.857972 1258.442452
1029.714511 1579.208444
892.934174 1664.758827
1528.171202 1173.056825
1298.742165 1280.618958
89.826250 716.865135
893.916880 1498.203306
1374.964404 1225.685687
892.567656 1569.280278
933.500670 1538.404352
1803.387626 918.667425
1582.473868 1133.998981
988.820572 1498.364560
84.194619 594.798784
1379.594564 1294.019951
1510.180197 1108.384917
1352.917542 1045.094336
112.246042 704.589758
1140.632646 1212.932252
1164.207430 1483.718455
1610.106470 1004.088459
1632.254670 1067.782728
871.818268 1668.471775
1412.097039 1104.083885
1406.787316 1204.054273
1202.822738 1557.952520
1195.102436 1315.356742
1009.991076 1488.072247
66.175576 833.733776
1260.314633 1328.356768
1984.596983 794.808525
1363.264423 1381.671013
858.550164 1876.081416
1883.706033 897.509378
1677.826108 922.508017
1306.749233 1126.996986
1197.997736 1401.350375
1069.290154 1317.635459
135.880788 563.889363
1978.385706 563.617000
1878.526472 856.147576
850.782043 1832.006487
760.872772 1663.373470
1241.318300 1420.038981
1188.445838 1289.976878
1132.432020 1576.873364
1904.422061 465.483293
1966.087574 626.734161
1875.455184 815.845198
1924.424248 826.219596
6.509779 685.517530
1303.657712 1330.345517
892.887723 1738.400222
887.323584 1869.913234
65.838159 549.350053
1739.492494 913.707265
249.490382 587.694807
927.201677 1487.184254
936.852520 1433.777985
1414.563262 1104.937272
1029.372181 1408.114270
1036.527829 1509.306242
1599.606853 1146.576539
941.399511 1605.433347
1093.581883 1422.064780
1994.890039 760.982494
1206.143097 1410.677760
1841.523328 887.039075
1435.115649 1305.417158
1040.048871 1607.095234
1310.851894 1283.754472
1066.298844 1572.373014
1710.155653 935.133231
860.187695 1586.985161
1167.208604 1472.745576
1848.062910 620.325766
1501.031957 987.401659
777.514799 1769.501950
1255.623205 1255.820960
1397.552892 1215.435103
1561.238445 1136.208560
1168.263263 1379.707956
1232.016362 1079.810413
894.217439 1910.698835
191.433013 703.590772
1069.240711 1487.924225
1635.598240 987.354496
1456.431183 1111.730880
1139.040637 1331.238253
109.923580 680.158284
1170.126749 1207.699622
1006.212437 1722.164926
1116.308086 1564.388290
1452.387735 1114.768472
1509.158416 1142.555633
44.709199 730.570969
1141.451222 1452.817539
1458.285573 1092.466880
1321.166181 1402.585132
64.455654 602.037101
1157.039326 1272.538937
1939.961093 554.921792
1333.746226 1123.494865
43.296414 774.768697
1532.520438 1036.850864
1262.022496 1358.118327
1288.771540 1161.907810
315.101415 743.197280
1447.412995 1159.484498
1028.996481 1516.805825
1345.983577 1095.639892
66.290206 714.224582
1252.425496 1192.629155
1301.457091 1158.576628
1240.382284 1383.677149
95.308807 538.618815
1006.555648 1460.758364
1239.612928 1224.584515
179.899941 651.252993
1150.225902 1173.694416
144.072179 682.061623
238.534655 661.271383
27.453837 674.268066
1108.005727 1503.286121
1696.280992 1031.151762
1789.694717 778.350488
1058.424846 1918.311056
1101.420813 1790.592722
1145.382164 792.072924
1051.114330 1439.116221
1119.161045 676.505073
1058.200675 1618.852765
1313.613023 565.966363
1205.601678 241.249046
1411.074546 726.141105
1177.227538 582.263954
1296.606118 1945.244623
1187.599814 147.853727
1046.121860 1458.782155
1247.253185 390.017253
1343.375917 1967.825104
1115.986326 1963.266473
1292.852572 450.617461
1227.998851 1243.654784
1173.283366 523.422638
1206.715692 1823.179781
1234.496051 713.947322
1164.002774 779.557719
1144.845421 1393.929852
1224.519371 1887.704753
1261.612060 1971.952986
1082.061036 1300.587830
1239.214620 742.433028
1196.231167 612.356064
1145.683337 434.075108
1224.787275 207.687759
1071.267427 320.713250
1287.182538 1914.200808
1196.473529 1595.016278
1164.257785 310.288739
1197.341243 1886.180626
1221.068732 1641.525051
1273.536542 1673.823905
1281.160682 1966.766344
1308.333190 1727.164980
1239.982731 773.746245
1168.042533 1563.851675
1203.556877 471.689661
1187.064242 1276.185719
998.880390 1426.382143
1127.278069 1673.059944
1376.743259 1830.940346
1097.603742 1707.577442
1158.404636 403.820925
1268.717462 773.275775
1142.025088 339.406585
1176.411139 1205.364367
1232.289982 1590.600141
1140.082599 1584.700358
1084.099253 1568.643821
1339.001682 1953.439622
1360.388106 26.828713
1170.466285 1913.249468
1227.397495 663.803862
1172.118653 1087.007610
1229.748210 277.105431
1364.614147 162.562043
1178.621349 1636.657174
1286.477146 205.567559
1281.071389 1922.702261
1111.882601 1533.180764
1324.962352 1817.739473
1110.308355 1386.216532
1313.020776 276.810967
1092.090634 1611.535523
1179.628447 1152.206950
1334.697231 585.903938
1095.890380 401.082856
1100.854638 1489.098789
1226.179595 629.076071
1263.433871 1267.030131
1277.067989 264.542596
1242.935534 529.248619
1081.978152 1735.107450
1084.095312 1112.332461
1393.266436 197.073256
1202.259723 697.557358
1388.752663 82.204948
1411.430719 171.900377
1287.403232 192.058621
1085.618201 661.615521
1295.753909 478.863496
1218.551972 1728.470400
1064.404010 1128.034251
1156.077196 1710.943886
1174.248889 1248.606844
1412.396565 1862.993323
1289.286371 1787.284873
995.019265 1350.567216
1251.269004 1787.967914
1169.949022 1482.343288
1292.785913 320.503557
1119.185480 1768.114974
1215.105648 493.115221
1050.052788 1388.626165
1217.671706 1171.499080
1174.203987 717.988682
1175.082887 672.274909
1397.374266 1975.632447
1067.871320 1429.771782
1214.088979 1477.161643
1126.759696 57.819361
1136.622463 249.283230
1233.287702 849.894038
1210.166690 387.272230
1199.603220 1374.761634
1181.408084 1798.375538
1242.525351 606.217345
1122.538464 1306.746975
1211.546441 1785.515334
1176.844510 1119.659999
1242.095956 1675.501365
1248.914028 616.907388
1244.227191 1904.379831
1263.913510 246.543467
1064.479622 461.757230
1248.371373 32.689565
1097.586961 1270.146361
1282.317768 1714.541246
1374.007409 707.431416
1087.131817 1063.375137
1199.068362 838.616970
1297.613021 747.089944
1111.934586 700.535608
1090.731693 1161.060829
1136.625376 1562.193305
1328.124826 94.927481
1116.402953 624.868213
1115.791937 1367.951900
1298.929864 868.596405
1080.729403 1381.695158
1245.447988 1466.158379
1274.447654 1919.043837
1168.633122 1450.191662
1347.130534 89.073382
1235.560138 1815.468075
1165.290110 1158.302155
1148.143462 1782.657711
1186.231086 1993.359502
1217.308181 631.123724
1139.581126 1433.109322
1166.874128 1317.385899
1328.339497 1930.483559
1329.255472 309.164804
1225.621928 1285.209428
1252.568450 339.987246
1185.219042 1686.810292
1258.793300 1741.654955
1060.525880 747.024651
1186.337770 305.943325
993.808584 1501.683056
1094.685201 1644.355791
1226.013928 574.236800
1217.896866 1678.504253
1082.343865 1420.161700
1448.362326 142.061812
1194.475135 1429.303507
1279.339505 574.084151
1152.618691 221.753604
1225.600077 1154.297468
1120.383500 1746.925004
1221.359763 335.475855
1225.342530 1369.107604
1213.284001 1991.939042
1249.099099 122.639158
1158.750659 57.001516
1046.438718 1091.722506
1085.441388 440.670912
1210.192058 1341.166192
1150.094353 1969.039660
1022.091478 1323.641310
1038.658729 1280.425302
1040.152116 1666.108513
1159.900413 135.685653
1183.537869 1240.277794
1176.205562 420.042824
1026.007979 1471.014661
1072.554273 365.644744
1121.580549 1206.033781
1069.472820 1237.869769
1137.590877 1737.379671
1214.414110 8.381519
1326.484717 828.223766
1240.797359 715.194333
1314.252457 53.252772
1226.364272 10.141925
1172.925737 556.488758
1178.563791 1518.789245
1090.646417 801.081248
1213.179247 1921.809390
1067.038495 1784.487955
1098.124326 1491.183055
1102.982943 1443.086448
1308.394173 514.057098
1331.963597 2.634126
1122.312612 407.865896
1165.623940 1837.642552
1175.789688 1339.762369
1224.300079 1953.201232
1189.929978 348.146506
1093.616439 1151.948332
1125.811959 456.958440
1180.193257 571.754894
1130.314627 1718.019105
1123.407138 20.366416
1276.678741 1760.309320
1040.363387 1240.958891
1261.105751 80.290443
1247.363159 107.963363
1153.106738 1365.019477
1165.185288 1669.126049
1324.912897 1906.417235
1103.807505 1921.902602
1327.237359 127.726156
1304.855329 752.821551
1071.127280 690.361554
1221.619236 319.147113
1219.633604 1407.586814
1282.184279 498.995341
1183.985212 355.217323
1262.431088 489.741707
1145.615114 1341.957922
1131.284443 504.528032
1167.898963 456.605693
1115.097791 1103.184409
1139.817618 1599.654485
1223.560614 1699.342725
1134.113420 1443.761574
1271.374122 381.005050
1269.362599 587.627013
1265.170561 532.142036
1169.021761 1762.356574
1077.703924 1539.615245
1195.357168 604.531781
1066.338975 1169.303320
1209.535437 1757.477136
1020.570421 1439.019499
1187.115821 937.055616
1170.830990 493.171232
1138.663382 489.731698
1213.364291 463.373257
1049.252632 1592.227751
987.573112 1204.519924
1264.796626 229.418002
1204.582353 174.826685
1041.708748 1809.859298
1147.863843 662.024564
1157.758854 13.820185
1174.470294 525.878823
1048.650849 1497.653176
1178.825795 1983.398110
1093.043829 775.455588
1125.436258 1634.002870
1116.743477 585.149675
1146.391199 1540.944126
1153.292962 348.132615
1285.916048 108.193851
1348.973684 205.844137
1283.391231 1649.111391
963.473524 1467.860030
1050.039100 1716.768758
1193.980539 518.387029
1128.864858 1810.062174
1120.549962 306.274581
1005.713249 1245.121432
1106.669875 904.705910
1106.215600 485.335876
1155.144094 1036.358562
1320.896323 133.335107
1038.833094 1406.775172
1210.411162 44.074287
1079.555863 1515.430828
1211.344066 551.763403
1252.873886 329.116922
1258.450736 1.287075
1164.565782 1952.322259
1110.778532 1021.212974
1140.045011 1394.294902
1219.098876 1848.822743
1285.957166 804.859952
1269.514072 1964.466248
1233.420453 1890.992489
1354.869481 132.703464
1160.295235 1872.893984
1187.410677 881.241339
1294.998122 228.437009
1198.694134 276.522274
1330.584761 229.197005
1343.464413 156.353383
1104.272488 725.161391
1344.208367 26.725015
1081.056553 1898.398911
1139.491394 1927.683071
1082.063441 1955.481573
1272.243546 1823.508480
1155.239147 686.489553
1032.793317 1177.108392
1207.832698 1513.886588
1328.391983 638.604843
1171.803401 1492.220008
1213.246273 1921.854346
1148.826975 1645.371608
1151.832748 607.263341
1168.336386 373.537248
1299.852769 632.056263
1277.548303 786.747830
1215.986363 128.671950
1147.920142 567.587551
1097.353737 1425.006725
1241.608907 568.988898
1252.136373 738.871749
1450.118009 63.251988
1283.352813 841.791135
1290.190880 24.637436
1008.561876 1539.796257
1257.532247 298.880921
1305.486880 160.145925
1244.835971 430.932522
1117.657376 1139.162455
997.227179 1277.092847
1168.385225 1699.569664
1262.851615 52.334634
1121.587111 1363.405209
1146.964028 1224.400168
1318.021530 1763.403700
1051.462530 1309.599174
1054.375188 1341.351758
1252.339864 417.139845
1243.460600 481.472914
1362.474971 734.851856
1190.844356 662.323460
1400.454853 789.543469
1251.878874 640.133422
1256.624282 463.464023
1163.281532 318.968253
1175.910731 628.862173
1199.536312 1246.755483
1184.868718 824.149902
1244.505572 1772.605224
1169.432043 833.273422
1118.294138 456.151388
1345.490261 696.664814
1201.075347 1609.616933
1310.490514 202.786809
1144.383106 1506.372563
1198.469922 301.878731
1236.710100 156.195114
1158.329636 857.068521
1105.806022 1319.448191
1224.768470 1732.478381
1205.945950 777.364102
1124.101565 1707.051043
1301.963080 1998.687545
1163.923217 275.143146
1214.782574 391.939414
1271.059123 654.147286
1029.757042 1132.419326
1189.405391 65.049092
1290.472821 72.525505
1337.612838 1886.136623
1117.649171 1619.473463
1085.994066 1344.972397
1153.762211 1286.797260
1171.315200 1422.557694
1368.258287 1925.551800
1193.139434 436.907847
1127.595741 1474.214048
1136.949035 1253.209594
1242.457246 1707.232876
1124.577552 291.736863
1261.069187 164.910064
1344.360254 758.589076
1300.477340 1862.795560
1149.059763 1277.086731
1254.461859 894.571470
1362.474306 215.357416
1220.205968 746.607710
1203.420622 1095.673565
1086.982201 1370.798327
1123.802755 1180.285881
1275.166405 1812.140639
1335.768873 1842.585798
1144.402392 750.425357
1367.043944 1998.895179
1249.510849 1853.424300
1294.577049 366.076983
1021.936552 1318.239913
1308.897302 404.202892
1224.574586 344.407037
1199.857588 1857.436151
1299.852753 70.309761
1347.360912 650.243888
1096.933959 1654.618815
1184.512299 1781.261615
1359.800143 1863.751542
1447.615528 106.402358
1225.253369 520.037941
1378.370168 59.414507
1377.606399 153.140981
1076.105697 1865.310445
1322.707080 784.830589
1317.605426 727.159406
1235.547662 1320.045438
1303.872664 128.566641
1259.248880 21.759446
1300.889425 548.133811
1332.204179 189.489627
1028.796645 1360.354519
1305.235019 1851.776162
1168.302687 740.354997
1120.007348 1582.974202
980.430029 1390.147585
1369.039008 674.340983
1170.481665 697.459779
1244.118518 794.794088
1038.969665 1200.075351
1233.507451 360.757320
1376.232543 629.482867
1272.584252 1882.363103
1226.079683 830.196768
1123.646454 820.147074
1192.918150 514.460935
1289.566879 802.414138
1480.640125 100.039038
1151.180039 937.000163
1202.517305 1557.203482
1114.873349 1337.243555
1187.900128 1644.282982
1386.359491 116.257047
1110.284088 355.386222
1073.459933 1199.740546
1162.996897 1612.324115
1230.153309 1440.900371
1201.255515 1305.409018
1254.739765 674.008538
1471.502643 1949.530616
1281.283079 425.856774
1016.268697 1378.295503
1141.078615 708.916856
1190.288627 30.716733
1107.098838 1220.576585
1257.854995 1937.794653
1387.514697 1894.465657
1164.656645 1469.752178
1200.192107 702.089377
1121.622436 541.311904
1244.475400 279.014432
1212.083081 785.791282
1160.618971 1804.989272
1129.876580 1068.084334
1176.582618 1386.639913
1142.942664 1120.169270
1153.049323 404.960608
1215.015039 831.755819
1055.433904 1643.315998
1238.719703 1866.173061
1429.715327 1.123267
1161.543878 894.847771
1331.053234 704.401961
1290.064853 1887.924284
1271.505913 697.984309
1228.578786 440.792170
1350.381808 64.633871
986.902344 1327.386522
1251.405455 1944.370125
1177.677936 1731.114640
1310.591548 343.582171
1123.133238 1862.229106
1204.749543 1943.835214
1159.485442 1188.246361
1361.653800 804.739298
1082.596722 1747.835411
1245.129687 198.286838
1095.752705 382.295735
1121.011754 1828.885296
1177.364474 1937.557595
1173.385587 781.346494
1165.822960 1848.628100
1069.167321 1684.009741
1138.466326 1925.356606
1296.742419 667.498914
1230.518684 78.559683
1128.802492 383.779895
1111.075031 1293.146503
1037.606399 1539.742225
1174.001573 493.399790
1233.738806 763.692925
1106.216238 1538.137018
1202.920057 1469.918553
1071.343620 1472.532736
1195.848114 117.146304
1078.140120 530.254499
1223.813160 1805.151674
1235.304314 1976.376161
1109.249338 1243.430973
1068.070172 1268.409998
862.900028 363.704660
15.285156 1787.419121
1114.688541 282.408167
21.555450 1649.571033
39.389028 1882.307378
1308.663420 516.233372
1178.896494 210.376689
594.277141 1963.792444
72.805337 1800.771184
965.964867 1993.431636
1129.844514 452.168388
1744.514538 910.874623
1887.552353 1363.008965
1890.754389 862.823116
1277.001723 146.994307
984.516609 159.496448
984.404245 200.167551
1287.444803 472.258700
85.484951 1968.363146
1100.650787 273.501116
723.365193 89.263012
770.887935 155.425398
1073.415844 143.264470
1130.280489 188.524454
625.683576 107.580234
1250.795804 326.075881
982.581544 100.173798
1130.418872 120.309535
962.821754 203.293752
1113.381387 171.474124
1116.320366 319.118362
1999.606643 1291.695455
1463.005268 1512.283563
1055.641585 201.197233
1028.021849 311.898220
803.914604 248.399503
1996.270877 41.689888
57.023092 1384.096552
1936.115604 69.547017
1024.142327 244.033119
1087.135365 297.405987
802.067182 171.152638
1526.768842 1581.548502
1245.257836 186.373907
1733.096153 199.727662
845.949860 133.420341
54.909964 151.873763
131.170174 1482.486197
94.764448 1745.434344
727.911075 225.119214
1372.023668 302.307128
1828.576176 163.804100
1057.588839 270.603465
922.113900 143.907931
1382.225084 217.605934
922.371975 250.407163
1316.996267 273.041781
962.086816 225.810792
784.376635 149.830515
1862.557528 1381.291499
1079.287248 372.838860
972.739505 409.864014
1203.985940 316.081717
72.303188 1890.838063
1155.235132 337.520040
772.414418 308.725826
1173.166150 283.231091
0.820770 1450.107449
1006.622395 133.319640
878.196897 173.544815
912.403790 118.478937
1786.460756 179.763134
677.446747 98.911446
99.799887 22.968307
1080.609098 178.521209
1850.255365 1438.037983
1052.259967 180.930175
54.016710 1406.569465
88.420622 1757.948011
150.764078 1952.909145
807.703754 344.665488
1024.899504 43.600293
1558.173312 155.546384
1402.228623 105.132610
944.858083 109.950664
985.680791 198.285598
194.443342 1475.605694
1780.791497 910.317530
86.452575 1696.130718
1257.510776 217.105830
46.315530 6.877574
1773.946147 1759.433123
1363.707139 255.681008
894.949981 60.171495
904.492780 322.040448
23.252567 105.880549
801.150654 138.010264
1579.277594 254.502989
909.253734 208.280982
839.800808 244.060550
1510.293059 242.454485
138.283887 1591.373233
1017.546182 400.049173
1234.637051 359.655049
773.329093 88.488856
1001.454468 341.597181
1072.549147 412.787693
1115.064609 152.159438
1650.608586 239.056876
14.205102 69.667404
34.391260 41.681570
1494.709926 232.980589
758.458427 82.124578
1879.403900 106.951004
816.050214 46.968930
1987.839570 1325.917752
878.131154 201.313194
1668.725452 116.680008
828.404826 161.147787
953.533267 1933.775278
15.550419 1952.723091
1796.620878 855.319809
1234.901200 124.500534
1809.298119 888.724082
883.220853 298.042408
1020.635415 87.734961
988.686648 231.216954
1087.187736 338.803848
1056.063340 314.556731
942.540000 169.561701
32.986017 1829.738702
1806.462470 1805.357819
47.547003 1590.657299
912.764091 194.186700
880.479491 133.451775
1210.896193 252.801160
91.310197 1932.574847
17.617187 1363.892866
1772.056460 213.500176
1880.359240 1434.987619
69.707011 6.209762
788.399474 60.638476
900.505623 121.335449
815.792955 288.586920
1838.024252 1788.838596
1968.615956 1491.371526
113.762426 1432.858734
1052.485188 107.954282
1161.461271 90.857656
796.320283 55.001973
850.192042 33.031282
1929.654906 1489.696370
913.472072 11.809370
786.023401 1988.030150
41.666180 1770.105627
1853.464082 1920.402306
1171.197592 251.274695
166.440819 1723.203674
1600.485924 1661.729413
1228.935963 180.354884
1936.668127 1395.227403
1518.627000 208.023575
90.691859 1613.941697
1770.563804 253.273021
801.246313 88.568739
699.772972 189.416750
1254.568370 483.990678
119.046425 1453.200288
1711.887792 1756.284372
86.878656 76.287017
1272.997021 111.717959
82.048476 1537.273811
143.308876 1805.325760
1028.420481 126.974578
1699.666434 1670.493458
1224.018857 213.209715
1137.407172 286.537623
111.863595 1671.370534
727.515693 152.513142
1269.234093 250.928094
926.857525 385.946175
1743.668489 1775.502387
72.200674 57.581457
1417.149774 220.410361
1886.798165 827.151038
729.942588 249.002910
1150.035464 291.927186
928.000624 279.732159
1164.551451 221.541888
1504.393571 125.081898
1081.328843 64.552965
52.101960 37.689578
1151.851134 84.139745
106.849559 1798.759566
1008.146914 1952.420808
1660.792451 1674.443385
847.795512 286.356542
1940.161564 1454.069008
1113.927570 365.518973
1105.295774 207.932395
1998.864471 11.022445
42.192818 1440.821046
1203.928316 361.398845
832.784359 40.885143
747.314653 35.088534
998.060572 371.484610
850.003873 111.969810
110.759535 1505.037124
126.644271 1334.017420
1005.658205 201.662953
906.260476 243.418646
1674.775987 1707.046292
703.993611 137.461704
885.894900 106.009941
1827.178317 120.076018
952.979010 281.221928
1093.764201 266.446122
921.921850 191.795022
1041.682140 243.885450
123.546609 34.904916
1402.945135 188.754635
1202.288552 276.829609
1320.048154 240.188442
1689.811588 213.776510
1851.623846 1334.217407
1377.274498 185.637027
894.098059 339.000539
798.798292 222.790201
976.965698 308.798338
1905.402779 1418.078559
1866.244035 1447.394069
877.827228 224.643889
1057.336228 105.320441
1889.807602 84.073091
943.996582 111.598007
21.444457 1321.296955
1830.809607 21.923204
930.071132 316.610008
47.668970 1980.556443
1678.334460 180.042995
1215.451283 402.046256
1039.235335 428.936266
14.852487 1862.204059
1442.826574 1536.174960
1127.981778 389.118901
1929.597207 1365.940991
1706.063593 1704.646816
1865.103128 1826.485592
1884.558353 107.753970
1086.169407 1934.268861
810.231134 128.574327
1019.833994 159.970161
1642.688226 145.949541
1860.957635 148.024851
1840.116515 69.724872
962.921709 1971.717129
938.392061 160.620757
1343.023856 157.320253
1236.846163 429.945336
1136.394751 240.028976
1057.299367 67.689499
900.933374 246.974572
1768.239703 877.224797
943.500902 242.873044
857.830973 220.567250
1947.560010 1367.432602
91.488786 1418.976168
1088.099169 338.557867
52.800354 1935.817594
1202.445322 339.620313
1416.260838 137.213918
977.685275 319.612189
52.426814 1640.407502
1023.166138 91.081277
849.366547 328.523480
1115.633535 423.044711
1304.143120 200.230933
1001.046125 71.924719
96.841200 110.417359
1425.990079 169.403429
1951.682251 1316.613203
1781.136647 1628.157978
1013.010804 289.892826
961.222684 20.241293
1956.111604 62.693327
880.318221 166.100378
1736.021175 1672.958974
36.684447 1912.750210
1157.401010 146.361182
114.234552 1561.601060
742.865784 273.841089
1795.064701 1730.126448
1723.109859 842.328804
811.057067 323.789521
140.457499 1716.149807
81.023031 1391.145138
1515.748055 160.641323
1918.550569 144.932011
79.542118 1307.241983
844.540673 178.302967
1584.831910 1626.750585
1590.121769 186.067674
117.193193 1692.069055
625.924965 1949.383941
180.424793 1861.218542
831.615610 181.772744
777.740322 102.312475
1353.140005 121.248551
1186.980416 286.568983
1439.829753 207.388053
104.384287 1809.011548
975.287666 392.228046
1151.212549 298.227363
69.252433 1504.767255
1208.257683 216.236959
1179.092995 343.242385
941.206681 320.650151
967.036988 118.846185
1.066048 136.182367
712.366653 103.616818
988.982789 157.826449
1309.597653 91.102420
894.732558 173.281718
1462.237798 180.720302
848.438270 61.675065
810.388619 12.156153
1166.949429 258.919690
1279.770419 178.681757
129.912851 1753.005335
156.096877 1910.806998
755.087448 111.882347
1440.936040 261.791907
1643.415658 1717.716606
969.398326 355.628689
1212.457824 455.682800
756.987671 62.425510
1122.623255 245.174514
844.580616 131.363925
1895.307684 1870.733089
949.112474 43.518015
1083.567216 26.902322
1145.562505 189.286322
1317.630829 138.279750
880.763567 15.776695
975.153055 295.143800
1015.405286 245.996699
61.373516 1726.159202
120.418497 64.935659
872.984604 144.268317
1116.958561 318.109634
1043.372643 1969.186307
969.892101 247.689063
104.247261 1886.333307
1279.134373 148.016524
1573.473006 1683.413380
1339.067602 297.824946
1902.010969 1467.432341
803.298878 231.755771
1869.418260 1316.283831
751.985724 40.334120
960.810134 188.378924
16.185486 1422.078136
1813.225548 1369.998029
1120.056109 331.736047
1509.094320 173.932179
115.602757 141.426060
783.606611 306.202250
1072.364669 238.450009
829.174380 93.684989
161.549879 1899.505564
1900.027786 1336.156592
944.687133 1961.017441
1993.841025 1957.739134
913.540834 448.747768
173.699851 1819.038207
1222.541156 157.262376
1158.987604 156.203995
1959.901830 1425.421121
1628.669448 1636.716284
903.760304 277.069961
1060.765349 257.611143
1050.300849 33.267143
62.635091 1849.616688
1347.407550 222.528563
85.073848 1647.253661
1271.978945 215.354555
1937.229813 1555.443326
23.797916 1615.979718
988.835747 315.999680
1081.996042 304.378895
1915.082144 191.075888
1117.002943 206.925537
1618.281330 238.805703
832.466142 225.096598
851.430371 278.758983
1130.604930 250.752393
150.903307 1553.869739
47.243168 80.014567
1024.948286 204.006508
1731.479982 1729.709998
886.322237 384.566684
1025.996752 285.484326
896.809202 492.850365
1407.010295 261.389315
1781.892729 159.626042
155.536350 1777.436629
22.563642 1714.485688
962.444173 445.613130
1909.720398 1944.796928
30.357146 1674.471995
105.705578 1852.489452
1750.846593 1700.529521
915.171566 42.491687
1006.246039 126.931315
1345.782564 219.114691
1506.852989 86.834134
1243.780391 293.588486
1556.608519 190.997539
1053.193993 331.364319
1807.487406 1398.457023
78.811458 1454.133867
35.827942 1747.690162
1129.969718 1991.620614
862.977941 52.301707
136.147588 1827.738895
131.558583 1866.754239
1729.745361 249.144270
1956.932044 1524.119777
1768.481063 128.677939
1733.130420 873.211013
920.073106 83.559260
1083.978411 222.620731
932.040649 149.914151
1788.077548 1426.678518
1031.052499 178.306115
1488.803785 1554.821728
717.615107 68.515366
40.192444 1532.643212
24.879949 1566.063459
828.333596 383.049730
1191.290135 176.762352
1149.592711 204.171372
885.816707 1985.857936
1246.883419 274.646095
46.344981 1689.179365
1102.670495 116.940990
1571.660140 219.723821
137.331964 114.256019
1616.657042 169.570595
1181.537904 442.223836
116.945964 1944.884479
77.649944 1844.583254
718.436045 155.828429
806.227779 192.814867
1473.428880 218.906553
999.815450 268.687963
58.066478 1351.595360
1165.920950 410.757532
960.307055 280.657998
918.413065 354.254908
1963.673859 4.176642
1285.323472 311.400680
82.456242 1579.814782
76.878400 1664.252185
1490.452012 270.493175
147.962116 1460.278853
1285.863710 269.029166
807.402844 128.298705
1180.134669 89.233706
882.908671 114.155093
1618.730574 1691.566222
1339.059953 188.747287
797.419470 284.997033
1061.566568 141.706984
73.967462 1489.907477
114.532385 1352.570807
149.868354 59.068071
1165.873291 371.798405
1305.681162 124.997073
845.632224 178.673864
1819.107959 1339.136396
676.132664 167.586981
1299.981324 241.056954
1379.058532 151.113750
1948.744472 1938.096260
1647.090908 204.127552
863.721127 1973.749746
1311.274867 172.576264
1207.102868 235.314508
869.028743 75.980364
1474.653882 148.925486
862.852648 267.177834
985.896715 103.327758
40.429964 1482.252468
74.866257 1772.795133
1235.521407 207.821381
1000.714846 1986.306517
773.361584 195.714659
114.218167 1985.557536
1843.925615 868.061162
1841.957820 291.962553
3.831794 65.857182
961.357105 424.887901
1237.766507 587.419484
1810.788053 327.090038
401.920743 105.690588
1226.302797 424.875438
579.722536 247.717352
637.099248 188.678826
209.706470 96.423990
1128.209567 464.509070
791.790408 438.962843
1432.117097 454.977855
81.582084 162.183154
464.706947 206.435924
1066.973457 573.690593
1656.692757 406.240670
1425.492281 488.478365
197.482467 140.623095
1217.081475 491.122673
148.643516 112.810220
784.211311 319.697487
1330.628434 458.401546
112.493350 244.170958
1181.275396 348.493186
600.222015 323.192751
1472.619125 461.253202
834.844058 394.889228
1622.727061 419.218119
1120.105855 561.352634
58.290873 210.389961
1053.638375 453.537975
379.029511 69.134927
489.646464 186.558736
1153.916671 442.747933
399.228591 234.635646
166.333970 317.836193
1056.783109 509.293630
1973.307488 152.855751
18.004582 118.210251
317.428110 334.201212
931.701334 407.096281
1128.266860 512.239267
178.586341 283.623057
449.044499 262.877054
474.687136 176.812893
383.731472 275.039092
108.456774 210.175425
1876.592854 307.102879
125.760777 179.365706
839.816901 427.779091
1192.524695 517.312047
234.023843 262.347534
820.551364 321.041133
275.109559 76.039740
467.037133 216.547137
259.954371 47.547390
763.957202 320.600655
1906.085470 217.905752
1355.947945 429.683188
305.724286 77.147214
1898.108264 345.073446
552.160928 258.705210
449.733982 174.891750
975.295115 475.807803
281.608365 104.904811
957.348769 325.878354
1874.429773 211.160490
1256.366990 430.200175
1924.431629 268.488420
590.133471 416.944318
443.711845 247.422851
1874.566482 351.649812
1028.905813 630.303957
239.819103 19.810792
24.541302 216.003314
609.687112 157.082422
93.683293 176.722254
1824.176986 239.203743
931.141145 404.715318
305.360366 1996.347610
233.309956 328.080256
942.488923 455.173090
961.926135 525.779018
741.511524 296.668893
990.573106 610.333405
1902.468699 189.762939
1323.248166 541.133270
516.228249 166.388550
656.527248 209.903763
706.810341 391.173613
134.628515 273.090405
1400.701746 533.029547
1172.664105 585.838508
145.878489 222.818225
1013.159701 522.119855
1925.297745 232.183383
189.272307 232.751794
105.025435 238.670651
981.171486 361.806562
559.384438 211.017126
1743.592065 350.670136
1258.033650 485.313399
881.380222 429.527206
1839.600095 229.762682
1999.854330 135.794887
1346.695710 490.122399
965.924684 563.410128
196.979808 349.540199
354.692814 297.144971
292.236619 225.762863
824.359852 388.849409
1002.205162 501.952945
1133.762114 623.448192
14.386824 292.891455
177.549332 259.748703
1167.858011 505.366881
371.561768 165.736478
338.153749 92.906517
1748.872044 390.099967
619.048622 288.954295
477.998853 313.806942
1718.044086 375.605958
1603.236886 442.291331
96.185619 134.325453
1185.576424 386.679006
273.354699 201.743715
316.895151 123.081496
1996.805457 182.312622
46.312116 138.270582
346.005000 1952.429764
1034.645224 381.122055
1851.921812 198.101748
965.816033 426.334624
527.219918 327.084321
327.306181 287.167975
421.425734 157.374729
17.669010 269.068557
81.616533 171.906203
851.210740 450.601273
177.362522 39.449531
110.452380 297.634329
675.466386 321.605070
402.524723 184.782209
231.177063 294.110173
805.906905 465.896726
1951.334104 319.815496
563.063698 289.310967
72.239614 140.120789
1101.802293 517.296629
899.562355 446.019731
27.204321 346.061017
253.501745 105.996641
1277.091918 446.885105
1019.599025 331.600729
1043.706674 591.825784
65.659467 258.149732
305.143301 232.761118
1388.217384 495.429023
818.460838 549.531708
1196.712276 522.122209
879.143673 323.717017
844.287584 483.231529
1061.544024 441.357432
906.843608 433.689208
1281.143700 482.841476
1057.077220 541.487526
1950.490847 146.235213
117.986852 332.878843
540.395865 361.463508
454.496203 297.292661
1243.804375 454.420214
1310.271541 392.631049
1869.859691 171.148201
1562.365541 526.484419
1035.418627 348.786055
565.247711 345.042619
869.509394 470.270158
1275.468374 552.280296
794.527776 291.286144
1247.139740 504.951005
736.958391 204.253113
486.880689 268.930119
880.854071 483.293651
1983.950081 182.521218
345.007028 188.046460
1940.831862 245.392925
91.894896 147.409181
422.320301 304.008792
1760.316242 323.366506
1158.491224 579.220513
1985.577135 226.964647
714.124001 320.544396
1237.151213 644.877665
1189.791801 434.137828
285.967995 316.741330
995.825729 401.944278
1352.733973 376.049056
958.679245 281.810311
1146.567406 609.404213
1223.472838 388.851611
177.053591 81.140162
406.709238 140.363841
519.282585 235.489524
1156.258136 537.663700
1488.864782 504.745620
864.049660 392.912748
95.321259 104.778883
1176.872487 673.391424
1391.623183 444.019794
813.384423 355.331391
1835.745719 360.872219
727.249226 330.162994
921.146255 553.381545
391.648226 141.607284
575.127733 316.187715
1279.386491 517.060592
723.762385 435.146472
646.334699 336.881386
1035.683698 489.643631
1988.346786 261.952897
992.729470 400.094434
790.523596 244.460874
1464.005466 395.306385
840.797243 281.335151
248.692268 191.918050
1000.872251 457.687999
697.402413 244.528410
637.030708 325.721082
366.059308 244.760893
278.664866 171.034122
1102.662482 470.525334
1092.054621 462.075391
1291.042256 449.901925
897.932105 571.758019
1700.666804 345.278631
116.912019 1967.595249
1065.208930 546.045766
641.470599 370.899352
588.037702 151.850646
886.526470 399.029795
1274.679385 586.554776
1951.830969 283.265268
1530.305090 450.625543
737.942927 399.729071
867.508152 284.778825
549.066515 392.082885
1193.774770 441.851962
639.624112 282.842131
1308.781307 484.866273
1544.358435 418.432567
917.371177 378.194541
932.420020 603.644210
1931.973450 234.443688
836.061185 546.818976
1138.885176 547.277473
1129.909252 661.056098
389.908117 311.784649
1062.973231 507.598000
206.746638 53.953541
1434.496566 523.590242
844.979614 294.900948
1912.275618 379.617100
743.953496 363.273490
382.824444 195.184849
148.505183 18.281483
42.400583 150.119585
761.157686 386.399563
349.954967 264.185994
613.514346 386.227305
1019.434895 429.198454
1018.109542 586.822392
1361.126133 539.072793
698.882097 312.844122
627.759202 130.200374
793.310734 342.009277
491.639580 223.170720
1916.369491 332.111929
49.380939 167.423338
1287.793028 612.368947
261.039688 293.122309
1108.889536 533.820627
1037.984070 537.453697
1.303619 223.483242
589.884418 227.199295
220.724512 133.225330
917.807311 347.847966
145.054003 316.560629
331.957634 212.759684
813.656373 260.457679
301.942965 187.859647
232.208063 219.872547
190.221250 151.157467
43.820449 187.283280
1940.200051 198.192317
1067.902395 477.789607
727.625590 227.348451
690.802330 217.393414
842.340015 365.773987
412.457084 113.864780
164.416157 252.212182
926.594229 434.777182
1983.734698 112.290257
293.817270 272.297746
1751.425896 288.688233
877.316104 378.814432
352.616192 150.773634
299.827295 170.946058
599.069877 282.260402
1943.214966 153.212512
1033.236964 425.363155
441.047123 211.994785
431.313304 221.331114
273.417231 225.828727
113.655895 75.289119
1928.972667 113.162376
241.840554 75.421564
1886.168804 270.090323
485.073254 101.238403
1137.931023 478.980467
76.353220 212.801510
1050.878077 432.444948
650.431987 293.056952
508.186104 298.051251
1021.480043 507.083353
312.022984 196.719307
1182.579806 558.428529
566.308927 172.746078
1860.021725 316.998127
415.799963 60.401196
912.767311 469.558917
1675.742364 376.886150
1060.582046 475.979382
943.024010 347.442922
899.337549 310.325448
1599.280745 392.422988
212.919820 201.351761
694.082138 345.686434
765.042802 459.496579
1963.692660 225.954990
1118.249352 421.758987
833.146914 231.135575
285.973119 141.913667
1004.361625 328.489242
817.254869 318.895842
42.093636 263.787375
1027.352429 376.939572
1709.391765 285.380902
1308.805294 572.722023
101.485618 204.474894
1176.460802 629.229524
1443.374915 423.142344
1245.268325 384.755428
327.573608 188.671247
320.616330 140.273964
771.327152 423.169896
524.042209 193.902045
1288.266587 520.167185
874.398488 535.045707
1230.666138 522.606237
280.713194 264.316158
11.013501 191.654507
231.504068 223.506058
478.665895 269.830462
370.466372 53.415018
24.829728 232.724225
1106.489449 437.260786
684.428821 284.779969
794.214745 502.366392
1016.823798 557.287235
113.366171 211.177206
800.727573 401.748342
1219.351497 492.103739
1316.707421 523.329165
1170.075770 470.549529
448.558139 135.911993
1983.362695 344.041073
816.830896 430.563730
763.724176 268.591474
1175.190772 401.673452
194.932175 302.717774
677.887550 377.528815
150.735566 187.595883
1348.165162 514.654996
176.247632 120.737112
501.530338 210.330499
1320.489117 425.859262
947.648257 320.779764
735.283154 286.908725
51.258267 71.224377
531.829415 245.293078
953.220362 520.714261
306.102063 43.312561
156.953127 220.553347
409.138185 191.791766
1566.881698 445.084308
365.468164 209.340343
909.424645 350.216122
638.846958 264.529115
506.490067 277.320752
824.109657 509.644239
1979.335310 261.562633
1375.951282 464.019372
302.013370 109.000607
754.320382 353.709831
1905.146028 265.665989
710.570461 258.684400
1962.706196 345.840221
1103.642810 586.775202
438.847528 92.503229
411.229192 267.991311
259.653537 241.185812
958.435763 386.026951
25.823903 164.897849
980.335362 485.926356
55.156871 302.422962
549.251562 140.186749
1404.237906 411.894261
714.603492 372.531149
600.836906 193.121792
324.395689 250.915303
1115.071728 561.818216
642.511527 205.518518
606.159174 353.649992
275.275432 261.108798
71.432692 249.288339
1636.498662 377.755926
648.022367 148.769094
922.785802 505.877644
608.773567 225.524380
707.865679 291.289887
124.812059 42.011261
864.381194 374.600097
128.542301 141.368027
1075.055606 357.314092
1878.881821 248.359207
773.626732 201.547070
782.949893 390.250635
1923.316759 181.409833
1225.159124 458.213480
1793.390338 297.366855
1934.044238 293.643496
140.851766 69.963161
213.590558 172.027444
235.621250 160.206288
1016.829783 463.465592
693.556744 170.704800
345.961378 222.179853
998.570960 543.898667
966.939650 291.011032
1262.659480 561.557120
897.304424 508.494401
92.936554 278.653341
895.496262 262.943973
1209.947713 586.758729
1372.822213 506.792885
1787.892349 267.088195
971.877800 571.141517
127.393767 141.738568
273.855223 205.926516
624.951923 262.918772
976.039177 252.837744
184.534468 196.213905
1012.181213 407.857426
340.174768 65.384953
1997.155737 157.634317
258.919812 146.047749
155.535654 111.882411
561.579467 257.619829
264.444233 149.654618
1090.357160 408.211693
1959.585387 192.773154
117.349611 119.685304
168.995064 151.177017
1102.217402 328.355479
1074.672260 396.294682
845.492982 333.482930
131.910726 272.553869
856.961709 498.555224
783.041957 288.960208
1067.582957 614.353202
1034.324326 460.507966
511.082369 126.279122
77.045526 109.441693
1492.802705 432.781480
665.167322 242.812206
146.845529 178.925938
1220.122065 557.154996
385.728018 346.212244
907.122289 309.393767
353.924557 156.354712
961.198177 384.453090
1724.917463 317.352344
1856.022360 278.243121
396.012862 235.658147
930.310633 240.630664
1785.454497 348.020995
209.660055 93.146698
1901.335476 304.578768
99.074785 67.750360
