101.386009 356.131161
813.953211 1188.469208
810.972502 97.230832
1312.685768 1563.061905
418.833749 1395.734367
1503.815559 958.527861
846.876222 1626.468190
480.790743 1231.320403
40.342591 1418.750772
588.496815 1141.829572
1908.966308 1347.949347
1055.063773 1347.976424
160.255457 585.878967
61.514231 1434.674693
1318.516798 1143.788216
1338.324129 466.359571
1949.125184 469.749315
1599.923965 1714.708715
950.176675 1707.375544
326.820720 1328.507663
906.525570 84.676577
472.220837 593.979767
699.199722 1217.038631
1940.075913 228.764391
1750.616975 773.877675
1849.657025 233.472164
1593.577536 349.876710
475.463812 83.653596
1235.250305 1349.320529
1639.502678 1176.769487
1178.855406 1426.737882
47.700166 1563.127128
1412.400526 182.552225
608.692822 1552.128121
811.751921 1683.503140
1583.196932 736.784830
9.527448 1817.480326
1327.687641 1243.231849
1325.636522 613.810510
1554.669272 242.158977
517.318608 1020.928239
298.177476 308.454765
1144.496067 1555.990362
898.482701 787.531829
421.855243 377.735261
439.091904 554.110102
519.259194 1443.234655
231.541855 969.642541
1231.136531 1485.934827
565.816455 407.493193
1904.596846 393.092962
1934.400772 1725.115148
472.768905 1819.099254
458.321619 427.314438
720.395174 203.022080
1415.345124 53.491516
1598.051685 288.143333
465.844293 1024.959142
343.646554 140.540476
640.269721 146.979458
454.367276 328.470797
1949.125248 1671.912856
1759.834885 1468.950055
1348.502979 1430.560443
1691.679617 1082.036872
677.798461 1257.213970
127.126549 1558.090676
1205.441546 1449.799390
1496.631444 80.552559
724.371708 1777.293619
1348.059398 1835.249000
588.476705 986.427773
471.645425 1878.929213
1638.614932 405.741312
1217.312745 1615.793547
817.178905 195.570582
434.893213 1446.347777
294.097238 375.873033
1771.635776 213.671857
1916.802264 455.450509
744.149280 675.212359
701.548319 1903.464520
1015.237561 925.768442
565.820839 761.814782
1739.708662 274.791478
1695.748729 1225.475453
760.292781 1737.044735
1039.337441 1159.540862
45.549785 846.828868
36.817154 541.024281
1330.654305 943.233700
790.536973 366.731272
1838.212723 434.651407
24.134281 514.558620
1411.399993 1031.121600
1814.683621 1884.586039
1209.038529 1582.344165
1108.253320 1513.332567
807.048414 123.038412
740.284421 1826.722522
520.187484 1263.341812
654.297713 578.439144
237.794932 76.981610
1277.778539 1578.380799
1860.181451 644.785370
615.265253 513.826292
1518.052129 1944.180173
1297.968005 1051.733180
1319.610454 1654.510090
414.404100 1448.980693
1815.701193 239.518560
1686.116854 1268.585051
1802.240571 1440.424162
80.612621 1520.053581
1700.322415 265.440692
1832.662650 715.897532
1174.315477 1695.569737
1044.190115 1415.518008
1425.476703 1480.264359
1838.425134 1383.091880
1259.478925 1461.697620
266.489387 1724.640809
843.663001 1858.811933
1307.640791 71.266875
1422.985193 841.639177
660.762765 4.251790
886.982662 1230.435966
712.678850 1208.455283
634.027477 1852.816184
254.256279 918.354497
1851.349024 1807.061276
787.955129 1867.469282
1057.567700 985.340041
1010.381943 786.009825
772.628781 1962.179574
1801.574849 1294.584064
1206.715034 158.268448
288.386169 918.117681
946.015739 948.213892
1716.817542 958.830775
549.885423 833.668746
1378.707152 1620.433370
787.698147 580.381740
1748.104612 1500.924983
913.556890 36.837327
1127.044229 1455.297244
1742.377394 1289.058046
394.418865 274.606897
345.952398 1883.046608
1649.368909 1313.710885
1808.246893 598.484643
738.235610 1997.793707
1886.334991 1296.311826
560.924519 1264.872792
179.623323 1394.440218
930.955413 470.942326
1983.163232 1414.923873
97.126660 895.234919
1052.883127 1761.168588
1345.805009 152.720708
1905.350598 298.889748
1922.924729 1567.724845
1364.983498 924.553894
27.130597 1901.577466
174.294592 1734.178391
1814.156112 257.405924
1329.187808 778.783345
908.482952 1327.607530
1649.090430 1105.639508
1779.979365 965.597628
1081.908493 1667.213526
362.057437 755.777970
704.107218 1848.940609
1478.274160 1592.734254
329.496111 142.672890
734.450074 129.675186
1211.219013 1793.670194
1322.155506 1669.004244
1071.773227 1720.526613
130.947479 1772.254001
772.613701 142.216811
120.046648 840.066846
995.883204 1371.960173
1493.742543 1630.701263
1161.415449 1556.241933
788.957745 787.114437
475.859115 382.364332
1228.824658 1406.992613
192.990307 1500.611011
1886.257287 1378.724549
224.931305 1857.659514
966.061128 161.181820
1444.104150 1615.571526
58.485358 946.674574
1588.823775 76.651926
1953.710031 1833.031821
1791.134494 486.807787
1749.111280 978.005237
368.222965 1506.917839
557.066061 1160.315946
506.927572 1413.898622
1788.704368 1217.129067
1437.752905 1875.580377
407.747710 100.855612
962.543283 1770.948705
1384.518772 1840.532959
1470.258953 54.999482
1671.524852 173.726251
357.803197 106.496562
443.916156 1184.039303
593.882385 1968.506452
34.241814 1568.751102
123.623002 395.993243
980.913747 1074.528198
1687.542021 440.298537
1525.508876 157.753441
1608.224930 1120.063463
1354.685023 188.735215
358.853248 865.341062
562.221758 1334.958539
1646.964920 838.736498
424.912113 1370.022787
254.722826 113.133295
568.776841 1015.282054
640.803385 975.935602
1794.872873 292.564787
1467.578257 154.296169
1674.772738 878.468847
287.710003 591.485064
1015.675283 1276.424382
1979.029880 577.335019
1354.886060 1212.151899
204.528711 1205.786572
911.907472 1786.734496
1516.446642 1756.288984
1959.645687 1545.856155
1552.731126 865.071120
675.126057 584.983007
811.514779 1963.653965
1540.970839 457.002171
336.987698 1529.148566
90.432223 478.338336
1510.779897 600.344545
988.281434 1228.590357
315.798500 146.998905
785.968661 1797.604176
783.069623 125.662846
566.449720 623.464327
633.821690 871.572212
1857.649947 1241.943002
1079.468180 1853.849342
1831.525539 316.128165
2.201264 178.138203
1064.070082 903.192556
1732.063719 1365.942211
1083.603934 1504.831561
1619.887303 1390.267733
1013.083259 1460.619949
1794.634491 1167.810506
973.299317 1739.005267
708.726461 1282.023209
1446.539458 1693.761501
1923.110836 225.836426
1725.656522 1057.414608
393.514830 1928.376876
652.693981 656.367299
1929.021872 1321.963238
1773.406771 1379.824017
899.864642 1743.963296
952.572711 1510.947611
690.094451 34.039059
1320.084301 1292.571262
1464.470796 1900.726489
330.652478 1152.533799
302.088870 1054.919562
1495.373693 367.951475
47.720903 1506.904389
275.830074 1558.177620
296.393891 1766.908535
54.275838 1286.411773
1493.409513 17.507205
1776.994651 1311.479172
1671.333306 659.420174
898.786106 352.639769
1396.895675 1184.959311
132.864971 714.585499
66.422250 1544.804842
650.007315 1885.293544
1853.223648 1557.939654
1731.328441 1132.719654
942.337808 1483.324633
556.226074 930.515478
1342.669497 1142.147548
1855.387328 1679.817395
1013.275594 1685.388720
605.226679 1939.952722
1894.669175 1188.911010
1279.596978 310.592908
1498.014413 1674.922911
524.623265 1219.498818
267.933580 191.887341
1666.553909 1152.901429
612.519158 1427.482059
1855.290315 171.940141
1635.600635 550.969171
1120.388356 1703.628697
1450.728659 1013.025701
895.702547 733.869055
161.755428 501.418072
1705.730178 108.476921
140.995050 1908.515279
1119.906480 1476.971592
1574.306521 606.956067
276.889072 1124.859546
174.408242 241.810087
53.250087 1416.998908
1078.483349 1459.626696
327.924980 1298.894218
497.318536 1394.096710
259.804317 1820.021783
164.921551 981.957541
1704.353909 1372.927490
475.219940 1380.752492
26.298514 875.364755
65.674314 307.411972
125.625589 1361.026837
1531.836834 1093.457370
527.086542 1957.531427
255.463999 1460.798342
1071.493738 1403.033315
857.918725 1925.204784
901.830316 507.908834
445.340939 611.294660
1399.594927 1560.070099
667.449645 1291.012052
562.923161 1811.360621
1343.562989 1000.631461
1012.727856 1432.731141
229.542592 715.548308
1119.275613 1103.750183
843.666590 1816.877159
634.591119 1812.960482
1553.063180 971.016384
371.288440 1628.379158
697.924885 264.375585
1940.340654 1090.914997
570.882742 519.193214
26.143383 397.197220
1949.092760 1246.119215
1788.657620 1252.650912
121.974793 52.608317
123.006777 1956.668818
1141.706404 1656.427053
1391.520153 1339.504382
184.991579 675.188779
1422.582948 334.193511
1420.196416 1120.284686
230.873266 901.992869
227.153993 728.767990
327.736151 344.017394
1433.352893 737.508518
1740.303172 1311.080454
28.153620 180.418155
1906.102084 365.817698
1124.231546 1417.560146
535.527343 523.277973
161.868903 919.993631
1567.455113 555.832178
257.952794 831.854775
162.423822 143.879114
1417.544603 1013.875358
1474.719809 773.197461
625.287620 563.240503
1101.855686 1886.548332
1449.151987 1851.121417
1646.628973 362.799111
938.400464 894.919340
1718.070293 875.108759
805.706873 310.619084
1947.361473 1617.718792
1703.327787 117.896194
867.267152 211.527507
135.441375 791.362519
231.288165 713.074576
1619.032280 1236.217400
965.884317 1206.094202
86.073052 255.605104
339.719622 1445.616940
1575.589338 852.885748
1290.016916 1196.369581
1036.814449 1521.090472
511.094578 1437.410280
1490.753509 1680.609229
721.173865 645.491093
697.007276 1541.637237
1914.258504 1617.664097
1546.072067 457.854591
1191.590050 1576.630289
1781.306817 820.214891
413.724688 481.307667
507.589946 10.227187
1338.154452 174.166320
394.311924 1362.535422
673.259143 132.467405
130.534120 1819.786474
1414.219343 1890.124281
1911.413488 520.221098
1025.400199 1463.855370
1067.394631 1029.813414
1284.573349 957.940762
350.524933 64.824107
1393.458701 1795.658987
93.420726 1468.912974
507.162359 1350.490180
1907.551023 1771.872392
137.633775 1115.979106
1595.612860 379.677081
763.008894 472.775782
738.435377 335.360348
109.918322 570.272552
101.474398 1427.628565
1979.888005 1701.389366
1672.771350 1591.810693
27.603539 1891.989917
413.792677 1545.470035
823.026203 437.101981
1944.964511 341.336377
1913.880849 532.137016
517.241021 1125.770734
840.749482 1631.640202
63.442925 1348.762892
816.188540 256.888770
1566.884332 199.638005
1378.832865 1503.960041
275.594317 125.572125
1790.318819 154.373273
1402.723121 645.592124
583.338516 619.770531
1465.026480 1836.546577
194.350735 1768.069506
1452.591655 113.380690
1697.852922 1141.961198
1386.561251 1669.040593
124.021482 609.411838
1163.963528 1831.167479
496.405168 545.979422
1112.018919 1382.149818
60.792773 773.000429
662.616087 513.436595
1781.203059 1349.972597
1021.363585 1369.826936
122.769995 952.826644
804.025040 112.123692
1089.550289 1655.252660
1808.075762 912.898621
605.820967 534.860582
1371.980170 732.674532
1353.698238 544.783444
601.982002 1094.203322
212.579158 627.479704
1201.110303 1397.896347
1230.126954 1688.990828
1037.166461 448.185967
1984.030736 1632.960518
783.690321 1844.362621
1916.598500 176.882917
82.155352 541.654679
1330.068118 1089.413960
1287.070335 694.448610
1890.303789 1657.524814
1361.404882 1590.654994
1339.100799 1612.025802
888.599824 387.039858
478.883970 1279.565193
1370.080223 40.128478
1916.068213 1294.433006
853.925499 1894.148120
1899.110923 1589.399649
665.567656 1664.283528
965.017200 1365.607959
1261.074105 1884.352241
589.583822 935.014363
1575.661977 911.124239
1576.256637 144.817532
1171.287097 1776.331909
272.573206 1743.608864
1394.903605 1114.863536
1683.349233 1016.895999
677.802766 474.337417
501.328396 937.829508
1759.096977 185.866113
1412.657434 1150.850269
338.686372 1358.888171
1343.962183 1230.669339
622.690568 1196.386225
159.023980 1520.577192
1850.567983 1344.432891
820.669103 626.545829
1165.154228 1507.264361
1932.874235 1730.487198
49.612490 493.705550
260.350263 160.830093
913.503035 1279.283749
1184.936484 1858.231650
353.332395 1584.980326
133.222643 72.405270
1011.332028 1084.123374
645.408329 539.841687
325.328104 1932.515756
323.491352 1828.987944
1716.288924 1315.852552
1359.978869 682.757506
732.629573 1790.557289
211.592049 869.465527
1781.604767 1536.044391
99.398663 455.055063
139.721286 1547.780929
1785.694697 763.816879
251.260157 1013.924444
1829.191270 1183.616215
885.640723 1174.759445
338.004116 1256.137406
1684.073757 229.315653
1718.329802 1728.364868
934.793367 260.379195
1462.745369 513.479796
571.521591 1221.301857
1003.135002 992.741520
1247.287900 943.089720
564.569894 556.029239
1369.627113 861.539402
1714.800892 1547.038054
758.595619 1885.661862
838.056872 562.978492
101.691558 354.943625
1989.662382 1441.295115
1931.176036 1452.733057
1628.342816 1507.196396
1814.457045 1870.684359
985.927332 1265.961182
615.498764 1865.840348
1345.926919 1109.306120
1607.902747 517.336255
1435.886642 1961.848708
1227.171403 7.238225
1757.552630 1875.342904
225.619827 109.170515
1304.158409 953.204871
615.129488 1148.964772
1408.599997 911.756806
1835.302514 700.904702
1269.637740 69.416325
1188.858217 1918.767189
678.046338 1893.004610
1040.967185 337.469445
1349.117084 1499.183204
1736.627668 1360.125007
542.137206 1006.344862
1907.545373 272.330401
1551.736818 881.448710
1425.920068 1025.517152
612.053361 1977.128546
1365.897405 793.050030
1802.967912 1366.781596
1308.854889 1987.336319
1736.822255 1974.721313
1468.648542 343.278779
1553.793889 1414.769261
573.227986 1906.675142
1878.420893 90.556144
401.838082 1765.338351
205.915887 834.892851
1173.004461 1785.592781
1125.637043 1079.771328
1584.050664 606.833905
1586.113343 1041.331480
938.273515 941.161981
527.907614 117.577474
1901.855815 36.139416
1541.335631 1471.058207
443.179288 1243.243958
358.521564 580.344178
1559.996523 799.498437
424.337086 599.621305
424.371850 1027.551557
180.140531 1797.459476
852.940199 82.517157
1918.270438 474.538486
1148.240751 48.238109
1792.607399 548.742217
341.283485 338.389664
1742.812453 1769.783773
857.324375 1719.233660
1707.140271 1571.981489
1312.428349 1869.314353
924.100909 773.075115
1631.212199 1612.023308
878.916264 765.002048
1445.323119 352.587059
1617.343646 446.478774
352.201543 1803.580586
624.565299 1099.738476
1460.284711 640.199207
1187.001272 517.681792
1596.744558 145.554912
42.125609 746.019912
427.154937 686.392562
761.027199 1263.144854
1385.826358 1243.261068
1523.539118 465.892797
1759.237511 1588.883047
605.114528 1004.163673
1657.012245 311.047791
1921.016190 1432.773222
1897.632669 487.788649
444.310627 67.259305
1121.888881 1292.758076
1791.872148 1918.072615
1418.956535 856.388290
184.124846 898.712694
1457.920577 1711.821095
1725.340121 295.462235
1143.550983 141.052412
883.226841 1126.897699
408.740739 1426.722053
317.750237 1883.699297
999.107727 1413.097791
224.749697 1328.505693
1852.891790 121.912173
1228.121093 1884.594293
101.337538 759.161465
452.935642 1569.213784
1315.240732 499.802279
571.961983 1381.711746
1606.728776 84.357622
1574.955376 299.780235
154.939646 477.028009
1325.358628 539.426707
1015.254394 444.382441
727.233459 200.606443
1836.480331 645.839251
1861.642565 1442.358861
104.230772 741.305635
126.208737 1204.971887
1528.210765 42.069060
1266.788817 1780.206169
360.946523 305.984355
1331.606507 1065.235925
1644.847978 525.465974
699.131005 597.403441
669.990563 12.909974
1869.783812 1493.214669
365.678323 1235.069298
1525.438036 1108.955299
715.190990 1825.621809
1198.779883 1984.017829
260.682043 1005.354481
609.079255 15.561834
1224.898444 1802.149194
1667.416184 1249.565870
1440.968826 542.389047
425.095139 977.231678
751.817545 625.406895
1696.059401 582.082967
271.450490 147.379516
919.718276 759.214764
1412.812052 410.083604
1441.661310 1611.358998
320.720553 645.871010
296.545548 492.025624
1213.626995 1558.890310
798.467485 752.213622
1634.585234 131.543028
255.873581 441.358650
1223.637812 1769.488542
1029.933585 1682.929036
166.110619 130.697110
528.579467 486.544510
1734.281091 730.651646
818.395375 809.380111
1519.384469 67.679677
808.788409 658.678878
1821.630421 566.897302
1711.621744 677.227064
1645.183363 1363.860123
987.902618 344.633933
187.896625 1533.128276
342.456128 1719.674804
1591.964024 1530.098561
343.738301 385.813568
1006.215860 951.283488
1265.355189 1877.031850
152.395930 1465.597525
987.831730 201.385453
23.617263 358.554079
1522.937252 115.161681
1113.612605 1818.249435
506.705292 1034.375192
1152.014373 346.251969
160.315796 980.510641
1020.205599 143.809066
1601.063424 622.926552
1681.778976 1507.407646
1343.778761 967.507533
1841.391763 118.045106
160.434618 946.409580
158.607303 1079.975248
232.997875 103.042146
612.994554 444.553572
1789.422757 1400.311476
1590.365732 86.167328
220.644964 643.547977
177.698882 698.830708
1361.807415 1907.921341
534.388760 1984.312904
1690.121531 1621.434612
1686.371250 1713.429340
1555.783834 1545.366696
192.441212 1421.746011
216.785751 1963.257131
1413.490908 1037.985576
1359.126099 1946.873534
861.069290 906.146083
1385.071155 895.105726
1204.734954 1007.609988
1136.830019 1703.980204
334.523850 1667.403320
576.484595 820.670538
733.470762 1480.659697
1126.349574 1911.450046
1015.731503 171.635572
1565.214335 78.642714
1388.137951 930.989245
637.777527 1083.471904
978.424752 924.077313
519.683877 147.384415
1293.253698 1897.623273
99.898627 1547.406563
1075.052782 1646.234597
579.116350 100.863242
778.651655 1765.887100
278.730022 1632.932870
383.189971 951.958589
1304.761951 1111.664931
1172.062008 972.411035
697.597138 1863.354448
1780.529949 113.852621
899.133240 548.015201
143.890456 751.066414
556.122108 169.562510
323.697509 1010.417712
948.898597 393.792347
990.427025 838.926768
782.537193 1783.380779
160.908831 572.846873
440.223142 1689.929337
591.222737 1951.730188
505.555549 1573.575463
1397.374616 52.815579
1329.801004 870.868531
866.793204 486.748476
1001.116693 528.977388
785.559536 53.599935
596.410641 1794.831227
1021.446212 79.389690
352.587660 937.156592
324.826877 160.074018
659.546498 603.973450
1767.919996 373.746247
269.741873 1752.856599
237.389307 896.358464
1182.483432 1592.879742
862.630266 496.214388
712.921582 1749.623844
1613.410173 1392.447027
837.042762 1850.097747
304.714194 958.182767
1492.395050 1316.503127
393.919458 413.402007
483.520243 351.426175
728.047268 1358.445077
1250.312267 1811.504415
1647.859835 1838.132716
732.946980 1227.229439
1623.227007 1595.619730
864.189635 214.042469
1620.872252 1426.883613
352.887521 235.079135
408.684918 1342.980868
961.747170 534.188365
1231.568457 756.812715
1429.162687 965.878419
997.818140 490.491957
960.399374 1226.076269
345.327612 531.410711
63.761386 438.164106
186.688945 363.127984
59.209276 648.524732
975.842723 137.464632
195.989425 1463.600022
1739.867085 0.509494
1445.364961 33.146194
262.583966 1686.468383
1547.596214 193.526216
1835.672305 1555.723015
696.732181 1967.238748
193.032107 1141.557786
1267.180122 871.645214
192.909846 1685.140918
597.707998 1313.926495
278.626569 592.766572
162.018936 1924.435283
1300.020705 541.412034
1127.677040 1039.474191
576.303692 1577.435205
952.263408 533.262398
447.394359 1795.068055
1642.602468 1690.601485
590.459400 1837.702187
1362.208383 802.169724
1412.544282 814.135606
1165.180461 935.793057
1206.225971 1666.242587
1212.479255 1670.171654
577.434896 3.535905
309.282663 588.735215
1390.589336 354.491068
1796.141811 676.114041
1042.457752 172.519269
1078.807871 1707.473832
844.711743 1631.480670
1161.942907 966.492578
1301.598659 1170.215901
504.143704 1179.563115
902.619651 982.550798
873.711652 1320.194765
945.210296 1166.865164
1206.063133 1046.888080
1461.758471 1044.946791
373.546081 1769.404275
1306.196977 1753.476250
232.515030 1993.151324
1212.514229 264.247741
593.297433 1222.564017
378.701517 1655.666399
164.896933 1436.333728
1409.194262 97.926396
908.839147 487.432152
1451.469712 122.524350
920.771147 926.235680
1430.326126 930.849186
216.847921 1687.108627
1245.675126 1837.635099
1726.334512 1506.314352
955.854517 1335.622118
287.113924 96.024548
864.050390 350.948666
1552.241644 1361.930337
821.438858 703.637370
1017.564502 1140.599049
1205.324478 1636.211206
62.253534 663.050488
883.378747 414.259766
547.799134 272.850059
632.469193 1931.257786
1377.969046 615.555662
1845.443599 226.176590
1117.607046 1761.394896
1599.620323 1862.870919
448.297799 863.949717
831.420528 1771.095070
1870.612765 228.096855
912.142253 79.159236
1452.427454 866.624247
75.243654 810.707482
581.500607 1183.736609
476.465131 188.352103
1640.293564 56.297217
325.107814 1386.250964
1665.563804 1301.648305
1246.897515 1380.472164
1967.491961 618.526171
955.271345 1699.253249
1853.860513 168.104220
921.339247 159.910687
1868.510233 1924.238503
388.086022 1306.001638
1457.614228 1650.833059
298.509082 225.638785
1300.913477 1044.368198
1496.695395 486.146407
835.378544 934.646875
1397.679407 1215.742859
1153.070818 285.627678
1654.459263 1462.530925
851.910579 1157.987166
262.129860 39.394579
1908.531800 1471.142144
1615.640710 1830.846752
1527.628520 770.430923
876.365325 841.931531
1538.825461 1606.963779
361.064050 642.336017
1082.823522 223.369271
390.249633 1370.508306
832.227571 1313.842698
1668.343257 45.821191
401.301841 570.092338
1012.443212 374.492859
1186.048200 1176.904124
1505.629239 822.073973
696.696420 1728.662233
1239.978629 267.043414
947.379846 1256.640026
946.894617 1943.153758
572.729670 1753.922203
1079.863974 1413.402936
131.098284 1368.949896
189.183246 1572.258373
1458.287016 438.056288
826.910443 744.304832
916.082320 1316.816842
1778.863964 1635.190702
635.590535 1315.126268
209.600010 1817.237857
999.774130 956.873722
232.315437 1496.968881
1646.659256 1375.151631
474.465337 1766.861879
893.894894 353.600448
1754.880745 72.685882
1251.160436 28.056589
1479.879776 847.496016
899.031448 636.781245
1891.324695 400.554237
652.971537 1874.334114
1241.340928 563.133670
1661.074449 346.978885
83.156311 1569.395518
171.731746 664.217745
836.856068 933.366984
881.796696 1655.814785
133.910181 1791.903304
398.390467 428.529443
1970.582359 501.110524
499.398202 430.923933
1667.620272 1982.263493
955.486790 351.003048
204.964485 1259.999981
162.979125 1583.984096
1524.999210 1295.080607
803.770056 1353.634672
1946.938106 1519.207159
673.864886 1352.428463
1333.587265 493.728809
1912.083105 354.710075
1327.435499 924.194525
577.126910 1297.556351
61.270301 183.793643
1804.059978 1390.401612
1711.839407 918.150575
783.945826 1367.064091
451.931895 1727.276308
580.853753 296.050768
1007.701573 1229.593240
63.317805 963.526619
164.389656 602.357539
626.941069 1655.182283
1660.745273 1373.959272
1835.796732 1626.779906
914.767032 859.650937
98.687235 397.458757
353.040787 409.326019
1868.006488 544.406538
328.315788 1349.830468
1277.442071 221.775758
948.946772 591.776385
455.113621 691.374395
690.176682 193.023410
79.958812 530.775090
616.910662 1158.093372
544.756416 164.679043
404.576876 28.399038
1823.197441 1293.342159
365.147981 1708.645519
385.974410 521.205880
966.332759 726.415811
1784.982213 329.683523
1401.043645 239.198684
110.940844 1035.625504
1000.148518 1378.632579
1095.206382 1891.648353
1159.406128 1848.468892
865.143602 1755.298708
940.987083 475.029882
455.552142 1642.134378
1864.846984 1779.507461
526.095861 369.601885
1594.030834 489.669361
1759.761883 223.346339
1077.383013 1742.171920
1473.712825 1190.470969
1132.952658 502.484597
1574.631160 1019.992187
334.505823 507.888409
1821.455420 1712.952909
1374.149113 727.118910
1121.556799 130.209409
679.194968 916.019630
1060.706385 550.477529
1514.407949 1556.525313
1681.479964 1781.968177
1724.207044 343.757902
1932.936061 1823.100799
1192.126407 1953.651165
1955.034895 1845.603658
942.235608 802.935437
1802.478583 1446.159472
293.447654 655.467214
1341.821222 263.782192
1817.597078 1477.900288
318.724658 1581.769412
91.273508 1031.936641
334.769085 1768.773327
1362.452288 1337.303316
1804.543015 1646.431760
1050.154920 629.425465
959.342025 1718.360446
694.457163 1532.252535
1359.582458 627.896017
1918.444592 1636.777511
684.745804 1986.141764
1136.856691 636.207435
908.472937 815.320955
1217.081313 1902.794564
331.252727 1172.330015
1856.637400 908.807900
781.495348 761.770774
1805.077222 1014.663519
1723.304844 1758.836331
609.109630 1365.417743
1207.559659 227.198429
1438.994241 755.503200
720.325311 735.750613
247.202671 233.994402
828.325855 1877.727046
1471.586723 1509.627149
1334.110702 1009.531724
1537.893876 1173.441602
1069.570734 1682.360889
1040.387941 1364.471588
1693.950061 1399.672989
868.172072 176.322984
310.283227 1628.855453
289.547624 1656.796115
1058.202317 159.219669
324.867779 1160.408373
1179.616134 476.563443
1529.785644 1958.659490
1757.440455 326.086732
1891.928716 1734.976889
1799.464247 266.254724
409.705476 1581.837825
1773.760088 883.965140
356.094229 1002.123716
176.369231 1605.424972
782.458249 123.622275
691.221659 600.244831
917.596460 647.532911
541.431343 1327.827964
737.136558 1403.353269
146.938469 153.455929
120.984860 602.151252
1891.493334 920.424017
340.538881 1703.400886
1475.297644 523.593525
852.974838 1890.854206
1239.609578 716.526299
489.022512 621.997177
1580.494310 1308.705956
288.410263 1556.826644
286.964428 963.143332
793.841524 1019.485245
1188.723854 796.901749
1783.538862 1882.103654
794.977937 1323.725702
879.838577 929.578931
1679.514904 1642.315609
497.875604 649.736018
865.151727 1590.476473
1790.199538 765.011397
1424.685035 1121.490539
1091.432793 196.562339
864.941146 224.686277
1023.240897 1866.715757
278.927840 309.117483
117.512604 991.401102
28.624791 16.686835
1062.009683 670.620967
1252.084188 310.946899
243.988121 1226.104932
819.876910 1638.934100
1680.753959 1583.225125
446.282097 1192.819999
1319.446359 227.431542
738.043179 1590.411222
1713.398152 1612.328915
1684.164435 471.952736
315.829712 107.810099
1822.225204 881.631306
216.941090 241.985388
345.994118 323.593917
707.750928 179.349967
1278.520430 1411.422436
451.332270 1393.968093
517.131458 1235.421115
1035.788627 245.032097
1288.779260 1177.011600
1119.889218 1744.346257
781.795165 1404.010061
328.730326 189.698856
1799.950069 1732.572240
1498.029167 544.394759
1775.891829 1801.703304
1089.983063 1770.739234
842.044359 1749.635203
1301.576157 706.735249
1756.176897 1570.973199
1116.359991 348.359557
140.369699 1620.044265
307.733017 645.215267
118.703897 914.348966
449.676702 1577.027843
603.810616 278.437802
988.203266 531.313547
1207.772830 328.206384
236.079526 330.279731
1842.351100 247.451788
97.050461 139.297393
1531.866236 465.130126
82.413378 681.990363
1287.358722 1742.892887
164.496715 1659.510665
198.743494 1744.232311
468.895052 680.220795
1824.463244 382.664747
1395.888659 879.543887
1014.938057 709.868653
863.676891 36.239067
1251.170617 1818.379776
1003.949961 489.852048
1275.451579 1582.031191
1492.080281 29.355014
927.483864 409.356533
1267.552859 100.883266
1511.945676 1254.070624
555.390848 1406.993682
1794.800229 726.911642
1904.179631 362.710880
626.532260 1367.910546
1805.687746 428.742940
811.955401 1380.488136
1638.598993 883.314719
1967.335855 1621.185209
484.551771 1078.499089
430.171196 1735.064611
1759.679554 1499.949721
1456.178117 945.970261
418.541559 735.730992
305.405345 204.267190
1566.127779 521.210974
868.554478 1020.466248
1976.167890 595.968371
1856.969976 168.403780
818.921448 1725.396537
707.786535 1686.769340
1755.050442 1619.331583
1579.954953 1139.442002
384.685890 1207.127442
303.801262 1502.665056
383.812041 1414.909386
1404.064678 1163.783307
1690.367124 1494.610227
578.128429 826.039294
1877.484232 1715.683962
218.488771 1635.644086
901.923722 173.792843
967.257693 121.291282
808.738826 757.385116
581.369725 663.011983
1060.796646 533.574592
1277.441083 1502.926623
1684.543334 420.712132
1355.468789 1293.169656
1242.294088 431.513836
1681.569667 251.825683
195.802643 1378.502344
945.920113 1686.069482
1783.586823 1697.392569
1841.563171 470.280345
404.840672 598.308877
1819.653198 172.813209
1601.832335 1514.248911
513.763994 1640.588623
350.245157 1167.038244
695.945573 281.322293
232.364520 1373.372145
1553.955563 922.939151
1957.798848 285.264868
868.875097 1787.700056
1238.091208 747.059891
268.811933 1084.576017
1419.955382 1815.145829
390.280119 1392.333343
1277.683047 1310.347932
915.501069 715.505876
1296.346113 166.815567
1274.485432 693.094455
1936.282875 269.587226
1890.462706 1068.454128
909.756183 1730.398496
1011.352703 186.574772
283.738789 1306.677031
1275.756852 1348.497571
1124.118637 584.596166
551.595854 794.066364
285.584811 1117.866005
1847.115200 1857.419190
1132.289407 691.247454
1887.176326 121.943404
284.664729 1225.402098
1470.796710 396.362542
1069.457182 76.726241
179.236033 266.081024
1879.686930 1922.553576
893.677045 212.654998
1507.442619 1247.468826
1189.895143 1665.353528
1462.711297 1330.876489
302.508942 402.995398
1586.357699 1631.066204
1291.860755 1671.281528
1600.654385 1238.652306
944.463640 621.460423
1828.592301 1805.842130
1997.555401 1229.647213
1372.112730 1014.199182
1371.846383 140.286554
196.599381 213.018245
1325.200424 520.094705
1338.124357 294.264583
778.892451 701.426381
408.850112 425.340064
99.299922 211.703032
223.021891 150.124469
219.810201 1393.505128
1440.384531 643.326771
887.077150 844.951115
1644.327619 1676.638256
362.514211 964.948418
1055.238552 396.973409
941.106343 589.462720
1713.161127 1627.984375
300.887549 1850.963441
1330.314318 1840.072127
1484.482474 442.761362
1877.489552 526.989776
1048.747920 304.880169
224.996564 129.994822
290.430578 1225.017980
196.635698 1540.630482
96.019015 1325.208419
1494.384546 1153.301510
1001.868413 1807.742827
480.110280 1891.819039
1827.460179 1715.034684
108.018027 1798.596520
644.223814 188.451617
1873.113314 1133.886270
184.330772 1183.680328
935.558747 140.459944
1348.923603 950.313856
381.173019 1347.880499
291.321887 1356.866877
142.313601 567.446098
373.690912 1603.196952
841.651223 1766.302578
1515.046512 1410.923000
1296.823810 762.845096
604.303197 882.888690
334.795796 1636.742397
1579.909614 977.808220
1591.582870 1595.008131
1035.338105 1612.113073
243.765957 587.901512
1512.891684 732.150408
22.527407 766.361069
1463.946642 1476.052456
1028.874660 353.945979
576.592068 1300.326422
1375.841557 811.542188
442.240492 607.112568
374.409793 734.138656
67.057192 1300.919999
1900.009300 689.204605
1107.475772 533.757068
1209.011185 372.650950
1179.120495 79.180686
1136.682924 311.113018
437.309245 1591.934227
1621.934081 1141.248415
902.874531 1589.177739
549.340540 1647.529673
1762.028170 313.745236
1287.842382 262.443864
762.926650 76.802491
113.377026 818.798691
1067.816897 1976.747869
1929.235048 1068.196084
1181.262202 250.330691
672.697330 1.656226
1879.934634 43.811102
242.465964 1202.091504
1102.749270 1663.771560
671.895660 1282.826109
274.623436 1516.526460
562.049425 1956.602496
621.747417 1547.990008
778.334881 876.305094
252.781420 351.555250
339.875924 1483.114668
610.292207 1022.507253
117.444379 1723.060857
1219.553351 1800.679377
1652.247489 1673.331038
411.013335 1336.487583
156.664731 1871.665350
620.966550 1460.386803
474.643539 229.327594
1019.385798 1677.149487
1608.682513 303.526568
905.897395 902.322557
794.709806 1751.817614
247.580704 1217.122000
1644.843245 421.532630
851.789794 814.342757
312.621299 534.186007
421.828393 528.961893
1131.176974 73.957407
1384.093652 73.525158
1191.388219 592.820878
137.765344 1182.084242
1375.094498 1350.391487
1046.946275 697.846577
680.106860 774.230268
314.251743 1049.016159
1489.423127 759.463533
1286.007312 525.243866
245.242115 1602.772745
234.395229 1037.527796
807.411891 1912.405619
1072.603687 387.029022
908.825689 349.997858
1377.571599 1995.007556
1027.480619 112.768401
1976.016320 1171.845092
1250.459517 278.868629
839.355677 1277.954785
696.870762 1452.934210
323.597126 273.962016
1523.435092 404.161085
69.065152 1154.461228
1393.811548 1418.550457
314.553414 1673.347874
1871.985250 647.049070
972.260248 1636.693570
389.086314 1589.115736
704.893704 112.429683
769.377978 1797.861129
1474.591686 581.571251
1048.265377 844.515398
1009.137353 558.148749
1634.593000 1222.787971
1338.396734 832.795557
1559.774784 1095.183904
1128.675098 437.959149
1128.921149 790.868503
441.518858 806.306042
1257.231278 811.097116
851.462307 1539.098071
1469.359721 1396.848083
854.151585 1637.208777
32.094493 884.377900
1080.288497 1867.815668
1128.088796 1613.544618
1814.495108 90.348948
1329.409206 1084.096574
1868.595453 955.675297
279.177497 1177.979926
1733.171185 1805.936536
250.523416 1068.080746
313.175618 1124.887805
282.194752 1580.776156
1148.592444 279.654571
1515.917422 1264.854104
1311.467241 1197.105366
558.431199 653.895726
975.494967 1492.202357
1765.140429 712.525411
454.550117 854.974602
1662.524329 1207.619739
1427.538274 1028.896781
1445.925283 30.093871
1538.664190 142.745791
823.320774 993.636473
603.156941 760.113654
592.495710 1582.174483
1262.137874 951.087322
1212.015043 662.954193
1337.498075 547.425599
507.554247 1082.460052
1523.628393 1126.260636
1711.767698 355.743170
1408.253321 177.289582
1507.827933 1261.282591
329.928388 688.681056
152.120637 226.903618
639.844282 818.115675
148.710980 134.732865
1708.140688 1726.707750
833.750827 1650.729115
1348.598128 775.001379
1324.710644 604.268610
1572.469128 431.937149
235.734673 1073.307922
668.312562 94.374847
1052.528604 1490.737451
146.229431 1845.015965
903.390106 1030.734690
265.207920 1415.696016
980.390441 664.020561
914.947976 1639.373167
1125.342322 486.663864
67.142306 1413.941690
313.793845 1267.238784
1225.654109 605.186268
368.932727 184.112858
1967.587548 989.266321
114.557832 1466.551529
1718.078285 1479.667670
1848.769859 988.917948
1524.075624 1311.357533
1052.085217 1719.609675
116.738777 1306.764950
519.898285 1457.221025
594.579644 326.633363
1637.694558 624.879198
1786.718658 1514.966918
1278.207293 377.581787
916.714684 1779.821907
101.819727 392.411807
868.450447 1417.164399
1507.044597 991.899819
126.430701 1348.018179
414.457881 89.693773
1319.564922 937.877956
1921.327400 1820.185902
1000.095090 456.325205
772.643524 627.795718
1296.202140 458.900422
371.224011 1306.048048
1169.845710 1728.444081
753.567901 1728.686827
1884.039406 1856.578183
681.894359 792.322357
927.556412 1396.355649
1808.148730 866.588357
1746.197419 1612.663352
97.662579 1233.507193
793.622398 1824.596593
1337.503538 74.372816
1361.973232 104.541791
216.303733 897.872378
747.758084 141.136810
161.990535 411.028101
200.374539 691.475523
367.430316 876.017699
855.857056 1592.770635
332.767387 1715.243034
114.527247 1283.622868
440.573022 1590.802523
128.729570 830.557809
324.401845 1524.869298
1884.396515 585.066194
1729.051002 1028.854071
713.007166 814.577096
1039.578537 1995.794319
176.028872 1322.713293
1632.150054 1373.688223
1822.005118 1678.235445
744.876176 210.681271
681.282932 177.375986
1533.800792 82.828496
1727.214557 662.741808
708.495074 192.032714
1517.061483 831.799880
569.545757 1433.217817
1609.732154 1068.208477
1775.413281 1231.962474
643.408560 494.987019
128.680921 1926.855313
1194.501677 1233.676687
1926.295137 774.269852
225.714092 269.359083
1458.109102 996.134350
153.289262 1769.852246
715.871397 113.980591
1946.822484 786.644660
1213.522770 204.974381
572.616991 1721.898622
1136.809451 1146.546856
130.210855 1087.933672
702.256260 1690.222792
883.142050 1308.046605
476.336395 1306.827404
699.460743 1951.372987
1543.336688 922.603169
90.985321 1366.764780
626.032123 1.173897
1268.571490 667.126519
744.115249 770.665577
1613.997071 1955.227737
1377.654391 900.242901
1504.054934 989.900682
518.939693 1404.166908
1198.085359 392.032030
163.372659 520.362256
1293.564861 562.032573
325.633351 260.696378
745.780167 1229.797474
222.311049 706.140311
251.727406 1262.961792
1713.665191 525.345707
1051.543400 1122.238735
1359.949806 1242.390331
1713.544880 903.179521
1625.852249 188.995228
1189.349039 1505.230797
548.380470 321.813522
419.269249 470.715694
1243.640065 1435.631060
1248.365618 587.689846
1145.381079 1694.570212
198.226656 1110.707308
1155.294716 961.524731
1363.570197 1144.554945
1205.434700 672.590050
869.065512 871.168021
230.384334 138.425752
749.596955 1757.347868
1298.311167 660.237495
257.605182 236.558786
809.459003 38.088781
1385.156949 1084.552844
423.803043 720.201531
1463.332501 1612.408947
171.860412 1515.551378
999.661229 1940.739135
1363.646610 724.332741
942.442717 1311.914743
626.430565 605.728373
1598.649371 1014.313287
70.103108 107.488378
1491.266428 507.200799
244.738929 310.854169
195.492129 372.657173
1904.025643 861.362285
189.825851 326.387984
458.768077 63.193088
1518.055223 1861.514600
1574.729320 507.358330
527.879915 596.307379
152.840948 1426.713525
1713.076876 1752.174886
53.517849 1005.230235
1556.012333 418.652391
609.897237 271.493832
1447.307135 1031.150658
778.471979 1925.429697
1865.791200 1150.673297
796.481494 716.914253
1279.742983 1520.168835
1750.643879 923.198909
1799.054811 466.425614
280.328319 361.552174
1798.833390 1947.037759
759.125416 1123.083028
124.959991 438.734440
1117.423000 1602.452435
270.600642 1447.806303
760.123884 128.908656
671.471235 258.793764
1734.308625 667.517546
894.051830 1558.994751
947.850614 1937.904316
450.045999 378.159386
1931.726914 737.713424
1325.542393 27.398923
1354.634873 155.786455
448.763592 744.368220
947.821752 1330.374232
1643.936743 1761.918955
1860.340562 1627.609390
1749.604427 362.038401
167.037178 201.483715
997.437674 1706.007661
554.767996 1601.731404
1431.151913 946.410890
1408.607908 1475.200276
289.524248 185.393050
1966.097265 954.098502
878.549285 1811.521705
496.052565 166.193910
571.175033 35.812806
829.683858 1416.453923
572.004226 1636.887704
1359.871287 23.580073
1209.468247 939.540123
1073.373540 192.008670
921.088771 242.000361
1281.270736 1597.625260
305.305007 1421.544597
183.846124 79.477925
181.632915 1597.584415
790.330500 1969.027631
1500.052100 1841.594234
1226.473372 980.338349
782.616540 376.645275
609.463240 453.062605
67.890538 1493.008616
916.943903 930.660488
464.376857 606.914354
900.124882 819.159982
153.151123 405.873936
1298.346696 1704.562151
1212.480608 1558.306176
813.501306 1141.478288
1604.834654 1311.090670
859.273200 1221.578497
1921.298642 1910.013256
408.208525 604.908741
1955.567437 172.006794
1311.555566 606.601263
638.257955 1470.946684
316.805245 1513.786847
1870.764768 1915.788625
1234.328261 1757.347407
1304.616149 1891.269653
1537.670150 1106.520513
881.493277 1245.411157
1595.494824 592.777993
78.244265 1550.337943
959.955172 1770.638387
332.059430 1636.329821
1508.316061 294.742995
666.553752 1617.040415
1883.710062 1812.673499
634.392424 221.408462
976.572002 1309.946289
1764.575475 1000.111058
1245.865576 1099.764053
633.239213 1609.148397
430.362934 1244.772574
770.412649 6.264405
23.813572 853.372738
1410.804503 1222.073779
1622.041515 1242.998628
980.266715 1274.804709
1866.062389 706.621668
80.680138 1112.223848
1367.149961 970.329922
1886.698489 1252.154512
605.099660 97.797812
1528.379828 1934.654270
849.942240 200.052178
1824.346341 248.244230
633.554252 1098.853021
741.641378 386.747255
1352.294786 647.485471
288.686448 115.237872
1635.893291 519.341819
687.636400 774.468385
1072.540873 1656.591104
1649.496726 582.119657
212.891453 1968.018839
1381.255070 213.898449
1468.231158 1386.255306
773.808803 1597.302146
1699.641777 1662.237850
1238.235799 509.328203
565.340569 1515.135905
1193.581041 1362.914414
1187.741242 320.548940
1438.606417 1298.348297
1611.553819 561.966679
1899.154928 1080.226390
1515.432539 1328.042757
1081.871802 1744.174085
1919.513286 473.652778
1818.249590 856.011039
1423.135467 1323.032337
749.019386 216.973214
22.168159 902.796459
124.947056 1476.596312
1415.750548 164.781950
1328.110623 1011.152024
647.464226 1529.617788
1753.206252 1254.769329
507.987505 832.011998
1780.585583 1778.646812
807.101231 1388.036970
206.437838 1637.989917
92.632193 1077.583602
656.561178 1925.203965
975.547788 1360.983811
1162.515630 1975.520719
1684.214433 269.249879
1917.459875 1136.746644
577.187990 1208.437587
1475.391309 342.928040
754.155389 675.927233
1752.686529 1894.429929
174.263718 1873.970948
719.238203 1552.179065
1132.507247 461.104772
396.176218 93.255580
1271.770320 957.899775
1111.774853 623.106892
1716.294950 1146.276238
1805.520498 999.046698
576.681442 424.728576
1775.923502 761.608831
683.015976 1193.575233
590.152807 1952.231878
1365.032852 1572.917837
218.074604 1188.997132
1614.874338 464.685634
1797.869435 550.452041
805.988201 1003.646768
1822.476742 773.037631
485.747978 1999.726374
1499.129065 1367.178379
1334.160353 516.219334
640.575688 375.668252
1620.693009 1833.753747
1881.359553 1721.872671
1281.348412 871.424585
1435.161089 262.385269
137.554917 1799.166641
670.112570 1029.782364
1636.288492 1186.264937
209.251442 1196.633475
551.565994 1013.318751
1818.640141 1448.751813
1485.829475 267.855368
689.788556 375.364450
1184.663773 1277.627977
267.804588 326.809315
1655.965055 691.657742
1625.930307 1099.257049
714.681220 1986.538947
1645.829843 444.722165
1511.700691 1041.562158
735.087938 404.895021
1831.973368 1194.663900
894.418005 1490.861151
1463.925833 1209.110013
705.225495 1351.927547
724.563118 359.588181
1863.309096 578.917074
1124.682456 140.164058
204.071615 1773.001586
1401.995576 620.854725
808.176603 309.830986
517.668852 940.797296
1193.823220 129.868999
283.948476 1123.328833
1882.725290 213.595613
1048.823340 1316.221669
159.589862 1069.424616
312.533412 493.705753
639.782317 468.293081
1050.645830 1215.627508
1042.882215 1443.679538
524.238706 1224.201432
1869.464072 1721.021768
28.076490 989.178699
1836.560871 1300.250041
1894.411653 1428.334920
1349.842386 323.277653
1015.796072 1558.355744
1288.795706 149.540850
837.592766 121.443750
1243.247384 1919.051977
868.228328 105.664138
98.119820 1478.783595
1239.250332 804.301450
1283.198501 717.569863
728.389423 950.049725
605.511928 145.926315
267.386179 1670.769359
1342.184020 1063.928525
624.744969 1971.366543
1450.379817 1703.793756
1330.879781 1384.592797
517.834408 1177.157551
1147.057750 1353.234654
144.109367 141.225522
1410.398191 1158.931485
473.468879 1510.004692
597.676961 995.107686
120.713767 1709.344588
1919.461102 1094.316446
533.823163 1102.665307
1695.013489 1721.020563
1766.146386 198.250064
1351.553353 881.183060
539.829987 189.565628
631.010806 1198.704584
1709.949913 818.004799
1396.553238 2.490434
362.177436 65.513338
1885.131776 1579.482705
221.894498 1366.195768
128.798139 1456.952183
502.665362 47.697513
886.135894 1349.507518
1330.638992 1548.978721
1421.464777 1701.171131
792.237181 358.692189
209.182278 1865.194448
247.088334 1025.046039
870.376606 1383.329306
249.422156 1391.990843
1150.060763 1715.947399
1878.292243 94.607461
333.996145 1498.551917
725.936145 1980.057934
1395.368556 1011.960080
216.115003 402.705976
1734.014277 623.464626
550.945916 1802.683211
522.931843 1619.283581
1575.392383 1786.084476
1390.461593 1853.333196
2.862376 1331.539946
1628.112764 1049.308493
1627.373192 946.024977
1580.805194 196.576056
1907.989004 662.422049
1409.348009 117.456380
775.398904 1056.496476
1275.939616 1676.653979
1544.981610 1214.819124
1243.832169 913.537933
746.141100 855.683988
288.762024 1626.076410
1015.783539 109.438000
824.747475 749.457177
247.277840 1486.169220
762.600427 1178.944987
1026.731981 101.830892
1676.825777 502.751225
1735.641813 780.534391
384.413913 1778.963324
1516.934776 899.772092
801.993875 1351.738256
1241.553781 1573.500763
141.874539 788.296201
287.211257 1910.499300
1385.526208 1544.033289
526.404540 999.110900
1184.271022 1632.827731
1907.739043 719.989541
925.625719 366.122605
545.985076 12.746173
688.040861 1643.901994
224.502423 1431.170055
1862.737985 1399.360412
809.341995 1302.303374
706.500430 1921.883982
1639.144274 307.520476
1384.585110 1506.694858
377.905985 410.363676
1456.748346 240.233624
752.874000 49.478177
1235.639849 1872.297954
1093.787874 1282.831491
1221.828016 82.384075
542.472727 67.702750
1284.440619 1335.606641
1007.567967 177.719511
691.402935 1843.454463
641.835417 507.903164
1387.093977 50.222202
903.767653 195.434760
1973.345327 1045.529176
388.538928 368.280194
1339.024497 698.202300
1497.334630 1130.582741
1501.703149 236.699852
1139.900193 1462.369755
1132.428828 1273.744105
995.087495 1509.415820
179.738066 1725.540650
1876.419773 85.733910
1911.492382 821.776429
732.907979 1869.616241
1292.735777 1640.314236
602.708971 1065.519450
65.080656 523.224559
1702.790014 466.512411
1614.297146 1397.742610
1069.404528 71.606736
1836.855873 237.788419
1929.976069 132.362965
446.726299 59.288985
650.367525 872.846235
1814.930277 176.563893
1188.460978 65.638843
1814.517338 1363.056929
1061.458182 1398.476825
1552.208634 1545.999074
1025.846976 1622.292507
227.681601 1722.622022
847.398898 230.161690
68.441191 916.854627
1264.098205 1728.385694
804.897283 885.047729
648.146316 1577.527611
645.491577 39.595589
915.485013 52.104374
858.334985 1021.535972
945.790920 1265.331757
849.665343 1283.339136
1541.010011 1863.805150
1855.815744 1217.514653
1521.199071 104.002967
1702.053415 380.240291
318.731035 1141.215519
1452.200490 904.449849
1517.955737 1521.126040
1845.081816 114.840921
1136.521490 1754.907796
1762.830088 574.786057
1352.337610 1061.561703
774.573470 118.789200
1267.132267 470.785915
1829.031906 198.329471
1854.661272 87.626343
1998.198093 915.258284
277.727406 1584.046075
1247.911932 1404.804911
427.579097 1272.528695
1510.837063 1623.092972
989.053362 251.331306
1175.652019 805.784365
928.967156 1394.920018
1799.714251 1158.101801
1093.942134 1711.880143
413.319630 1513.801846
630.850139 330.136223
1013.832142 1698.128791
834.894458 934.210959
1746.659774 1612.253502
236.744320 1787.288231
75.994606 1514.995979
112.333144 423.995503
1465.727650 168.729474
1398.692702 1398.608867
1518.841039 483.532942
1579.519819 202.316577
1602.629176 856.138262
942.544027 180.535278
849.031164 1832.209642
1851.614115 1234.423012
121.543667 380.358438
1807.605471 722.129918
1541.730056 271.455435
55.874362 559.545143
650.687148 954.521123
133.300081 1684.953044
378.830373 233.717510
620.561743 233.795368
1320.233474 999.951716
284.377062 1144.948207
804.386984 149.573522
927.680113 490.666731
417.618108 248.280499
193.410667 177.920400
