1923.039662 987.612031
961.286565 1951.369187
1716.840589 815.828624
1678.128740 798.012328
679.237058 1890.695149
1564.283196 624.132037
450.064865 456.743738
770.108615 1844.540908
809.256549 1734.694318
927.545118 1923.741666
780.895526 1778.038900
461.281942 285.684431
145.010644 1043.315726
950.057870 1817.150190
308.722196 573.036664
291.027463 1328.264007
405.238849 1321.505547
227.763403 766.424566
1434.274746 792.771527
990.709076 1934.477525
1727.552908 788.275777
1847.465551 981.831454
877.406758 1918.170600
321.903438 1265.026133
1710.858661 583.138791
217.262923 1189.781826
202.801173 1181.041070
1648.474078 893.637597
412.685344 470.515057
516.682095 234.504332
357.000667 434.237493
824.621235 1831.624731
174.075548 1175.523219
285.473132 518.307858
187.929168 677.722333
1640.176676 561.548531
768.065662 113.850609
432.519197 453.457700
1564.330773 299.575353
170.664361 1075.390599
914.514497 1835.465084
1783.523571 854.175504
216.158635 487.243825
134.369868 1009.611007
1797.374533 912.063627
131.664779 898.061290
795.392553 6.641083
136.032938 1337.139101
1551.873693 713.016336
27.848492 734.472038
352.960472 1349.819050
772.638025 84.865477
1513.868848 704.895861
1838.591701 884.829440
1669.815798 888.949475
206.490322 849.920112
163.739636 1129.809748
879.352755 1769.638556
100.725319 825.005498
128.686559 596.593056
82.910371 780.253954
737.094390 1984.397990
703.363462 78.296510
453.946459 415.782640
559.036611 199.280200
846.639856 1962.820891
818.026506 1779.612820
311.103935 474.581476
195.742777 897.179030
1496.005283 764.335745
51.391525 703.751836
896.247317 1842.631341
1553.477083 789.554399
197.735599 1298.748627
530.257854 362.990453
1764.413837 705.247605
719.933407 1933.955184
1956.879936 856.826918
199.314272 1129.092629
325.577799 1336.943009
149.101584 945.046544
220.158635 623.337299
544.524312 310.097976
887.744415 1731.237795
141.768703 1265.952749
633.952006 45.072156
261.732304 502.413911
485.745667 300.797806
76.906758 1195.404584
1794.707299 1063.961546
269.645260 621.426179
1651.081349 825.456229
265.390232 1324.357972
1762.204122 1038.144116
240.226748 661.887451
595.494472 227.552685
470.539451 391.136638
1472.551203 747.452026
194.922604 598.850032
1592.863227 705.792187
772.066174 1859.595967
1923.036468 958.680350
1659.808442 923.119270
147.064110 558.513692
390.760887 1425.496672
136.469310 875.648035
94.888270 903.596084
337.154165 636.646771
481.728541 491.385704
726.731807 1790.980856
221.277459 1131.516507
409.567237 294.829226
654.206383 113.666586
758.367302 1746.595766
192.374079 1094.317629
495.140900 1436.481291
376.615792 460.582629
363.674131 417.162880
1861.379005 724.023629
808.313993 1996.390725
1619.031869 696.839816
810.385291 30.758861
324.597272 591.351852
98.676072 1063.475015
1633.620662 596.828152
387.163887 512.779223
628.342917 251.881954
985.065357 1977.450498
275.415992 547.917743
88.538234 1229.425902
695.481697 167.048222
181.006632 566.666935
514.244494 281.947075
132.100595 1141.719338
1753.837474 879.940611
638.221831 170.777986
120.038665 1105.950373
168.830617 1318.252271
480.889508 443.343182
1478.273074 796.585402
871.501812 1718.121509
1750.740399 742.900932
166.151025 879.819941
729.079711 167.722184
1714.855341 753.326963
414.780557 360.123069
675.191135 36.420019
1749.800867 826.278386
804.271529 151.748837
628.950381 71.658114
391.484079 1353.434461
315.486380 629.464463
704.729213 70.734802
833.944449 1913.877685
865.474032 1679.919348
199.005856 786.526260
850.384699 1789.513685
126.784405 1230.771509
333.388388 467.356164
144.368363 999.286353
269.423336 1210.349875
877.529333 1996.096442
248.281429 725.455442
731.234640 116.725956
901.089864 56.889307
247.287191 1171.948826
1653.143037 530.948665
555.536072 342.748365
324.634943 392.242105
1514.082679 672.324631
1559.516519 692.977146
96.899237 1129.751063
1616.963930 904.919955
91.925423 697.406656
1849.538685 821.352513
1748.473116 920.608769
1726.880178 904.114169
130.110246 745.921699
1620.147297 733.300656
761.589054 36.011920
1810.854767 798.510027
112.597937 1201.565438
624.087751 200.072131
126.054447 709.300299
202.367922 524.938878
86.050006 1030.152841
1764.248928 957.952846
578.154425 294.999512
715.866953 1762.681152
766.781795 1905.841382
764.320780 143.266111
1629.733985 819.312872
173.122883 644.930447
122.497021 1378.810705
210.215589 940.497949
664.433290 79.816369
366.786020 1318.251993
376.978825 349.077919
840.102642 58.048592
794.346125 1814.680434
714.640649 1891.086352
766.604808 31.168385
52.247505 882.571042
1780.008069 835.188570
300.176659 489.260414
1765.327582 892.685188
156.858258 912.536021
200.830468 1041.758892
1814.946388 864.034029
893.437209 1802.080969
133.196466 612.079925
701.890003 1861.766754
1810.950569 1004.033148
661.440608 265.905075
242.822875 1287.528578
124.993651 963.305164
1563.392037 832.455861
148.418938 1109.918201
197.869133 1257.987865
809.225576 1892.231707
1713.073486 667.869599
807.033035 1863.821944
1729.276160 947.309747
838.634577 1785.263089
840.319746 1812.797777
234.390564 1221.763615
129.014389 969.335222
1594.663565 606.955138
86.578514 1014.177335
461.363669 333.158618
427.405813 1395.687837
153.562426 677.943534
939.235228 1704.155069
323.064997 436.742348
134.626018 782.036252
827.917964 1931.488406
1675.274834 671.333009
78.013000 858.896982
1614.545149 723.607847
357.953242 1274.059586
857.255574 1944.796971
55.747429 1038.418025
282.415955 1421.512934
743.257164 234.429889
1830.155196 1052.009548
1547.998615 747.071780
1608.950285 736.459257
176.559234 941.410447
888.776110 1791.101781
655.427622 1975.419475
216.010688 559.433637
218.780581 1225.263904
1702.171027 976.916595
603.064915 282.027245
692.386469 108.153572
286.925904 445.058177
611.524273 146.155567
293.418158 414.740171
1461.310886 684.002484
400.003184 437.871540
918.844495 1884.083631
117.239898 644.546136
287.867044 1258.816603
588.296163 185.555266
1545.182675 732.559900
88.162853 958.176409
693.414819 1939.351388
725.386934 3.874014
263.009464 434.223538
56.611169 810.841966
1682.978101 839.145047
1704.916604 721.861205
1850.181211 986.192029
830.987608 1703.923402
234.361512 1338.672689
194.168579 1217.408875
819.087098 1814.762573
760.059024 1811.232394
853.735541 84.684623
614.996812 109.281411
139.522727 811.119066
734.053925 55.197629
351.061427 1455.329981
13.069349 921.680744
170.237694 600.746251
65.571361 1080.424679
717.024559 1822.262565
319.291917 518.408810
1436.645887 607.573659
562.436998 162.298316
488.664200 313.017159
796.156294 1739.237697
167.346275 699.196575
682.647494 1997.768816
1621.416176 765.167622
1585.035010 744.007307
855.786490 1897.598346
186.776388 1148.715593
68.636269 744.975470
921.111687 1970.536346
1879.132159 1032.064471
557.715724 227.674326
277.612797 591.158380
244.985300 1115.206217
294.397051 1375.709532
253.166978 467.342027
141.390954 829.868367
95.934224 991.420185
58.572761 969.649293
213.403522 995.504523
679.973324 138.485283
396.519938 331.665752
331.016258 1377.471596
260.100195 1391.876318
109.858963 809.325298
838.254202 1666.340294
426.099605 397.189253
821.139982 1708.668505
809.299250 1920.656377
807.279927 115.174558
170.306468 1354.034798
714.633386 135.312627
887.375748 1964.561685
638.457619 1506.746304
1839.819321 953.069761
909.253844 1682.929824
1576.371807 791.109151
1538.603540 789.830577
821.668392 1698.563625
1508.605515 620.198701
360.974154 462.811935
46.809146 843.731162
1918.650822 1020.488854
1684.292382 826.282804
855.798470 1986.647073
1567.639591 751.330962
223.463074 690.279258
350.596531 362.612863
88.327734 1053.453807
307.908756 542.429859
1700.809728 867.634891
1524.176794 782.998313
1605.427194 679.793646
720.762449 1944.197813
1593.440296 805.480873
831.947228 20.112191
113.376175 868.587245
1806.170521 970.456552
741.060193 1786.116456
658.697757 4.880786
663.257918 226.281461
766.787952 174.779969
352.196185 497.747029
219.116920 582.636703
53.171043 1060.831198
168.852626 1188.804498
200.301344 744.581692
159.035135 1226.388459
59.567415 1127.341024
1793.103093 935.436031
1676.366315 572.876550
699.483661 192.565904
1738.438832 1000.014922
270.797878 1291.701773
446.711776 368.884050
1753.336246 969.012912
131.966468 1296.648209
338.849970 1299.539205
136.515157 1180.380563
71.186437 931.655364
162.089961 784.958606
1669.180426 587.356370
1773.031198 998.036882
98.936314 729.390349
106.178434 762.517956
285.010521 1168.767764
71.410574 1155.835901
1744.293127 626.157262
1647.065450 789.774254
909.020651 16.126785
161.084482 1040.231309
1652.142113 755.147229
153.508751 1150.992953
94.925691 1089.927285
587.833700 250.971648
437.093441 491.085358
1796.200423 1027.227710
795.840617 1810.498145
1715.148979 678.008198
453.647699 528.954352
199.071089 444.432833
884.072233 1996.330229
177.458670 725.179875
1826.049175 1017.216667
488.234270 355.221890
405.494301 397.419630
252.086481 1253.961469
245.155034 540.063280
1674.182565 623.280402
1998.154595 997.416434
1587.665614 876.558005
128.701232 1075.620606
812.397068 79.367257
1678.007828 746.758480
740.834841 85.003299
1865.356618 856.813526
367.922542 1383.671204
701.187367 239.423617
538.857034 271.255583
240.104697 605.868923
1682.161784 912.865776
19.537065 781.569936
854.586458 1754.771014
737.487579 1884.734332
661.290911 197.610347
206.672966 1372.540995
162.041143 1282.506460
1869.708912 930.191928
1657.342382 861.215028
1926.494412 1068.974102
782.130441 1704.232256
852.258252 28.022774
699.489816 202.192404
734.833862 203.132826
758.161519 1924.458186
1770.766793 856.590611
305.255275 1294.226807
391.010633 1389.538068
862.401790 1854.176870
555.990346 267.028160
882.608142 1661.249628
1629.683546 853.892982
168.218280 1018.601780
392.114069 553.257540
1710.029132 931.095662
237.839021 1075.224922
1660.842428 460.101338
1736.625142 1069.229299
20.884540 810.294598
728.182962 40.522073
206.024021 916.799617
630.989394 234.784759
1782.046526 792.533293
1886.825067 1067.281716
1692.139873 782.881413
1835.227439 1078.749316
486.744930 258.505056
109.543580 1164.666440
1797.530514 973.302972
752.781871 1929.768112
402.339833 390.074425
102.129802 1321.725455
1614.538481 776.883853
1587.671149 703.174795
1483.105431 651.086645
1806.799875 890.767701
1631.280854 441.155364
331.966627 1416.864296
842.327832 1870.922591
121.234493 1024.016013
431.619179 326.118031
459.069432 568.185419
120.970753 850.404092
796.037568 1919.080999
58.099298 638.057649
304.014333 1220.358152
1888.171631 982.063965
359.655816 577.657941
1626.597042 384.102994
796.414606 48.722502
170.706007 913.471932
343.769578 543.581312
1824.545062 918.038102
881.221215 1912.303868
175.669003 818.698127
739.518023 1864.910725
242.088210 600.685867
760.855331 1994.556069
439.968861 425.222099
120.300070 681.585360
210.163620 641.467165
925.666851 1788.958617
1613.179356 636.719491
187.089925 969.957927
339.947132 547.728012
865.854574 42.603905
187.642368 669.772006
1466.819349 714.845978
1709.214070 894.304066
816.310016 1740.139184
206.287670 1063.333120
209.875307 709.392667
863.592763 1817.777793
92.321176 617.778376
891.653429 1892.000262
934.875488 1851.749107
824.515507 1959.365950
91.520911 911.267130
516.412093 333.471462
658.549280 151.423712
888.624460 176.891154
800.626014 7.047373
1064.438138 996.856572
865.290627 1723.790657
983.309855 866.643161
782.893224 1883.955398
1143.453310 766.619200
1003.784561 453.693391
956.417620 1034.875951
1053.298624 754.987739
1050.822314 172.161834
1145.795588 333.293337
739.759856 1672.439068
1172.904827 552.487835
1160.548568 203.390435
949.477882 194.299795
1243.016256 650.612220
879.245468 1476.083548
1122.918475 730.337325
872.840406 85.603066
1108.211944 907.753122
1097.189257 992.732603
870.353464 1609.010162
1101.434506 142.266626
1088.527904 166.146402
849.004415 1524.660965
1127.742162 960.218666
1089.890718 800.672629
1042.666722 597.485406
1015.957306 409.218151
1045.525105 504.178909
1071.274780 136.172284
917.129023 1799.995772
1017.732482 482.969346
917.520122 116.369654
1074.051637 1967.967279
982.398341 1982.098094
1089.654791 193.675199
1024.718729 68.017661
970.171897 985.127394
885.708977 1787.845540
1150.249834 634.399458
829.787983 1481.330355
779.837684 1648.428277
881.378997 1885.241928
1122.913046 100.832831
881.440901 1954.382435
1004.257782 567.523465
1102.064283 984.089603
1153.282573 505.510320
929.708131 1444.038334
923.156766 1929.769703
962.347182 1789.681775
785.737087 1766.017301
1007.243065 204.749607
1182.296525 279.897676
974.199835 102.370371
1136.698057 834.131654
903.095484 1277.453595
1078.499771 438.152599
1105.933626 457.135459
911.767005 1874.099386
1112.076314 395.978588
1135.467245 137.871812
951.633165 1756.381847
1142.999209 67.933147
881.176442 1648.013332
1225.239778 435.563740
836.720961 1808.164245
842.735244 1374.463603
964.719517 946.895741
1005.634556 595.508451
906.560313 1662.876435
1142.531959 778.009981
911.697583 1491.234466
1185.498582 434.866384
1164.669103 712.926110
833.068320 1961.265241
884.252285 1319.221052
1159.947618 400.771477
1161.291311 877.138709
1053.839797 305.373108
1153.478546 369.264357
1022.849208 372.314026
1007.453489 843.919611
1205.804679 677.915225
871.337943 1990.870756
864.663029 1345.898086
982.980818 1947.147726
857.340638 1459.260345
1069.359307 115.930107
994.067389 49.570141
725.428327 1617.546262
1017.254243 41.171175
954.878401 1659.421558
1122.078822 594.673805
917.012031 37.424847
1165.491618 636.828494
842.064222 1579.817593
823.199505 1401.699063
996.190426 930.036286
1085.027126 819.127432
1234.795356 198.165391
756.724045 1632.679869
925.580729 1696.785199
959.601564 290.610932
922.511684 506.835561
1074.424301 1069.055129
1239.464884 580.025157
934.679281 1581.131902
865.993459 22.213278
1120.845769 804.284606
800.018111 1536.952194
995.939647 14.501937
818.810096 1348.689536
954.081020 1912.099750
1235.469966 794.027960
1045.476479 106.905522
1116.990664 447.642638
963.823265 675.141584
1115.439006 241.659187
771.385134 1517.896755
920.970667 15.108805
1068.542892 888.335056
820.521109 1249.753955
911.158483 1032.313886
1165.142359 941.349261
1021.260578 922.798613
812.446275 1390.901343
915.757931 1748.345674
1001.899771 310.368437
983.019519 790.758751
812.107666 1605.070875
1090.248633 1070.202896
861.550645 1599.502866
957.370863 1701.637797
996.702067 166.025754
983.217716 1637.145936
1046.027227 356.710106
906.434104 19.482686
908.601573 1392.627834
851.365130 1985.794845
1027.588889 183.123715
1053.971462 793.542640
845.710313 1642.736762
825.131939 1574.040894
932.799464 167.431076
1228.642789 544.456446
954.386882 1506.687405
1046.486880 535.931235
892.031923 1920.673026
901.567769 1987.897991
918.386765 965.644887
1196.792122 460.918715
772.938075 1733.461034
931.093674 1846.565003
1072.296916 721.248198
891.522822 1914.234654
893.594870 1581.905473
1188.657320 368.582930
954.033030 1620.746365
1110.487273 760.403555
988.399010 527.817990
892.643353 1395.811518
788.919089 1974.555309
1084.298116 533.745742
989.257261 1608.549688
1109.351959 254.724287
973.545808 357.013055
1081.582245 228.945123
779.262353 1312.859028
1076.583268 598.817639
909.369885 1609.971640
917.090121 201.092292
679.975600 1545.499542
647.672086 1528.183199
791.234383 1949.935623
1012.300568 341.107574
882.267410 1443.756003
1117.840276 614.250506
855.397394 1709.992482
1012.618543 542.831231
793.045619 1418.891958
841.806230 1453.166556
895.660337 1947.671835
1097.684432 246.161710
1122.801821 1011.248769
945.854086 942.967907
1146.394065 233.622160
974.906707 208.108413
1104.832122 709.838245
890.281038 1709.332503
938.284119 1001.976907
946.288554 137.271988
779.510369 48.154618
973.387251 1737.531086
850.531391 1664.868594
1221.689916 710.602360
1122.809473 197.050867
1161.282165 593.935665
893.729037 56.760663
941.176979 1540.009859
1139.628118 171.606964
1264.535242 529.115073
792.958729 1374.609401
1087.858176 621.757939
1073.766203 744.144844
858.441822 1942.500254
1025.988895 230.690821
1067.978334 3.674918
708.531880 1473.890114
1065.122230 283.060250
1032.780443 291.391394
791.081063 1590.492917
848.710915 1884.494020
1173.119194 132.751197
1120.861450 181.540265
1257.564060 314.119504
1055.682095 989.949900
921.061957 915.559143
1215.173603 485.348027
935.126096 1669.794734
1096.177152 675.950420
1063.561179 566.770167
1208.627654 637.063180
820.230701 1566.881704
997.844904 692.481140
1110.681739 645.775878
805.282419 1282.688456
903.782226 1828.729357
951.187597 1949.015339
884.877120 1666.861063
1149.421574 551.639289
1105.659940 769.784167
1175.631212 684.431096
840.638491 14.628521
919.167099 1739.828288
1173.996342 783.634804
742.126296 1393.302479
882.116149 1990.870877
765.474670 1699.715309
964.588096 1144.669600
1143.682699 665.065025
1122.544293 650.158727
1188.525853 611.593503
852.796264 1778.338383
722.666659 1450.977665
1157.790797 433.463862
992.474396 389.907349
804.553782 76.826693
1057.343033 799.853391
1084.614810 230.939056
1066.455863 688.059558
804.777694 1697.664086
919.761489 237.288653
1041.223228 1026.974006
813.679221 1856.161544
911.678759 791.515755
1002.319675 1773.610030
1086.739712 534.501442
1085.186775 318.968626
1092.785307 423.336445
917.495255 1896.756014
723.696780 1708.631745
813.452766 1981.953942
1077.933284 718.773169
838.783191 74.476868
1073.482347 493.269852
754.802208 1439.221956
1019.847574 1119.774013
1031.774560 657.818153
883.324779 1219.964081
1099.578603 323.751804
778.323934 1670.433516
1205.311994 259.221513
810.506507 1735.568435
1135.157648 729.660109
1124.026477 533.778802
941.803405 225.460206
997.433537 170.526995
856.660409 1197.652109
823.968280 1631.310828
1055.470826 72.523365
1067.929285 1040.091390
1007.650503 206.722723
1036.188906 118.705657
1167.061663 311.046080
876.128888 133.348009
1025.808783 1080.335682
1030.309019 439.471943
1049.068917 463.285130
1119.636964 406.292363
1111.999501 356.659401
1028.594231 915.892513
1129.535548 269.858312
835.288675 174.841438
910.751092 154.523843
961.212727 192.612196
904.653634 67.174336
1179.952519 847.182853
714.248068 1418.193059
954.753897 1767.457070
1218.572166 844.443489
924.803746 1714.729575
979.973329 126.208853
886.964366 1850.518410
1083.397610 773.764310
1062.134277 558.312360
1197.794401 806.636472
1035.156333 1052.187469
1030.855314 314.818917
1019.035146 753.689341
928.853281 1650.280533
1167.509504 737.006328
1046.543851 948.975898
1155.799529 300.594559
991.651240 1066.825638
1194.182760 194.849172
821.148285 1762.764347
1146.693597 470.309140
1075.052497 363.814580
1123.869631 624.742163
755.325773 1368.152641
735.218482 1484.046041
855.228460 1913.310455
1130.360311 260.271300
836.568992 1630.976944
867.410089 1426.398413
1064.133089 8.530430
737.888723 1547.955560
772.418226 1560.187110
1221.724670 600.018655
1186.451664 651.988326
1131.687335 926.138574
1022.449052 800.983562
1244.556670 974.962705
1165.444049 826.615745
1258.465513 626.804083
1105.574283 503.387005
963.286990 830.364939
805.090269 1504.330563
957.928338 1015.975338
923.153970 1971.375405
935.909886 1086.553481
1011.512332 622.686253
1036.308566 889.815575
961.265296 1847.244124
1043.939836 400.327392
820.211676 1718.553843
1180.244232 490.029741
1217.478553 325.849712
964.309412 1100.915234
832.451586 1535.756788
933.966837 1993.911982
992.500746 968.097587
913.871854 1956.803819
1043.966115 238.831468
1150.166138 466.239251
1099.779430 561.451259
1043.356522 846.117035
691.687090 1389.831651
983.058679 262.312833
1119.167307 308.294329
990.856102 135.882983
856.510797 1841.917460
883.134324 1565.116007
805.603112 1482.572643
907.714334 1626.044465
1206.402665 151.145664
1138.350609 604.462368
852.073195 1675.142663
804.809924 1474.963436
959.665320 1994.681684
1117.193838 483.791809
963.134658 432.515560
1167.439680 992.754827
927.224120 91.301850
756.656877 1527.204649
996.072556 1103.016904
1143.485492 371.955720
1134.198600 941.318235
876.690410 1378.424855
762.270234 1609.577859
768.798675 1402.235214
946.598241 57.103059
1078.755110 53.494441
1101.626081 922.489389
1174.685021 245.327459
877.631523 92.187074
1198.981578 575.580351
835.338596 1513.638454
1265.589295 588.654497
1199.628976 526.147422
1024.983066 142.886101
1167.231299 258.341628
1066.871656 911.434789
848.527782 1876.291766
1029.614699 1997.548068
1035.804024 97.716833
1114.945646 346.602316
1129.581580 685.776067
1206.274252 289.337509
1056.861660 392.979190
893.555003 152.844248
1094.532886 1022.581144
1006.191123 936.988102
956.264113 1574.047861
1070.192794 337.569368
1126.916388 214.479147
1194.646521 742.128536
1080.077440 396.495293
694.197355 1599.031016
984.000714 73.755843
1071.502155 940.412014
877.589239 1756.598579
694.845519 1652.704142
1158.294373 905.535473
1017.372250 870.603866
978.104178 1063.205336
856.514404 1409.952999
1133.666894 553.322651
1289.009947 936.992742
1009.917652 109.322048
903.740811 1114.662050
1032.308708 1014.135800
1033.882780 696.184175
1209.023162 988.682854
1080.574368 372.770280
931.068548 1137.480888
946.850530 1815.944165
872.386644 1551.354072
945.660500 1883.473714
1182.121636 337.704140
1171.606533 518.576130
793.122948 1425.554582
876.384858 1810.945241
986.889763 1672.783739
924.072825 1571.631899
1104.790334 853.968016
1020.507509 264.679673
1161.461650 583.828083
747.628366 1584.694024
1000.502467 899.340368
965.643029 260.704730
827.625571 1423.606866
1179.697211 167.974254
1095.079940 130.450480
896.875108 1730.355155
1054.883731 864.021644
1031.081813 725.115482
1138.062371 511.007670
1142.647508 992.324551
949.827013 28.231783
855.048335 1254.697682
870.662357 1626.709505
831.662227 1315.223874
1032.819303 580.941929
1101.386637 1050.245759
832.044801 1930.281469
952.609669 83.454285
1117.457936 306.145000
1055.564157 1103.582946
1049.049681 954.692319
1073.348857 87.139138
1125.100102 881.226772
1050.206312 622.895743
1060.409333 264.906816
701.739749 1567.097449
1083.244595 206.378179
905.714686 61.272094
1298.915628 556.469106
813.686457 124.727682
1115.706778 152.667469
935.550682 1416.723516
1001.792128 1011.984891
919.227541 26.996780
1079.726707 482.445118
969.537410 556.622630
822.865574 40.455406
970.231167 164.268118
1020.487036 984.114594
851.092160 57.590171
814.263523 1897.877621
1018.532346 103.930405
1088.950600 853.783980
1107.514514 282.293688
1089.553815 580.498918
874.657984 1513.499923
834.984016 1744.839274
1060.459300 678.065315
1082.415884 958.006872
922.961219 1785.328827
892.593085 1693.304808
817.449683 1661.057949
1011.071208 339.016897
974.838432 714.261898
949.117419 57.820031
1067.575978 194.021412
769.596926 1462.260594
770.401254 1490.938329
513.034929 862.555126
797.199532 1399.066938
222.125567 969.345440
717.875955 1312.939034
889.496510 1464.536017
1937.101735 148.539974
651.077007 950.067209
26.888168 1007.956866
778.918216 1436.113101
354.766851 994.089627
1920.328418 1912.690728
347.650161 67.629934
710.527312 775.484159
444.153110 1982.972921
556.974209 1090.333712
512.260313 1032.605741
489.758131 1077.710480
1959.187364 70.761706
1051.809132 1505.715562
138.426832 1211.016094
270.770819 810.121486
308.236466 866.629085
655.368664 956.644538
415.022671 1245.333972
1442.017691 1830.363489
447.608027 1334.597931
490.014956 890.833177
522.841882 972.915917
430.021622 1008.742252
715.545605 858.540690
1962.918519 1749.827198
532.935443 900.071523
660.699613 826.416418
518.418898 1093.010851
607.710604 1036.136395
389.326014 1003.434018
966.152461 1574.913030
566.169711 1078.090770
959.513974 1571.251079
525.912543 1044.656536
475.076663 1153.702254
390.256678 821.047629
624.540421 1011.397007
545.638708 1159.080198
849.809756 1540.251479
398.536650 788.529467
1000.667330 1680.705797
733.701449 1174.060231
811.317260 1410.889860
228.512612 1025.567236
17.477634 1055.689211
923.944881 1597.599695
145.356838 984.800267
310.102590 965.973865
292.379689 1436.727819
470.837346 957.958464
16.335086 1142.634229
604.043269 895.334299
309.641253 843.644623
757.806380 816.492583
1951.699936 1793.689952
527.991328 1131.130617
329.035965 1321.860247
924.157539 1525.660183
130.727464 1049.680330
416.271658 959.319617
212.744687 1364.794571
689.518156 1104.444729
506.832936 913.830696
323.078037 1026.765665
408.548520 1101.242415
870.333611 1604.475289
1493.507446 1761.639875
1069.777713 1561.235879
285.651501 994.347902
581.550969 915.908365
554.482148 1019.738401
683.556599 1076.517451
780.581891 1415.624547
1051.838634 1445.026116
378.209570 1034.331756
627.169071 819.375292
632.933653 1268.489741
673.835212 972.720757
500.911462 849.114037
550.655523 1013.420092
775.743059 1170.337794
388.244769 41.412193
735.870682 1385.820638
544.219402 1168.930303
1078.351717 1474.948964
686.924721 1301.665475
192.503876 1334.867100
429.674598 852.122690
514.394386 1021.334346
936.204498 1671.758591
299.914003 927.707487
747.607160 1531.258805
519.269942 894.557353
380.251903 880.289391
311.305458 1484.922935
781.004725 1264.867298
1974.691066 1707.254603
40.874357 1109.497384
229.941835 897.444213
213.019753 947.817543
1919.777404 1833.032154
633.892933 897.657616
742.493589 1579.598293
1038.795552 1541.322251
1011.574558 1577.912163
721.115207 1463.470933
368.010501 797.335888
988.886069 1547.147075
291.141786 884.763929
738.247089 813.399835
430.280630 1048.704665
697.387314 1342.901933
389.094683 996.979081
491.668724 732.768984
838.138717 1576.611056
367.610517 1954.662772
669.981186 914.336891
436.540793 16.204115
532.255426 896.549182
409.371881 939.682891
561.168869 950.298387
1935.877278 1770.469423
276.058191 1282.678703
491.197955 978.393866
762.884497 1477.404731
127.422160 1342.387734
320.222150 1369.189505
504.783831 847.575168
328.778130 894.269039
245.364101 1282.770709
932.274557 1550.253308
791.348105 814.613936
835.793923 1611.725544
747.836104 895.819564
1042.112580 1591.465292
348.638582 755.670170
414.133488 1025.961388
477.252381 796.782308
757.052277 1349.634866
665.429117 1060.756666
724.469066 1105.970229
554.749173 952.689052
490.635104 1106.438063
334.457375 860.300397
351.088166 927.230502
571.931511 1147.445397
395.703167 828.250987
310.192027 831.833612
346.630552 1496.028836
777.229252 1443.432342
465.037764 1128.022219
830.478049 1377.353091
653.920003 999.790054
447.594202 1176.329663
643.857225 992.248207
419.403844 1474.834453
788.752034 1291.318485
420.181928 1796.643564
262.613281 954.229523
267.946148 866.110108
1925.591674 82.894054
723.549231 1148.169215
664.109756 1327.241148
948.528678 1692.372005
735.469185 959.933938
693.793569 1211.492580
913.861354 1387.737111
471.486942 1025.460700
692.868228 1132.445511
492.689016 1135.127609
108.270451 1010.044610
801.293726 1362.338269
197.275766 883.301884
176.126163 1299.176001
402.330928 1187.184394
751.218426 1313.596539
1003.150550 1635.953804
618.069105 1307.327750
388.065189 1869.974459
175.829359 948.353828
700.497416 959.555126
341.188948 1237.069037
610.016646 1013.652202
602.276618 1239.321461
588.328596 933.399669
1007.780571 1611.763642
627.072318 856.094227
815.893922 1468.933365
446.988543 871.673784
757.581840 1076.799509
397.103829 1049.248162
791.635479 989.601326
1987.808912 1786.713023
627.058817 979.188755
1006.772637 1438.735490
712.222623 1067.938054
1985.644918 1860.442462
374.708127 791.931332
263.150888 879.694593
181.835733 974.487590
337.067060 1103.102581
758.226383 1188.866008
793.922465 948.975828
405.257561 1181.207175
494.492708 1013.552025
376.983056 1322.876359
205.028474 850.039387
336.627521 922.382075
899.026830 1502.207273
582.175024 1003.158907
84.051141 1009.447550
449.074846 988.748097
688.160066 931.826186
1043.484085 1607.750300
621.211355 1169.662706
50.079782 1028.094376
247.596682 1363.111879
803.912867 1551.250730
668.434216 781.925356
662.487072 1226.220672
378.506139 1207.321544
321.146700 979.260407
537.371342 924.114563
752.420111 943.037741
488.882327 1115.424195
548.060789 835.988353
594.113255 865.611489
908.009499 1581.780272
478.718999 903.019546
488.735546 902.287040
779.874219 1481.458797
502.468137 1049.424857
1013.440364 1498.007005
727.903228 1461.592179
1944.676438 1939.972107
205.962599 1300.490731
891.734288 1420.571906
692.789456 844.210872
1954.865330 1844.677455
714.643161 898.820944
663.547909 1261.786494
116.994273 1309.110819
915.070075 1611.472718
574.576965 824.176200
434.219380 761.211739
580.998774 997.282946
712.959767 1419.813146
882.976537 1623.474860
858.996120 1507.374120
359.335008 893.092122
418.901948 1059.109488
508.815138 1163.315727
1969.537373 1967.694324
118.517321 1161.736255
532.860565 969.744380
573.334644 894.885999
402.639177 8.178032
447.754507 1093.963858
510.920369 926.687086
771.528511 865.646210
745.069128 1046.952840
694.348495 991.826777
783.924971 1575.561899
133.883752 1057.263990
568.942806 1180.676836
414.302927 1151.104154
796.795941 1322.869664
591.038944 880.176296
416.015554 1105.960476
1938.327837 1877.404275
650.357116 1203.384710
479.713456 889.616874
1030.886517 1662.745519
431.973661 1306.277558
598.357503 828.420024
656.456388 1163.951138
443.714068 1136.357682
362.827800 943.868099
960.593984 1523.243035
347.885240 967.465149
656.319468 1233.893719
890.905146 1535.848607
569.533996 1106.994154
703.035923 1260.949552
265.990893 927.947787
711.113391 1290.194795
373.539799 1993.208143
372.319304 1106.797873
744.188881 1432.200148
834.021979 972.881899
321.792556 1431.948128
958.524148 1608.742092
746.919221 798.072418
391.928155 1038.817323
765.932196 987.568948
648.051892 1355.740684
795.765811 1387.825441
47.145847 973.173830
938.660147 1451.696013
430.101234 884.942430
366.611114 848.025873
730.762554 923.092391
151.828314 1052.713669
352.619644 1392.015291
854.034664 1416.402964
493.495160 1168.552349
422.279179 1219.187681
746.089424 1124.262492
726.690669 990.615043
126.680407 1283.370713
475.004902 1073.015884
464.340251 939.555642
1033.661763 1639.544405
228.939518 873.803999
438.738669 940.838274
774.101386 911.502216
425.727148 994.529191
489.614090 1361.561468
409.983312 867.987604
396.793564 783.434189
378.176612 1287.385196
485.250874 1255.253526
876.860513 1386.683107
931.497777 1490.884514
260.916278 961.823124
13.160654 1321.900475
368.687848 1293.952575
510.361404 1075.109396
1945.912004 1.883828
265.972226 841.666448
561.705879 1036.455255
475.488810 843.705752
761.463423 1474.694774
445.068586 954.640102
599.140947 800.383981
567.911978 1192.352593
663.469043 1129.580766
523.522776 746.557331
572.514863 933.058673
419.365009 1163.817955
761.887787 1402.069640
1101.650589 1583.706352
445.008022 859.497775
108.007106 981.791782
545.546271 869.411171
457.292108 1104.317948
963.380007 1488.948949
701.587652 953.161801
660.249668 1102.011679
536.923822 1370.419335
627.099537 1076.979809
466.256853 830.697320
617.117765 733.937261
295.406473 897.360543
564.130837 855.703921
722.879601 1012.162712
614.604542 834.425539
90.570004 1261.321980
649.428735 1290.757750
1088.757703 1635.917896
370.890628 857.421496
617.713115 1086.668637
362.454347 876.679521
813.588536 1496.007191
554.459670 792.606014
461.018249 784.479719
896.954019 1546.087872
190.834173 924.507219
944.541536 1400.122292
570.270868 1042.210003
498.212993 1068.405532
796.920459 958.753818
713.166514 1040.305634
448.533536 1070.217228
537.312274 1130.545227
521.925120 840.045244
816.384973 1460.582116
690.252670 1023.161545
822.729564 1307.226256
371.206871 1327.595026
568.272555 1246.634586
761.083413 1308.234613
544.712624 1063.890838
594.512460 1041.590416
973.967977 1657.026003
569.924205 1137.283313
353.909948 1528.376178
411.743506 906.059392
347.428876 1168.783881
679.147649 903.412988
699.166671 1264.768192
1035.190626 1554.265517
381.342384 1247.435247
478.261871 1319.479747
308.983245 1258.115468
473.368996 1030.490169
432.154413 1201.336263
192.793351 1025.340086
844.433121 1492.630578
852.331748 1401.859089
721.422021 1355.552165
376.593585 1152.304378
904.925154 1462.729743
768.394489 1349.965828
850.495026 1459.153233
727.492942 1238.028235
341.006380 822.876560
591.159158 761.035251
608.631171 1205.822729
603.760374 1188.592224
511.882468 1251.703148
701.819450 1133.487989
679.004122 821.480946
696.374800 806.155055
586.918199 1108.328823
746.522308 1422.234123
646.894243 867.666737
480.628758 801.722842
923.747047 1419.956823
973.817290 1448.635435
876.118521 1655.147746
550.429246 1231.689552
819.872565 1517.311913
362.711019 16.017703
450.303493 903.935235
622.927544 969.190864
432.308315 922.618926
733.367353 860.361421
485.545471 969.663285
461.704299 1012.272856
178.074295 879.003697
505.064110 1289.928857
771.527120 1228.627417
380.406874 1089.939448
653.649357 888.288387
631.936936 1045.511872
433.045333 836.942803
533.728223 1315.237074
74.859884 1184.558692
647.167019 806.941643
729.644437 1510.211865
1142.922178 1585.933954
261.165194 1498.320183
1909.307316 1960.029612
989.978871 1543.857067
856.964422 1470.978527
278.949822 963.343877
310.871456 1059.366683
81.454519 1081.549754
167.630998 941.776896
656.985075 1038.659901
1969.766646 1894.265125
480.261825 981.297031
477.559552 935.263341
875.225852 1572.201383
382.828558 1383.656240
742.932584 1275.429010
410.857923 1403.677235
706.296518 1492.780121
783.772983 1114.685310
70.053482 1159.094706
314.965325 949.417811
610.664365 940.664759
540.833723 786.038122
514.596786 1220.591399
610.926727 1106.074988
419.561164 983.504899
402.616360 1129.827288
658.772748 1185.197841
596.397048 977.779766
1095.124335 1537.866301
1979.577314 1821.194485
482.596779 1199.371778
346.969577 983.985067
540.199241 759.259965
161.741744 912.616818
300.585206 1335.433842
721.827164 1001.128408
881.632138 1496.993792
783.760282 1523.643905
433.764032 800.766292
585.379091 1144.063352
450.463317 1250.664732
509.906997 809.270413
415.986167 1278.034979
425.523739 927.022949
513.444498 943.998838
702.621937 1182.253439
822.506180 1420.114763
619.765994 1137.003199
499.267322 771.647910
248.872064 1016.896293
1019.189628 1528.052935
401.730964 1960.626147
1502.524795 845.393785
1633.447421 763.196664
58.111261 1097.296647
195.478994 1587.580675
1495.070454 847.081552
22.465317 99.527903
1052.742125 431.872239
137.003735 114.230755
316.916303 70.666959
1741.009992 1021.725521
966.590587 422.936174
20.031349 845.158710
340.246765 1634.617890
1687.427435 822.973889
28.822090 64.366280
824.812004 346.024263
1425.421175 735.086288
426.526252 1661.946884
1740.551967 1054.204380
1043.527574 465.977288
1788.546907 896.183119
516.991360 91.729362
1135.517498 551.210988
1743.476339 986.267050
1015.972649 374.733292
162.873246 304.636519
393.525071 1682.080912
566.566029 143.255724
1374.275860 780.753402
106.775568 1480.406205
1704.768896 881.787461
129.075946 1046.124527
18.125850 60.705589
128.528987 47.200684
981.398349 358.049277
1962.980668 1154.001100
1723.978850 1172.215447
147.191567 1320.167997
1542.418714 939.531449
1602.809774 887.710765
1878.279569 1195.974279
704.146768 171.767046
141.018896 1372.039642
1745.763713 1116.558448
103.749583 159.092213
142.764922 81.616768
3.091435 1180.745838
1765.578536 923.553908
1565.193381 792.311794
1724.395695 1003.800693
92.896596 846.994682
122.458144 1436.867345
1795.069154 1043.895128
566.219619 107.802329
1887.827431 153.598324
74.600948 72.760413
1828.599083 141.638130
75.788917 725.019191
1569.997260 833.784590
1168.310528 537.952993
1859.016606 129.345511
1541.420581 960.863285
159.774518 372.300900
37.183389 129.768798
84.545605 1124.341186
1905.296026 956.576571
745.317550 232.908957
1543.566140 744.418421
168.848789 1415.162310
1577.727048 834.312409
59.937954 590.919084
104.749042 78.269836
1531.067489 1003.714669
121.377052 1306.270511
1862.900578 872.722916
1674.660059 964.195052
220.934832 56.664766
1697.855883 1006.415851
1469.030867 737.682591
123.811714 939.105898
1893.948723 89.432650
1797.565722 1119.025886
681.534546 198.215998
76.880688 1063.750782
447.992417 115.074255
42.955378 1218.308079
1512.443845 829.585203
327.711602 1667.318461
175.935851 269.584252
352.110872 65.195953
127.813286 627.752668
1818.565082 933.350009
338.154332 1722.850480
212.544726 1352.548377
1743.948223 1027.713560
104.678302 1180.463429
1625.327211 860.609004
1677.021298 1149.945606
1678.025858 1046.455847
742.943692 185.352607
167.482718 477.082801
1470.303883 835.428981
247.506208 1529.173110
91.923033 864.923306
1518.529589 737.970493
1643.527633 878.814926
313.368181 1601.369563
56.714383 1017.756359
1743.539043 1209.343385
1895.437905 1255.105221
1870.764733 1057.808768
79.974457 926.799722
88.893089 1159.555664
181.824328 1339.120033
1585.755173 1008.364009
1830.866971 900.558574
988.822402 449.848498
9.324151 110.533925
1893.865547 933.200477
1450.475122 897.366925
294.039459 57.918959
107.093726 273.754825
1436.559011 845.831770
1380.591277 718.158505
1661.553926 1028.878539
1018.992504 453.049848
1832.703255 1101.429445
1915.012226 170.474189
1579.229793 946.374170
1608.479140 889.139880
1785.907031 1016.186178
773.860013 211.957851
1447.600609 943.366348
739.898134 317.457540
92.158171 372.056308
1906.151864 1113.726971
1961.504817 106.610220
1658.888955 911.028061
1641.049934 1051.841748
632.286704 175.468758
1697.947984 909.002724
1684.886391 1207.295492
143.262078 603.744713
1986.178292 1068.745818
1809.753591 1150.096820
91.915565 749.172332
1565.842783 1014.770194
259.152057 154.167030
1671.599888 924.634278
194.847649 1254.522090
97.591798 968.630814
1626.573599 1020.932695
1847.155701 171.346575
1087.135690 416.340008
810.521209 217.138331
152.337916 1261.376731
1659.904892 994.092209
1872.410640 1142.225547
300.004113 1688.456174
16.503017 985.212626
181.187060 1376.459958
670.074788 232.783617
114.673500 901.482549
871.710410 294.938372
0.142806 1113.228450
1095.101070 504.213123
105.978637 1221.366717
1595.865175 797.417256
1676.582107 1237.360726
215.327064 88.502005
8.874532 168.622023
1056.355744 522.515963
1109.495037 441.996466
1509.767774 768.957970
491.200907 2.082570
192.471032 787.264193
224.447292 134.531313
44.722270 918.469711
248.667604 1592.828227
481.390842 107.756368
217.612790 1628.507752
441.210275 86.486716
137.861952 398.781215
92.782230 993.171925
1644.034133 812.012718
1892.639653 1108.561866
1622.605519 847.002704
1721.008711 930.948183
1917.626898 126.566413
1476.121473 791.849377
185.092594 1301.704335
1600.833538 961.298812
158.456562 670.434124
173.405371 1624.564978
1015.810528 484.359719
1826.721244 1208.098202
204.490972 891.510314
1166.752439 503.637526
149.131892 919.167359
89.561103 1411.280565
1036.703247 400.000209
1802.592822 865.215900
1933.297300 1004.798325
170.239527 175.221445
136.454759 1404.803257
421.103220 1934.404468
135.036146 790.112079
1675.134513 931.123757
230.207194 1561.970364
363.079531 1668.577988
153.457251 724.536696
1482.968024 925.262246
398.104663 54.167259
682.786153 263.371915
1859.808088 1085.225164
1985.419585 109.868464
1073.185853 451.377355
315.131936 105.292726
201.343765 487.970470
93.018034 1085.610737
1630.918890 982.045320
771.714338 252.730416
517.783663 15.523317
1286.867510 605.740941
126.329229 747.461668
1884.659871 962.494290
80.983623 1214.277278
387.674647 90.079581
148.411621 432.291442
1923.614568 1210.648288
1755.201649 1152.754239
121.459940 1105.203113
922.108882 386.587268
1114.572864 475.687389
62.924988 1283.866003
1411.595339 801.622537
1971.540605 1978.450121
83.550980 1548.206931
257.638810 78.365150
267.868095 81.083041
156.802430 880.836091
246.770830 1605.283632
1535.195883 1027.307364
1335.670739 694.164318
35.122122 803.074554
635.117170 137.500429
73.802219 1373.615279
247.631569 1352.123985
41.576936 744.431191
279.372114 1608.737422
1354.388032 664.107456
172.937611 845.606911
83.167871 1251.050095
1533.159802 929.001977
70.071171 966.203818
164.367105 1230.003294
190.572885 1489.303234
1952.094904 1127.990113
843.318138 380.151134
1779.084792 972.557568
364.587437 1772.352059
601.712350 148.620341
1604.125297 837.431137
453.860082 151.391459
1902.777828 1170.251169
1732.461273 838.452503
1640.638519 946.126822
85.488013 788.527974
1960.318944 184.215153
166.847454 137.139460
192.222249 345.417196
106.116941 1350.060903
253.865653 1788.056947
127.129750 695.038555
302.871455 137.910497
128.441747 746.178081
134.045938 147.027974
1560.416907 902.809856
1719.280182 799.927677
223.018235 1737.395548
1838.878895 1172.386414
868.870112 353.694561
141.639987 1340.203262
1670.286646 883.144408
138.898186 466.728119
1686.828200 1087.327368
710.118088 135.295119
1688.419871 1177.835416
1939.662889 987.743689
557.936842 74.851782
1806.151059 1082.774452
1765.236417 1124.735476
1778.857784 992.328703
1707.678534 842.722818
1610.764729 807.963444
126.514963 1152.491421
408.842715 105.529432
371.097692 126.688309
598.307256 184.093034
1944.714685 1070.030336
1769.713790 1059.876335
174.504987 864.948914
1621.507706 790.545781
1898.807268 1144.176402
1445.602048 810.123449
644.965194 194.704422
1931.262940 165.119498
1898.860102 164.117805
140.999461 577.371201
1587.617154 758.987819
826.043392 299.884102
74.070227 122.517634
118.245538 294.050630
1841.190622 1132.126275
1740.427888 856.060627
1558.611090 868.514021
1861.139737 904.686639
1488.146745 960.492740
56.083657 95.987882
925.790211 307.487807
1700.214388 1030.497214
851.806008 323.593903
371.600673 25.177983
103.753241 464.658041
119.449080 1023.628239
1867.134712 1090.778135
223.660140 1527.421366
126.223662 499.454264
1534.940667 803.889138
60.007724 40.027213
38.466401 1138.497068
1402.118222 760.628572
137.376988 1207.141966
709.563371 225.603841
683.349958 198.938950
1379.015227 712.802042
1751.580162 1091.367096
64.230621 768.368015
4.917197 943.977674
1588.538156 909.005044
958.323860 384.372469
614.161184 117.059289
1871.453416 1022.624069
772.198014 166.462980
51.960582 870.978042
1612.275311 1071.751980
828.106597 238.511471
1450.201133 712.622791
244.800614 1704.776052
1716.599139 1053.439842
192.832668 1546.403750
1270.425908 636.555333
1064.512768 373.055136
1920.084260 989.276581
1823.695439 1082.950278
492.108879 154.914163
168.787341 96.592982
275.334085 1664.354399
35.786649 1191.426782
264.781002 1563.075770
1774.860755 1157.950858
1643.337778 945.082912
1803.534568 1048.791540
194.189180 122.584330
1951.683048 141.544303
1651.155681 915.856438
850.470632 266.032935
109.805952 596.665565
177.589076 614.967066
725.006776 261.440965
1757.399634 915.763845
115.419501 810.430727
206.035825 1444.583975
252.085295 1632.549078
991.243920 399.444308
99.235055 33.482724
1617.551717 974.673307
38.177929 954.362313
530.315720 58.466385
1015.294332 425.502148
1783.899269 1078.306340
124.894328 545.122145
1743.252358 964.612678
296.913585 1637.826592
1783.245043 844.107320
120.569044 341.678495
1129.793333 510.834399
724.855712 195.927220
476.978720 72.094475
1663.735417 799.416484
165.757098 338.532738
69.507179 1183.323717
1842.632419 958.591791
1715.913780 1067.768456
1960.561537 1110.793610
1356.825825 745.492489
15.557587 973.277623
143.438558 839.608133
91.576799 692.792408
193.805900 402.929329
76.168044 905.571186
1577.297047 989.638183
1194.925715 566.441758
1773.137340 1109.348208
20.999599 895.762655
1530.820275 834.561037
442.842284 50.830824
1571.810609 1046.286878
101.173880 1386.437271
95.794573 111.108554
5.377959 1065.012660
1841.015458 1031.157796
140.686461 972.615312
1679.710331 866.935323
798.868691 319.346116
1627.303850 1126.216015
188.431173 77.487357
1234.609748 597.698058
66.652993 762.346300
92.337165 630.439466
1912.330620 1079.739532
190.228668 1280.470786
319.301740 168.330332
51.667558 639.726602
1794.424901 1234.643122
1683.367279 1062.963937
1412.256781 698.165884
152.959983 522.782217
116.180810 1263.179038
126.885508 669.836784
412.515595 137.624688
1704.069382 885.636584
122.214517 898.951407
1717.030434 964.303374
894.390218 322.897952
1539.454007 882.252484
474.072571 32.423501
49.258305 822.661703
1565.163074 869.036314
1056.850083 486.386174
1474.279327 766.805921
1565.687222 785.642335
1739.988654 945.363285
1817.011387 1012.737239
1793.862766 1019.385787
130.441526 992.754915
421.434851 29.855075
1865.286145 1185.851870
97.237990 1289.702010
754.942229 124.698300
243.289208 1665.934431
103.580693 885.833855
1657.146400 1118.983254
157.754230 764.545926
225.743093 1483.596756
278.153184 1697.921578
1440.813348 780.918757
90.410404 1322.801304
1648.340994 1086.982270
1788.407662 1187.985047
330.741901 35.697718
782.698018 285.634397
1781.624903 1045.980979
814.935094 271.260774
1936.341440 939.118333
1636.198992 940.531713
1866.143550 188.229475
1750.933825 879.238525
255.740384 114.356438
1840.166687 1006.106645
898.852470 271.561984
1590.802981 864.484753
1725.727955 907.642958
1784.257267 944.251037
158.057090 1009.699602
904.204826 357.059947
642.999263 228.925011
1707.336500 1125.634947
16.691183 1016.068776
121.284787 777.154892
144.650428 1281.563638
92.469460 1144.989477
164.923601 51.321837
1655.912992 838.293330
1321.679582 610.695685
360.706177 93.501187
1667.068746 1119.462604
270.733285 1498.063827
1928.513097 1252.927110
40.819611 1061.710254
1984.716784 679.880719
747.869811 278.041471
1455.906734 858.283756
1477.967020 903.211562
1987.964623 148.452261
669.739303 167.252318
1510.685749 792.013062
1813.113665 978.458674
1528.094871 868.639530
1616.646950 928.581925
