1038.923318 1855.711309
1808.572277 862.337553
1210.457129 1631.088236
1197.638944 1597.497448
1631.541777 851.285149
1130.218639 1474.558209
1300.693746 1304.324687
1732.721064 778.748331
1860.672850 794.868712
1901.326447 900.171118
1791.756929 771.651707
1361.533986 1199.456776
850.164091 1866.565441
1985.030395 873.911296
1066.107764 1381.252225
648.035642 71.418607
751.589392 105.572269
1078.176744 1637.525824
1052.599126 1523.117346
1810.870621 785.758360
1086.131873 1593.620640
953.952520 1865.788371
1837.745215 918.229067
776.586705 87.697494
1226.248466 1456.547748
778.948065 1990.577812
844.398413 1969.234765
1095.994322 1647.971987
1249.619194 1321.277678
1364.074025 1097.363554
1193.226121 1272.807042
1826.059851 848.412001
791.374964 1974.034803
1116.746806 1325.579085
1094.922143 1525.587999
1179.042132 1470.359053
1519.503230 895.472263
1158.459860 1262.598892
1322.489865 1352.555204
878.840171 1871.756992
1954.054870 894.591809
1119.047136 1634.763028
1069.578337 1350.313708
839.842329 1826.202408
993.577583 1768.578638
888.173820 1722.849402
1671.284100 912.166196
498.950345 125.909904
1059.050361 1605.593913
810.282323 1562.143395
687.249925 81.604555
1628.463645 960.290429
1166.952486 1427.415834
990.154498 1768.960779
927.328999 1734.167169
933.796483 1629.895406
830.303340 1938.781540
1881.831238 852.182540
964.296491 1707.683912
967.849167 1454.369848
861.242381 1594.957245
1689.114256 943.456898
1602.726853 960.291513
1251.660745 1270.138392
1407.788679 1081.044635
1790.158403 921.367516
1842.352239 821.995492
1195.046384 1332.512077
1007.805087 1699.822200
1237.352299 1532.948747
915.750922 1550.190359
1908.445729 909.197528
1099.227032 1538.097978
570.684625 85.303344
1344.464861 1279.771692
1110.352194 1568.961272
1682.520103 885.679776
1102.244224 1746.616224
816.865625 1867.858880
647.068377 77.815936
855.525767 1725.934996
1033.650516 1455.748552
1421.332142 1171.315493
1937.085097 809.900703
539.707994 34.146170
1528.245241 949.351987
1090.850082 1300.689812
1338.012187 1175.575422
693.287967 26.550827
859.199389 1961.977003
1152.977398 1523.211467
1061.533472 1631.302635
625.608574 95.806190
949.597112 1887.221834
1116.705437 1515.231811
1480.240027 1097.094344
1314.022334 1279.401345
1102.057331 1482.805944
1063.247377 1427.834405
961.733755 1673.055339
1756.794772 837.237431
1066.887217 1803.319817
930.600990 1785.579820
983.547368 1402.260611
642.489481 156.052490
964.856479 1741.208624
849.126947 1692.994510
1154.693999 1442.615975
1255.737780 1335.391490
1807.051206 894.537620
832.273953 1895.729849
1290.124320 1189.933800
1533.697245 961.335980
1752.131631 746.874161
866.741639 1902.144389
663.499132 197.792012
1273.813743 1338.661723
1216.139157 1254.019952
1249.258532 1606.806796
1646.812347 883.905319
1208.620258 1470.548982
1630.122593 903.112398
1238.522936 1472.661739
735.431119 1901.365754
1303.884005 1533.505180
1173.540379 1292.333537
1492.662492 1138.758293
1905.047065 977.047878
1130.124074 1386.574632
642.984555 31.536414
1546.497087 996.408021
1123.093839 1451.086006
1387.003223 1182.929981
764.326432 1894.808393
935.746304 1826.550065
1512.158699 1023.128346
820.729717 1921.151741
598.112694 77.241782
1285.039702 1302.160134
1217.115336 1502.157904
1897.105252 775.160762
1173.939139 1546.269211
982.531473 1678.388358
1579.104987 1017.414086
1063.807433 1641.940015
1259.944514 1222.232761
1570.148374 919.457389
1125.464522 1627.842950
1654.591410 1071.428348
1477.937377 929.153269
713.236036 113.349457
1129.072286 1416.247645
1590.706511 957.274808
1749.815229 868.208959
1901.427881 815.114441
1005.534948 1602.825467
1872.466268 789.106841
614.060074 1987.417222
1222.496372 1309.520507
818.421635 1765.888952
767.027579 1963.807116
1708.140624 875.357520
1086.958861 1548.483281
1615.499727 998.964103
1770.993726 948.069323
793.069634 1929.770985
1250.690474 1412.987467
1412.017043 1204.626484
1193.309815 1246.393245
1271.873063 1384.944317
1183.113535 1497.075135
825.681660 6.917084
1050.125127 1673.588692
907.907986 1500.764519
1179.673051 1653.043277
923.576723 1763.956932
992.880005 1710.971137
898.505998 1556.908107
1278.791817 1508.822425
1688.879981 983.061279
1149.270084 1614.355498
773.999278 48.805345
1483.156160 1049.710228
972.516114 1544.129804
1012.705483 1337.890196
806.066044 1813.452570
896.428098 1835.007631
1422.791202 1137.242587
1663.735163 713.107463
1680.277586 820.384617
1696.900843 1095.747433
1029.556572 1654.794474
1057.844249 1476.475988
514.154800 70.276932
1039.245397 1879.204521
1561.915556 959.060945
700.063689 54.696287
1232.914192 1199.328380
1717.721700 920.121698
1818.063879 876.105784
1638.314214 822.096657
1742.767077 1000.893341
818.119048 1682.639504
1085.980402 1686.923815
1112.861628 1303.340213
961.765064 1750.823516
901.065513 1776.666217
966.507945 1915.929256
1117.625210 1701.747414
1947.606511 846.626894
992.190832 1473.874497
1604.434021 814.729342
930.272783 1841.925965
1533.578873 1129.284458
584.942070 1995.421260
846.921005 1800.166555
979.863857 1675.699158
861.132479 1996.082933
735.039125 34.323720
1848.479142 973.265258
1277.776015 1472.079507
1861.508552 1034.604173
901.676431 1796.993053
1790.377763 783.818785
1894.229615 855.262898
796.645329 21.415362
829.719120 1755.636493
1156.603388 1475.783151
767.631103 1797.732750
1342.988866 1235.898613
702.801638 150.693646
1025.725850 1503.686153
1962.887375 778.784927
1214.153808 1350.194021
996.300076 1658.169147
1746.784375 898.463724
1232.800176 1570.753723
969.367993 1834.879095
1151.095943 1581.057758
832.454372 88.301084
1751.426830 872.943635
822.178501 1874.279675
554.044690 113.829292
1592.315657 1093.859615
907.493683 1912.755711
1041.854978 1567.904231
1067.010560 1550.349584
877.507589 1715.199582
1931.616435 840.197976
1523.938367 861.775535
1028.070363 1381.416144
734.928520 68.516673
864.417640 1877.217059
1459.233124 1156.914606
1583.626185 987.412265
1153.360260 1291.128179
1441.406958 984.818139
1090.822960 1226.937648
1218.683685 1421.805339
1218.705369 1283.903436
1922.677340 943.743613
975.078934 1506.698013
708.028636 47.368616
1450.608894 1080.573450
1120.795063 1509.898004
770.796564 1729.675343
1570.973390 872.851032
1643.375413 928.702614
1122.389844 1276.849119
897.018063 1638.391277
866.021403 1765.519899
1263.019006 1501.490491
1039.988396 1798.115960
1816.754544 747.602052
668.998920 121.569192
723.848733 9.403295
1898.202699 942.672985
1739.100409 815.535949
1660.946234 1000.362952
1511.097305 994.673741
963.463203 1727.732639
1607.413037 928.575530
598.790879 176.456719
779.855178 1753.910136
1003.289516 1455.635217
1031.759018 31.753862
1695.204932 796.127221
1159.947237 1337.967410
1345.390989 1314.373071
1438.617450 1047.473958
1381.037827 1226.396074
1858.577674 875.030094
1036.826921 1547.162986
1647.393508 932.213068
992.960015 1635.492966
966.417929 1579.482129
1716.819260 822.272698
789.477605 1936.736102
1029.773175 1691.852491
1899.510274 1005.299183
979.033477 1904.781166
1430.389293 1108.661447
1118.110922 1422.069818
923.762704 1962.823156
663.997703 158.291156
1137.319235 1353.590755
894.797629 1608.928726
874.124782 1827.277007
798.844022 1768.994483
829.906846 1804.530660
1653.314613 1128.731150
1198.132541 1166.696438
679.857697 87.316171
541.719412 86.205615
886.646932 1614.339035
1841.843022 769.247212
1239.886858 1236.346031
1814.587960 811.842856
1596.336394 848.900178
1673.144970 1022.764049
457.510363 62.895610
1607.397789 1036.374524
1802.862914 904.951671
573.590423 199.145091
1024.129411 1773.735884
1936.413714 753.731524
1201.233957 1586.357640
967.784946 1626.065840
1893.123398 800.791182
1313.861266 1372.490966
1249.294979 1360.313358
859.037006 1683.915586
999.128945 1896.150311
919.324954 1730.249670
1761.021043 923.507296
1270.370449 1537.984996
1069.465652 1509.768010
1261.674296 1276.742743
728.931217 1840.941545
1161.390079 1360.874274
931.398412 1700.698541
1071.614938 1552.567601
1141.531328 1540.968695
1606.190055 876.233146
1044.412184 1594.330080
1719.523409 922.955169
899.503189 1685.378241
1031.175651 1773.432600
1788.214755 820.616052
1568.209977 900.518723
1512.202525 1068.765821
1588.264872 1042.422549
1147.310138 1310.456071
1012.142627 1414.015171
672.234196 1877.481124
716.550778 1975.688684
1012.295057 1563.092967
733.822418 1984.609117
701.687351 1901.233576
1073.427078 1731.633806
1193.407600 1427.184133
1550.179977 1035.447334
1005.975051 1843.663416
610.697543 28.988905
1338.434280 1245.177812
932.101992 1800.027254
575.122713 44.711154
663.996133 27.692941
751.823873 1993.551843
820.745984 1729.065294
935.997059 1570.720928
1305.289483 1451.253116
897.892521 1928.073921
866.339103 1540.079501
922.307357 1591.070440
856.702750 1932.443449
690.225850 1998.410186
1258.019629 1446.778449
1095.814786 1605.503508
1781.632725 939.813883
783.214851 1855.766098
1180.585188 1564.590747
745.787944 1935.088503
795.134775 1901.582199
1461.899247 1122.260285
1291.449609 1381.537543
910.408183 1871.164217
1776.562597 817.796609
1169.867839 1619.759821
1208.019132 1352.660488
1061.237327 1280.245112
1820.012374 940.967356
956.131034 1537.014338
1001.577340 1822.577201
1295.031659 1240.297994
1302.542258 1272.247214
651.565998 1997.356189
1160.805150 1398.403432
1210.093430 1531.702395
1054.307344 1907.280653
997.738821 1642.054968
799.605541 1811.540467
1736.132818 1032.151692
1007.450722 1629.390023
1694.279910 1054.938693
1165.384334 1700.297946
604.402930 130.452415
1544.036454 1090.410557
1343.109910 1130.622009
1089.190332 1451.810169
1056.182296 1747.702303
852.852628 1643.682152
1783.320102 722.607704
1667.093875 802.525305
1538.071563 1048.478994
582.099962 107.085654
541.392652 1986.247057
1091.766525 1772.560234
1031.703336 1646.345383
985.236859 1933.065367
1720.278227 752.148092
1700.909388 892.925261
1576.552953 1062.921542
1621.647589 1070.292166
1665.659703 852.197165
1132.109359 1677.363836
665.161994 32.263994
629.745681 125.894290
1763.919748 765.196171
1396.942280 1117.204164
1903.687188 747.164008
765.865838 1842.189913
858.926415 1773.705457
1157.928133 1394.236232
878.264139 1762.127889
921.148570 1877.037379
1329.853566 1405.742888
819.916869 1971.925644
933.519990 1768.963545
1668.203648 959.823085
985.535188 1736.665058
1511.389176 1104.068198
1240.725300 1626.154680
931.401934 1970.656813
1089.727702 1606.380865
941.115926 1924.115611
1373.136694 1148.356921
680.889205 1917.964712
998.870842 1804.689859
1550.884817 845.957550
1201.089488 1223.718946
500.021764 47.960724
1051.548090 1588.368707
1179.689869 1541.752346
1289.351597 1415.480764
1025.671234 1732.918454
1040.057332 1413.346551
592.836155 141.623496
1837.628263 852.349567
906.991553 1841.196571
1309.556430 1213.921765
1183.501464 1393.976083
949.705348 1666.185907
1783.363342 880.918537
1011.930543 1554.988718
846.121340 51.359652
942.878924 1879.020657
1197.144680 1404.039353
1237.309168 1394.298951
1751.385946 958.655159
972.739526 1789.259911
1185.033036 1360.414661
1143.018624 1722.380837
1783.077026 860.671225
958.592867 1594.262344
1636.105060 787.784317
1088.928523 1410.699987
1714.977245 958.371753
1221.579012 1265.861761
1050.648808 1668.294887
1058.247146 1462.953842
1974.523645 838.448770
1172.879215 1433.964892
917.551106 1870.851041
1100.080046 1364.880143
1746.940573 922.269529
1032.297629 1502.523364
1093.235653 1486.012726
1051.415506 1722.171666
1751.065608 694.144698
874.871400 1828.209834
1004.847151 1522.473268
1894.866079 884.273255
936.011205 1495.912767
1832.986749 885.086187
1921.413804 877.348925
1699.198484 849.541880
868.183961 1771.802171
1380.252300 1260.664983
1480.303554 995.324164
951.198037 1573.132753
998.581652 1413.869648
1155.757812 415.425951
1198.682331 1112.156861
1054.301151 298.456506
1015.388141 1256.057443
1292.220340 191.255402
1146.015737 1866.580343
1203.566575 459.906950
1160.570288 213.234279
1154.750979 1585.013078
1092.781980 1765.275513
1037.164499 1065.957978
1248.102318 1997.551715
1244.506841 1601.052263
1074.036021 1596.511587
1276.899204 66.050030
1258.403166 865.525793
1118.686723 154.563597
1105.725305 1458.270894
1231.780069 331.273602
1201.359440 415.700135
1101.019454 1024.276790
1091.170724 1541.342221
1210.756376 1602.070187
1121.619065 924.002030
1252.762621 361.030775
1153.117003 231.320467
1101.557806 51.881320
1137.511794 1841.901114
1040.342310 1945.685848
1145.287626 1549.728451
1171.042871 1204.775058
1138.028671 1921.750868
1089.741207 1510.441975
1175.818203 1256.305333
1198.188552 1294.113835
1131.022278 1615.391196
1212.106667 1355.915505
1165.449882 405.226957
1171.069500 1174.576299
1186.808101 80.683766
1190.325567 887.010930
994.965956 1045.429610
1098.614501 1294.672499
1238.090930 1468.400182
1009.521973 1327.320383
1112.717854 12.151062
1228.955289 401.465734
1094.280859 1952.873061
1225.760527 831.987199
1205.422015 1200.945735
1141.179006 1188.561761
1047.077591 1177.279394
1141.739968 1631.301185
1301.696714 1660.326811
1061.510663 1540.231137
1187.774751 276.950724
1121.571631 699.629895
1232.655171 1882.573644
1175.158915 1863.552951
1112.940874 1255.020848
1170.443303 1838.775492
1159.705222 1552.753696
1127.407811 1137.887599
1209.752182 1454.837474
1163.113140 1024.088403
1297.752574 1883.289927
1051.764573 1229.815050
1201.523562 767.932897
1238.687258 280.420911
1048.137354 38.547542
1084.696462 1100.232532
1190.639070 240.632351
1160.325441 902.619686
1266.801501 1871.493216
1199.864424 161.514550
1056.199130 1360.046177
1148.958275 731.590766
1275.082221 1832.402247
1182.054014 313.288343
1271.420947 1711.301129
1284.686882 1808.601280
1179.239726 1821.705560
1088.565498 279.802897
1262.782974 98.867732
1122.587824 1354.019178
1067.544981 739.971933
1129.930373 1327.162466
1118.294781 862.829497
1266.965171 1505.653278
1212.745033 1418.801721
1018.205086 990.739026
1134.453323 1421.090002
1167.466122 1095.305079
1190.600174 1958.405137
1100.231136 1393.117795
1152.510856 104.429132
1084.018789 999.671329
1216.836003 790.468058
1149.661629 327.451250
1152.158424 282.681733
1326.050269 1591.703332
1065.969743 1039.270433
1226.693263 1093.369348
1035.561960 1686.263758
1014.769910 1908.843740
1137.587348 503.244263
1180.576561 1998.497362
1233.303254 991.556673
1069.818207 1434.057828
1238.306620 227.405708
1087.919253 919.937601
1100.197679 1421.118298
1185.293077 733.448633
1159.790951 1292.865308
1314.276974 248.994513
1122.851171 1537.053519
1134.904506 1898.238088
1020.296959 73.646868
1123.112034 1674.930125
1118.245262 899.570913
1157.387749 1350.324773
1334.885419 319.430227
1066.798145 668.035122
1160.458989 461.551791
1258.117002 360.433727
1054.917692 325.015176
1158.194273 775.077461
1104.286834 1177.201976
1160.700814 1741.535011
1067.143618 245.471253
1163.969949 984.760878
1263.400438 483.881084
1118.980175 994.002490
1276.312149 1081.935843
1162.098234 1543.320029
1168.460255 1058.950521
1153.758888 1764.329500
1112.176154 1449.684242
1165.430603 771.666447
1030.185940 1409.904890
1083.699587 1616.761030
1196.497478 243.629510
1145.046029 1041.448157
1156.759480 935.167910
1154.524541 1588.606916
1273.108693 1928.194819
1215.420481 900.182357
1247.339152 1952.436766
1094.263736 1312.448797
1135.346795 1383.991260
1087.145851 381.157806
1179.013402 1920.386496
1005.894363 1129.669473
1043.879616 1264.554213
1128.519844 190.317870
1130.302932 1305.716209
1071.157094 1034.216619
1304.713302 1786.213281
1215.424538 1036.349525
1262.485583 191.809901
1060.540885 1893.726454
1250.651143 767.124053
1018.011039 1381.161436
1153.819463 1955.041606
1269.201336 988.312508
1079.954608 1625.872286
1121.457899 1761.667979
1056.063790 1679.868756
1054.767796 702.784588
1084.658897 57.709016
1237.194380 959.403472
998.552802 1621.958266
1017.867407 932.697410
1023.204868 895.226799
972.730805 1305.990796
1056.443370 1756.907364
1163.153925 854.484547
1150.351899 52.353977
1114.007779 1119.422035
1009.412232 1986.245254
1108.570491 817.767599
1080.765719 847.970412
1084.551706 1347.679798
1132.322712 1629.220853
1273.858160 441.308573
1186.211891 347.981661
1247.757575 1676.388812
1109.550304 1643.896322
1155.359889 166.135842
1194.189180 1128.253410
1099.334329 415.839876
1094.507087 1548.623738
957.802896 1419.526878
1161.595340 1116.330259
1103.479165 1058.465989
1268.396579 142.701272
1192.183207 1648.819613
1091.410594 17.609175
1044.902760 1479.432850
1219.568228 949.294222
1121.323238 1596.409778
1129.669824 1958.829634
1114.151871 768.754881
1113.194374 71.231406
1094.145519 186.070015
998.286025 1358.132397
1035.968436 1649.580975
1184.417017 1382.631082
1083.684543 855.939699
1150.828057 1704.576515
1134.699183 1732.178659
1201.450543 984.269029
1108.324996 1282.299699
1191.019467 1539.856938
987.114975 1547.774557
1285.308880 1757.537863
1217.628997 378.363058
1010.350675 320.687710
1215.635933 1930.222675
1251.043412 1025.643653
1222.009307 113.459849
1110.867585 1989.542572
1194.272451 104.245404
1181.975986 952.769113
1046.637361 129.626720
1152.241273 72.527175
1088.938528 711.748865
1112.019327 1206.972753
1158.532491 1331.188068
1103.185959 1050.937614
1210.384415 10.601526
1265.929295 211.150178
1224.014504 146.318240
1056.486580 1387.752559
1073.908053 1146.883539
1234.551281 227.181705
1081.915815 782.527441
1091.719623 1386.611377
1061.698209 1065.484302
1204.437157 540.422841
1117.977030 103.332881
1081.053007 101.714623
1221.651908 72.588128
1025.080272 1208.197946
1038.682627 823.831091
1169.372911 1878.423564
1085.218587 1809.010990
946.759354 1449.221139
1127.210231 267.364160
1047.612854 1637.337782
1120.708421 151.663024
1023.786645 1105.015381
1012.834978 1633.352727
1160.972012 427.466507
1078.242342 1251.964767
1089.826133 213.293160
1162.807066 1146.328566
1085.990167 1967.470782
1200.588435 1738.998193
1201.435751 1865.510211
1131.074986 1306.004339
994.814917 1092.610675
957.097905 1339.518539
1132.983020 140.466725
1011.799987 1456.155987
1112.778092 1920.382388
1050.526026 865.011659
1112.463912 524.329593
1042.593459 101.726942
1120.968670 646.574618
1185.039146 1774.488108
1028.516173 1025.880379
1135.416535 1672.252982
1052.887706 1120.370064
1221.991597 167.040475
1201.674204 1943.358199
1180.421962 1627.956555
1046.053129 1594.512585
1093.261924 623.352748
1123.538967 1019.219520
1080.731495 1504.277649
1239.552521 443.535911
1087.572391 1629.370673
1158.451459 1517.421628
1229.405466 1763.275502
1053.693672 1501.992402
1226.425172 503.191062
1166.820277 1880.907471
1140.965933 1902.277702
1239.339638 1864.723343
1219.319022 1786.488090
1082.278900 344.274487
1176.801413 1680.900008
953.991928 1536.772546
1030.866014 1551.238021
971.671647 1595.807313
1152.666383 1460.872507
1125.298255 294.909271
1047.395001 788.792497
1230.003308 1125.908364
1282.771013 268.629361
1093.811969 1118.793766
1100.056597 1549.846379
1077.975243 1266.568497
1116.286177 234.206109
1194.628202 1999.432076
1306.039757 251.480683
1129.774006 440.566901
1156.577422 1742.819537
1061.604111 188.603752
1100.707724 1034.136587
1175.271214 183.101941
1183.301454 361.183288
1249.824467 1746.817026
1198.469941 495.589651
1229.171710 1642.983574
1016.332595 1154.063021
1243.195131 1908.554703
1183.776289 1788.869945
1210.777243 42.941691
1099.675271 756.268590
1055.118685 904.801715
1098.077628 1315.370483
1181.538489 1676.077305
1141.289597 971.567248
1199.332993 841.327715
1222.207936 1394.867017
1083.643584 924.506046
1062.620899 956.432452
1142.152391 48.175938
1187.976391 93.020544
1311.448266 345.506396
1160.732185 267.432028
1339.497543 411.983821
1206.639262 265.445509
1234.211575 73.070625
1118.927267 1938.905476
1089.171742 254.720738
1207.095116 863.361509
1109.805065 443.178524
1176.660693 1389.084831
1205.217286 475.517669
1073.682839 69.631234
1301.730982 310.460197
1176.518779 1222.513897
1222.200396 1833.147103
1148.138992 1121.606171
1159.042490 1938.450267
1106.971366 1794.112018
1162.321182 509.360918
1114.620116 936.166922
1120.299040 1355.892463
1110.768172 401.763490
1060.741987 1321.032528
1116.166887 1669.575834
1209.325935 1905.117015
1156.284375 0.971104
1193.499457 278.191802
1034.466476 746.547034
1082.213653 1693.453570
1157.538694 1702.933693
1184.704094 1529.299892
1102.729443 1233.859113
1112.506623 964.959608
1115.410263 900.173811
1180.596858 1040.518103
1190.909422 1577.565908
1177.864216 48.778172
1093.972634 1085.535964
1156.201053 874.652808
1189.023400 1330.959157
1179.608665 1925.322618
1146.684106 1790.913863
1283.070514 384.313522
1172.604451 1490.271008
1082.259476 887.004331
1232.977483 511.751942
1259.919633 1838.173969
1152.501085 371.279416
1226.890476 710.018304
1135.714992 988.796600
1129.064839 793.482522
1184.094213 1440.197320
1204.361228 1476.381841
1114.767651 364.708907
1280.806695 1619.050394
1131.121017 1484.906269
1241.511579 1981.459765
1050.981819 926.192258
1283.636294 14.735540
1166.128092 1966.626746
1025.843285 1529.692577
1217.517979 1694.754631
1236.013522 319.155801
1062.975283 1297.890735
1145.785998 1400.610330
1229.595553 1507.648377
1260.683147 1786.424678
1188.749773 147.347529
1298.125574 1687.180694
1212.293630 1818.092504
909.551905 1522.175906
1261.264584 420.803029
1276.292623 337.249831
1293.485194 944.525303
1189.429924 1770.228081
1158.613329 1650.969496
1259.076395 158.068568
1241.389486 1816.187057
1049.877227 979.664209
1172.006173 1490.541846
1150.526500 354.960289
1080.014571 1193.503967
971.184304 1013.942338
1375.333965 291.533640
1155.914016 302.758545
1156.047390 434.098506
1110.762127 826.297796
1223.796453 1972.090321
1344.561009 258.797061
1147.022802 1510.356994
1121.156128 480.052270
1066.988460 440.962712
1162.260274 124.610546
1241.287775 441.868929
1243.814847 1812.761219
1167.330414 540.568381
1243.910042 1178.071539
1095.079628 951.003917
1138.556544 1255.014635
1338.046106 1747.817389
1073.224745 1972.185575
1072.743819 812.663678
1143.523093 1223.597623
1259.232937 1067.144984
1249.277092 926.202028
1256.613645 294.762399
1211.330427 1675.714065
1242.119332 37.531878
1052.586063 989.762000
1111.940244 321.776618
1081.110412 1657.475941
1157.367181 831.140438
1118.753207 1571.971795
1240.604704 1534.839044
1132.497440 1077.767233
1195.121274 310.366683
1092.382734 160.712785
1054.692300 1943.177919
1252.698874 401.640718
1057.345468 1421.985669
1100.835430 675.185744
1176.962369 1004.118293
1131.000009 735.542908
1134.706836 18.267311
1279.031388 448.436670
949.382600 1277.637078
1116.854553 1493.149650
1262.687161 1715.675778
1186.430105 517.748096
1202.009630 363.634552
1211.616027 1505.751323
1276.362888 312.779444
1080.394699 89.477602
1189.511861 1714.811751
976.737435 935.746163
1093.968157 1594.301546
1087.820488 1356.978589
1283.169477 1964.378343
1009.909174 1491.413912
1108.743366 1571.401589
1196.056949 809.256232
1309.306519 422.092109
1034.720005 1391.720578
1109.152748 1857.822570
1042.725975 1995.767573
1039.163073 1446.060259
1070.814282 1566.245723
1191.133808 404.300968
1066.856764 1473.472606
1060.617055 1303.784243
1023.954794 1550.096078
1211.422727 297.952769
1119.045021 1701.406624
1072.682567 7.611643
1200.932174 917.112363
1053.310971 1148.886916
1118.711192 109.156487
1141.737643 387.978123
1119.403994 1148.447062
1190.568296 1080.127197
1071.405794 1080.675515
1100.469332 1737.351770
1038.769723 158.663100
1135.022239 1426.488373
1199.248281 1610.538785
1128.564684 852.281862
1075.388807 888.690425
1216.007359 453.454142
45.497118 172.175839
1479.717951 415.930201
47.758683 36.073912
141.535113 258.739207
1627.877097 757.034555
1574.921304 222.339549
960.672723 13.551174
114.109210 178.101304
1281.065225 215.471210
1473.139475 648.799266
1402.022855 1088.882574
171.380865 1610.135755
1541.126335 1053.153645
1650.712328 98.444690
1350.666406 290.082531
1337.723231 370.753749
1614.431899 701.979423
171.865833 344.185719
1473.116662 345.912666
1077.249372 216.898899
1108.323516 305.903385
1453.829849 230.431468
1429.576810 396.155455
991.725567 19.704761
1635.111700 335.974256
1338.039937 240.568551
1498.681570 207.442014
1305.839630 358.346214
1495.310070 241.025614
1469.598460 497.462475
155.689190 1644.443743
1762.783996 1767.988224
1422.702470 305.311711
1392.255842 408.276802
1142.981417 380.269938
167.436503 375.027655
114.685647 1755.520533
127.518046 364.981424
1392.410218 366.005070
1453.944039 372.995290
1143.963074 294.739496
1836.925712 1832.987103
1610.065515 267.536843
42.663605 376.650597
1152.499388 334.383831
143.052908 534.349129
145.982600 1850.559548
142.600542 135.612954
1052.218026 381.063943
1763.156787 302.238574
101.407436 407.308239
1329.872320 510.954793
1282.042454 255.865427
1775.592923 269.652864
1270.019464 420.926376
1695.927277 334.223444
1303.239447 389.313821
1114.038423 350.929536
81.979718 1693.361926
1432.995823 551.703431
1336.738823 452.067379
1591.712932 333.001082
190.745890 258.219849
1506.705226 449.765016
1100.704442 510.658993
1529.852382 420.281023
89.168636 1816.041803
1283.192984 385.059071
1212.637744 381.181880
1215.678935 358.782318
65.254763 412.039223
1016.615293 1995.715606
241.772141 377.291262
1448.128721 279.373624
129.424169 1664.042043
1419.273538 270.338906
110.302087 1780.182086
93.479471 148.593175
199.690790 325.055976
1137.481890 507.009919
1307.515932 284.520141
1927.204612 25.779767
1773.161348 11.599230
1243.452327 310.985649
1343.759197 334.775422
215.314714 1846.159475
1429.771085 1084.138543
130.298327 80.468719
1642.364017 213.757005
210.723881 350.748066
53.836536 21.773481
1757.139566 239.877220
1196.359229 289.859558
1258.017715 451.377768
90.069688 474.809269
1098.726030 329.409447
1962.505581 354.256522
1279.088352 324.699692
1188.993821 365.915653
1905.259167 251.792729
148.676050 1974.389857
1376.935445 525.305270
1604.978254 430.690594
1058.670501 354.786680
1332.434342 532.885038
1426.405417 586.008277
1478.467384 271.003163
20.362203 358.392687
124.570256 433.984168
132.906574 417.398666
1887.839169 289.053947
1106.027931 239.077436
126.556764 387.338400
1143.208046 256.714193
156.703933 1667.650727
1214.019939 410.244656
25.203833 73.558821
1146.085832 359.025065
1254.321176 176.465304
108.743477 333.665584
1441.363818 1022.467601
1622.343944 140.410825
1455.063952 1060.483807
1227.548504 437.170149
1373.650353 247.031357
1334.837413 415.593800
1442.364105 517.845248
1419.078669 439.154840
1273.241816 371.138350
111.607153 202.113623
42.535206 103.232592
69.016177 1987.005326
1234.112358 388.750800
1209.807585 323.713254
1592.015254 303.115693
162.983102 300.228723
222.173314 1685.163017
5.550781 456.409644
46.039142 1759.423023
203.102660 378.378784
1063.474807 311.164401
1219.397646 307.468094
1185.154350 381.256205
62.847468 91.369596
93.103544 1846.451218
157.393326 1809.006694
1413.615051 258.700298
1500.233677 244.012039
1114.860017 275.053454
1186.593654 232.480870
44.338150 1851.844153
1212.742702 228.988909
1128.509995 160.184096
59.034786 159.238749
33.938061 225.335622
1562.978138 280.821441
227.228741 93.389240
1933.262778 1864.677270
1617.802619 211.058930
77.857411 1748.240615
1915.577524 213.990510
104.269876 1.906710
66.540835 508.359611
1062.905271 360.758729
1001.499822 415.945011
1581.594993 713.610979
121.327026 1845.107981
1996.762324 20.415128
141.809898 466.341547
1647.070773 178.876894
134.170794 1912.681537
161.419550 183.828303
1381.104772 294.244600
27.523889 1870.282262
1613.792564 226.977056
1504.240400 388.951951
156.894313 57.795716
1024.750467 392.731339
1647.477757 289.940193
1288.326516 484.969975
34.337575 42.415029
176.266392 424.754207
1807.923095 183.504281
1537.828057 1018.685240
998.396239 465.373504
1537.660893 316.335171
1265.518361 463.540860
1534.160133 291.760723
1882.383118 42.681341
1449.162443 200.216607
184.107983 409.215572
1515.024415 183.307926
144.439734 187.309090
1327.523268 153.731076
1941.034532 1935.477227
1170.133146 483.298353
63.825841 1815.840585
1467.639422 545.858712
1468.871272 311.224032
253.137818 253.754690
126.576738 1805.201846
1518.520963 593.313015
1159.685315 239.881717
1107.055728 183.315825
1379.939671 446.926909
1176.292888 315.571399
146.801747 1890.458217
176.069771 1714.272551
1366.343042 329.500034
1256.359322 413.164995
1962.746894 1973.269201
1035.802886 319.758334
1232.898885 259.816530
76.151621 320.482438
1306.714319 420.237370
1480.950683 310.239848
1287.657842 295.873631
1421.326468 320.704114
195.833237 411.467087
1753.421805 141.102452
1544.783794 363.623879
1706.678502 249.108201
27.090264 320.188947
139.474529 1599.276328
1770.145299 200.005276
1247.926786 491.112438
1121.181487 388.132790
1317.788075 426.090123
111.459951 1718.792210
21.964927 1788.027276
1246.902535 338.594324
1422.803104 232.974294
75.736551 379.537523
1268.898304 297.661584
193.998501 1649.907630
45.266053 259.312340
1297.435114 376.453035
116.031031 354.193858
10.286892 182.169644
1549.407361 621.764767
1415.513662 479.398408
110.943574 230.426903
1738.577894 1796.523998
1477.485539 580.375574
78.953454 1709.941459
1977.723298 1981.794415
37.363348 134.838914
139.250410 392.917312
1295.065340 224.234363
1133.061017 338.873793
1382.239492 286.997479
12.858757 135.595633
80.044243 434.094534
61.301258 307.257471
1163.969718 288.170880
1278.931966 331.477653
1725.115791 85.241567
1571.393349 644.043724
1517.527711 307.537487
1396.870258 247.766934
1241.895460 421.253267
1416.706732 1047.532366
1206.957319 510.405163
1183.885502 421.818309
135.497736 1698.350857
174.276310 1783.884601
1454.753087 476.568170
137.935119 293.913898
1583.620962 372.944515
1807.174653 97.316563
1302.654603 475.398229
104.492815 34.339786
1389.736470 217.081235
1191.708016 484.059627
1464.891891 614.264331
1687.292808 238.100671
1361.491906 211.545760
157.927857 473.352370
1816.713591 145.192768
127.365153 1656.939355
0.797236 1912.997676
1387.523229 408.659463
1264.821649 249.534795
146.002423 331.353738
1197.825797 396.600295
1995.634911 1951.274369
95.912734 300.363517
1538.264007 195.914067
112.803051 1949.549477
1072.726696 433.368411
30.892916 1.714940
1383.003484 1022.982503
1182.144418 428.289764
151.637159 102.961729
149.508594 1759.014343
1909.060358 178.657396
88.729577 461.566042
105.336657 1690.703142
1188.446529 336.052304
1900.821875 1870.135095
1953.549667 111.096989
190.864474 72.049820
979.573503 1981.151536
197.703171 215.720089
1158.952809 353.612360
1099.238997 305.240002
1731.288389 33.688466
1556.516667 315.743068
1833.020405 212.382906
146.195678 196.514553
1320.158834 562.333755
1531.125042 380.949770
111.195732 1889.275062
1585.014389 231.559943
1542.475042 418.411372
1293.470336 455.686068
1312.221095 267.232695
138.430337 496.956903
1034.107386 307.498053
1305.656869 356.418284
1687.648002 124.185332
1253.035916 306.886624
1858.901299 141.101764
1137.996603 296.935952
1155.701350 201.430758
1562.778763 255.382994
1670.729998 205.540420
194.811096 125.161438
144.572398 271.420322
1068.748491 325.373922
1834.110708 247.869339
1922.401632 1974.959417
1319.272221 463.212700
1547.762338 668.955255
1078.314430 249.431955
1513.276041 279.311498
1197.032492 287.637351
78.136459 199.929952
1239.509939 296.195166
1422.464796 158.911938
1524.709213 269.481052
1688.942320 193.985497
1215.557168 220.307152
1360.358220 273.439245
1361.664557 380.177019
84.637626 112.761770
184.871119 451.310206
1183.048837 358.502694
1480.053822 387.119823
1293.342434 258.124296
1318.548416 393.632357
213.464352 255.746696
1657.496099 171.559761
1898.072462 1904.643688
1697.741759 299.700553
48.090845 1822.021878
1116.183788 466.356966
171.792462 1564.372046
1109.400096 186.792443
1314.345527 310.839602
90.548852 1802.093866
122.250012 1617.500552
1497.592009 349.186776
1896.115775 114.970773
169.284736 491.671109
1110.404647 251.930914
1449.395117 340.626121
1175.679935 266.078988
67.409817 259.279724
176.440462 1594.411820
1246.664171 191.477679
121.466923 312.665033
1276.972450 565.525765
162.549196 203.253864
1616.637862 170.509451
1539.225522 224.152153
67.852122 1775.396223
1986.157632 1794.229434
1242.725816 456.434207
1417.941508 346.012846
1389.700993 184.956689
77.298601 242.162398
1723.623840 149.347183
160.048709 34.222392
1661.796167 250.918468
48.042310 1922.013976
77.319342 0.303905
1363.423537 351.961351
1442.388847 327.681052
79.928590 513.484672
1495.759801 282.414341
1989.647044 244.845731
1149.756963 432.701863
1169.841044 481.271500
1493.201372 312.688235
164.517814 1937.765141
116.630691 465.388414
1352.207960 409.796330
32.028989 1975.362095
1247.495480 516.682859
1410.291407 312.129963
1273.445802 517.314273
1799.659630 295.248499
44.733399 337.348812
167.210453 150.921205
65.898419 86.507998
1310.668257 597.060154
110.447775 271.305187
66.431688 53.884213
163.358117 231.536172
35.890342 1948.658009
1214.235932 267.187248
1310.291407 325.670265
1727.614947 202.794066
1874.851448 20.598572
1620.846165 259.549292
1886.638730 25.837276
1383.159591 486.062162
97.815548 1652.139903
91.009291 1845.634305
119.188808 113.347752
1472.524846 90.574004
1201.117784 248.798886
167.933605 212.069514
174.690870 248.795764
49.976907 473.430386
63.767772 1890.612440
54.604082 291.368995
1387.937280 1054.518947
1262.304036 239.393340
1454.825881 267.774712
1223.122273 336.718897
45.284727 1701.725826
1400.297613 278.957700
1795.424369 1811.648309
1048.022808 266.637386
76.518109 1913.630305
60.750346 1942.666091
1174.158523 526.880613
1585.286730 187.141245
1533.483479 249.705322
1208.172718 183.846306
1619.848791 309.509943
97.582562 70.354529
1485.114921 163.437751
1961.472395 300.323233
202.755714 481.490019
1972.126876 129.041581
1514.718546 657.281081
164.826762 330.989943
113.027616 231.799115
1063.656149 289.095561
1121.424115 388.910194
1870.934584 189.670917
1333.151826 449.747603
131.318277 1708.789356
1502.550548 622.880339
1328.874424 358.866298
1282.850462 483.302461
76.498375 363.277653
1658.944322 362.195242
67.198460 1973.008225
89.872761 46.586091
1880.450335 336.663867
192.240641 1831.437158
1649.996891 280.242333
1140.224267 321.849617
1546.814346 163.696261
1235.782489 262.445096
1956.459014 1889.225457
1715.082827 165.114433
1129.105781 485.834996
1389.060059 331.623722
93.140734 1874.879478
65.542772 1728.203639
224.350990 429.011355
1510.497625 566.925022
1687.410024 157.572379
1156.159912 389.538573
136.967606 1567.760871
1009.949671 333.697742
1688.808833 300.911224
1751.211831 67.585639
95.959484 295.283929
21.692052 308.447031
1184.117219 189.114963
1688.815002 187.820119
1564.012148 328.419342
1229.686138 225.021179
1866.722156 90.391424
1211.417144 423.899722
1336.686286 275.412595
82.514171 1868.863389
128.626355 145.820033
1583.703998 264.181232
1306.131139 196.912728
1088.729614 397.115997
246.101822 349.125879
1483.718727 1041.292726
227.493778 264.820458
383.274368 122.375408
1336.736686 483.340840
1616.456801 519.353264
188.883948 248.254895
778.569190 207.118818
1609.206519 341.467126
929.132798 413.737562
995.064109 297.895677
592.645037 180.087943
1503.946667 381.016270
1119.531048 647.517256
1829.378815 417.707609
462.423916 208.817304
827.515296 238.963225
1447.292450 541.068247
50.820504 371.144032
1823.385728 456.796768
573.042916 241.347397
1604.771687 418.711949
517.560839 229.149939
1127.152809 492.242256
1717.884281 412.139022
491.172154 332.830916
1565.629236 307.396361
948.908939 489.872449
1869.878824 415.941733
1205.472185 434.720311
13.529752 385.647973
1498.934953 498.980959
445.555249 266.744398
1433.499168 389.571549
749.133609 177.190425
851.557929 269.625282
1535.422060 357.010482
772.623380 319.446112
544.082141 377.557806
1445.836478 496.521712
356.293545 208.503078
398.722178 150.295267
664.696004 462.110259
1316.456834 452.726521
1497.062067 394.378522
560.902108 331.995982
817.134751 395.034507
835.939662 288.073893
757.202704 388.328244
494.919733 282.701898
265.588699 278.642347
511.355767 258.097654
1223.062237 496.627206
1574.919498 440.437242
616.115913 254.942393
1174.764824 464.312122
645.288417 152.721243
822.386622 341.396028
630.549651 96.136009
1102.931998 477.146104
284.612016 214.418417
1738.741873 398.624439
682.685322 175.029697
273.093015 299.131643
893.801522 406.905297
812.203457 307.337624
1359.604991 511.934406
655.668307 206.865347
1312.475200 377.121650
248.872904 226.182936
1625.547534 380.173324
295.467799 242.080019
936.324590 583.390286
818.600111 346.361780
261.731411 351.754085
1396.956388 578.784637
611.631207 123.887679
405.036251 280.605420
954.973663 317.576747
477.037425 244.789768
185.729163 209.685119
1313.166875 459.665180
661.717134 137.528794
598.907935 359.931383
1330.451779 488.780680
1345.520999 469.528111
1094.476574 441.352008
1356.367015 560.510532
280.048546 149.054573
1717.578087 499.774700
885.757454 261.029648
1020.212837 343.629747
1048.089559 564.746894
525.346597 288.960343
1795.393635 512.521734
1538.454972 472.399430
532.745635 270.070546
1395.274004 488.389080
299.745616 305.957337
573.145778 301.875437
488.783854 327.202656
1350.871021 370.424244
910.162414 377.294748
133.676576 341.756095
1646.454140 447.309279
1265.738204 501.461595
229.195454 212.007036
388.229026 184.322320
1739.283188 435.677844
1342.513399 547.845035
568.597062 404.878129
704.380282 457.461115
666.453553 319.080369
1167.025820 528.521665
1371.651238 433.941441
1509.533693 534.926187
393.361229 316.783273
559.556994 228.337439
1546.395840 409.070009
727.033800 263.418920
706.289528 154.278595
131.077937 386.327009
981.880484 409.208637
837.077397 440.602285
97.896516 360.715476
1983.528414 364.041713
476.525769 203.577358
1574.200853 363.135879
646.152065 306.264991
696.977368 205.736240
384.192125 219.358133
419.779644 134.077528
688.191677 107.767781
1417.909585 306.636018
210.668544 254.375135
1357.143085 456.587405
878.904820 462.947984
679.208536 432.625595
790.762133 259.283401
397.342123 281.792916
463.807023 231.873381
1228.987343 439.009344
558.686481 88.355635
494.452392 395.758195
1036.939081 463.568060
778.706873 291.879609
608.928766 334.697944
1153.450414 625.038912
329.198355 308.146417
935.366774 411.208520
460.389492 172.467525
1479.037073 469.322933
1280.829358 512.815192
398.868442 341.571002
626.614175 149.627720
1651.699426 332.991990
1401.613187 261.440021
1416.864557 524.254252
408.910434 312.184622
680.666668 346.669182
1781.251192 458.880734
1200.056034 567.408604
1571.562776 431.860203
1235.371302 421.557701
1233.463823 537.531961
1438.813752 374.554084
1283.834831 488.366748
1665.780471 414.195696
1421.598420 451.032260
335.778049 170.843869
499.277162 433.395169
914.655653 447.641509
816.007024 436.001152
1621.905185 415.925180
1692.453448 344.502259
252.417320 143.368141
1942.484628 649.684912
1418.682910 272.515417
915.189082 507.830485
1245.405701 533.772664
1649.106927 437.610389
1104.115649 518.084782
1636.184919 485.155032
1069.747750 373.809044
854.803087 406.897879
1263.174591 565.153791
355.677222 209.224932
719.810337 269.861405
330.360141 276.635441
450.270683 236.820664
779.888054 427.449171
144.061243 282.581589
1518.083102 423.219515
354.899395 273.295721
1072.662959 488.613825
1602.772229 548.689626
1571.001480 397.466451
648.480172 445.321916
1369.096352 397.909792
1733.699187 347.084173
1343.298332 331.123583
1514.261845 478.781224
1592.097581 275.686607
545.974933 184.314819
783.037579 237.850357
882.372432 366.748328
1537.273387 449.707996
1877.337228 592.507763
1233.531648 484.326292
489.490102 117.212393
1541.432311 557.386614
1788.015114 423.729557
1190.937960 396.366711
213.851890 311.102733
1068.710224 526.804397
1309.207745 566.142697
752.477572 278.805479
916.481121 482.686976
1640.646708 383.198208
1075.610066 605.339652
1009.248979 472.722048
1403.508348 405.279919
376.380252 254.698404
1370.272305 399.999292
1151.876930 365.366058
1857.841075 353.875652
1170.639772 458.566209
628.129399 282.406334
1375.988590 499.312044
1032.599789 445.401884
991.399740 474.556031
726.574808 391.785490
652.056831 279.493992
1425.744745 417.697240
1467.356886 391.588644
1674.153771 375.944770
1280.693339 601.566304
89.815468 318.505068
468.766312 1853.017169
1453.095669 527.884038
1009.731835 479.448476
917.535012 304.591563
1271.324045 470.255926
1640.619271 479.795989
340.505915 282.191214
1925.803842 392.279262
1083.889736 580.481158
1244.036801 335.118007
903.866061 538.187027
1581.244276 393.872350
987.463981 462.875039
1696.763589 427.467407
1935.514271 341.998933
1306.119990 423.914060
1319.328591 602.917181
318.194274 245.110883
1224.848655 586.098670
1509.539718 440.739904
1471.456959 522.395002
733.908300 478.623076
1404.128120 381.180984
577.061574 148.674978
1829.663288 541.885692
1200.376318 399.399172
284.655671 372.667403
1091.063630 510.215784
734.227026 335.272011
529.728084 58.689623
430.618701 197.252917
1101.651277 543.446737
722.511192 356.490629
962.626669 542.549790
1384.954518 339.233785
1397.701570 547.132206
1754.988518 522.820909
1042.083065 503.280350
960.751118 276.601750
1129.949470 521.610671
847.817054 382.530094
290.011974 348.619000
438.328520 191.279255
1664.028073 548.413582
632.135571 415.604736
1478.552604 431.445528
1417.260056 522.974377
386.182741 254.036984
940.689573 377.016632
603.956967 211.585534
1304.756098 388.931142
521.378538 322.755726
707.297185 329.160211
1173.188386 409.953894
681.122247 287.420986
590.874703 329.457871
570.890835 202.485341
426.253826 246.793310
323.011810 230.012073
1447.713986 409.018157
1045.476903 442.507813
1045.223632 380.749344
1209.773090 474.499744
793.359113 201.311097
543.004487 303.005361
1306.205748 461.448437
358.640667 156.766128
668.667200 389.515512
116.427224 315.850879
1265.129229 406.873291
732.480953 229.389905
684.226025 251.503831
959.534997 419.742852
325.526181 131.102683
1400.209990 404.745118
802.175014 327.617397
798.211009 359.406496
654.040657 313.458481
496.065120 142.346452
303.049917 153.043006
614.421748 151.156491
257.164729 335.583151
829.855135 242.434891
1518.394313 392.007927
455.946266 286.915014
1429.846087 341.117673
1026.247921 402.587278
875.636248 440.156493
1388.517465 441.076602
691.901692 293.890329
1566.232175 477.034180
914.412999 349.226420
234.400370 371.606409
782.489785 163.379630
1297.521776 496.448481
69.659985 343.977704
1441.970110 439.264685
1312.450719 335.887515
1281.893431 368.539470
1991.163760 324.036779
592.002525 235.572985
1032.812502 532.859739
1088.617633 611.754553
349.827346 244.536366
1497.509156 343.107188
1196.807838 359.653235
662.543886 243.237257
1357.461680 325.824470
1155.095312 497.568360
430.300820 317.700562
1414.088479 318.039509
103.245802 280.707966
1690.738051 521.162250
488.800013 283.200729
1543.434499 509.456799
1840.047222 384.330136
1628.039633 312.450905
712.586230 222.244659
687.922552 239.672504
1128.900126 559.056053
887.988832 316.775418
1678.764543 487.755964
1245.664586 613.081222
1614.058354 468.881106
664.082675 353.567502
399.566307 214.712424
607.207774 315.338697
855.770751 331.963274
746.373001 139.840148
414.666038 241.714850
1484.793329 359.727088
986.205745 517.403748
1119.524989 671.656777
1398.738901 512.695531
496.637237 220.013833
1155.235073 551.708332
1605.133438 429.452058
1700.489910 462.058514
1549.897057 399.168895
812.069586 266.924300
349.203145 349.951439
1161.524561 592.155150
1131.018089 403.614467
1563.100194 340.079994
573.492907 357.709360
1004.848786 540.204637
537.381386 218.173141
1736.544342 470.156715
559.324275 154.342403
871.383084 294.852453
1703.581678 378.013774
1331.808279 389.858459
1103.810561 426.004604
432.073355 99.299177
900.719741 302.387300
1345.876903 519.197780
673.615176 175.033169
545.509387 258.827780
773.869484 304.733514
1957.414821 365.252391
742.722321 304.758663
1280.312839 451.389483
962.628915 452.249733
884.066020 330.620664
1210.013414 524.253125
360.797405 303.078300
1764.101116 412.500418
682.859455 202.963886
1120.903707 447.060036
277.328600 182.328845
1067.991229 426.743159
337.193187 386.746037
1451.960295 468.280321
813.289425 184.177985
776.624009 389.565790
629.746950 378.777280
1333.524063 407.547149
411.298080 169.282700
1361.330122 439.231688
435.233321 348.261012
912.442459 243.263089
1798.231235 373.355395
1067.801340 547.024865
952.350658 349.210196
698.856267 372.791752
1484.231840 462.484149
981.046231 392.062430
962.983116 491.308396
658.335554 349.837698
454.612658 327.350940
18.979763 352.614126
978.731658 343.038162
1314.680132 530.966633
973.195664 343.328961
1058.982909 469.877746
506.498705 94.586156
1242.404041 453.890160
518.673922 171.283972
1461.699562 290.545681
257.658661 257.016738
1091.133490 397.796998
1158.411004 493.499911
313.957182 195.613658
1609.766155 375.947908
170.765029 272.884009
287.220088 215.326168
507.770412 182.534594
586.818979 270.247721
609.873053 204.259575
1396.363117 420.605940
1051.152757 317.408755
728.730041 302.485931
1386.698360 535.664233
1349.996698 299.960924
1647.797643 519.175828
1287.047892 550.599659
468.639618 364.067783
1195.840564 493.154606
1578.583568 504.970849
1766.882799 494.208541
148.816705 246.809017
1347.591054 592.964445
500.303755 245.076778
635.638989 352.602327
988.867070 374.569745
1362.521800 264.720736
564.428397 268.461388
1377.533469 298.911614
709.536950 155.322331
385.689350 221.872337
642.126951 195.059819
539.313597 119.096190
940.042595 324.277435
634.318187 248.851712
1474.418491 318.316315
343.929414 232.594122
505.859213 136.932518
556.090754 188.738600
1465.097223 227.322339
1462.170283 352.819517
1231.568482 389.806463
509.247375 361.801811
1237.146775 567.552795
1147.338593 425.021419
1443.040147 571.640743
1413.551823 482.748901
888.491113 230.194349
459.401266 145.512144
1888.006258 376.694599
1002.657605 424.816575
530.525492 230.049993
1601.003643 460.821746
717.874413 529.018242
1270.035528 423.964303
724.437502 183.854730
1330.881210 415.293358
113.999242 349.366986
236.044626 283.228495
768.986880 355.730036
1292.354441 334.871558
173.986175 305.221259
588.422226 176.508844
268.151724 244.664432
492.525703 76.975173
