-3.496975 -1.941950
0.029512 -3.999891
-3.932908 -0.729542
-3.178343 -2.428608
3.146894 -2.469222
-3.951515 -0.620913
3.026965 -2.614858
2.907398 -2.747187
2.060489 -3.428467
0.596134 -3.955329
2.123751 -3.389644
1.005039 -3.871679
-2.119155 -3.392518
0.718462 -3.934948
1.877685 -3.531897
-1.984359 -3.473085
-3.026976 -2.614845
0.648724 -3.947044
-0.863287 -3.905731
0.318737 -3.987281
-2.906597 -2.748035
-2.995075 -2.651325
3.722078 -1.464970
-1.923243 -3.507298
-3.987776 0.312474
-1.974286 -3.478821
0.076125 -3.999276
-3.066615 -2.568243
2.248090 -3.308488
1.498964 -3.708518
1.744052 -3.599761
2.364706 -3.226169
-1.256568 -3.797504
1.992607 -3.468360
1.680063 -3.630067
-3.981342 0.385900
3.761265 -1.361208
0.599643 -3.954798
-1.488972 3.712541
-1.288930 -3.786642
1.183784 -3.820819
-3.780175 -1.307777
3.480594 -1.971158
0.620806 -3.951531
-1.842091 -3.550591
-0.991402 -3.875193
2.990774 -2.656176
-2.754491 -2.900479
-3.232150 -2.356524
1.168196 -3.825613
-2.078783 -3.417406
2.284893 -3.283179
-3.557710 -1.828305
-3.095201 -2.533719
-3.228896 -2.360981
-0.661526 -3.944919
-0.783639 -3.922488
0.960108 -3.883065
-1.036081 -3.863488
1.307925 -3.780123
-1.204095 -3.814467
2.794665 -2.861791
2.581166 -3.055746
1.676441 -3.631741
1.270505 -3.792864
2.804522 -2.852132
2.099291 -3.404846
3.117945 -2.505678
0.256274 -3.991782
-0.968996 -3.880856
1.598145 -3.666870
-0.201574 -3.994918
0.259233 -3.991591
-3.113068 -2.511734
2.838332 -2.818488
-3.847284 -1.094716
1.152370 -3.830410
-3.712784 -1.488366
-0.249692 -3.992199
-1.710865 -3.615652
-0.479575 -3.971147
2.978867 -2.669523
0.991750 -3.875104
3.023169 -2.619246
-0.517555 -3.966376
3.478307 -1.975191
2.884583 -2.771134
3.427400 -2.062264
0.103713 -3.998655
-3.021592 -2.621066
1.471043 -3.719682
-2.876003 -2.780038
-2.804551 -2.852104
-2.416003 -3.187935
2.471318 -3.145248
2.785986 -2.870241
2.261488 -3.299344
-2.809190 -2.847534
2.628288 -3.015311
-3.967399 0.509651
2.198124 -3.341893
-2.831279 -2.825573
-3.652584 -1.630532
2.227021 -3.322706
-2.885661 -2.770011
2.407570 -3.194309
-0.207794 -3.994599
2.973623 -2.675363
1.080803 -3.851216
3.187496 -2.416583
-2.055936 -3.431199
2.445988 -3.164987
2.113972 -3.395750
2.256682 -3.302633
2.015856 -3.454898
-3.036616 -2.603644
2.809716 -2.847016
2.556620 -3.076312
-3.957389 -0.582297
1.514214 -3.702318
-1.410636 -3.743008
1.423814 -3.738015
3.697083 -1.526950
0.141883 -3.997483
-3.829603 1.155052
2.142623 -3.377746
2.019550 -3.452741
1.195713 -3.817102
2.701469 -2.949927
-1.445839 -3.729551
3.060631 -2.575371
2.174927 -3.357036
1.762047 -3.590988
0.100451 -3.998738
-2.791934 -2.864456
3.072282 -2.561461
-1.464167 -3.722394
-2.470299 -3.146049
1.483987 -3.714537
-1.447637 -3.728853
1.289847 -3.786330
-3.866313 -1.025485
1.586690 -3.671841
2.848893 -2.807812
-3.827006 -1.163626
2.602043 -3.037988
2.814518 -2.842268
-3.500382 -1.935801
1.349789 -3.765378
3.917731 -0.807082
-3.041404 -2.598050
2.996905 -2.649257
3.893828 -0.915482
1.531874 -3.695046
1.444624 -3.730022
0.464203 -3.972973
1.891415 -3.524564
-1.774785 -3.584709
1.732589 -3.605293
0.826184 -3.913748
-2.326360 -3.253928
3.745676 -1.403534
0.598558 -3.954962
3.670887 -1.588896
1.831000 -3.556324
-2.101959 -3.403200
-3.995930 -0.180395
1.599335 -3.666351
3.382330 -2.135378
-2.406593 -3.195045
-1.825411 -3.559196
-0.414766 -3.978438
-2.903192 -2.751632
0.630612 -3.949978
-3.785739 -1.291581
-2.823700 -2.833146
-3.348115 -2.188636
2.459702 -3.154341
-0.757379 -3.927643
3.028570 -2.612999
-1.941755 -3.497083
-1.293441 -3.785104
2.553597 -3.078822
2.180160 -3.353640
2.716860 -2.935757
1.650676 -3.643524
-2.299571 -3.272915
1.954567 -3.489938
2.096683 -3.406453
2.486433 -3.133313
3.250133 -2.331659
-2.534487 -3.094572
1.056610 -3.857924
-2.154142 -3.370411
3.761432 -1.360745
3.174806 -2.433229
-1.492453 -3.711143
0.589911 -3.956262
3.211887 -2.384068
1.305266 -3.781042
3.059849 -2.576301
3.148865 -2.466708
1.210937 -3.812300
-0.926153 -3.891303
2.445877 -3.165073
-2.267093 -3.295495
0.941784 -3.887550
0.428592 -3.976972
-2.151284 -3.372236
0.481534 -3.970910
3.076895 -2.555918
0.524101 -3.965516
-2.067935 -3.423981
2.623564 -3.019422
-2.071692 -3.421709
0.940280 -3.887914
-2.367848 -3.223864
0.875142 -3.903092
-1.810484 -3.566812
1.671108 -3.634198
-3.775116 -1.322307
2.018891 -3.453126
-2.094602 -3.407733
2.675402 -2.973588
3.564037 -1.815941
-1.990845 -3.469371
1.295051 -3.784553
-3.944170 -0.665977
-0.677543 -3.942199
2.164944 -3.363483
-2.889985 -2.765499
1.421586 -3.738863
1.526293 -3.697355
2.092667 -3.408922
0.841389 -3.910507
3.304696 -2.253661
-3.957683 -0.580299
1.482635 -3.715076
-1.976426 -3.477606
-2.371551 -3.221140
1.499057 -3.708481
-0.566645 -3.959661
-1.682514 -3.628932
3.233502 -2.354669
-2.281416 -3.285596
-3.405187 -2.098738
-3.262951 -2.313688
2.135727 -3.382110
2.264572 -3.297228
2.834635 -2.822206
2.852762 -2.803881
-1.942844 -3.496478
-2.003543 -3.462054
2.269075 -3.294131
2.630223 -3.013623
2.911839 -2.742479
2.629672 -3.014104
1.996043 -3.466383
-2.192316 -3.345706
1.750130 -3.596811
1.522490 -3.698922
3.127101 -2.494241
-2.083943 -3.414262
3.151162 -2.463773
-2.913458 -2.740759
0.673903 -3.942823
-1.114258 -3.841670
3.931971 -0.734576
1.051809 -3.859235
1.955612 -3.489353
-2.558451 -3.074789
-3.798792 -1.252669
-2.849901 -2.806789
0.868174 -3.904648
-1.831718 -3.555954
-1.119874 -3.840037
3.300488 -2.259818
2.159858 -3.366751
2.696885 -2.954118
2.217616 -3.328991
1.211039 -3.812268
3.937546 -0.704080
-1.917012 -3.510707
2.378329 -3.216139
0.229510 -3.993410
-1.505362 -3.705926
2.887873 -2.767704
2.710903 -2.941259
-3.070844 -2.563184
2.118186 -3.393124
2.409968 -3.192500
0.588933 -3.956407
2.878545 -2.777405
2.597145 -3.042176
-3.500115 -1.936285
-2.324745 -3.255082
2.338431 -3.245264
-1.709788 -3.616162
0.749125 -3.929225
1.742525 -3.600501
-3.033175 -2.607652
2.485250 -3.134251
2.577512 -3.058829
-0.019617 -3.999952
-1.803313 -3.570443
3.224935 -2.366388
1.530127 -3.695769
1.389331 -3.750968
0.287818 -3.989632
0.781710 -3.922873
2.669502 -2.978885
2.138799 -3.380169
-2.795370 -2.861102
-2.168790 -3.361004
0.463979 -3.972999
-0.225174 -3.993657
2.711126 -2.941054
-0.383404 -3.981583
0.394631 -3.980486
3.062129 -2.573590
-3.227930 -2.362301
2.644529 -3.001077
0.879896 -3.902023
-3.300079 -2.260415
-2.173434 -3.358003
2.814820 -2.841969
-1.163795 -3.826954
-3.240191 -2.345456
2.272155 -3.292007
-3.538738 -1.864761
2.782677 -2.873449
-0.026876 -3.999910
-3.467115 -1.994772
-3.274423 -2.297424
2.127187 -3.387488
-1.915495 -3.511535
0.911741 -3.894705
-0.042576 -3.999773
1.868832 -3.536590
2.973765 -2.675205
-3.598970 -1.745685
-1.718908 -3.611836
-3.657151 -1.620260
3.041952 -2.597408
-2.736890 -2.917093
2.121293 -3.391182
-0.287676 -3.989642
-2.942034 -2.710062
2.292682 -3.277745
0.261860 -3.991419
3.286786 -2.279701
3.368752 -2.156736
1.694673 -3.623270
1.351170 -3.764882
1.116592 -3.840992
-0.303706 -3.988454
0.755113 -3.928079
-1.491547 -3.711507
-0.276039 -3.990464
-2.376320 -3.217624
-3.919772 -0.797113
3.557079 -1.829533
-2.488723 -3.131494
-2.274236 -3.290570
2.418457 -3.186074
-1.256801 -3.797427
-2.674460 -2.974435
-2.426388 -3.180038
-0.949696 -3.885625
-1.177754 -3.822682
1.665585 -3.636733
-3.623624 1.693915
-2.094564 -3.407756
1.525708 -3.697596
0.329003 -3.986447
-2.559496 -3.073919
-0.325739 -3.986715
-3.887354 0.942591
-2.930844 -2.722160
3.259333 -2.318781
1.978095 -3.476656
-2.839944 -2.816863
-2.480909 -3.137689
0.056737 -3.999598
2.735528 -2.918371
2.654333 -2.992409
-2.880437 -2.775443
2.278419 -3.287675
-3.493225 1.948686
0.947525 -3.886155
3.485691 -1.962130
3.262681 -2.314069
-0.541443 -3.963185
-2.242297 -3.312416
2.118292 -3.393058
-0.641574 -3.948213
-2.164469 -3.363788
2.145739 -3.375767
-3.997925 0.128824
-2.839950 -2.816857
-1.481545 -3.715511
-0.843788 -3.909990
3.539703 -1.862929
-3.331068 -2.214494
3.935024 -0.718042
-3.303430 -2.255516
-3.136162 -2.482839
2.769809 -2.885854
1.415774 -3.741067
1.559445 -3.683494
-3.415708 -2.081572
2.674934 -2.974008
0.400210 -3.979929
3.041089 -2.598418
2.894283 -2.761001
-0.927221 -3.891049
-1.381238 -3.753956
-2.767485 -2.888083
-3.265852 -2.309591
-2.790862 -2.865500
-0.352788 -3.984412
0.719207 -3.934811
2.307225 -3.267524
3.056512 -2.580258
2.858852 -2.797671
-2.970235 -2.679123
-2.718867 -2.933899
-2.577909 -3.058494
-0.022681 -3.999936
1.482167 -3.715263
1.694457 -3.623371
-3.409207 -2.092201
1.371465 -3.757537
1.088935 -3.848925
-3.318460 -2.233344
-1.225225 -3.807732
-3.198669 2.401774
-1.377707 -3.755253
1.774600 -3.584801
2.867245 -2.789069
2.067706 -3.424119
3.067898 -2.566711
-3.777721 -1.314847
-2.512356 -3.112566
-3.638034 -1.662742
-3.773094 -1.328068
0.941206 -3.887690
-1.385490 -3.752388
-2.475222 -3.142177
3.524608 -1.891332
0.863021 -3.905790
-2.575541 -3.060489
-2.043940 -3.438358
-3.068069 -2.566505
-2.653809 -2.992875
-3.547106 -1.848794
-3.224027 2.367626
-2.070085 -3.422681
2.230343 -3.320477
0.840052 -3.910794
2.542448 -3.088035
3.018091 -2.625096
-0.187835 -3.995587
2.821381 -2.835455
2.530684 -3.097682
-2.864075 -2.792324
-2.362733 -3.227614
2.096044 -3.406846
-2.729247 2.924246
3.587193 -1.769759
2.623596 -3.019394
2.631348 -3.012641
0.400766 -3.979873
2.766717 -2.888819
1.264810 -3.794767
1.668468 -3.635411
2.135702 -3.382126
2.556940 -3.076046
2.658304 -2.988883
0.521765 -3.965824
1.204362 -3.814382
1.195061 -3.817307
-3.977117 -0.427246
1.454850 -3.726045
2.796377 -2.860118
3.280857 -2.288225
2.596771 -3.042496
-3.174322 -2.433861
-3.806833 -1.228016
3.601579 -1.740295
-0.927896 -3.890888
0.473478 -3.971878
2.465690 -3.149662
2.695243 -2.955616
0.805072 -3.918145
1.307781 -3.780173
0.514547 -3.966767
0.967850 -3.881142
1.780657 -3.581796
3.451557 -2.021572
2.298847 3.273424
2.325499 3.254543
-0.459726 3.973494
-1.967977 3.482394
-0.160777 3.996768
0.857120 3.907089
-0.454513 3.974093
-1.044975 3.861091
-1.040745 3.862234
-0.605745 3.953868
2.994372 2.652119
0.787659 3.921682
1.464860 3.722121
0.229875 3.993389
1.995515 3.466687
1.796575 3.573838
0.882379 3.901462
-0.820470 3.914950
-1.622637 3.656098
1.637064 3.649660
-2.080748 3.416209
0.093937 3.998897
-0.086131 3.999073
2.145600 3.375855
0.819272 3.915200
0.602251 3.954402
-1.083523 3.850452
0.498062 3.968871
-1.222061 3.808749
-0.005851 3.999996
-0.050979 3.999675
0.862847 3.905828
1.376179 3.755813
-0.649250 3.946958
1.742884 3.600327
3.894124 0.914220
3.724469 1.458880
2.163411 3.364469
2.741706 2.912568
0.228661 3.993459
0.121742 3.998147
2.119195 3.392494
0.389489 3.980992
1.154293 3.829831
1.055187 3.858313
1.173699 3.823929
2.003665 3.461983
0.349435 3.984708
-1.369572 3.758227
-0.334694 3.985973
-0.904716 3.896343
0.263237 3.991329
2.588305 3.049701
-0.644269 3.947774
1.902913 3.518369
1.582494 3.673651
2.772074 2.883679
-1.263982 3.795043
-0.790364 3.921138
-0.188821 3.995541
-0.386594 3.981274
0.711160 3.936274
0.995769 3.874073
3.780541 1.306717
0.827186 3.913536
1.071933 3.853694
-0.356222 3.984107
0.842337 3.910303
0.607675 3.953572
-0.085900 3.999078
0.106408 3.998584
-2.137167 3.381201
0.960485 3.882972
0.480083 3.971086
0.395525 3.980397
1.663056 3.637890
-0.424936 3.977365
2.199558 3.340950
0.078106 3.999237
1.957642 3.488214
0.138459 3.997603
1.196741 3.816780
-0.789324 3.921348
0.533275 3.964293
-0.722502 3.934208
-1.213294 3.811551
1.168862 3.825410
0.375661 3.982321
1.270579 3.792839
0.172155 3.996294
1.970367 3.481042
1.252846 3.798733
0.690573 3.939938
3.980272 0.396782
0.622784 3.951220
0.474111 3.971803
1.251263 3.799255
1.056046 3.858078
0.358457 3.983906
-0.236147 3.993023
-1.358469 3.762255
1.071639 3.853776
-0.317057 3.987415
-0.746861 3.929656
0.623766 3.951065
2.381672 3.213664
2.266761 3.295723
-1.263677 3.795144
-2.006733 3.460206
-0.648725 3.947044
2.182660 3.352014
0.335576 3.985899
1.811162 3.566468
2.036931 3.442515
-0.025241 3.999920
1.187473 3.819674
-2.019660 3.452676
1.464448 3.722283
-0.444684 3.975205
1.959375 3.487241
-0.642807 3.948012
0.588396 3.956487
3.066271 2.568654
0.256796 3.991748
-0.211356 3.994412
1.094091 3.847462
-0.090961 3.998966
0.799509 3.919284
0.572429 3.958829
0.335842 3.985876
2.018060 3.453611
0.144910 3.997374
-1.116545 3.841006
1.834761 3.554385
0.781445 3.922925
0.532021 3.964461
1.457676 3.724940
1.089828 3.848672
0.586613 3.956752
1.850949 3.545982
1.733840 3.604691
-0.918026 3.893228
1.885366 3.527803
0.246295 3.992410
-0.547770 3.962316
1.479889 3.716171
0.923996 3.891816
-1.522390 3.698963
-2.544214 3.086580
1.242854 3.802014
-0.267116 3.991071
2.711678 2.940545
0.410399 3.978891
-2.383748 3.212125
-2.277810 3.288097
0.901817 3.897015
-0.189033 3.995531
1.128936 3.837382
-0.348768 3.984766
1.532816 3.694655
-1.144723 3.832703
0.264260 3.991261
1.820455 3.561733
-0.786913 3.921832
0.182425 3.995838
0.513955 3.966844
3.149047 2.466476
0.660539 3.945084
2.393279 3.205030
-2.451081 3.161044
0.379699 3.981938
1.360393 3.761560
-1.135754 3.835370
1.081599 3.850993
-0.743959 3.930207
-1.301825 3.782228
1.283439 3.788507
-0.026687 3.999911
1.312187 3.778646
1.950130 3.492420
0.354757 3.984237
0.322606 3.986969
-0.617470 3.952054
-1.924274 3.506732
0.321536 3.987056
1.178653 3.822405
0.617664 3.952024
1.285810 3.787703
0.335677 3.985890
1.198639 3.816185
0.969025 3.880849
0.920394 3.892669
-1.872344 3.534732
2.116070 3.394444
2.918919 2.734943
0.831598 3.912601
-0.709555 3.936564
-0.210015 3.994483
2.175183 3.356870
-0.689464 3.940132
0.637217 3.948918
1.236885 3.803961
3.253121 2.327488
-1.694431 3.623383
-0.973826 3.879647
-0.182567 3.995831
0.283170 3.989964
0.737068 3.931505
-2.263091 3.298245
3.969627 -0.491997
-1.032957 3.864324
3.136646 2.482228
2.998668 2.647261
0.478493 3.971277
1.169991 3.825065
1.360976 3.761349
1.916194 3.511154
-0.172784 3.996266
1.122560 3.839252
-2.354964 3.233287
0.451506 3.974436
2.027891 3.447848
0.592298 3.955905
-0.891843 3.899310
0.462228 3.973203
-1.423550 3.738115
1.705591 3.618143
0.519798 3.966082
0.034656 3.999850
2.286325 3.282182
0.812063 3.916702
1.499514 3.708296
-1.342702 3.767911
0.069280 3.999400
0.049794 3.999690
2.288682 3.280538
0.939075 3.888205
0.391610 3.980784
-0.864410 3.905483
2.571047 3.064265
1.201000 3.815442
-0.447856 3.974849
0.529032 3.964861
0.517680 3.966359
0.189188 3.995524
0.951805 3.885108
-0.182245 3.995846
-0.648316 3.947111
-0.143021 3.997442
2.713703 2.938676
-1.337688 3.769694
-0.771299 3.924933
-0.675079 3.942622
0.487484 3.970184
-0.784910 3.922233
-2.553420 3.078968
1.916298 3.511097
-0.894102 3.898792
0.378690 3.982034
-0.186991 3.995627
1.813713 3.565171
1.374714 3.756349
0.999606 3.873085
1.759531 3.592221
-0.157316 3.996905
-0.900646 3.897286
1.520390 3.699785
0.698257 3.938583
-1.504675 3.706205
-0.718131 3.935008
0.297897 3.988892
-0.191597 3.995409
0.395586 3.980391
1.992296 3.468538
2.931437 2.721521
-1.213914 3.811353
0.551085 3.961856
0.090381 3.998979
2.036948 3.442505
1.064122 3.855858
-0.107007 3.998568
-1.950828 3.492030
0.975059 3.879337
0.443416 3.975347
0.581116 3.957563
1.802143 3.571033
0.770702 3.925050
2.883490 2.772271
-0.152643 3.997086
1.234274 3.804809
-0.343359 3.985236
1.467678 3.721011
0.316113 3.987490
1.800787 3.571717
2.514744 3.110637
3.325314 2.223125
3.423741 2.068331
1.940341 3.497867
2.496225 3.125518
0.399757 3.979974
-1.327224 3.773391
1.448104 3.728672
-1.193253 3.817872
1.362669 3.760736
3.340464 2.200295
1.245967 3.800995
-1.325362 3.774045
1.292078 3.785569
-0.022548 3.999936
-0.216051 3.994161
1.786095 3.579087
-0.300440 3.988701
-0.601151 3.954569
-0.069401 3.999398
-0.340023 3.985522
1.644009 3.646537
0.376243 3.982266
1.529363 3.696086
0.583091 3.957272
1.437927 3.732609
1.486265 3.713626
-2.245670 3.310131
1.214598 3.811135
0.271061 3.990805
0.498617 3.968801
1.308733 3.779844
0.224535 3.993693
-1.807579 3.568285
0.630915 3.949930
1.733878 3.604673
0.631911 3.949771
0.254263 3.991911
-0.238950 3.992856
0.289653 3.989499
0.194783 3.995255
-2.320538 3.258083
-0.423498 3.977518
2.031324 3.445827
0.869258 3.904406
1.472430 3.719133
0.837157 3.911415
-1.574212 3.677208
-0.245002 3.992490
-0.390913 3.980853
1.585143 3.672509
-1.581572 3.674048
1.265907 3.794401
-0.689961 3.940045
-0.870421 3.904147
-0.998123 3.873467
0.396538 3.980296
0.103447 3.998662
1.417178 3.740536
1.205613 3.813987
1.671891 3.633838
2.118480 3.392940
0.765296 3.926108
0.210745 3.994444
0.429590 3.976865
-0.158292 3.996867
-1.595305 3.668106
2.443629 3.166809
2.986186 2.661333
1.202658 3.814920
0.502715 3.968284
-2.607554 3.033260
-1.378967 3.754790
-0.171598 3.996318
1.386424 3.752043
0.586280 3.956801
1.853428 3.544687
-0.898738 3.897726
2.605897 3.034683
-0.978822 3.878390
2.281852 3.285294
0.041708 3.999783
2.015567 3.455067
-0.945577 3.886629
0.447980 3.974835
0.788950 3.921423
-0.690107 3.940019
0.794068 3.920390
0.404715 3.979473
-1.090305 3.848537
2.251094 3.306445
2.746412 2.908130
-1.295436 3.784421
2.230139 3.320614
1.781209 3.581521
-0.373411 3.982532
0.787419 3.921731
-0.040445 3.999796
-0.513380 3.966918
1.842343 3.550461
1.754929 3.594471
-0.970377 3.880511
1.333167 3.771295
3.439519 2.041987
1.754434 3.594713
-0.686353 3.940675
0.458387 3.973648
0.003337 3.999999
0.494589 3.969305
-0.540667 3.963291
-0.338646 3.985639
0.219606 3.993967
2.004907 3.461264
-0.186225 3.995663
2.316880 3.260685
1.335853 3.770345
-0.076681 3.999265
0.829318 3.913085
2.270373 3.293236
1.654005 3.642014
2.135312 3.382372
0.399693 3.979981
0.559561 3.960668
-0.394859 3.980463
-1.472780 3.718994
0.360463 3.983725
-0.055432 3.999616
-2.161358 3.365788
2.779610 2.876416
0.422489 3.977625
0.539485 3.963453
-0.183197 3.995803
-1.255418 3.797884
1.244335 3.801530
-0.090264 3.998981
0.964317 3.882022
2.714863 2.937604
1.514582 3.702167
-1.100172 3.845728
-0.582447 3.957367
-0.418898 3.978005
0.529950 3.964739
0.969045 3.880844
-0.406773 3.979263
0.105111 3.998619
2.182286 3.352257
0.397940 3.980156
-0.057914 3.999581
-1.966757 3.483083
3.098301 2.529927
-0.685466 3.940829
2.689446 2.960892
2.911211 2.743146
-1.336928 3.769963
-0.163301 3.996665
1.569054 3.679412
-0.988722 3.875878
-1.578805 3.675238
3.392553 2.119100
0.021641 3.999941
1.717298 3.612601
-0.195586 3.995215
0.471284 3.972139
-0.696871 3.938829
-0.324731 3.986797
-0.617731 3.952013
1.283836 3.788372
-1.455371 3.725842
-0.149687 3.997198
2.964721 2.685225
0.046709 3.999727
0.044304 3.999755
2.104100 3.401877
1.940930 3.497541
1.157246 3.828940
2.989625 2.657469
-1.871702 3.535072
2.498217 3.123926
0.124882 3.998050
2.212229 3.332573
-1.429647 3.735787
0.197180 3.995137
0.262203 3.991397
0.433743 3.976414
1.546290 3.689036
0.342095 3.985345
0.321483 3.987060
3.352614 2.181737
1.270876 3.792740
0.881149 3.901740
-1.837071 3.553191
0.472771 3.971963
0.405172 3.979427
1.573607 3.677467
1.738323 3.602532
0.931442 3.890041
-0.466172 3.972743
0.020249 3.999949
0.918195 3.893189
-0.501413 3.968449
-0.062349 3.999514
-0.171307 3.996330
2.875612 2.780442
1.399339 3.747246
-0.050104 3.999686
-0.543907 3.962848
-1.216626 -3.810488
-1.204155 -3.814448
-3.992712 -0.241349
-1.646880 -3.645242
-1.628460 -3.653508
0.129866 -3.997891
-2.685742 -2.964252
-3.479941 1.972311
-0.003535 -3.999998
-3.615821 -1.710508
0.673963 -3.942813
3.086659 -2.544118
-2.039900 -3.440757
0.927180 -3.891059
-3.312408 -2.242310
-1.002568 -3.872320
-2.962766 -2.687381
-0.539227 -3.963488
-2.849176 -2.807525
3.821778 1.180682
-3.922081 -0.785673
-3.586354 -1.771459
-2.383077 -3.212623
0.224194 -3.993712
2.269870 -3.293583
0.206112 -3.994686
-1.832708 -3.555444
-0.863985 -3.905577
-1.460384 -3.723879
-1.988874 -3.470501
0.390374 -3.980905
-2.430978 -3.176530
-3.083435 -2.548025
-0.324697 -3.986800
-3.309192 -2.247053
-2.693534 -2.957173
-2.877902 -2.778071
0.630715 -3.949962
-2.387708 -3.209182
0.490100 -3.969862
-2.145603 -3.375853
-3.497131 -1.941668
-1.864337 -3.538961
-0.098994 -3.998775
-2.499993 -3.122505
-2.014922 -3.455443
-2.014765 -3.455535
-1.275877 -3.791060
-0.059514 -3.999557
-3.381283 -2.137037
0.105741 3.998602
-1.198137 -3.816342
-2.355782 3.232691
-1.652303 -3.642787
0.657163 -3.945648
0.391607 -3.980784
0.181200 3.995894
-2.553552 -3.078859
-3.577077 -1.790117
0.155098 -3.996992
0.302268 -3.988563
-1.933201 -3.501819
1.602548 -3.664947
-1.720698 -3.610983
-3.517742 1.904073
-3.757505 -1.371552
3.613204 -1.716030
-0.726916 -3.933395
-0.933905 -3.889450
-1.902931 -3.518360
0.032186 -3.999871
-1.940922 -3.497545
2.205649 -3.336931
-1.918369 -3.509966
-2.801225 -2.855370
-2.916317 -2.737717
-2.705630 -2.946111
-0.885543 -3.900745
-2.325167 -3.254781
-3.160849 -2.451334
-1.767320 -3.588395
-1.815982 -3.564016
-2.702296 -2.949169
-0.380382 -3.981873
-2.792161 -2.864234
-2.537032 -3.092486
-0.961632 -3.882688
2.911842 -2.742476
-1.164146 -3.826848
-1.231957 -3.805559
-3.617931 -1.706042
-1.486902 -3.713371
3.914850 -0.820946
-0.535145 -3.964041
-2.678617 -2.970692
-1.765262 -3.589408
-1.947038 -3.494144
0.209918 -3.994488
-2.260870 -3.299768
0.609253 -3.953329
3.840398 -1.118635
-1.851637 -3.545623
0.029070 -3.999894
-0.067427 3.999432
-3.972391 0.469162
-3.886854 -0.944653
0.741098 -3.930747
-2.844322 -2.812443
-1.202937 -3.814832
-3.487863 -1.958268
-2.799532 -2.857030
-0.083833 -3.999121
-3.739496 -1.419919
-2.228829 -3.321494
-1.440427 -3.731644
-2.726078 -2.927200
-0.078479 -3.999230
-2.427013 -3.179561
-2.458229 -3.155489
-3.853315 -1.073297
-1.888498 -3.526128
1.842867 -3.550189
-3.583258 -1.777713
3.349721 -2.186177
-3.373950 -2.148595
-3.130726 -2.489690
-1.367136 -3.759114
-0.902369 -3.896887
1.978947 -3.476172
-2.315701 -3.261523
-2.481496 -3.137225
3.893722 0.915929
1.935671 -3.500454
-1.905812 -3.516800
-3.133416 -2.486303
3.339589 -2.201623
-1.759675 -3.592150
-0.697058 -3.938796
-2.258392 -3.301464
-2.528975 -3.099079
-2.375857 -3.217966
-3.998296 -0.116756
-0.805418 -3.918074
-2.951458 -2.699795
-2.449789 -3.162046
-3.513017 -1.912776
-0.918955 -3.893009
-1.049287 -3.859922
-1.780788 -3.581731
-3.388257 -2.125962
0.998874 -3.873274
1.356453 -3.762982
-3.618724 -1.704359
-3.088356 -2.542058
2.820969 -2.835866
-1.871707 -3.535069
1.400044 -3.746982
-0.603614 -3.954194
-3.783999 -1.296668
0.570152 -3.959157
1.347567 -3.766173
0.487200 -3.970219
-1.912886 -3.512957
1.781519 -3.581367
-2.049097 -3.435288
-3.970559 0.484418
0.648021 -3.947160
-1.084844 -3.850080
-1.053290 -3.858831
-1.556321 -3.684815
-2.974592 -2.674286
-1.733548 -3.604832
-2.363390 -3.227133
-3.415498 -2.081915
-1.312819 -3.778426
-0.945290 -3.886699
-3.315653 2.237509
-1.209240 -3.812839
-3.991487 -0.260824
3.948998 -0.636721
0.186014 -3.995673
-2.623701 -3.019303
-2.043295 -3.438742
-0.847273 -3.909236
3.739867 -1.418941
-3.886305 -0.946906
-2.280170 -3.286461
0.115362 -3.998336
-1.241674 -3.802400
-2.197022 -3.342618
0.536156 -3.963904
-2.454718 -3.158221
-1.047138 -3.860505
-1.157090 -3.828987
-2.600497 -3.039312
-2.410600 -3.192023
-3.216212 -2.378231
0.185097 -3.995715
0.294792 -3.989122
-1.209603 -3.812724
-3.085933 -2.544998
-0.127787 -3.997958
-0.465603 -3.972809
-3.810973 -1.215108
-3.673949 1.581802
-3.951370 0.621830
-1.151935 -3.830541
-1.324332 -3.774407
-2.982005 -2.666017
-2.272196 -3.291979
-0.716512 -3.935303
2.782886 -2.873247
-3.946584 0.651515
-3.330486 -2.215369
-2.596264 -3.042928
-1.971344 -3.480489
-1.242558 3.802111
-0.139402 -3.997570
-3.341894 -2.198123
-2.610716 -3.030539
-2.263229 -3.298150
-0.600869 3.954612
2.837213 -2.819614
-0.929661 -3.890467
-2.130113 -3.385649
-0.958567 -3.883445
-1.597443 -3.667175
-3.882281 -0.963272
-2.000865 -3.463602
-0.629843 -3.950101
-1.363397 -3.760472
-2.343086 -3.241905
-2.265736 -3.296428
-2.169661 -3.360442
-3.495385 -1.944810
-3.991855 -0.255128
-0.612769 -3.952786
-1.898362 -3.520827
-3.338069 -2.203927
-1.395147 -3.748808
0.694120 -3.939314
2.997977 -2.648044
-2.644702 -3.000925
-2.859093 -2.797425
-0.277279 -3.990378
-2.407912 -3.194050
-1.013174 -3.869558
3.654159 1.626997
-2.975338 -2.673455
-2.994207 -2.652306
-3.323446 -2.225917
-2.511152 -3.113538
-1.911548 -3.513686
-2.705801 -2.945954
-1.646384 -3.645466
-2.785623 -2.870593
0.143361 -3.997430
-0.276070 -3.990462
0.405733 -3.979369
2.698277 2.952846
-1.696939 -3.622209
-3.679169 -1.569623
3.714296 -1.484589
-0.985296 -3.876750
-3.562091 -1.819755
-2.639294 -3.005683
-1.471865 -3.719357
-1.742904 -3.600317
-2.526599 -3.101015
-2.685354 2.964603
-3.785204 -1.293148
-0.343897 -3.985189
-2.227570 -3.322338
-2.077631 -3.418106
-0.653672 -3.946228
0.259517 -3.991572
-2.376808 -3.217263
0.787434 -3.921728
-2.599678 -3.040012
2.204556 -3.337654
-3.040695 -2.598880
-1.875955 -3.532817
-1.116642 -3.840978
0.050602 -3.999680
-2.491189 -3.129533
-1.418970 -3.739856
-3.418027 -2.077762
-2.417458 -3.186832
-2.719982 -2.932865
-0.845771 -3.909562
-3.441862 -2.038035
-2.165928 -3.362850
2.680744 -2.968772
-0.399403 -3.980010
-2.028744 -3.447346
-1.536400 -3.693166
1.941790 -3.497063
-1.057888 -3.857573
-0.702765 -3.937781
-3.362637 -2.166257
-2.491943 -3.128933
-2.282461 -3.284870
-1.701189 -3.620215
-3.673677 1.582433
-2.962606 -2.687558
-3.732513 -1.438175
-3.649585 -1.637233
-2.499072 -3.123242
-1.664680 3.637147
-1.257477 -3.797203
-2.128040 -3.386952
-2.429905 -3.177352
-3.095372 -2.533510
-0.045402 -3.999742
-0.806682 -3.917814
3.908876 0.848934
-2.371542 -3.221147
-3.301488 -2.258357
-2.677573 -2.971633
-2.175875 -3.356422
0.747632 -3.929510
-0.566789 -3.959640
-2.251336 -3.306280
-0.329340 -3.986419
-3.040163 -2.599501
-1.819299 -3.562324
0.609797 -3.953245
-0.163965 -3.996638
-1.719134 -3.611728
-1.992907 -3.468187
-3.973200 0.462255
2.829758 2.827096
0.686982 -3.940565
-1.099732 -3.845854
0.213563 -3.994295
-3.798002 -1.255063
-0.541176 -3.963222
-2.606065 -3.034538
-2.021067 -3.451853
-3.835753 -1.134459
-2.396952 -3.202284
0.317137 -3.987408
-3.253555 -2.326882
-2.692597 -2.958026
-2.542110 -3.088313
-0.208268 -3.994574
-1.260395 -3.796235
-3.193423 -2.408744
-3.020389 -2.622452
-3.960921 0.557766
-1.986499 -3.471862
-2.069544 -3.423008
-1.438108 -3.732539
-0.878548 -3.902327
-2.285363 -3.282852
-0.048663 -3.999704
-2.138395 -3.380424
-2.149554 -3.373339
-3.795917 -1.261353
-3.969511 -0.492933
-3.040994 -2.598530
-1.696902 -3.622226
-1.788906 -3.577683
3.689592 1.544963
-0.474614 -3.971743
-2.772084 -2.883670
-3.174694 -2.433376
-1.445026 -3.729866
-3.980770 -0.391753
-0.326578 -3.986646
-3.892369 -0.921665
-3.466527 -1.995793
-2.648607 -2.997479
-3.551953 -1.839464
-1.831314 -3.556162
-1.586012 -3.672134
0.783634 -3.922489
1.878348 -3.531545
-3.000475 -2.645213
-3.104956 -2.521755
-1.747162 -3.598253
-0.549455 -3.962083
-1.682769 -3.628814
-1.730362 -3.606362
-1.262418 -3.795563
2.284531 -3.283431
2.073084 -3.420866
-1.843239 -3.549996
-2.040161 -3.440602
-0.949084 -3.885774
-2.897794 -2.757315
-0.855268 -3.907495
3.786616 -1.289007
-3.882568 -0.962116
-0.155553 -3.996974
-0.804979 -3.918164
-2.075028 -3.419687
-2.930021 -2.723046
0.287439 -3.989659
0.340807 -3.985455
1.312789 -3.778437
-3.048188 -2.590087
-0.417220 -3.978181
-3.242501 -2.342261
-1.723353 -3.609716
0.522411 -3.965739
-2.145123 -3.376159
-0.222182 -3.993825
-1.898428 -3.520791
-1.999708 -3.464270
-2.073185 -3.420804
-0.631857 -3.949779
-3.038570 -2.601364
-3.806877 -1.227878
-2.673988 -2.974859
-0.067418 -3.999432
0.970978 -3.880361
-1.283099 -3.788622
-3.563200 -1.817583
-2.492607 -3.128404
-0.486763 -3.970272
-2.104877 -3.401396
-2.096495 -3.406568
-1.780804 -3.581723
-3.222031 -2.370341
-3.081736 -2.550079
-3.174800 -2.433238
-0.975950 -3.879113
-2.263453 -3.297996
3.097769 -2.530578
-2.133846 -3.383297
-1.325025 -3.774163
-3.860719 -1.046350
-1.236398 -3.804119
-1.342635 -3.767935
-3.003955 -2.641260
-3.999715 -0.047785
-0.476073 -3.971568
-2.536484 -3.092935
-1.453977 -3.726386
0.423022 -3.977569
-1.192127 -3.818224
-2.614877 -3.026948
-0.448989 -3.974721
2.822167 2.834673
-1.730432 -3.606329
0.079651 -3.999207
-2.397493 -3.201879
3.498234 -1.939681
0.781806 -3.922853
-2.139316 -3.379841
-2.725699 -2.927552
-1.761280 -3.591364
-1.997580 -3.465497
1.094521 3.847340
-3.996009 0.178635
0.875594 -3.902991
0.157685 -3.996891
-3.250625 -2.330973
-2.063894 -3.426418
-2.004742 -3.461360
0.570288 -3.959138
-1.358424 -3.762271
0.688553 -3.940291
-1.492342 -3.711188
-2.322831 -3.256449
2.521979 3.104774
-3.029782 -2.611594
-0.297493 -3.988922
-3.763683 -1.354508
-0.698031 -3.938623
-3.568853 -1.806457
-2.334935 -3.247781
-1.103656 -3.844729
-1.977493 -3.476999
-1.791135 -3.576568
-2.742375 -2.911937
0.054099 -3.999634
-0.588075 -3.956535
-1.246701 -3.800755
-2.849499 -2.807197
-3.999810 -0.038942
1.988314 -3.470822
0.227353 -3.993534
0.304228 -3.988414
-0.983270 -3.877265
-3.304637 -2.253747
-1.316427 -3.777171
-0.188419 -3.995560
-3.133033 -2.486786
1.168241 -3.825600
-3.014045 -2.629740
-2.612844 -3.028704
-1.986933 -3.471613
-1.261179 -3.795975
-1.513386 -3.702656
-2.827833 -2.829021
-1.033178 -3.864265
-2.572352 -3.063169
2.017557 -3.453906
-3.854317 -1.069691
-2.241994 -3.312621
0.064618 -3.999478
-1.387236 -3.751743
-3.357170 -2.174721
-3.962753 0.544600
-3.400286 -2.106670
-3.742342 1.412400
-3.962705 0.544952
-1.452745 -3.726866
-3.525426 -1.889807
-1.153095 -3.830192
-1.982400 -3.474204
-3.047725 -2.590632
-3.967845 -0.506167
-3.383783 -2.133076
-2.903997 -2.750782
-3.036996 -2.603201
-2.290702 -3.279128
-3.708300 -1.499505
-3.363935 -2.164241
-3.992307 0.247956
-3.433159 -2.052662
-2.588787 -3.049292
-3.727094 -1.452160
-3.088127 -2.542335
-1.778470 -3.582882
-3.946142 -0.654189
-3.307470 -2.249587
-0.532208 -3.964436
-2.556367 -3.076522
2.855520 -2.801072
-3.837445 1.128722
-3.999269 0.076461
-3.764699 -1.351681
-3.577474 -1.789324
-2.252676 -3.305367
0.044714 -3.999750
-1.931725 -3.502633
-2.665423 -2.982536
-2.881377 -2.774467
-3.907911 -0.853364
-2.083873 -3.414304
-2.419648 -3.185169
-3.660049 -1.613705
-3.827749 1.161180
-1.921340 -3.508341
-3.974166 -0.453880
-2.947282 -2.704353
-3.279152 -2.290668
0.428396 -3.976993
-1.949203 -3.492937
-2.733003 -2.920735
-3.973661 -0.458280
-3.897530 0.899587
-3.958370 0.575591
-2.443899 3.166600
0.225467 -3.993641
-2.423552 -3.182200
-3.231499 -2.357417
-3.790054 1.278864
-3.590742 -1.762547
-0.986458 -3.876455
-3.952291 0.615952
0.442120 -3.975491
-3.824688 -1.171223
-3.705298 -1.506906
-2.272211 -3.291969
-1.675973 -3.631957
-2.874521 -2.781569
2.030089 -3.446555
-3.823372 1.175511
-2.230521 -3.320358
-0.939353 -3.888138
-3.452087 -2.020668
-2.506030 -3.117662
-3.924270 -0.774665
-2.367737 -3.223945
-0.100601 -3.998735
-0.686894 -3.940581
-1.845739 3.548697
-2.687576 -2.962589
-3.774468 -1.324158
1.826777 -3.558495
-3.929259 -0.748951
-1.124991 -3.838541
-2.342183 -3.242558
-2.454037 -3.158750
-2.414430 -3.189126
-3.811969 1.211979
0.698125 -3.938607
-3.528475 -1.884108
-2.410551 -3.192059
-1.702477 -3.619609
-1.232476 -3.805391
0.175405 -3.996152
-2.091939 -3.409368
0.517593 -3.966371
-1.357647 -3.762552
-3.499644 -1.937135
-0.471083 -3.972163
-2.129582 -3.385983
-2.876631 -2.779388
2.408510 -3.193600
-2.785706 -2.870512
-3.285649 -2.281339
-2.100514 -3.404092
1.782527 -3.580865
-1.629466 -3.653059
-2.182216 -3.352303
-2.868900 -2.787367
2.000144 -3.464019
-0.558482 -3.960820
-1.737533 -3.602912
-0.927732 -3.890927
-2.983764 -2.664048
-3.893635 -0.916302
-3.422746 2.069978
-3.184616 -2.420376
-2.726208 -2.927079
-3.841402 1.115183
-3.453698 -2.017912
-3.664283 -1.604067
-3.282799 -2.285439
-1.688026 -3.626371
-2.214560 -3.331024
-3.293863 -2.269464
-0.976025 3.879095
-2.823420 -2.833425
-3.993898 -0.220851
-1.542354 -3.690683
-3.253635 -2.326771
-3.006452 -2.638417
-3.463193 -2.001572
-0.277985 -3.990329
-2.978132 -2.670343
-3.733928 1.434498
-3.378736 -2.141061
-3.066265 -2.568661
-3.917664 -0.807411
-3.185250 -2.419541
-2.304304 -3.269585
0.305043 -3.988352
-2.366801 -3.224632
-3.382782 -2.134664
0.976146 -3.879064
-3.475149 -1.980743
-3.997076 0.152919
-3.467974 -1.993279
-2.173084 -3.358229
1.786202 -3.579034
-2.074132 -3.420230
-2.981849 2.666192
-3.345207 -2.193078
-3.951636 -0.620140
-0.875329 -3.903050
-1.976625 -3.477492
-2.514818 -3.110577
-2.661020 -2.986465
0.028558 -3.999898
-1.999361 -3.464470
-3.801350 -1.244884
1.336479 -3.770123
-3.545018 -1.852794
1.740457 -3.601501
-3.415553 -2.081825
0.209420 -3.994514
-3.996495 0.167412
-2.714742 -2.937716
-3.863522 1.035952
-3.934572 0.720516
-3.035164 -2.605336
-3.398322 -2.109837
-3.439007 -2.042849
-3.653907 -1.627565
-1.056664 -3.857909
-3.472287 1.985756
0.008751 -3.999990
-2.501208 -3.121532
-3.994652 -0.206777
-2.897495 -2.757630
-3.952010 -0.617754
-1.324965 -3.774184
-0.085254 -3.999091
-3.837181 -1.129621
-2.583933 -3.053406
-2.482359 -3.136541
-3.534943 -1.871945
-2.698640 2.952514
-3.866076 -1.026379
-2.190149 -3.347125
-2.086151 -3.412913
-0.990472 -3.875431
-0.321238 -3.987080
-3.811111 -1.214673
-1.913794 -3.512462
-0.413948 -3.978523
-3.301783 -2.257926
0.774093 -3.924383
-3.534156 -1.873431
-3.796594 -1.259315
-3.788557 -1.283292
-3.642990 -1.651855
-3.922577 0.783191
-2.724007 -2.929127
-2.003035 -3.462348
2.818289 -2.838529
-2.936863 -2.715665
-2.476102 -3.141483
-2.995445 -2.650907
-0.387452 -3.981191
-3.365713 -2.161476
-3.948917 0.637226
-3.859326 -1.051476
-2.327200 -3.253328
-2.042903 3.438975
-3.703687 -1.510861
-3.968247 0.503008
0.229416 -3.993416
-0.040554 -3.999794
-3.235831 -2.351467
-3.904685 -0.868007
-3.779262 1.310410
-3.191708 -2.411017
1.309141 -3.779703
-3.664952 -1.602537
-0.788445 -3.921525
-3.920853 -0.791777
-1.210667 -3.812386
-2.494251 -3.127093
-2.177046 -3.355662
0.230847 -3.993333
-3.473234 -1.984099
-3.504543 -1.928258
-1.992938 -3.468169
-1.711146 -3.615519
-3.986139 -0.332713
-0.186145 -3.995666
-3.910371 0.842018
-3.926342 0.764095
-0.666251 -3.944123
-2.671732 -2.976886
-3.748572 -1.395782
-3.296583 -2.265511
1.233665 -3.805006
-3.992608 -0.243067
-1.786184 -3.579043
-2.009780 -3.458437
0.321140 -3.987088
-2.128634 -3.386579
-3.092554 -2.536949
0.691527 -3.939770
-1.102378 -3.845096
-2.363675 -3.226924
0.761419 -3.926862
-1.202622 -3.814931
-1.698007 -3.621709
-2.568912 -3.066055
-3.630597 -1.678918
-2.745298 -2.909182
-2.331802 -3.250030
-3.920408 -0.793980
-3.992576 -0.243598
-3.999526 -0.061574
-1.374734 -3.756342
-1.664716 -3.637131
-3.274118 -2.297858
1.307087 -3.780413
-2.007857 3.459553
-3.996657 -0.163511
1.348301 -3.765911
-1.544995 -3.689579
-1.353634 -3.763997
0.479514 -3.971154
-3.989143 0.294512
0.352866 -3.984405
-3.893718 0.915947
-2.914298 -2.739867
-3.250258 -2.331485
-1.975270 -3.478262
-2.547372 -3.083974
-3.077978 -2.554614
-2.599330 -3.040310
-1.925208 -3.506219
-0.752063 -3.928664
-2.890148 -2.765329
-3.792559 -1.271416
-1.904366 -3.517583
-1.216662 -3.810477
-3.924438 -0.773815
-2.824433 -2.832416
-2.448775 -3.162831
-1.632368 -3.651763
-3.581597 -1.781056
-3.300440 -2.259888
-0.329319 -3.986421
-3.906684 -0.858966
-3.985592 -0.339195
-3.832946 -1.143909
-2.172372 -3.358690
-3.305706 -2.252179
-0.422344 -3.977641
-2.921081 -2.732633
-3.147580 -2.468348
-3.027879 -2.613800
-3.834690 -1.138048
-3.143982 2.472929
-3.817757 1.193621
-0.242890 -3.992619
-3.037644 -2.602444
-3.691478 -1.540452
-3.754478 1.379818
-3.677213 -1.574200
-3.154641 -2.459317
-3.997900 -0.129611
-2.820917 -2.835918
-3.525636 -1.889415
-3.697617 -1.525657
-3.933242 0.727740
-3.648714 -1.639172
-3.475771 -1.979651
-3.681682 -1.563720
-3.914780 0.821278
-0.334537 -3.985986
-0.945250 -3.886708
-3.267883 -2.306716
-1.777694 -3.583267
-0.433247 -3.976468
-2.645441 -3.000274
-3.999949 0.020213
1.183142 -3.821018
-3.565658 -1.812756
-0.926212 -3.891289
-3.834261 -1.139493
-3.642309 -1.653356
-3.528235 -1.884558
-3.586000 -1.772174
0.071601 -3.999359
0.267394 -3.991053
-3.373723 -2.148952
-3.475520 -1.980091
-3.898332 -0.896105
-2.492493 -3.128494
-3.491958 -1.950956
1.415730 -3.741084
-3.316941 -2.235599
-3.885308 -0.950991
-3.257784 -2.320957
-1.953184 -3.490712
-1.378456 -3.754978
-2.015098 -3.455341
-3.467495 -1.994111
-3.626611 -1.687510
-3.968053 -0.504531
-2.649731 -2.996486
-3.882466 -0.962525
-3.997930 0.128656
-2.614559 -3.027223
-0.769637 -3.925259
-2.473506 -3.143528
0.366758 -3.983151
-3.398780 -2.109098
-1.508668 -3.704581
-3.993758 0.223372
-3.814578 1.203742
-1.828771 -3.557470
-3.796117 -1.260753
0.440027 -3.975723
0.424738 -3.977386
-3.750487 -1.390629
-1.516955 -3.701195
-0.899508 -3.897549
-1.959681 -3.487069
-2.683483 -2.966298
-3.528343 -1.884355
-3.392611 2.119007
-2.891620 -2.763790
0.644880 -3.947674
-3.991356 0.262825
-3.395310 -2.114680
-2.714350 -2.938078
-0.122643 -3.998119
-2.177168 -3.355583
-3.199216 -2.401045
-3.561843 -1.820240
-1.412604 -3.742265
-3.416785 -2.079803
-3.981589 -0.383341
-3.845428 -1.101218
-1.862221 -3.540075
-1.590790 -3.670066
-0.816453 -3.915789
-2.047290 -3.436365
-1.574767 -3.676970
-1.563386 -3.681824
-3.157613 -2.455499
-3.281279 -2.287621
-1.395894 -3.748530
-0.776105 -3.923985
-2.403768 -3.197170
-0.094565 -3.998882
-2.484576 -3.134785
-3.368198 -2.157601
-1.058266 -3.857470
1.230302 -3.806095
-2.425940 -3.180380
-2.764896 0.195468
-3.249425 -2.332646
-1.316952 -3.776988
-3.971894 0.473345
-1.007224 -3.871111
-3.911178 -0.838264
0.948538 -3.885907
-3.125428 -2.496338
-3.423174 -2.069270
-2.297632 -3.274277
-3.672568 1.585005
-3.281708 -2.287005
0.360221 -3.983747
0.381406 -3.981775
-2.965477 -2.684389
-3.456070 -2.013847
-3.992350 0.247265
1.986001 -3.472147
-1.634409 -3.650850
-3.511531 -1.915502
-3.252108 -2.328904
-0.218954 -3.994003
-0.803052 -3.918559
-0.625049 -3.950862
-3.999865 0.032868
-1.819044 -3.562454
0.648850 -3.947023
-2.527797 -3.100039
-3.599788 -1.743997
-3.881978 -0.964495
-3.944107 0.666350
1.856064 -3.543307
-3.242168 -2.342722
-3.692647 -1.537647
-2.523791 -3.103301
-3.816084 -1.198960
-2.793532 -2.862897
0.541733 -3.963146
-3.337595 -2.204645
0.528181 -3.964975
-3.988820 -0.298855
-0.964982 -3.881857
-0.789382 -3.921336
-3.955137 0.597402
-2.344915 -3.240582
-0.014306 -3.999974
-0.692920 -3.939526
0.436566 -3.976105
-2.117229 -3.393721
-3.384111 -2.132555
-1.449482 -3.728137
-1.582294 -3.673737
-3.068024 -2.566559
-3.442301 -2.037293
-3.985053 0.345479
-3.733231 -1.436311
-3.796960 -1.258210
-3.673194 -1.583556
-2.422912 -3.182687
-3.188133 -2.415742
-3.175060 2.432898
-1.570807 -3.678663
-3.943365 0.670724
-1.182792 -3.821126
-3.676108 -1.576777
-2.808893 -2.847827
-0.125502 -3.998031
-2.526246 -3.101303
0.426749 -3.977170
-3.573046 -1.798149
-3.709197 -1.497285
-1.505837 -3.705733
2.037615 -3.442110
-0.087884 -3.999034
-1.236833 -3.803978
-0.017631 -3.999961
-3.999719 0.047442
-3.369512 -2.155548
-3.475619 -1.979918
-3.997613 0.138161
-3.330412 -2.215481
-3.045761 -2.592941
-2.567777 -3.067006
0.438855 -3.975853
-2.284660 -3.283341
-3.638232 -1.662307
-3.649272 -1.637930
-1.768702 -3.587714
-3.487375 1.959136
-3.819827 -1.186979
-3.216417 -2.377953
-2.422672 -3.182870
-3.504763 -1.927857
-2.372755 -3.220254
