-1.165117 -3.826552
2.413437 -3.189878
-3.616352 -1.709386
-3.745590 -1.403765
0.740157 -3.930925
-3.084540 2.546687
-2.940527 -2.711697
3.229451 -2.360221
3.047731 -2.590624
2.323776 -3.255774
2.375280 -3.218392
-0.761131 -3.926917
1.155225 -3.829550
1.888727 -3.526005
-3.907410 -0.855656
-3.987816 -0.311972
-3.144763 -2.471935
-3.996632 -0.164106
-3.203277 -2.395625
3.337795 -2.204342
-3.978856 -0.410738
-2.519474 -3.106807
1.924490 -3.506614
-3.941337 -0.682540
-0.838835 3.911056
-3.880669 -0.969747
-3.807692 -1.225349
-3.310906 -2.244526
-2.604333 -3.036025
0.878423 -3.902355
-3.006163 -2.638747
2.162006 -3.365372
-3.477053 -1.977397
-3.771755 -1.331866
-3.406995 -2.095802
-0.643082 3.947967
1.221698 -3.808865
-3.631325 -1.677343
0.197957 3.995099
-3.527365 -1.886185
0.968107 -3.881078
-2.971141 -2.678119
-2.025119 -3.449477
-2.372530 -3.220419
-1.994605 -3.467211
-1.532435 -3.694813
0.551733 -3.961766
3.652373 -1.631004
-3.422829 -2.069841
-3.789564 -1.280314
-2.265511 -3.296583
0.778798 -3.923452
-3.570897 -1.802413
-3.095201 -2.533719
-3.000677 -2.644983
-3.886755 -0.945060
-3.671065 -1.588485
2.177172 -3.355581
-1.879604 -3.530877
-3.586842 -1.770470
-3.498955 -1.938378
2.903371 -2.751443
0.730103 -3.932804
-3.978866 -0.410640
1.537178 -3.692842
1.471151 -3.719639
0.780636 -3.923087
-3.892169 0.922507
-2.685360 -2.964598
-3.999414 -0.068461
-3.952186 0.616626
1.388245 -3.751370
-3.349570 -2.186408
-3.948005 -0.642851
-3.671107 -1.588386
-3.831577 -1.148484
1.825508 -3.559146
-3.592265 -1.759441
-3.777070 -1.316717
-3.265000 -2.310796
-1.455515 -3.725785
-2.287841 -3.281126
-2.012759 -3.456704
3.861775 -1.042445
-3.993128 -0.234365
-0.143103 -3.997439
-3.526334 -1.888113
-1.317464 -3.776809
2.878860 -2.777078
-1.120243 -3.839929
-3.833642 1.141572
-3.642574 -1.652771
-3.543991 -1.854759
-0.989841 -3.875592
-3.999857 -0.033775
0.784452 -3.922325
-2.754747 -2.900236
-2.501596 -3.121221
-3.994645 0.206918
-2.492219 -3.128713
2.124720 -3.389036
-3.028813 -2.612717
-3.835967 -1.133735
-3.545442 -1.851983
-3.026108 -2.615850
-2.039330 -3.441095
-3.920577 -0.793141
-3.783205 -1.298985
-3.962762 -0.544535
2.905815 -2.748862
-3.978711 -0.412137
-0.285446 -3.989802
1.961115 -3.486263
2.809816 -2.846916
-3.685389 -1.554963
-2.943946 -2.707985
-3.686209 -1.553017
-2.624312 -3.018773
-3.953328 -0.609263
2.836700 -2.820130
-3.307570 -2.249440
0.706859 -3.937048
-3.559196 -1.825411
-3.882370 -0.962912
-0.933653 3.889510
-3.626081 -1.688649
1.232351 -3.805432
1.751258 -3.596261
-2.949927 -2.701469
1.069703 -3.854314
0.563805 -3.960066
-3.999944 -0.021159
-2.731438 -2.922199
0.890688 -3.899574
-3.885126 0.951733
0.697536 -3.938711
-3.980760 -0.391859
3.399815 -2.107429
-2.338413 -3.245277
-1.370199 -3.757999
3.117989 -2.505623
-3.474424 -1.982014
-2.018374 -3.453428
0.400042 -3.979946
-3.575457 -1.793350
-2.080954 -3.416084
1.019442 -3.867911
-2.332780 -3.249329
1.549452 -3.687709
1.070708 -3.854035
-3.298914 -2.262116
-2.518221 -3.107823
1.345616 -3.766871
0.791101 -3.920990
0.195432 -3.995223
-3.368325 -2.157402
2.178093 -3.354983
3.215793 -2.378797
-1.172636 -3.824255
-3.854655 -1.068475
-3.826962 -1.163772
2.532812 -3.095943
-3.972382 0.469231
1.179617 -3.822107
1.768646 -3.587742
-3.899792 -0.889731
-0.045140 3.999745
-2.594548 -3.044392
0.133432 -3.997774
-1.893061 -3.523680
-2.739653 -2.914499
1.480065 -3.716101
-3.989292 0.292483
-3.999445 0.066603
-3.335568 -2.207710
-3.986925 -0.323157
-2.845566 2.811184
-3.999904 -0.027750
-3.232099 -2.356594
0.895403 -3.898494
-3.705224 -1.507088
2.963684 -2.686368
-0.781257 -3.922963
-3.987202 0.319717
-3.496666 -1.942506
-3.420594 -2.073533
-3.720539 -1.468874
0.290960 -3.989404
1.894914 -3.522684
1.770216 -3.586968
1.058460 -3.857417
-3.589735 -1.764597
-3.983253 -0.365641
2.836088 -2.820746
-3.808196 -1.223782
0.287673 -3.989642
-3.673429 -1.583009
0.059873 -3.999552
1.384428 -3.752780
0.540558 -3.963306
2.033981 -3.444259
1.326681 -3.773581
-3.948225 0.641498
-3.650984 -1.634109
-3.204356 -2.394181
-2.892074 -2.763315
-3.866393 -1.025185
-3.850560 -1.083137
-2.422445 -3.183043
2.402476 -3.198142
-3.417593 -2.078475
0.319152 -3.987247
-1.847419 -3.547822
-0.471560 -3.972107
-3.728139 -1.449476
-3.921461 -0.788761
-1.528350 -3.696505
-3.942169 -0.677717
3.195312 -2.406238
1.342539 -3.767969
-1.744016 3.599779
2.284796 -3.283247
-3.075998 -2.556997
1.824727 -3.559547
1.928135 -3.504610
-3.973570 -0.459066
-3.660938 -1.611686
-0.533291 3.964291
-3.042638 -2.596604
-1.564472 -3.681362
-3.204382 -2.394146
-3.999964 -0.016919
3.074025 -2.559369
-2.626704 -3.016692
-2.842806 -2.813975
3.970389 -0.485810
-0.702995 3.937740
-2.749213 -2.905482
-3.844131 -1.105739
-2.471732 -3.144923
3.247897 -2.334773
-2.179708 -3.353934
-3.466057 -1.996610
0.009744 -3.999988
-1.182885 -3.821097
-3.894321 -0.913381
-3.091717 -2.537969
-0.656215 -3.945806
1.606343 -3.663286
1.371321 -3.757590
-3.048075 -2.590220
-3.929165 -0.749442
-3.071038 -2.562952
-3.085735 -2.545238
1.921846 -3.508063
-3.178513 -2.428385
1.545991 -3.689161
-2.062015 -3.427549
-0.952175 -3.885018
-2.773878 -2.881944
2.489389 -3.130965
-3.992262 -0.248690
-3.844177 -1.105580
-0.094313 -3.998888
-3.737789 -1.424408
-2.109574 -3.398484
3.253890 -2.326413
2.829416 -2.827438
-2.786931 -2.869324
-3.974249 -0.453150
-3.952829 -0.612490
-3.999421 -0.068044
-3.877791 -0.981191
0.943643 -3.887099
2.381130 -3.214066
-3.745317 -1.404493
2.884472 -2.771249
2.159858 -3.366751
1.770396 -3.586879
-0.054103 -3.999634
-3.932865 -0.729776
0.294199 -3.989166
-3.123541 -2.498698
-2.193940 -3.344642
-3.896178 -0.905425
-0.166822 -3.996520
0.864624 -3.905435
-1.874431 -3.533625
-1.229327 3.806410
0.142629 -3.997456
0.439063 -3.975830
2.165221 -3.363305
-3.705733 -1.505837
1.545226 -3.689482
-3.986446 0.329016
-3.980834 -0.391105
2.793819 -2.862617
-3.522718 -1.894850
-3.996217 -0.173931
1.685464 -3.627563
-0.215196 -3.994207
0.316131 -3.987488
-3.977969 -0.419239
-3.958774 -0.572808
-3.541885 -1.858776
-3.617263 -1.707457
-3.972911 0.464738
-2.469820 -3.146425
-2.183351 -2.884200
-3.392974 -2.118426
2.025473 -3.449269
-3.140617 -2.477201
-3.312876 -2.241618
2.320295 -3.258256
-1.889060 -3.525826
3.507773 -1.922376
-1.075406 -3.852727
3.122804 -2.499618
2.412207 -3.190808
-0.606105 -3.953813
2.462426 -3.152215
0.669284 -3.943610
2.152706 -3.371329
-1.551006 -3.687056
-2.473262 -3.143720
3.781134 -1.305001
-1.462052 -3.723225
-2.360406 -3.229316
2.194170 -3.344491
-3.439761 -2.041579
-1.849615 -3.546678
-2.387608 -3.209257
-1.014994 -3.869081
-3.857132 -1.059498
-0.103864 -3.998651
-2.372046 -3.220776
-3.974676 0.449391
-0.258564 -3.991634
-1.898844 -3.520567
-3.994726 0.205339
-3.753933 -1.381299
-3.756280 -1.374903
-2.536889 3.092603
2.233905 -3.318082
-2.254147 -3.304364
3.064697 -2.570532
-3.080046 -2.552120
-1.881588 -3.529820
2.862525 -2.793913
0.919481 -3.892885
-1.503446 -3.706703
-0.384616 -3.981466
-2.323901 -3.255685
-3.892166 -0.922522
-1.542006 -3.690829
-3.173797 -2.434545
-3.996178 -0.174825
2.886492 -2.769145
0.344519 -3.985136
-2.615062 -3.026789
-0.580135 3.957707
0.821008 -3.914837
-3.073045 -2.560546
-3.693490 -1.535620
-2.907730 -2.746835
-3.060151 -2.575942
2.578202 -3.058247
-3.214520 -2.380517
2.179666 -3.353961
-1.974457 -3.478724
-3.995509 -0.189495
-0.584395 3.957080
-3.902572 -0.877456
-3.977935 -0.419562
-3.627805 1.684941
-3.912291 -0.833053
-0.501483 -3.968440
-0.855299 3.907488
-3.446301 -2.030519
0.210979 -3.994432
-3.401184 -2.105219
-3.180868 -2.425299
2.880612 -2.775261
0.058189 -3.999577
1.109938 -3.842920
-3.500935 -1.934801
-3.557320 -1.829064
3.452354 -2.020211
-0.398675 3.980083
-3.999151 0.082413
-1.671439 -3.634046
0.770372 -3.925115
-3.798139 -1.254648
-2.054054 -3.432326
-3.539916 -1.862524
-0.822771 -3.914466
-3.579129 -1.786010
-3.694618 -1.532904
-0.501080 3.968491
-2.017423 -3.453984
-3.971436 -0.477175
-3.928884 -0.750913
2.226822 -3.322840
-3.255985 -2.323480
0.676966 -3.942298
-3.972624 -0.467185
-3.511377 -1.915785
-1.673043 -3.633308
-2.720781 -2.932124
-3.995079 0.198357
-2.591481 -3.047003
-3.996022 0.178349
2.383122 -3.212589
0.771751 -3.924844
-0.276614 -3.990424
2.620530 -3.022056
-4.000000 0.000534
-3.233094 -2.355229
-3.894334 -0.913326
-1.932794 -3.502044
1.971395 -3.480460
2.256803 -3.302551
0.303275 -3.988486
0.277669 -3.990351
2.473004 -3.143923
-2.833324 -2.823522
-3.389747 -2.123586
-3.362537 -2.166413
1.851006 -3.545952
1.032193 -3.864528
0.578796 -3.957903
-3.965578 -0.523631
-3.777599 -1.315198
-3.997803 0.132551
-2.727747 -2.925644
-3.912860 -0.830377
0.086022 3.999075
-1.951932 -3.491412
-3.964516 -0.531612
-0.379867 -3.981922
-3.294177 -2.269009
0.971978 -3.880111
-3.960168 -0.563087
-0.853348 -3.907915
-3.985773 -0.337068
-1.751893 -3.595952
-1.104588 -3.844462
2.562615 -3.071319
-3.953117 -0.610631
0.370877 -3.982769
-0.508639 -3.967529
2.724899 -2.928297
-3.299170 -2.261742
-3.501792 -1.933249
-0.609941 -3.953223
-2.975534 -2.673238
-0.130433 3.997873
-3.342262 -2.197563
1.777853 -3.583188
-2.892151 -2.763234
-1.679102 -3.630512
-1.479734 -3.716233
0.577603 -3.958077
1.780048 -3.582099
-3.999738 0.045754
-3.999142 0.082853
-1.823514 -3.560168
-3.991889 -0.254604
0.374152 3.982463
1.419464 -3.739669
-3.968204 -0.503346
-3.370873 -2.153419
-3.829883 -1.154123
1.477979 -3.716931
-3.877498 -0.982349
3.181899 -2.423947
-3.615884 -1.710375
2.934147 -2.718599
-1.026394 -3.866072
-3.942881 -0.673564
-3.963116 -0.541950
1.832594 -3.555503
-2.090997 3.409946
-3.741096 -1.415697
-3.312517 -2.242149
1.189700 -3.818981
-3.991296 0.263737
-1.109268 -3.843114
-3.233215 -2.355063
2.520375 -3.106076
-3.800484 -1.247525
-3.922548 0.783340
2.766997 -2.888551
-3.999478 0.064611
1.283841 -3.788371
2.350471 -3.236555
1.505969 -3.705679
-3.793158 -1.269627
-1.955765 -3.489267
0.281475 -3.990084
2.821810 2.835029
1.794144 3.575059
0.919156 3.892962
0.959144 3.883303
0.999964 3.872993
2.536847 3.092638
3.672552 1.585042
0.404803 3.979464
1.487426 3.713161
2.292859 3.277621
-3.155480 2.458240
-0.168062 3.996468
0.595810 3.955377
2.761000 2.894284
-2.606787 3.033918
2.436139 3.172574
1.302581 3.781968
-3.094560 2.534501
3.572806 1.798626
-3.383621 2.133332
3.953846 0.605890
3.313794 2.240261
-1.297856 3.783592
-3.701108 1.517169
0.173598 3.996231
-0.298434 3.988852
2.885541 2.770136
2.805467 2.851202
2.217378 3.329149
1.746098 3.598769
0.008080 3.999992
-2.510954 3.113697
0.024187 3.999927
-1.715719 3.613351
0.624213 3.950995
-3.019569 2.623395
-2.900456 2.754515
-1.592554 3.669301
-3.823518 1.175038
0.826374 3.913707
0.077296 3.999253
0.383719 3.981552
-2.141351 3.378552
0.885403 3.900777
-0.608736 3.953409
-3.707543 1.501375
0.708443 3.936764
0.285649 3.989788
-0.922474 3.892177
0.635617 3.949176
-0.053812 3.999638
-0.676151 3.942438
-1.326600 3.773610
0.975970 3.879108
0.043482 3.999764
-1.575431 3.676685
-2.710881 2.941280
1.699216 3.621141
-2.132112 3.384391
-0.273978 3.990606
-0.689516 3.940123
0.215485 3.994192
-0.775657 3.924074
-3.413175 2.085722
-2.159285 3.367119
-3.987710 0.313318
-1.414904 3.741396
0.585699 3.956887
1.033463 3.864189
-2.544912 3.086004
2.560959 3.072700
2.237713 3.315515
-1.081611 3.850989
2.619021 3.023364
-2.925275 2.728144
1.305863 3.780836
2.310275 3.265369
1.426762 3.736891
-2.356557 3.232126
-1.656400 3.640926
3.255800 2.323740
2.867578 2.788726
-0.008931 3.999990
2.295882 3.275504
3.008252 2.636365
2.898085 2.757010
-0.895768 3.898410
-0.818755 3.915309
-0.785034 3.922209
-2.451819 3.160472
1.349569 3.765457
-3.060309 2.575754
0.355244 3.984194
-3.695696 1.530303
-1.616943 3.658619
2.365419 3.225646
-3.799804 1.249595
0.740076 3.930940
-0.555111 3.961294
-3.020189 2.622682
1.883861 3.528607
3.709779 1.495842
-1.644095 3.646498
-2.266787 3.295706
-0.023496 3.999931
3.457474 2.011435
-0.575756 3.958346
2.527480 3.100298
1.237973 3.803607
-1.667864 3.635688
-3.551930 1.839509
2.672372 2.976311
-1.060023 3.856987
-3.358608 2.172498
-2.698064 2.953041
1.419188 3.739774
2.686480 2.963583
-3.728453 1.448667
-0.441703 3.975537
2.416802 3.187329
-2.938392 2.714010
-2.381600 3.213718
-0.539488 3.963452
2.991780 2.655042
0.446620 3.974988
1.284849 3.788029
3.595626 1.752561
1.519398 3.700193
-1.897453 3.521317
-1.833495 3.555038
3.455093 2.015523
-0.046239 3.999733
-1.667946 3.635651
-0.892054 3.899261
-0.898852 3.897700
-0.366315 3.983191
3.174004 2.434275
-0.752801 3.928523
0.065134 3.999470
1.665889 3.636594
-3.128905 2.491978
-2.957520 2.693153
0.889022 3.899954
1.908878 3.515137
-0.859358 3.906597
-0.822060 3.914616
2.035737 3.443222
1.166297 3.826193
-2.778675 2.877319
0.541201 3.963219
1.041309 3.862082
-1.579701 3.674853
0.773645 3.924471
1.060127 3.856959
0.423777 3.977488
-2.532381 3.096295
2.508968 3.115298
1.599613 3.666229
-0.854738 3.907611
-1.180084 3.821963
-0.475301 3.971661
2.142187 3.378022
0.949401 3.885697
-2.324036 3.255588
-0.170845 3.996350
-0.923757 3.891873
-1.278374 3.790219
-2.458222 3.155495
2.519823 3.106524
1.887843 3.526478
-0.337524 3.985734
1.065515 3.855474
0.418432 3.978054
2.413315 3.189970
-3.397928 2.110470
0.279429 3.990228
0.854631 3.907634
2.809494 2.847234
-1.624774 3.655148
-1.090564 3.848463
1.552241 3.686536
-0.893543 3.898921
-1.181218 3.821613
-1.845531 3.548805
-2.796196 2.860295
0.542445 3.963049
0.617664 3.952024
0.458738 3.973608
-1.712954 3.614663
2.020633 3.452107
1.085919 3.849777
0.589998 3.956249
1.392179 3.749912
-0.257647 3.991694
1.594749 3.668348
-2.308411 3.266686
-0.343800 3.985198
3.863411 1.036366
0.017026 3.999964
2.213245 3.331898
-0.326238 3.986674
0.011980 3.999982
-3.286634 2.279920
1.443588 3.730423
-2.031316 3.445832
0.460758 3.973374
2.489638 3.130767
2.072370 3.421298
2.460861 3.153437
-3.763227 1.355775
-0.943424 3.887152
2.665376 2.982577
2.198736 3.341491
-2.621247 3.021434
1.588971 3.670854
-2.476039 3.141533
-3.990876 0.270017
-0.889832 3.899769
0.278632 3.990284
2.752745 2.902136
0.178584 3.996011
-1.300679 3.782623
1.608382 3.662391
1.009513 3.870515
2.457195 3.156295
-0.720902 3.934501
2.492080 3.128824
1.997985 3.465264
-0.187526 3.995602
0.583966 3.957143
-1.062682 3.856256
0.588054 3.956538
-1.134548 3.835727
3.354914 2.178199
0.749437 3.929166
0.535648 3.963973
-1.980393 3.475348
2.755401 2.899615
0.067670 3.999428
1.350085 3.765272
-0.045770 3.999738
3.463860 2.000418
2.376594 3.217421
1.863349 3.539482
2.378508 3.216007
1.463976 3.722469
-3.489402 1.955523
-0.924538 3.891687
2.385233 3.211022
1.730079 3.606498
2.140139 3.379320
0.016612 3.999966
1.435172 3.733669
0.740092 3.930937
2.712229 2.940036
1.934733 3.500973
0.088949 3.999011
0.562187 3.960296
-1.038123 3.862939
0.043140 3.999767
0.336781 3.985797
0.977578 3.878704
1.402835 3.745938
0.567662 3.959515
-0.449837 3.974625
2.138204 3.380545
1.995187 3.466876
0.770781 3.925035
-1.038325 3.862885
1.248093 3.800298
1.792904 3.575681
2.619027 3.023359
1.733052 3.605070
-0.299180 3.988796
-1.444880 3.729922
1.478636 3.716670
2.509931 3.114521
1.089273 3.848829
2.173780 3.357779
2.264727 3.297122
0.056432 3.999602
-1.966108 3.483449
-3.434637 2.050188
2.339663 3.244376
-2.771624 2.884112
-0.111055 3.998458
-0.740314 3.930895
1.665432 3.636803
2.187324 3.348972
1.078379 3.851896
1.145460 3.832482
0.931930 3.889924
-1.179267 3.822215
0.862631 3.905876
2.440258 3.169407
2.671298 2.977275
2.401860 3.198604
2.416740 3.187376
-0.640991 3.948307
3.314963 2.238530
-2.566403 3.068155
-1.044988 3.861088
3.989378 0.291313
-0.611419 3.952995
-3.474928 1.981130
0.317114 3.987410
2.563561 3.070530
0.017811 3.999960
3.498700 1.938840
-0.789394 3.921334
2.982930 2.664982
1.267521 3.793862
-1.590768 3.670076
1.514449 3.702222
0.948756 3.885854
-1.304269 3.781386
-0.211351 3.994412
-3.167399 2.442864
0.851431 3.908333
1.304974 3.781143
1.321710 3.775326
0.450259 3.974578
0.157231 3.996909
-0.015316 3.999971
1.534910 3.693786
2.903600 2.751201
0.227429 3.993529
-0.467059 3.972638
-0.439561 3.975775
-0.278393 3.990300
0.085420 3.999088
1.299272 3.783106
2.940115 2.712143
3.019097 2.623939
3.129467 2.491272
1.365607 3.759670
2.768448 2.887161
1.201303 3.815347
0.462565 3.973164
1.586347 3.671989
-3.117833 2.505817
1.849987 3.546484
-0.544864 3.962717
2.088338 3.411575
2.812049 2.844711
2.488476 3.131691
-1.256070 3.797669
-0.039686 3.999803
-1.246307 3.800884
0.506814 3.967763
0.585223 3.956958
1.432523 3.734686
0.098918 3.998777
-2.201992 3.339346
-0.174706 3.996183
1.238726 3.803361
-0.319998 3.987180
1.262115 3.795664
0.567080 3.959599
3.687611 1.549686
-0.115910 3.998320
1.054229 3.858575
0.730589 3.932714
1.668498 3.635397
0.818522 3.915357
-3.110693 2.514675
-3.057344 2.579273
-2.180204 3.353612
-2.202152 3.339240
1.047383 3.860439
-0.172068 3.996297
-2.569084 3.065911
-0.777185 3.923772
0.138656 3.997596
2.269473 3.293857
1.581027 3.674283
1.478941 3.716549
-2.656046 2.990889
2.737179 2.916823
0.095821 3.998852
0.882980 3.901326
-2.899931 2.755068
0.061468 3.999528
-1.477402 3.717160
-0.078224 3.999235
-3.955053 0.597958
2.700003 2.951268
-2.499933 3.122553
1.730584 3.606256
1.583996 3.673004
-1.999945 3.464133
2.340246 3.243956
1.989332 3.470239
0.103209 3.998668
-1.393564 3.749397
2.236589 3.316274
2.450058 3.161837
-3.282374 2.286049
-3.370797 2.153538
-0.812294 3.916654
0.382378 3.981681
-2.228394 3.321786
2.085619 3.413238
-0.035849 3.999839
2.428225 3.178635
2.424901 3.181172
0.131898 3.997825
1.715096 3.613647
-1.296305 3.784124
3.996200 -0.174314
0.193737 3.995305
0.115783 3.998324
-0.640269 3.948424
3.593405 1.757112
-0.102268 3.998692
0.289913 3.989480
3.747781 1.397904
3.581068 1.782119
0.060719 3.999539
-2.209658 3.334278
2.196498 3.342962
2.862177 2.794270
-3.362269 2.166829
1.383684 3.753054
1.077177 3.852232
2.304499 3.269447
1.509849 3.704100
-1.988075 3.470959
-0.919012 3.892996
-0.024342 3.999926
-1.391507 3.750161
-0.801757 3.918824
1.081932 3.850899
1.226577 3.807297
-2.519045 3.107155
0.542030 3.963105
-1.962569 3.485444
-2.302115 3.271126
3.353447 2.180458
3.680769 1.565866
2.738672 2.915420
-0.156991 3.996918
2.624625 3.018500
1.834566 3.554486
-3.529752 1.881716
2.115754 3.394641
-3.995499 0.189702
0.622178 3.951316
2.906268 2.748382
2.467892 3.147938
-1.251445 3.799196
0.950730 3.885372
-3.915753 0.816626
3.131724 2.488434
-0.831718 3.912575
-3.364466 2.163415
0.556904 3.961043
-0.038837 3.999811
1.968725 3.481971
-3.189893 2.413417
-1.828574 3.557572
0.949289 3.885724
1.186859 3.819865
1.880004 3.530663
2.775016 2.880848
2.674431 2.974461
2.743922 2.910479
-0.600575 3.954657
-2.307249 3.267507
-3.465786 1.997080
1.492299 3.711205
2.137349 3.381086
2.335733 3.247207
-2.296358 3.275170
2.589603 3.048599
-0.754443 3.928208
0.273235 3.990657
-0.661471 3.944928
1.211369 3.812163
2.030221 3.446477
1.472827 3.718976
1.981377 3.474787
0.620995 3.951502
-2.810653 2.846090
3.097634 2.530744
1.746451 3.598598
-1.403503 3.745688
-2.408673 3.193477
0.961956 3.882607
3.092351 2.537196
1.481791 3.715413
-0.982904 3.877357
0.399227 3.980027
0.282891 3.989984
1.571973 3.678166
1.821475 3.561212
-3.876702 0.985487
2.965090 2.684817
-2.746077 2.908447
-0.647123 3.947307
3.883075 -0.960068
-1.509607 -3.704198
-1.876746 -3.532396
-0.420320 -3.977855
2.701311 -2.950071
1.072312 -3.853589
-2.789899 -2.866437
0.810287 -3.917070
-0.145108 -3.997367
-3.371093 -2.153075
2.614865 -3.026959
0.459428 -3.973528
-3.830442 -1.152266
3.141808 -2.475690
0.073340 -3.999328
0.692752 3.939555
-1.765671 -3.589207
1.129453 -3.837230
2.532647 -3.096078
-1.408675 -3.743746
1.765390 -3.589345
3.788546 -1.283325
3.878821 0.977113
2.028945 -3.447228
-1.024587 -3.866552
1.397561 -3.747909
-3.488947 -1.956336
-3.935932 0.713048
0.665998 3.944166
-1.803951 -3.570120
1.318134 -3.776576
-2.430978 -3.176530
-3.250309 -2.331414
0.696367 -3.938918
-0.618355 -3.951916
-3.811256 -1.214220
-1.446210 -3.729407
-1.908696 -3.515235
-1.033141 -3.864275
2.439110 -3.170291
-3.789670 -1.280000
-2.063434 -3.426695
-1.862153 -3.540111
-0.690492 -3.939952
1.961055 -3.486297
-1.058588 -3.857381
-0.948863 -3.885828
-0.155395 -3.996980
-1.121554 -3.839546
3.623747 -1.693653
1.221326 -3.808984
-2.055354 -3.431548
0.687477 -3.940479
-1.555875 3.685004
2.368597 -3.223313
-2.322732 -3.256519
2.736057 -2.917875
-3.916286 -0.814068
-2.708043 -2.943892
-3.644838 -1.647774
0.302268 -3.988563
-3.153100 -2.461293
1.131093 -3.836747
-1.205712 -3.813956
3.385539 -2.130288
1.349364 3.765530
-1.297832 -3.783601
2.334954 -3.247767
-3.518350 -1.902949
0.387436 -3.981192
3.784533 1.295109
2.238619 -3.314903
0.851236 -3.908375
-1.132512 -3.836328
1.002577 -3.872317
-2.838618 -2.818199
-2.319896 -3.258540
-0.992900 -3.874810
2.583118 -3.054096
-2.990718 -2.656239
-3.899949 0.889042
2.219944 -3.327439
0.121703 -3.998148
-1.150133 -3.831083
1.768549 -3.587790
3.135866 2.483212
3.322975 -2.226620
0.637087 -3.948939
-0.625550 -3.950783
1.529640 -3.695971
-1.257164 -3.797307
-1.066717 -3.855141
3.392337 -2.119445
-0.824229 -3.914160
-1.337885 -3.769624
1.453674 -3.726504
3.999836 0.036267
2.468675 -3.147324
-2.960193 -2.690215
-3.275513 -2.295869
-0.140958 -3.997516
1.924891 -3.506393
1.557550 -3.684296
3.429896 2.058110
1.543917 -3.690030
1.740103 3.601672
1.442945 -3.730672
-2.770728 -2.884972
2.537951 -3.091732
-1.471609 -3.719458
1.968069 -3.482342
0.219163 -3.993991
0.119838 -3.998204
-1.302025 -3.782159
3.788089 1.284671
3.753680 1.381986
-2.810950 -2.845797
-1.413913 -3.741771
-3.347733 -2.189220
3.771558 -1.332422
2.205810 -3.336825
0.310258 -3.987949
-2.147308 -3.374769
1.545268 -3.689464
-2.906133 -2.748525
-3.260434 -2.317234
-1.833516 -3.555027
-0.386004 -3.981332
-1.405337 -3.745000
-3.001429 2.644130
2.179506 -3.354066
2.336271 -3.246820
1.756082 -3.593908
0.363952 -3.983408
-3.133416 -2.486303
0.251314 -3.992097
2.251097 -3.306443
-3.694332 -1.533595
3.147942 -2.467886
-3.846344 -1.098017
1.973490 -3.479272
2.267305 -3.295349
-2.208330 -3.335158
3.939213 0.694695
0.983152 -3.877294
-3.239676 -2.346168
1.066570 -3.855182
0.393272 -3.980620
0.264686 -3.991233
3.227338 -2.363110
-3.277264 -2.293369
-0.516979 -3.966451
-2.000061 -3.464067
1.410253 -3.743152
-3.112188 -2.512825
-1.455911 -3.725630
2.627149 3.016303
-0.967919 -3.881125
-3.112504 -2.512433
0.239693 -3.992812
-2.667640 -2.980553
3.400164 -2.106866
1.892528 -3.523966
0.535781 -3.963955
3.508329 -1.921360
3.732257 1.438839
0.570431 -3.959117
-0.010991 -3.999985
1.045189 -3.861034
2.140881 -3.378850
-3.627773 -1.685011
0.984524 -3.876946
-0.914176 -3.894134
-3.415498 -2.081915
0.145722 -3.997345
-1.075975 -3.852568
0.681041 -3.941597
-1.291919 -3.785623
3.698920 1.522496
2.720624 -2.932270
3.973358 0.460895
-1.191711 -3.818354
-1.503106 -3.706841
-2.482190 -3.136675
-0.504830 -3.968015
-3.682007 -1.562954
1.993334 -3.467942
-0.484672 -3.970528
-1.104196 -3.844574
-1.337670 -3.769700
-1.740259 -3.601597
-1.320218 -3.775848
-3.255370 -2.324342
-1.874819 -3.533420
-2.084550 -3.413891
-2.929315 -2.723805
-2.755472 -2.899547
1.145450 -3.832486
0.098064 -3.998798
-3.715851 -1.480692
2.679504 -2.969892
-2.841573 -2.815219
0.114331 -3.998366
-0.652389 -3.946440
3.343387 -2.195851
-2.152339 -3.371563
3.120156 -2.502924
1.031918 -3.864601
-3.461727 -2.004107
-1.159895 -3.828138
-1.684944 -3.627804
1.959684 -3.487067
3.115917 -2.508199
3.977041 -0.427954
-0.905402 -3.896184
-1.791701 -3.576284
-1.456003 -3.725595
-2.119511 -3.392296
-3.867735 -1.020111
-1.170682 -3.824854
2.548795 -3.082798
0.923029 -3.892045
3.708174 -1.499816
-1.676791 -3.631580
-3.651897 -1.632068
0.881069 -3.901758
-0.182661 -3.995827
3.387023 2.127928
-3.863962 -1.034311
-3.473029 -1.984456
-2.471524 -3.145087
-3.315069 -2.238374
-3.176407 -2.431140
2.438180 -3.171006
1.471933 -3.719330
-2.464545 -3.150558
-0.996675 -3.873840
-3.125367 -2.496414
0.190248 -3.995473
2.186551 -3.349476
0.749317 -3.929189
0.528162 -3.964977
-1.461909 -3.723281
-3.109355 -2.516328
1.402952 -3.745895
1.901375 -3.519201
-0.238703 -3.992871
-3.417475 -2.078668
2.009155 -3.458800
-3.819526 -1.187950
0.322746 -3.986958
-0.409797 -3.978953
1.118322 -3.840489
2.311120 -3.264770
2.507380 -3.116576
2.644550 -3.001059
-1.866117 -3.538023
-2.234315 -3.317806
1.199761 -3.815832
2.155218 -3.369724
-1.503353 -3.706741
-3.805934 -1.230800
3.508064 -1.921845
-0.959412 3.883237
-1.942270 -3.496797
-3.657885 -1.618603
-2.941853 -2.710258
-3.397412 -2.111301
2.675064 -2.973892
-3.999994 0.006658
-3.629842 1.680550
-3.701913 -1.515202
-1.069626 -3.854335
-3.374421 -2.147856
1.677573 3.631219
0.651222 -3.946633
-0.484914 3.970499
-3.002599 -2.642802
-1.014850 -3.869119
3.525903 -1.888917
-3.652574 -1.630552
-1.777674 -3.583277
-3.783168 -1.299092
-0.531374 3.964548
2.772150 -2.883607
-3.323387 -2.226004
-0.583085 -3.957273
-1.056098 -3.858064
-2.790676 -2.865681
0.850856 -3.908458
-3.712155 1.489935
-0.654536 -3.946084
1.947323 -3.493985
-1.103336 -3.844821
2.729452 -2.924054
-1.106408 -3.843938
3.947495 -0.645977
-1.128400 -3.837540
-3.547510 -1.848018
2.856072 -2.800509
-0.698329 -3.938570
0.383687 -3.981556
0.389056 -3.981034
-0.145688 -3.997346
-0.982826 -3.877377
-2.565897 -3.068578
-0.472939 -3.971943
-1.605564 -3.663627
2.253027 -3.305128
-1.138375 -3.834593
-0.618778 -3.951849
2.709373 -2.942669
-1.926552 -3.505481
-2.428060 -3.178761
-0.402566 -3.979691
0.244282 -3.992534
3.933964 0.723827
-3.894969 -0.910614
-1.177360 -3.822803
1.007541 -3.871028
-3.988402 -0.304383
-1.911613 -3.513650
3.037827 -2.602232
-0.435940 -3.976174
1.052938 -3.858928
1.657917 -3.640235
-1.425943 -3.737203
1.236503 -3.804085
1.101692 -3.845293
2.409681 -3.192717
1.727709 3.607634
1.953378 -3.490604
-0.652852 3.946363
-2.722194 -2.930812
0.895610 -3.898446
3.807050 -1.227343
-3.455616 2.014626
-1.374494 3.756430
1.900621 -3.519608
-2.172704 -3.358475
-2.838951 -2.817864
-0.307549 -3.988159
1.324781 -3.774249
2.915563 -2.738520
-3.519887 -1.900104
1.056570 -3.857935
-1.407130 -3.744327
3.292601 -2.271294
-3.272084 -2.300753
0.625592 -3.950776
-3.537951 -1.866253
-3.296545 -2.265566
-1.918457 -3.509918
-2.372387 -3.220525
-0.415209 -3.978392
-0.750968 -3.928873
-0.870559 -3.904117
-3.332283 -2.212665
3.507688 -1.922532
1.997370 -3.465619
0.198132 -3.763126
-0.634650 -3.949331
-2.983254 -2.664619
-0.887381 -3.900328
2.456223 -3.157051
-1.286891 -3.787336
-0.790203 -3.921171
-0.264491 3.991246
3.980770 0.391753
1.955718 -3.489293
-2.709447 -2.942600
3.331487 -2.213865
-0.698737 -3.938498
0.324050 3.986852
-1.727891 -3.607547
0.514410 -3.966785
-3.327731 2.219506
-2.119234 -3.392469
-1.931011 -3.503027
-2.797902 -2.858626
-0.541650 -3.963157
-3.865136 -1.029913
-1.437900 -3.732619
-1.891113 -3.524726
-0.983544 -3.877195
-2.084494 -3.413925
-0.618551 -3.951885
0.950469 -3.885435
-0.980088 -3.878070
-0.071130 -3.999368
-1.491109 -3.711684
-0.979669 -3.878176
2.287184 -3.281583
-3.357692 -2.173914
0.220211 -3.993934
-3.358759 -2.172265
-0.693095 -3.939495
-1.239079 -3.803246
-0.530472 -3.964669
0.373606 -3.982514
2.354406 -3.233693
-3.336362 2.206510
-3.996571 0.165584
-3.816812 -1.196639
-1.455144 -3.725930
-1.269591 -3.793170
0.665040 -3.944328
1.161029 -3.827794
-1.435778 -3.733436
1.075438 -3.852718
-1.813790 -3.565132
0.585609 -3.956901
-0.704629 -3.937448
-1.639916 -3.648380
-0.062568 -3.999511
0.467608 -3.972574
-3.693131 -1.536485
0.139698 -3.997560
-3.243130 -2.341391
-1.975161 -3.478324
-3.872893 1.000348
-2.184810 -3.350612
-3.291652 -2.272670
-1.659103 -3.639695
-1.884270 -3.528389
-1.771990 -3.586091
2.286998 -3.281713
-0.374109 -3.982467
2.353696 -3.234210
0.378135 -3.982087
-3.246811 -2.336284
-0.303981 -3.988433
-2.531208 -3.097254
-3.031382 -2.609737
3.887967 0.940059
-1.501721 -3.707402
0.450083 -3.974598
-2.894887 -2.760367
-0.605944 -3.953838
-1.190866 -3.818617
-3.394980 -2.115210
-0.083518 -3.999128
-2.646993 -2.998905
-3.855712 -1.064651
-0.862264 3.905957
-1.195376 -3.817208
1.316478 -3.777153
-2.371787 -3.220966
1.713268 3.614514
1.476689 -3.717444
-1.613457 -3.660158
-0.607858 -3.953544
-2.371258 -3.221356
2.333374 3.248902
-1.037607 3.863078
-3.116956 -2.506907
-3.932226 -0.733209
-0.551800 -3.961757
-3.288597 -2.277088
-3.603248 -1.736837
1.843439 -3.549892
3.009150 -2.635340
0.300957 -3.988662
-0.558816 -3.960773
-0.442884 -3.975406
-0.426422 -3.977206
3.959623 -0.566908
-0.349293 -3.984720
-1.319765 -3.776006
-3.134160 -2.485366
-1.233629 -3.805018
3.469865 -1.989984
-2.524128 -3.103027
-2.187205 -3.349050
1.984297 -3.473120
0.908243 3.895522
-1.716773 -3.612851
0.266997 -3.991079
-0.768157 -3.925549
-0.255217 -3.991850
1.699718 -3.620906
-1.322840 -3.774930
2.903117 -2.751711
-0.013705 -3.999977
1.447453 -3.728925
2.275963 -3.289376
3.584285 -1.775641
3.211117 -2.385106
2.331483 -3.250259
3.880170 -0.971742
-3.199886 -2.400151
3.970605 0.484044
3.989177 0.294058
-2.529019 -3.099042
-2.748215 -2.906426
-2.304652 -3.269339
-2.805324 -2.851343
-3.282433 -2.285965
-1.231733 -3.805632
2.292194 -3.278086
-3.746443 -1.401488
-2.715550 -2.936969
-3.905907 -0.862490
-3.066316 -2.568600
-2.367842 -3.223868
-3.932969 -0.729213
-3.273948 -2.298100
-2.231010 -3.320029
-2.520889 -3.105659
-3.770349 -1.335841
-1.573713 -3.677421
-3.617702 -1.706526
-3.874227 -0.995172
-3.385483 -2.130376
-2.590210 -3.048084
-2.036654 -3.442679
-2.157669 -3.368155
-3.681394 -1.564397
-3.667332 -1.597083
-3.193842 -2.408189
-3.803710 -1.237654
-0.744244 -3.930153
-3.724884 -1.457821
-3.139343 -2.478816
-3.211281 -2.384885
-1.568875 -3.679488
-2.836138 -2.820695
-1.991840 -3.468800
-0.608255 -3.953483
-3.989919 -0.283813
-3.850774 -1.082378
-3.969325 -0.494429
-3.573175 -1.797894
-3.980336 -0.396143
-2.891692 -2.763714
-2.884350 -2.771376
-3.997668 -0.136580
-3.795916 -1.261358
-3.714327 -1.484511
-3.882615 -0.961925
-3.929260 -0.748944
-2.344758 -3.240696
-3.419911 -2.074659
-3.142725 -2.474526
-3.294940 -2.267900
-3.056081 -2.580770
-3.279157 -2.290662
-3.729277 -1.446544
-2.872533 -2.783623
-2.740570 -2.913637
-3.501794 -1.933246
-3.189270 -2.414240
-3.471304 -1.987472
-2.419060 -3.185616
-3.813095 -1.208431
-3.648260 -1.640183
-3.957216 -0.583477
-1.313844 -3.778070
-1.520825 -3.699607
-3.645826 -1.645586
-3.996386 -0.170005
-3.989118 -0.294853
-2.466763 -3.148822
-3.897472 -0.899839
-0.612842 -3.952774
-3.673141 -1.583677
0.399255 -3.980025
-2.945219 -2.706600
-3.968886 0.497940
-3.701822 -1.515425
-3.992377 -0.246828
-3.874679 -0.993410
-1.834359 -3.554593
-3.940048 -0.689941
-3.527793 -1.885385
-3.975072 -0.445875
-2.288297 -3.280808
-3.046546 -2.592017
-3.807472 -1.226033
-3.192591 -2.409847
-3.989105 0.295026
-3.719670 -1.471072
-3.365134 -2.162376
-3.798297 -1.254169
-2.219061 -3.328028
-3.282849 -2.285366
-3.729931 -1.444857
-3.976892 -0.429339
-0.630833 -3.949943
-2.440728 -3.169045
-3.471374 -1.987350
-3.927585 -0.757676
-2.083311 -3.414647
-3.588070 -1.767980
-3.750121 -1.391616
-3.978126 -0.417751
-2.509995 -3.114470
-3.263105 -2.313471
-3.847071 -1.095465
-2.642574 -3.002799
-2.247627 -3.308802
-3.652346 -1.631064
-1.822154 -3.560864
-3.991335 -0.263144
-2.493687 -3.127543
-3.260807 -2.316708
-3.278949 -2.290959
-3.954954 -0.598616
-3.990418 0.276706
-3.858396 1.054883
-3.221222 -2.371441
-3.622987 -1.695278
-3.986460 -0.328838
-3.578156 -1.787959
-3.998972 0.090660
-3.810818 -1.215592
-3.509666 -1.918918
-3.985864 -0.335987
-3.298158 -2.263218
-1.435395 -3.733583
-3.310773 -2.244723
-2.867121 -2.789197
-1.657513 -3.640419
-2.275447 -3.289733
-2.899982 -2.755014
-3.446807 -2.029661
-2.729102 -2.924381
-3.960927 -0.557722
-2.726784 -2.926543
-2.256525 -3.302740
-3.447061 -2.029230
-2.234184 -3.317894
-3.997840 -0.131427
-3.981967 -0.379394
-2.600851 -3.039009
-3.703912 -1.510310
-3.605544 -1.732066
-3.776191 -1.319234
-3.101921 -2.525488
-1.759095 -3.592434
-3.512215 -1.914248
-3.536502 -1.868997
-3.178620 -2.428245
-2.178760 -3.354550
-3.346179 -2.191595
-2.840935 -2.815864
-2.997448 -2.648642
-2.431972 -3.175769
-3.983152 -0.366744
-3.999264 -0.076711
-3.422854 -2.069800
-3.621639 -1.698154
-3.906643 -0.859149
-3.508335 -1.921351
-2.708531 -2.943444
-3.999371 0.070938
-3.962173 -0.548801
-3.408981 -2.092569
-2.083573 -3.414487
-3.036740 -2.603500
-3.820584 -1.184541
-3.477701 -1.976258
-3.996020 -0.178382
-2.474093 -3.143066
-3.018759 -2.624327
-3.538215 -1.865753
-3.965571 -0.523688
-3.217955 -2.375872
-3.999294 -0.075138
-3.093459 -2.535845
-3.754690 -1.379239
-3.379268 -2.140222
-3.628477 -1.683494
-3.652239 -1.631304
-2.548961 -3.082661
-3.571608 -1.801004
-2.447993 -3.163437
-3.306188 -2.251471
-3.598880 -1.745871
-2.807801 -2.848904
-3.881759 -0.965374
-2.594869 -3.044118
-1.077158 -3.852237
-3.326648 -2.221128
-3.558228 -1.827297
-2.537967 -3.091718
-3.273169 -2.299210
-2.578403 -3.058077
-3.993510 -0.227759
-1.569414 -3.679258
-3.072701 -2.560958
-3.683547 -1.559322
-3.176452 -2.431080
-3.952078 0.617317
-2.760539 -2.894724
-3.748730 1.395358
-3.112742 -2.512138
-3.772352 -1.330173
-3.722877 -1.462938
-3.970160 -0.487679
-3.266664 -2.308442
-1.880368 -3.530470
-3.404424 -2.099975
-2.305912 -3.268451
-3.530161 -1.880947
-3.457466 -2.011450
-3.959744 -0.566060
-3.983176 0.366480
-3.643316 -1.651135
-2.701194 -2.950178
-3.875785 -0.989084
-2.988427 -2.658816
-3.343991 -2.194931
-0.972437 -3.879996
-3.203811 -2.394911
-3.608170 -1.726588
-3.258411 -2.320076
-2.091084 -3.409893
-3.670875 -1.588922
-3.925948 -0.766114
-3.590687 -1.762660
-2.437224 -3.171740
-1.342663 -3.767925
-2.064997 -3.425754
-3.963570 -0.538623
-2.093887 -3.408172
-3.595236 -1.753362
-2.004952 -3.461238
-3.411660 -2.088200
-3.035099 -2.605412
-3.326169 -2.221846
-3.782635 -1.300644
-2.649613 -2.996590
-3.759162 -1.367004
-3.903891 -0.871569
-2.515824 -3.109764
-3.997147 -0.151061
-3.728698 -1.448036
-1.516216 -3.701498
-3.382605 -2.134943
-3.034571 -2.606027
-3.791647 -1.274132
-3.601108 -1.741269
-2.826914 -2.829939
-3.933870 -0.724341
-1.894224 -3.523055
-3.975068 -0.445908
-2.254330 -3.304239
-2.624119 -3.018940
-3.242904 -2.341702
-3.029159 -2.612316
-1.622362 -3.656219
-1.841436 -3.550931
-3.660465 -1.612761
-3.244010 -2.340170
-3.954463 0.601852
-3.964535 0.531472
-3.963365 -0.540126
-1.462410 -3.723085
-3.890104 -0.931177
-2.111490 -3.397295
-2.124306 -3.389296
-3.665514 -1.601252
-1.847262 -3.547904
-3.079874 -2.552328
-2.565323 -3.069058
-3.705398 -1.506660
-2.797839 -2.858688
-3.744263 -1.407301
-2.961845 -2.688396
-1.422402 -3.738552
-3.614821 -1.712620
-3.418495 -2.076991
-3.319618 -2.231621
-2.317768 -3.260054
-3.764984 -1.350887
-3.145513 -2.470981
-3.740961 -1.416053
-3.312128 -2.242724
-3.206510 -2.391295
-2.340601 -3.243699
-2.018449 -3.453385
-3.004003 -2.641205
-3.982278 0.376113
-1.796725 -3.573763
-3.526791 -1.887258
-3.166168 -2.444459
-3.592479 -1.759004
-3.461300 -2.004844
-2.979066 -2.669301
-1.468781 -3.720576
-3.455896 -2.014145
-3.978704 -0.412210
-3.309210 -2.247026
-3.774033 -1.325397
-3.996149 -0.175469
-2.576475 -3.059702
-2.595205 -3.043832
-0.104959 -3.998623
-2.944369 -2.707524
-0.732314 -3.932393
-3.617551 -1.706846
-3.843106 -1.109294
-3.994465 -0.210348
-1.918336 -3.509984
-0.574240 -3.958566
-3.964467 0.531976
-3.971215 -0.479013
-2.292670 -3.277753
-2.843827 -2.812943
-2.590235 -3.048062
-2.969869 -2.679529
-2.047268 -3.436378
-3.984841 -0.347914
-3.900771 -0.885428
-2.947438 -2.704183
-2.476144 -3.141450
-3.618308 -1.705241
-2.171877 -3.359010
-2.366909 -3.224553
-2.548569 -3.082985
-1.906425 -3.516467
-1.552206 -3.686551
-3.607171 -1.728676
-3.797826 -1.255594
-3.983428 -0.363733
-3.775226 -1.321995
-3.566263 -1.811565
-3.706878 -1.503017
-3.137112 -2.481638
-3.168598 -2.441308
-2.858690 -2.797837
-3.999337 0.072838
-1.964691 -3.484249
-1.611056 -3.661216
-2.401784 -3.198661
-2.868631 -2.787644
-3.448127 -2.027416
-3.789579 1.280270
-1.676729 -3.631608
-2.426020 -3.180319
-2.287814 -3.281144
-3.809241 -1.220525
-0.455194 -3.974015
-1.804210 -3.569990
-3.975391 -0.443020
-2.078548 -3.417549
-3.159676 -2.452845
-3.321639 -2.228612
-2.510115 -3.114374
-3.434953 -2.049657
-2.220424 -3.327118
-3.197731 -2.403022
-3.716167 -1.479901
-3.989391 0.291140
-2.335609 -3.247296
-2.730997 -2.922611
-2.253470 -3.304825
-3.602134 -1.739147
-2.645099 -3.000575
-3.034374 -2.606257
-3.997979 -0.127142
-2.585760 -3.051859
-2.684990 -2.964933
-3.992398 -0.246485
-3.623689 1.693776
-2.794260 -2.862186
-3.311065 -2.244292
-3.285104 -2.282124
-3.574356 -1.795544
-3.410283 -2.090447
-3.769111 -1.339328
-3.677388 1.573791
-3.300104 -2.260379
-3.020684 -2.622112
-3.287469 -2.278716
-3.381376 -2.136890
-3.968445 0.501444
-2.862365 -2.794077
-3.474823 -1.981314
-3.927870 -0.756200
-3.371176 -2.152946
-3.250862 -2.330643
-3.960606 -0.559998
-2.639453 -3.005543
-2.355508 -3.232890
-3.568682 -1.806795
-1.363607 -3.760396
-2.237273 -3.315812
-3.248875 -2.333412
-0.043665 -3.999762
-1.985281 -3.472558
-2.087631 -3.412008
-2.722891 -2.930165
-3.716047 -1.480200
-2.357601 -3.231365
-1.889665 -3.525502
-3.990825 -0.270770
-2.848904 -2.807801
-1.836702 -3.553383
-2.662794 -2.984883
-3.971145 -0.479593
-3.045479 -2.593272
-3.442241 -2.037395
-3.511466 -1.915621
-2.955604 -2.695256
-3.292108 -2.272009
-3.879562 -0.974167
-2.962385 -2.687802
-3.226626 -2.364082
-3.608692 -1.725497
-3.680156 -1.567307
-3.796769 -1.258788
-3.312720 -2.241849
-2.623704 -3.019301
-3.876517 -0.986213
-3.078232 -2.554308
-3.478962 -1.974038
-0.727208 -3.933341
-3.567061 -1.809992
-1.641605 -3.647620
-3.541416 -1.859669
-2.478508 -3.139586
-3.440263 -2.040733
-3.984058 0.356767
-3.850126 -1.084680
-2.426389 -3.180037
-2.806313 -2.850370
-3.594856 -1.754140
-3.381244 -2.137098
-2.365285 -3.225745
-3.000207 -2.645516
-3.790688 -1.276982
-3.720692 -1.468485
-2.649331 -2.996839
-3.650735 -1.634667
-3.371343 -2.152683
-3.780052 -1.308131
-3.956664 -0.587207
-3.505690 -1.926172
-3.719776 -1.470804
-3.387080 -2.127836
-2.527895 -3.099959
0.123693 -3.998087
-3.486352 -1.960957
-3.757099 -1.372664
-1.983473 -3.473591
-3.139573 -2.478524
-3.107086 -2.519130
-2.922134 -2.731508
-3.470434 -1.988992
-3.760122 -1.364361
-3.995590 -0.187771
-3.988822 -0.298836
-3.794928 -1.264325
-3.300017 -2.260507
-3.447147 -2.029083
-3.863923 -1.034457
-2.447614 -3.163730
-3.766775 -1.345884
-3.691734 -1.539837
-2.453969 -3.158803
-3.999486 -0.064106
-2.401900 -3.198574
-3.260891 -2.316590
-3.589613 -1.764845
-3.959043 0.570943
-3.295138 -2.267613
-2.473007 -3.143920
-2.377322 -3.216884
-3.106107 -2.520338
-1.176698 -3.823007
-3.021837 -2.620782
-3.633925 -1.671702
-3.870844 -1.008247
-3.190290 -2.412892
-2.242192 -3.312488
-3.507587 -1.922716
-2.189935 -3.347265
-2.889888 -2.765601
-2.769310 -2.886334
-3.126488 -2.495010
-3.685788 -1.554015
-3.914883 -0.820788
-1.714963 -3.613710
-3.991930 -0.253963
-3.238461 -2.347844
-1.938551 -3.498860
-3.847777 -1.092982
-2.193073 -3.345210
-3.169172 -2.440564
-2.455911 -3.157293
-3.424875 -2.066454
-2.752246 -2.902609
-3.823748 -1.174287
-3.321974 -2.228114
-3.163151 -2.448362
-3.325222 -2.223263
-3.726415 -1.453901
-3.394497 -2.115984
