1.647040 -3.645169
-2.108519 -3.399139
-3.155448 -2.458281
-3.645760 -1.645733
-1.822524 -3.560675
2.263422 3.298018
-3.946081 0.654554
-1.771626 -3.586271
0.892867 -3.899075
-1.416056 -3.740960
1.214706 -3.811101
-3.891214 -0.926526
2.475935 -3.141615
2.430501 -3.176896
-3.653446 -1.628598
-2.792501 -2.863903
-2.173301 -3.358089
-3.131349 -2.488906
-3.873507 -0.997972
-0.500745 -3.968533
-3.254999 -2.324861
-1.862885 -3.539726
-0.676026 -3.942460
-2.212207 -3.332588
2.569344 3.065693
-2.732346 -2.921350
-2.561829 -3.071975
-0.781388 -3.922937
-3.959313 0.569071
2.622391 3.020441
-3.960388 -0.561536
0.450578 -3.974541
-2.962431 -2.687750
-3.971853 0.473690
-3.134313 -2.485173
2.530072 3.098183
2.394097 -3.204419
-3.954332 -0.602708
2.108541 3.399126
-2.648410 -2.997653
-1.351260 -3.764850
-1.202502 -3.814969
-2.576330 -3.059824
-1.345200 -3.767020
0.267826 -3.991024
1.284014 -3.788312
-2.630373 -3.013492
2.177127 -3.355610
-3.550874 -1.841546
-1.193236 -3.817877
-2.830273 -2.826580
-0.001594 -4.000000
-3.403352 -2.101713
0.545825 -3.962584
-2.250252 -3.307018
-3.097494 -2.530915
-2.900608 -2.754355
-0.593713 -3.955693
0.545652 -3.962608
-2.789549 -2.866778
-0.849672 -3.908716
-1.809347 -3.567389
2.049056 -3.435312
-3.973703 -0.457917
3.915009 0.820187
-1.224884 -3.807842
-0.297976 -3.988886
-3.259863 -2.318037
-3.106043 -2.520416
-3.909210 -0.847392
-3.688554 -1.547441
-1.608659 -3.662269
-3.977146 0.426980
-2.837124 -2.819704
-3.620403 -1.700790
-2.404726 -3.196450
1.096076 -3.846897
-2.559677 -3.073769
-1.632939 -3.651508
-3.475088 -1.980850
-1.496156 -3.709652
-2.776714 -2.879212
-3.829003 1.157037
-0.365090 -3.983304
-2.680069 -2.969382
0.886873 -3.900443
-3.656211 1.622382
-3.961263 0.555330
2.616411 -3.025623
3.255731 -2.323837
-3.980316 0.396338
0.082993 -3.999139
-3.658104 -1.618109
2.288644 -3.280565
-3.893596 0.916464
2.656183 -2.990767
-3.505661 -1.926224
-3.934438 0.721248
-3.228719 -2.361223
-3.054714 -2.582387
-0.116207 -3.998312
-1.066818 -3.855113
-0.592529 -3.955870
-3.976834 0.429874
-2.924065 -2.729441
-0.236197 -3.993020
-3.260962 -2.316490
-3.655301 -1.624430
-2.017795 -3.453767
-1.180170 -3.821937
-2.743860 -2.910539
3.049636 2.588382
0.763124 -3.926531
2.893134 -2.762205
-1.279610 -3.789802
-1.628453 -3.653511
-3.991449 0.261412
-3.968007 0.504895
-3.946635 -0.651207
0.798414 -3.919507
-3.855097 -1.066879
0.427752 -3.977063
-3.957069 -0.584471
-1.684162 -3.628167
2.479901 3.138486
-3.392010 -2.119969
-3.565236 1.813586
-0.053380 -3.999644
-3.177971 -2.429094
3.096323 -2.532348
1.516146 -3.701527
-3.860330 -1.047784
-3.959399 0.568474
-0.889168 -3.899921
-2.040622 -3.440329
1.926575 -3.505468
-2.660171 -2.987221
2.612358 -3.029123
-3.969734 0.491131
2.847195 2.809534
0.172006 -3.996300
-3.773253 -1.327616
0.146090 -3.997331
1.936783 -3.499839
-3.929750 -0.746369
-3.918652 -0.802598
2.151836 -3.371884
-1.489357 -3.712387
0.577624 -3.958074
2.178037 -3.355019
-2.540895 -3.089313
-3.999544 -0.060391
0.483879 -3.970625
-1.990507 -3.469565
-0.601720 -3.954483
-1.036183 -3.863460
2.092791 -3.408845
2.792730 -2.863680
-3.998234 -0.118862
-3.295228 -2.267481
-2.158859 -3.367392
-0.822052 -3.914618
-3.980451 0.394984
1.238588 -3.803406
-1.451974 -3.727167
-1.478244 -3.716826
2.830957 2.825895
-3.472519 1.985350
2.328006 3.252751
2.036164 3.442969
-3.996006 -0.178717
2.191301 -3.346371
-3.707249 -1.502099
-3.982550 -0.373221
-0.834680 -3.911944
-2.689837 -2.960537
-3.761569 1.360367
-3.994113 0.216936
-3.969434 -0.493556
1.375124 -3.756199
-3.182909 -2.422621
3.967494 -0.508911
-3.473969 -1.982812
-3.581533 -1.781185
-3.960224 -0.562698
-0.942720 -3.887323
-2.133364 -3.383601
-3.883632 0.957812
0.551147 -3.961848
0.890305 -3.899661
1.776176 -3.584020
-1.944811 -3.495384
-3.937717 -0.703124
3.501159 -1.934395
-3.516091 -1.907120
1.120790 -3.839770
-0.584888 -3.957007
3.426393 2.063936
-0.409495 -3.978984
0.969999 -3.880606
-2.189455 -3.347579
1.529795 -3.695907
-3.411155 -2.089025
-0.982271 -3.877518
-3.547417 -1.848196
-3.880883 -0.968888
-3.152127 -2.462539
-1.203702 -3.814591
1.622508 -3.656155
-0.836720 -3.911509
-3.142335 -2.475022
-1.028889 -3.865409
1.470461 -3.719912
-3.965250 -0.526108
-2.435521 -3.173049
-2.701546 -2.949856
3.053200 2.584177
-2.702155 -2.949298
3.135522 -2.483647
-0.272359 -3.990717
2.391214 3.206571
-1.931559 -3.502725
1.357322 -3.762669
-0.975070 -3.879335
-2.151265 -3.372249
-3.363337 -2.165170
-2.588648 -3.049410
2.932121 2.720784
3.437531 -2.045331
-3.910158 -0.843011
-2.526937 -3.100740
-3.999502 0.063099
2.958421 -2.692163
-1.774863 -3.584670
-3.588077 -1.767966
-2.387646 -3.209228
2.806860 2.849831
-1.770433 -3.586860
-3.908219 -0.851954
-2.382649 -3.212940
-0.657486 -3.945594
2.410487 -3.192108
-2.805012 -2.851650
-3.905660 0.863608
1.438449 -3.732407
-3.951955 0.618106
-1.820374 -3.561775
-0.668354 -3.943768
-0.022398 -3.999937
-0.804482 -3.918266
-3.715686 1.481108
-2.867298 -2.789015
3.023247 -2.619156
-3.820166 1.185888
-0.294574 -3.989139
-3.833112 -1.143350
0.581397 -3.957522
-3.574979 1.794304
2.446251 3.164784
-3.999873 -0.031839
-2.135909 -3.381995
-3.211166 -2.385040
-1.137891 -3.834737
3.616432 1.709216
-3.943032 0.672681
-0.778761 -3.923459
-1.141488 -3.833667
0.312569 -3.987769
-3.768591 -1.340790
-3.118054 -2.505541
-2.961623 -2.688641
-3.814052 -1.205406
-3.361972 -2.167289
2.660851 -2.986616
3.742367 -1.412335
-3.250218 -2.331540
2.289111 -3.280239
-0.595986 -3.955351
1.680166 -3.630020
3.287940 -2.278036
-3.205423 -2.392752
0.032665 -3.999867
-2.766021 -2.889486
-0.327316 -3.986586
-3.962288 -0.547970
2.986872 -2.660563
1.691425 -3.624787
-3.521710 -1.896724
3.830152 1.153227
3.858975 -1.052765
-3.913426 0.827706
0.407259 -3.979213
-3.796285 -1.260246
-1.460328 -3.723902
-3.974035 -0.455023
-3.790077 -1.278796
0.436119 -3.976154
-3.639105 -1.660396
-3.357790 -2.173763
1.654741 -3.641680
0.345075 -3.985088
3.762141 1.358784
-1.642115 -3.647391
-3.394653 -2.115735
-3.303555 -2.255333
-3.916641 -0.812356
-3.999304 0.074613
-1.133161 -3.836137
1.908966 -3.515089
-3.626424 -1.687912
0.989244 -3.875745
-3.788874 1.282355
-2.464653 -3.150474
2.101277 -3.403621
1.437812 -3.732653
0.878295 -3.902384
-3.993941 -0.220084
0.573412 -3.958687
1.603603 -3.664486
0.707555 -3.936923
2.072993 -3.420921
2.373996 -3.219339
0.561834 -3.960346
-2.190497 -3.346898
1.294766 -3.784651
2.560435 -3.073137
2.885398 2.770285
-3.565813 -1.812452
2.648066 -2.997957
-3.962843 -0.543945
-3.927198 -0.759681
-0.987917 -3.876083
-0.274522 -3.990569
-3.938631 -0.697985
1.560949 -3.682858
-3.568609 -1.806939
-3.995557 0.188473
-3.830912 1.150701
1.670438 -3.634506
-2.479524 3.138783
-3.514782 -1.909531
-3.784553 1.295052
2.682096 2.967551
-1.517794 -3.700852
-1.184739 -3.820523
0.562157 -3.960300
-1.053093 -3.858885
2.272672 -3.291651
2.129740 -3.385883
-0.704608 -3.937452
3.676150 -1.576681
2.536894 -3.092599
-3.524196 -1.892100
-2.989984 -2.657065
2.264256 -3.297445
-2.878114 -2.777851
-3.989402 0.290986
2.512262 -3.112642
2.748549 -2.906111
-0.513656 -3.966883
2.581224 3.055697
2.559740 -3.073716
2.297123 -3.274634
-2.894900 -2.760354
-3.990882 0.269925
1.415407 -3.741206
2.845984 -2.810761
-2.816225 -2.840577
2.271593 -3.292395
1.461875 -3.723295
-3.998908 0.093476
2.509870 3.114571
-0.423551 -3.977512
-3.927854 -0.756280
-3.733216 -1.436349
-1.333445 -3.771197
-1.434748 -3.733832
2.187800 3.348661
-0.914957 -3.893951
1.483750 -3.714631
-3.531590 -1.878263
-1.597143 -3.667306
3.435767 -2.048293
2.451867 -3.160435
3.146819 2.469317
-3.942771 -0.674209
1.868528 -3.536750
0.878325 -3.902377
2.841291 2.815505
-2.942725 -2.709312
-3.565170 -1.813715
0.937815 -3.888509
-3.432879 -2.053130
-1.258945 -3.796717
-3.819150 1.189155
3.854992 1.067257
-3.468059 -1.993131
-3.966321 0.517975
2.513874 3.111340
0.061312 -3.999530
-2.760668 -2.894601
-2.937540 -2.714933
0.656703 -3.945724
-2.842695 -2.814087
1.491616 -3.711480
-3.188587 -2.415143
-2.338127 -3.245484
-3.973995 0.455371
-3.536869 -1.868304
-3.978614 0.413071
-1.214738 -3.811091
-3.871284 -1.006557
2.456188 -3.157078
-1.306622 -3.780574
1.547528 -3.688517
2.453366 -3.159271
-3.246903 -2.336155
-0.768816 -3.925420
0.972976 -3.879861
2.467098 -3.148560
2.706057 -2.945718
-0.994976 -3.874277
3.268376 -2.306018
2.037745 -3.442033
-0.222772 -3.993792
1.496498 -3.709514
-3.007454 -2.637275
-3.019730 -2.623210
-1.967487 -3.482671
-3.988739 -0.299938
2.821846 -2.834993
0.335795 -3.985880
-2.284640 -3.283355
-3.093105 -2.536277
-1.431438 -3.735102
-2.417674 -3.186668
2.277256 3.288481
-1.836678 -3.553395
-3.612122 -1.718305
1.420466 -3.739288
-3.500491 -1.935604
3.967598 0.508098
-3.978620 -0.413016
3.031145 -2.610012
-3.126784 -2.494639
-0.139079 -3.997581
-3.510759 -1.916917
3.492243 -1.950446
-0.172317 -3.996287
-1.093139 -3.847733
-3.999881 -0.030792
3.199316 -2.400911
-2.924428 -2.729052
-3.348737 -2.187683
3.199042 2.401276
-0.474536 -3.971752
2.455825 3.157360
-1.297500 -3.783714
-1.812485 -3.565796
2.462163 -3.152420
-3.995738 -0.184605
-2.013976 -3.455995
-0.982497 -3.877460
0.515093 -3.966696
-2.671610 -2.976995
-1.323974 -3.774532
2.738163 -2.915898
-3.871755 -1.004744
2.463057 3.151721
2.161985 -3.365386
-2.547771 -3.083644
-3.726214 -1.454417
-1.927457 -3.504984
1.231716 -3.805637
-2.989264 -2.657876
-0.634583 -3.949342
-1.163596 -3.827015
-0.030945 -3.999880
-3.990824 -0.270785
-3.990351 0.277671
-3.971204 -0.479099
1.313206 -3.778292
2.522974 3.103965
-3.916135 -0.814791
-3.656743 -1.621181
0.638488 -3.948713
-3.458078 -2.010396
2.194310 3.344399
-0.341191 -3.985422
0.632105 -3.949740
-1.506470 -3.705476
-2.520449 -3.106016
-0.226957 -3.993556
-3.942492 -0.675837
-1.851224 -3.545838
1.185375 -3.820325
-1.037232 -3.863179
-1.752625 -3.595595
-3.233983 -2.354007
0.836234 -3.911613
-0.090858 3.998968
2.237504 3.315656
-1.113727 3.841824
-2.803507 2.853130
3.260422 2.317251
0.324342 3.986829
0.562049 3.960316
1.115335 3.841357
3.615180 1.711862
3.838341 1.125673
-3.670433 -1.589943
-2.757196 2.897908
-1.097634 3.846453
2.045406 3.437486
-3.898842 -0.893886
1.044838 3.861128
3.999354 -0.071894
-3.788078 -1.284703
2.557453 3.075620
-3.856485 1.061850
1.659551 3.639491
3.398917 2.108877
-3.834241 1.139561
-2.766985 -2.888563
-1.103081 3.844894
-3.923910 0.776486
3.660514 1.612649
0.165205 3.996587
-2.301923 3.271261
2.037445 3.442211
-3.076126 2.556843
-2.809138 -2.847585
-0.069160 3.999402
0.247390 3.992342
0.689438 3.940137
-3.319166 -2.232294
-2.082627 -3.415065
-3.358140 -2.173222
-2.242041 -3.312590
0.630915 3.949930
0.449912 3.974617
-1.983710 3.473456
-3.999767 0.043182
-3.000990 2.644628
-1.518474 3.700572
-2.255175 -3.303663
0.581079 3.957568
-2.365893 3.225298
2.742819 2.911519
-3.632580 1.674624
-3.937585 -0.703864
-2.342920 3.242025
-2.109215 3.398707
-0.416411 3.978266
-1.179745 3.822068
-3.876821 -0.985019
-3.938971 -0.696065
3.244640 2.339297
-3.778241 1.313354
-3.103199 2.523917
-2.884365 2.771361
-0.105437 3.998610
-3.750572 1.390400
-3.996716 -0.162044
-2.702028 2.949414
-1.325066 -3.774149
-0.514192 0.830411
-3.933084 0.728594
0.778600 3.923491
-3.780491 -1.306861
3.740887 1.416250
1.726192 3.608360
-0.326865 3.986622
-0.193062 3.995338
-3.865389 -1.028966
-3.380008 2.139052
0.084337 3.999111
-0.240892 3.992740
-3.606028 1.731059
-3.471294 1.987491
0.915692 3.893778
-0.205950 3.994695
-3.019560 2.623406
1.103113 3.844885
0.768390 3.925503
3.206648 2.391111
-1.493839 3.710585
-3.970704 0.483231
-1.969464 3.481553
-3.999202 0.079907
-0.160704 3.996770
-2.690189 -2.960216
-1.471689 3.719426
-3.268892 -2.305287
-2.101964 3.403197
-0.348400 3.984798
-2.416960 -3.187209
-1.030155 3.865072
-1.799840 3.572195
-3.634244 1.671009
1.649045 3.644263
-0.091658 3.998950
-2.870201 2.786027
-3.587512 1.769112
-2.974992 2.673841
-0.823051 3.914408
1.322463 3.775062
1.749029 3.597346
-2.560371 3.073191
-3.992142 0.250609
-2.974877 -2.673969
3.201672 2.397768
-2.809294 2.847432
-3.213687 -2.381641
-3.915157 0.819481
2.472386 3.144409
0.621874 3.951363
-1.971104 -3.480625
-3.640738 1.656811
2.435461 3.173095
-3.161417 -2.450601
-3.762218 1.358570
-2.111920 3.397027
0.502584 3.968301
-0.562984 3.960183
3.301852 2.257824
1.915819 3.511358
3.582051 1.780144
-3.967538 0.508568
-2.168033 3.361493
1.640167 3.648267
3.528561 1.883947
-3.340970 2.199527
-0.115786 3.998324
-2.328827 3.252163
-2.928405 2.724784
-1.339007 3.769225
-3.962017 0.549932
-0.833222 3.912255
0.353415 3.984357
-3.845987 -1.099266
-3.313416 -2.240820
-0.985831 3.876614
2.555551 3.077200
-2.884920 2.770783
-0.290821 3.989414
1.513914 3.702440
-2.456519 3.156820
-3.992832 0.239356
0.864658 3.905428
0.313575 3.987690
-3.912426 -0.832419
2.128714 3.386529
-3.309983 2.245888
-0.867801 3.904731
-1.545549 3.689347
1.530382 3.695664
0.824136 3.914179
0.955008 3.884322
-3.848501 1.090432
-3.988073 0.308665
3.461661 2.004221
-0.228375 3.993475
-3.980772 -0.391737
0.825079 3.913981
-0.129464 3.997904
-3.614443 1.713417
-3.210751 -2.385598
0.425385 3.977317
-0.389522 3.980989
-3.870340 1.010183
-2.330959 3.250635
-1.923034 3.507412
-0.509326 3.967441
1.259207 3.796630
1.000040 3.872973
0.004888 3.999997
-0.173188 3.996249
-3.754894 -1.378685
-0.836527 3.911550
-3.190682 2.412375
-0.553673 3.961495
-3.993686 -0.224653
-3.958330 -0.575870
-2.457311 -3.156204
-1.346862 3.766426
1.139301 3.834318
3.605070 1.733052
-3.256639 -2.322564
1.000860 3.872761
-2.216440 3.329774
-0.797329 3.919728
2.523666 3.103403
-0.802325 3.918708
1.097523 3.846485
-0.898861 3.897698
-1.162844 3.827244
2.331843 3.250002
-1.088193 3.849135
2.458555 3.155235
-1.524235 3.698203
-3.989891 -0.284203
-3.749135 -1.394270
-2.560517 3.073069
-3.641862 1.654341
2.104142 3.401850
2.577126 3.059154
1.415438 3.741194
-1.007029 3.871162
-3.938666 -0.697792
-2.221073 3.326685
1.492275 3.711215
1.452522 3.726953
-1.167092 3.825951
-0.134337 3.997744
-2.987175 -2.660223
-2.703149 -2.948387
-3.892160 -0.922544
1.627596 3.653892
3.647391 1.642114
-3.175178 2.432744
-2.522417 3.104418
-1.818377 3.562795
-2.017302 3.454055
-1.688157 3.626310
0.341878 3.985363
3.501452 1.933865
1.966395 3.483287
-0.352380 3.984448
-1.186525 3.819968
-3.220900 2.371878
-2.552929 3.079376
-3.064121 2.571218
3.618335 1.705183
-1.246685 3.800760
-0.254063 3.991923
-1.035272 3.863704
3.819268 -1.188777
-3.990109 0.281119
1.565882 3.680762
-0.381899 3.981727
0.272608 3.990700
3.896159 0.905508
-2.341069 3.243362
-0.332204 3.986181
-0.742164 3.409237
-3.663675 1.605456
0.125591 3.998028
1.396120 3.748446
0.295132 3.989097
2.655280 2.991570
-1.690343 3.625292
-0.671385 3.943253
-0.961942 3.882611
1.376019 3.755872
3.117088 2.506744
-0.279559 3.990219
1.805347 3.569415
-2.253808 3.304595
-2.818830 2.837992
-1.241263 3.802534
-0.636049 3.949106
0.167038 3.996511
0.416210 3.978287
-3.123802 2.498372
2.023102 3.450661
0.979213 3.878291
-0.716541 3.935298
-3.786705 -1.288746
3.115147 2.509155
2.546813 3.084436
-3.899385 -0.891515
-0.488196 3.970096
-0.703306 3.937685
-3.998705 -0.101783
-1.013999 3.869342
2.456936 3.156496
-3.786473 1.289428
-0.423397 3.977529
-0.834677 3.911945
1.192721 3.818038
-0.283646 3.989930
-2.324649 -3.255151
1.172627 3.824257
-3.171593 -2.437416
-0.861539 3.906117
-3.383871 2.132936
0.827746 3.913417
2.165651 3.363028
0.020415 3.999948
-3.248454 2.333998
-3.633369 1.672910
-0.553706 3.961491
2.282261 3.285009
1.196346 3.816904
0.590904 3.956113
1.390918 3.750379
1.263935 3.795058
-1.108656 3.843290
3.931472 0.737241
-2.457280 3.156228
-0.848189 3.909038
2.588632 3.049424
-1.419998 3.739466
-3.268274 -2.306163
-0.449625 3.974649
2.715343 2.937161
-2.242190 3.312489
2.617719 3.024491
1.529271 3.696124
0.582401 3.957374
3.883160 0.959724
-3.549272 1.844632
-1.036893 3.863270
0.692577 3.939586
-1.401714 3.746358
2.645686 3.000057
-3.199686 -2.400419
0.443377 3.975351
-2.418901 3.185737
-3.582391 1.779459
-0.552575 3.961649
-3.882210 -0.963560
-2.315023 3.262004
1.290038 3.786265
0.473878 3.971831
-2.338311 3.245351
-3.358888 -2.172066
-2.072510 3.421213
0.845933 3.909527
-1.321087 3.775544
-2.166986 3.362168
-2.401240 3.199070
3.112975 2.511849
0.589019 3.956394
2.034626 3.443878
1.480817 3.715802
0.322331 3.986992
-2.182299 3.352249
3.707271 1.502047
2.094135 3.408019
3.519916 1.900050
-3.722632 1.463562
0.574440 3.958537
3.678422 1.571372
1.819551 3.562195
-1.589158 3.670774
-0.635551 3.949187
-1.761375 3.591317
-0.336674 3.985806
-1.602273 3.665068
0.832836 3.912337
0.335104 3.985938
-2.784667 -2.871521
2.044160 3.438228
-1.353304 3.764116
-2.131298 3.384903
-3.891020 0.927342
-0.401944 3.979754
0.760209 3.927096
-2.892821 2.762533
-0.896500 3.898242
-0.458304 3.973658
2.498701 3.123539
-0.087216 3.999049
-3.999735 0.046077
-2.826716 2.830137
-0.303067 3.988502
-2.147612 -3.374576
1.482890 3.714975
-1.407763 3.744089
-3.892576 -0.920789
-2.857041 2.799521
-2.891917 2.763479
0.323446 3.986901
2.902379 2.752489
2.018976 3.453076
-2.780509 2.875547
1.839540 3.551914
-3.894428 0.912923
-0.034627 3.999850
-3.993693 -0.224542
-1.119752 3.840072
-3.994818 -0.203543
-1.053511 3.858771
-1.998171 -3.465157
-1.518969 3.700369
-3.098533 -2.529642
0.993786 3.874583
-2.173970 3.357656
-3.846588 1.097161
0.447331 3.974908
-3.110948 2.514359
-1.807703 3.568222
-3.957796 -0.579526
1.546640 3.688889
0.688173 3.940358
-3.624210 -1.692662
-2.122985 -3.390123
-2.730579 2.923001
-1.803413 3.570392
-3.762638 -1.357408
-0.216185 3.994154
-1.258206 3.796962
3.321098 2.229418
1.421254 3.738989
-3.377640 2.142790
-0.176172 3.996119
-1.202443 3.814988
-1.824672 3.559575
-3.159455 2.453129
-1.265882 3.794409
-2.084470 3.413940
-0.194125 3.995287
-1.179088 3.822270
0.116412 3.998306
2.390909 3.206798
3.963865 0.536446
2.465150 3.150085
-3.543031 1.856592
-2.715356 2.937149
2.745955 2.908562
-2.568427 -3.066461
0.615398 3.952377
3.295679 2.266826
-1.097106 3.846603
2.341407 3.243118
-3.959318 -0.569036
1.997494 3.465547
-0.963831 3.882143
-3.240474 2.345065
-0.723901 3.933951
-2.677194 2.971974
-0.328449 3.986492
-3.615986 1.710159
0.069288 3.999400
-3.878608 0.977955
-3.887625 0.941473
3.004716 2.640395
0.522018 3.965791
-0.062303 3.999515
-1.512661 3.702952
3.432858 2.053165
-1.009910 3.870411
-3.922077 -0.785694
1.889204 3.525750
-0.921645 -3.892373
-1.757321 3.593303
3.893602 0.916439
3.019416 2.623572
-3.784491 1.295233
0.227473 3.993527
-1.900590 -3.519625
-0.235229 3.993077
-3.607217 1.728580
-3.720650 1.468593
-2.572791 3.062800
1.654552 3.641766
1.557594 3.684277
-3.989757 -0.286069
-3.241079 2.344228
1.294030 3.784902
3.109040 2.516718
3.230857 2.358296
0.866845 3.904943
2.038042 3.441858
0.855774 3.907384
-0.313284 3.987713
-3.968128 0.503943
-3.677596 -1.573304
-1.858100 3.542240
-1.895865 3.522172
0.995329 3.874186
-3.998150 0.121651
3.999502 0.063115
-2.816788 2.840018
1.046523 3.860672
1.042254 3.861827
-0.241025 3.992732
0.748335 3.929376
2.060765 3.428301
0.946914 3.886303
-0.091218 3.998960
-2.985018 -2.662643
3.706599 1.503703
0.498281 3.968843
0.479251 3.971186
-3.529929 1.881383
-1.290386 3.786146
2.422961 3.182650
0.324919 3.986782
-0.207583 3.994610
-2.729114 2.924369
-1.828832 3.557439
-0.448137 3.974817
3.714470 1.484153
-2.402594 -3.198053
0.295643 3.989059
-3.957271 0.583098
-3.552463 1.838480
-3.983541 -0.362488
2.014447 -3.455720
-1.360886 -3.761381
-1.121131 -3.839670
3.956648 -0.587313
1.486860 -3.713388
-0.428978 -3.976931
-3.941954 -0.678970
1.067201 -3.855007
-0.082662 -3.999146
-2.008364 -3.459259
-0.989139 -3.875771
-3.031022 -2.610154
-0.905497 -3.896162
-3.342715 2.196874
3.983105 0.367257
0.386397 -3.981293
-0.615149 -3.952416
2.593184 -3.045553
-3.251184 -2.330193
2.831393 2.825459
-1.674607 3.632588
1.452558 3.726939
-3.326350 -2.221575
-0.530697 -3.964639
2.136019 3.381926
-1.721922 -3.610400
3.831483 1.148800
3.858954 -1.052841
-1.651488 -3.643156
1.420560 -3.739253
3.800847 -1.246421
-1.686001 -3.627313
1.451432 -3.727378
-2.026359 3.448749
1.566897 3.680330
-1.974102 -3.478925
0.648612 -3.947063
-1.626735 -3.654276
3.489543 1.955272
2.635675 3.008857
-3.090327 -2.539662
-0.625397 -3.950807
0.919982 -3.892767
3.926505 0.763257
2.271144 -3.292705
-0.949115 -3.885766
-1.916398 -3.511042
0.216870 -3.994117
-3.610812 1.721057
-3.283607 2.284278
-1.979277 -3.475984
-3.838186 -1.126202
0.520945 3.965932
-3.531625 -1.878198
0.466814 3.972667
2.615147 3.026716
-2.804000 -2.852645
-2.750861 -2.903922
-1.278823 -3.790068
-1.086081 -3.849731
-2.082358 -3.415228
3.745117 1.405027
-1.730154 -3.606462
-0.519273 3.966151
0.070861 -3.999372
-3.823067 -1.176501
0.983352 -3.877244
0.371288 -3.982731
1.147026 -3.832014
1.180561 3.821816
3.321332 2.229070
3.732923 -1.437111
-1.859182 -3.541672
-3.404666 -2.099582
-0.535235 -3.964029
3.916375 0.813639
-1.842710 -3.550271
3.443594 -2.035107
-0.967227 -3.881298
1.639475 -3.648578
0.789058 3.921401
1.400407 -3.746847
0.981499 -3.877713
3.708898 1.498023
-1.934572 3.501061
0.740095 -3.930936
-1.372935 -3.757000
3.205203 -2.393047
-1.463140 3.722798
-2.049212 -3.435219
-1.231662 -3.805655
-3.998492 -0.109815
-3.896907 -0.902285
3.958200 -0.576761
3.739815 1.419078
-0.423011 3.977570
3.009321 2.635144
-1.139640 -3.834217
-3.627514 -1.685568
3.253791 2.326552
2.904828 2.749905
-1.295302 -3.784467
3.557159 1.829377
-3.080210 -2.551922
0.490037 3.969870
-1.116297 -3.841078
-0.964487 -3.881980
3.395308 2.114682
-1.611842 -3.660869
3.500067 1.936371
3.999893 -0.029249
-3.847568 -1.093718
-1.514193 -3.702326
-3.834316 -1.139306
0.665227 -3.944296
-3.877816 -0.981094
-1.612335 -3.660653
-2.499566 3.122847
-1.356387 3.763006
3.615529 1.711125
0.130857 -3.997859
-0.936474 -3.888832
0.631747 -3.949797
3.918212 0.804747
3.882060 -0.964161
-0.911666 -3.894723
0.115127 -3.998343
-3.894617 -0.912116
-3.692071 1.539029
2.987693 -2.659641
1.267682 3.793808
-2.446583 -3.164527
-0.893261 -3.898985
-2.630250 -3.013600
-3.686365 -1.552646
3.958706 0.573277
-3.041855 -2.597521
3.092256 2.537312
-3.083271 -2.548222
3.557155 -1.829384
-3.817883 1.193217
-3.868006 1.019082
-3.690957 -1.541699
2.910442 -2.743962
-2.576585 -3.059609
-1.451842 -3.727218
-0.796352 -3.919926
-3.151473 2.463375
-3.895223 -0.909527
-1.460516 -3.723828
-3.739200 1.420699
-2.687300 -2.962840
-1.544195 -3.689914
-3.846224 -1.098437
0.341336 -3.985410
0.732618 -3.932337
-2.150862 -3.372505
-3.259323 -2.318795
0.434581 -3.976322
-3.223919 -2.367773
-3.988518 0.302861
-0.878375 -3.902366
1.676119 -3.631890
-1.500093 3.708061
-3.282473 -2.285907
1.018000 -3.868291
-1.482819 -3.715003
2.118082 -3.393188
3.497302 1.941360
-2.096016 -3.406863
1.302886 -3.781863
-2.833520 -2.823325
-3.779098 -1.310885
3.152440 2.462138
0.544954 3.962704
2.493049 3.128052
-1.680560 -3.629837
3.516632 1.906121
1.730617 3.606240
-3.750508 -1.390573
-1.326193 -3.773753
-1.742327 -3.600597
1.722743 -3.610008
-1.153917 -3.829945
0.544517 3.962764
-3.991931 -0.253935
-3.863322 -1.036697
0.710089 -3.936467
0.877472 -3.902569
-1.307969 -3.780108
0.070693 -3.999375
-2.345747 -3.239980
0.617170 -3.952101
1.308446 -3.779943
-2.252900 -3.305214
3.999095 0.085065
1.665739 3.636663
2.408032 -3.193960
-1.910662 -3.514167
3.409133 -2.092323
-2.834924 -2.821916
1.393496 -3.749423
2.734966 2.918897
1.940841 3.497590
-2.640638 -3.004502
-3.895964 0.906345
-1.365710 -3.759633
-2.579583 -3.057082
-3.642919 -1.652012
-0.256223 -3.991785
1.520429 3.699769
-3.729592 -1.445733
-3.756179 -1.375180
-1.799216 -3.572509
-0.243527 -3.992580
-3.998328 -0.115646
-1.321623 -3.775356
-2.328396 -3.252472
-1.995548 -3.466668
0.716259 3.935349
-3.027287 -2.614486
-3.846743 -1.096618
-0.155240 -3.996986
0.371591 -3.982703
1.846703 -3.548195
3.816236 1.198474
2.416242 3.187754
-3.007830 -2.636846
-3.221571 -2.370967
0.944850 3.886806
-3.210245 -2.386279
3.880799 -0.969227
2.800265 2.856311
3.819487 1.188073
-3.395787 -2.113913
-1.782908 -3.580676
-3.924614 0.772918
-1.053043 -3.858899
3.750086 -1.391710
-0.812539 -3.916603
-3.780019 1.308227
-1.215264 -3.810923
-1.224405 -3.807996
-0.851619 -3.908292
2.350934 3.236219
-1.770541 -3.586807
-3.486379 -1.960908
2.495734 3.125910
-2.591443 -3.047035
-3.448294 -2.027133
0.388388 -3.981100
3.814556 -1.203810
3.494208 1.946924
3.534990 1.871856
-3.167595 -2.442609
-1.640900 -3.647937
0.542638 -3.963022
0.025961 -3.999916
-0.201192 3.994937
-1.813742 -3.565156
-2.733259 -2.920496
-1.444385 -3.730114
-1.778093 -3.583069
-3.808525 1.222758
-3.382218 -2.135556
-1.854159 -3.544304
-1.894072 3.523136
3.445200 2.032387
3.489794 1.954824
0.693101 3.939494
3.999978 -0.013318
-1.056330 -3.858000
3.887011 -0.944003
-2.271192 -3.292672
-0.796435 -3.919910
2.459572 -3.154442
-1.287651 -3.787077
-1.450875 -3.727595
1.868342 3.536848
-0.354971 -3.984218
-1.364155 -3.760197
3.008997 -2.635515
-3.544841 -1.853133
3.939796 -0.691383
-3.176139 2.431490
3.213593 2.381768
-0.512066 -3.967088
-0.960082 -3.883071
0.792931 -3.920620
-2.168646 3.361097
-1.296185 -3.784165
-0.929682 -3.890462
-3.948470 -0.639990
1.630356 -3.652662
-1.957984 -3.488022
0.654023 3.946169
-0.702513 -3.937826
-2.283201 -3.284356
-0.291085 -3.989395
-1.499517 -3.708295
3.234659 -2.353080
3.406136 -2.097197
2.391469 3.206380
-2.556244 -3.076624
-1.245398 -3.801182
-2.085900 -3.413066
-3.878308 -0.979146
-3.400305 -2.106639
0.853114 3.907966
1.533450 -3.694392
-3.926055 0.765566
3.940366 -0.688126
-2.410963 -3.191748
-3.956430 -0.588781
-3.331715 2.213521
0.652627 3.946401
1.808030 -3.568057
-1.169294 -3.825278
-3.032941 -2.607924
2.861295 -2.795172
-3.628984 -1.682401
2.379833 3.215027
-3.144231 2.472612
-3.019391 2.623600
-2.324239 3.255444
-3.749968 -1.392029
3.628820 -1.682756
0.773699 -3.924460
3.985092 -0.345021
-3.206200 -2.391711
-1.631101 3.652329
2.055608 -3.431395
0.114235 3.998368
0.638722 -3.948675
2.053048 -3.432928
3.159989 -2.452442
3.436515 2.047038
3.997552 0.139921
3.896571 0.903734
-3.370713 -2.153670
0.809390 -3.917255
0.995345 3.874182
3.941918 0.679179
-1.377095 -3.755477
0.026237 -3.999914
3.163187 -2.448315
3.957459 -0.581826
3.942807 -0.674000
-3.838549 -1.124963
-0.386328 -3.981300
3.781890 1.302809
1.356782 -3.762864
-2.665875 -2.982132
1.046968 -3.860552
-0.029946 3.999888
-1.188060 -3.819491
-1.046432 -3.860697
-0.387874 3.981150
0.314803 3.987593
-3.999905 0.027516
-1.751600 -3.596095
-2.146401 -3.375346
-2.835512 -2.821324
-2.972226 -2.676915
-1.545814 -3.689235
-2.835516 -2.821321
-3.175169 2.432757
-2.394568 3.204067
3.863317 1.036718
-1.944946 -3.495309
1.844527 3.549327
0.115814 -3.998323
0.036129 3.999837
-3.312433 -2.242273
0.051035 3.999674
-3.822883 1.177101
-3.922898 -0.781582
3.859872 1.049471
-2.601670 -3.038308
0.324763 -3.986794
-2.381729 -3.213622
-1.526834 -3.697131
-1.677939 -3.631050
0.600196 -3.954714
-1.331493 -3.771886
-1.377640 -3.755277
2.681170 -2.968388
-1.168558 -3.825503
-2.326142 3.254084
-1.997396 -3.465604
1.015135 3.869044
1.087853 3.849231
3.434793 -2.049925
-3.960153 0.563198
-1.967263 -3.482797
-0.815298 -3.916030
-1.785571 -3.579349
3.386254 2.129151
0.174920 3.996174
1.858884 3.541828
2.569370 3.065671
-0.327924 3.986536
-3.886904 -0.944446
-0.180258 -3.995936
-1.445281 -3.729767
2.398375 -3.201218
-3.055021 2.582024
-1.999505 -3.464388
2.565919 -3.068560
-0.547590 -3.962341
-1.158543 -3.828548
-3.241216 -2.344039
-3.503326 -1.930468
1.238591 -3.803405
1.265021 -3.794697
3.599042 -1.745536
-1.188119 -3.819473
-1.331173 -3.771999
-3.107662 -2.518419
-0.055216 3.999619
-0.204274 -3.994781
-3.758411 -1.369068
-1.562252 -3.682305
0.243513 -3.992581
3.159535 -2.453027
2.971434 2.677794
0.462755 -3.973142
2.826927 2.829927
-1.795506 -3.574375
3.959843 0.565368
-1.863546 -3.539378
-1.554284 -3.685675
-3.825178 -1.169622
1.042278 3.861820
0.308431 3.988091
-3.270602 2.302860
3.313381 -2.240872
1.289305 -3.786515
3.741021 1.415895
-0.872566 -3.903669
3.061771 2.574016
-1.704555 -3.618631
3.955419 -0.595531
3.640089 -1.658238
-0.741692 -3.930635
3.901896 0.880457
-1.789852 -3.577210
2.053518 -3.432647
0.299057 -3.988805
-2.200930 -3.340046
0.175120 -3.996165
2.368675 -3.223256
2.528954 -3.099095
1.031592 -3.864689
1.408626 -3.743765
-2.317730 -3.260081
0.388953 -3.981045
-1.852323 -3.545264
3.696537 1.528270
3.954054 0.604533
-3.936898 0.707698
-1.419769 -3.739553
3.973839 0.456735
3.499806 1.936842
-1.382983 -3.753313
3.680789 -1.565820
-2.036200 -3.442948
0.601744 -3.954479
-0.594165 -3.955625
3.877493 0.982370
-2.846095 2.810649
3.770363 1.335801
3.795962 1.261220
1.504024 -3.706469
-3.980689 -0.392575
-2.231899 -3.319432
-0.520778 -3.965954
3.254435 2.325651
-3.994723 -0.205392
-3.802482 -1.241424
-3.952678 -0.613465
0.880024 3.901994
-3.042109 2.597224
3.942504 -0.675766
3.613054 -1.716345
0.049505 3.999694
-1.763883 3.590086
-3.642656 -1.652590
1.827779 -3.557980
3.834367 1.139136
0.274431 3.990575
-1.807838 3.568154
-1.213084 -3.811617
-1.067787 -3.854845
0.923539 -3.891924
1.835365 -3.554073
3.735789 1.429644
-1.534668 -3.693886
-1.452154 -3.727097
-3.830083 -1.153458
-3.816854 -1.196505
-3.501837 -1.933167
-2.763206 -2.892178
-1.573357 -3.677574
-0.651833 -3.946532
-2.662100 -2.985502
-0.337722 -3.985717
-1.638933 -3.648821
2.239701 -3.314172
-0.617277 -3.952084
-1.255245 3.797942
-2.653165 -2.993445
-0.109620 -3.998498
0.415378 -3.978374
-2.770963 -2.884746
-2.907058 -2.747547
-2.869338 -2.786916
-3.340717 -2.199911
-3.015011 -2.628632
-1.739417 3.602004
-3.330030 -2.216055
-2.536730 -3.092734
-3.043641 2.595428
-2.992455 -2.654282
-3.610367 -1.721991
-0.289117 -3.989538
-2.706010 -2.945761
-3.662172 1.608880
-2.654772 -2.992020
0.606761 3.953712
-3.977314 0.425413
-2.465711 -3.149646
0.973498 -3.879729
-3.440715 -2.039971
-3.922802 0.782062
3.029040 -2.612455
-3.208766 -2.388267
0.211797 -3.994389
-2.956877 2.693859
2.125543 -3.388520
-3.255725 -2.323845
-2.735666 -2.918241
-2.038211 3.441757
1.233823 -3.804955
0.344260 -3.985158
-3.989963 0.283189
-3.668147 1.595211
-0.852187 -3.908168
1.397679 -3.747865
0.319046 3.987256
-2.488341 -3.131798
-2.580344 3.056440
-3.141490 -2.476094
-1.274083 -3.791664
0.067302 -3.999434
-2.754248 -2.900710
0.131050 3.997853
0.049530 -3.999693
-3.458433 -2.009787
-3.509058 -1.920029
-1.780938 -3.581656
-2.575289 -3.060701
-1.128013 -3.837654
0.899191 -3.897622
-3.104603 2.522189
-3.383942 -2.132824
-2.761893 -2.893432
-3.173659 -2.434726
-3.901691 -0.881367
0.240860 3.992742
-0.774882 -3.924227
1.157346 -3.828910
-2.935393 -2.717254
-1.566045 -3.680693
1.964699 -3.484244
-2.913400 -2.740822
2.095810 -3.406990
-3.310012 -2.245845
-3.911427 0.837101
-2.852012 -2.804644
0.574779 -3.958488
-3.991792 0.256121
-3.995381 0.192171
-2.976609 -2.672040
-3.749893 -1.392228
-1.663153 -3.637846
-1.570339 -3.678863
-3.634729 -1.669953
-1.799926 -3.572152
-0.404832 3.979461
-2.564783 3.069509
-2.492759 -3.128282
-3.598931 -1.745765
3.570883 -1.802441
-3.998773 0.099076
-2.943640 2.708317
2.521935 -3.104810
-3.689085 1.546172
-2.900789 -2.754165
-2.306586 -3.267975
-1.670543 -3.634458
-3.398726 -2.109186
-3.280025 2.289419
-3.908872 -0.848953
0.074663 -3.999303
-3.095415 -2.533457
-3.245631 2.337922
-3.691266 1.540960
0.808294 -3.917481
-3.678454 1.571298
-3.843200 1.108971
-3.969322 0.494454
-1.303155 -3.781770
2.518326 -3.107738
-3.158066 2.454917
-2.836213 -2.820620
0.701868 -3.937941
-2.892053 2.763337
-1.856582 -3.543036
-2.916676 -2.737334
-2.267885 -3.294951
-3.541046 -1.860375
-3.691575 -1.540218
-3.753527 1.382403
-3.306681 -2.250747
-3.875220 0.991298
-1.718890 -3.611844
-0.986030 -3.876564
-1.474239 -3.718416
-2.662727 2.984943
-2.989174 -2.657977
0.266883 -3.991087
-3.174924 -2.433076
-3.945084 -0.660541
-3.797452 1.256725
-1.967418 -3.482709
1.913524 -3.512610
3.357397 -2.174370
-3.118029 -2.505573
-0.737672 3.931392
0.922138 -3.892257
-0.093150 3.998915
2.104064 -3.401899
-3.922033 0.785910
-3.184089 2.421069
-3.658866 1.616384
-1.028784 -3.865437
-3.734587 1.432781
-3.999075 -0.086012
0.389823 -3.980959
3.659465 -1.615028
-3.978976 -0.409571
-3.321455 -2.228886
-2.902029 -2.752858
-3.999999 -0.002811
-3.928308 0.753922
-2.815299 2.841494
-2.186936 -3.349226
-0.477609 3.971384
-3.975750 -0.439783
-3.538258 -1.865672
-3.999582 -0.057833
-2.510047 -3.114428
-3.960964 -0.557461
-2.649312 -2.996856
-3.966946 0.513164
-3.062432 -2.573230
-3.995646 0.186590
-1.531076 -3.695376
-2.731109 -2.922507
-2.585570 -3.052020
-3.552701 -1.838019
-3.203766 -2.394970
-2.448382 -3.163135
-2.605251 3.035237
-0.802163 -3.918742
-2.428369 3.178526
-2.154443 -3.370219
-3.290780 -2.273932
1.423722 -3.738050
-1.862130 -3.540123
-2.861221 -2.795249
-3.776883 1.317254
-1.112099 -3.842296
3.469357 -1.990870
-2.539096 3.090792
-0.420759 -3.977809
-3.015805 -2.627721
-1.661528 -3.638588
-2.187692 -3.348732
-0.170178 3.996378
-0.293612 3.989209
-3.407852 -2.094408
-0.790022 -3.921207
-3.963227 -0.541139
-3.091069 2.538758
-3.195034 -2.406606
-3.999517 -0.062171
-3.357440 -2.174304
-3.587352 -1.769436
-2.387681 3.209202
-3.930551 -0.742137
-1.270978 -3.792705
-3.829285 -1.156105
-2.441577 -3.168391
-2.518973 3.107213
-3.264880 2.310965
-3.655561 -1.623845
-3.305256 -2.252839
-2.193216 3.345117
-2.063183 -3.426846
-3.528719 -1.883651
-3.861885 -1.042039
-3.994003 0.218959
0.804880 -3.918184
-3.048112 -2.590176
-0.857265 -3.907057
-0.077414 3.999251
-3.921764 0.787255
-3.973896 0.456234
-3.052286 -2.585256
-3.448568 -2.026668
-3.186692 -2.417642
-2.189509 3.347544
-3.850458 1.083500
-3.981126 0.388114
-2.227035 -3.322697
-3.961532 -0.553412
-3.986722 -0.325655
0.830182 -3.912901
-3.851090 1.081253
-1.984376 -3.473075
-3.181246 -2.424804
-3.938576 -0.698297
-3.308504 -2.248066
-0.160740 -3.996769
-3.999852 0.034364
-1.924122 -3.506816
-0.647369 -3.947267
3.133647 -2.486013
-3.470221 -1.989363
-3.683714 1.558927
-3.676007 -1.577015
-2.408319 3.193744
-3.915546 -0.817618
-3.826894 -1.163995
-3.483275 -1.966417
-2.119058 3.392579
-3.208261 -2.388946
-3.427752 -2.061677
-2.798678 2.857866
-3.828928 -1.157284
-0.220313 -3.993928
-3.815167 1.201872
-3.943471 0.670102
-1.598633 -3.666657
-3.998547 -0.107821
-2.632825 -3.011351
-1.731782 3.605680
-0.852845 -3.908025
-3.369899 -2.154944
-0.563260 3.960144
-2.027007 -3.448368
-3.788596 -1.283176
1.617942 -3.658178
-0.235640 3.993053
1.326427 -3.773671
-3.145954 -2.470419
-0.952364 -3.884971
-2.438491 -3.170767
-3.941825 -0.679716
-0.142525 -3.997460
0.444833 -3.975188
-2.526023 -3.101485
-2.669685 2.978722
-0.242790 -3.992625
-3.997311 0.146637
0.313543 -3.987692
-3.666218 -1.599640
-3.502568 1.931844
-2.336189 -3.246879
-3.693569 -1.535432
-0.635761 -3.949153
-0.814962 3.916100
-3.607209 -1.728595
-3.188663 -2.415042
3.772448 -1.329900
-3.675608 1.577944
-3.375645 -2.145931
3.391850 -2.120225
0.066474 -3.999448
-3.977118 0.427242
-3.026821 2.615024
-3.112025 2.513026
-3.998222 0.119261
-2.985930 -2.661620
-2.552116 -3.080049
-3.383046 -2.134245
-3.947878 0.643629
-2.126103 3.388168
-2.378036 -3.216356
-2.057504 -3.430259
-2.791882 2.864506
-3.088358 -2.542056
-2.990708 -2.656250
-2.029031 -3.447178
-3.035819 -2.604573
-0.860032 3.906449
-0.820714 -3.914898
-2.543167 -3.087442
-1.950952 -3.491960
-3.443656 -2.035002
-3.621702 1.698021
-3.516558 1.906258
-2.700537 2.950779
-2.598016 3.041433
0.332471 -3.986159
-1.365820 -3.759593
-2.883882 -2.771864
-1.241232 3.802544
-3.443325 -2.035562
-2.765057 -2.890408
-2.171104 3.359510
-3.784140 1.296258
3.732756 -1.437543
-0.682554 -3.941335
-2.397250 -3.202061
-3.989164 -0.294232
-2.737289 -2.916719
-3.758304 -1.369363
-3.314069 -2.239855
-3.779604 1.309426
-2.726576 -2.926736
-3.358798 -2.172206
-3.814819 -1.202978
-2.969293 2.680168
-1.814537 3.564752
-3.562788 1.818390
-2.912482 -2.741796
-1.108319 -3.843388
-3.841663 -1.114281
-3.251249 2.330102
-1.308379 -3.779966
-3.475182 1.980685
3.841363 -1.115315
-3.204178 -2.394419
-1.264446 -3.794888
-0.963547 -3.882213
3.179246 -2.427425
-3.561653 -1.820612
-3.172054 -2.436817
-3.860764 -1.046185
-3.808238 1.223650
-3.082808 2.548783
-2.551953 -3.080184
-0.983671 -3.877163
-0.521055 -3.965917
-3.999529 -0.061373
-3.507704 -1.922501
-3.977371 -0.424880
-1.882291 3.529445
-2.488762 3.131464
-0.777090 -3.923790
-0.545039 -3.962693
-1.496897 3.709353
-3.245538 -2.338052
-0.667828 -3.943857
-0.347056 3.984916
-3.216008 -2.378507
-2.309014 3.266260
-0.465829 -3.972783
-3.838158 -1.126296
-2.910112 -2.744312
-1.549439 -3.687715
0.793176 -3.920570
-3.997109 -0.152051
-2.239571 3.314260
-3.738416 -1.422759
-0.756593 -3.927794
-3.525552 1.889572
-1.403030 3.745865
-2.920072 2.733712
-3.226558 -2.364175
0.519374 -3.966138
-3.018301 -2.624854
-1.097993 -3.846350
-1.531857 -3.695052
-1.898932 -3.520520
-3.880257 -0.971395
-3.962388 -0.547249
-3.861174 -1.044669
-3.428165 2.060991
2.802081 -2.854530
-3.989706 -0.286788
-3.629716 -1.680821
-3.089106 2.541147
2.471788 -3.144879
-3.008331 -2.636275
-2.881425 -2.774417
-0.263196 3.991332
-2.257780 -3.301882
-2.946872 -2.704800
3.035743 -2.604662
-3.876563 -0.986033
-1.078647 -3.851820
-1.449351 -3.728187
-0.324577 -3.986810
-3.429827 -2.058224
-3.199938 -2.400083
-3.998611 0.105408
-1.323257 3.774783
-3.413355 2.085428
-3.999930 -0.023580
-2.907850 -2.746709
3.768858 -1.340039
-3.081446 -2.550430
-3.039444 -2.600342
-1.851686 3.545597
-1.306086 3.780759
2.462914 -3.151834
-3.330334 -2.215598
-3.300932 -2.259169
-3.299427 -2.261367
3.653719 -1.627986
3.718239 -1.474687
-3.659515 -1.614914
-2.081173 3.415951
-2.826811 -2.830043
-2.899348 -2.755682
-0.949804 -3.885598
-1.313218 3.778288
-2.729128 2.924356
0.328576 3.986482
-1.315396 -3.777530
-2.127302 -3.387416
-2.635846 -3.008706
-3.831638 -1.148282
-1.099179 3.846012
-2.586316 -3.051388
-3.560872 -1.822139
-3.515657 -1.907919
-0.087648 3.999040
-3.393008 2.118371
-1.728740 3.607140
-3.895974 0.906302
-2.997681 -2.648378
-3.854603 -1.068660
-3.761433 -1.360743
-3.398876 -2.108943
-0.441864 -3.975520
-3.166322 2.444260
3.862060 -1.041389
-2.308949 -3.266306
-3.704112 -1.509818
2.233233 -3.318534
-2.949582 -2.701845
-3.658831 -1.616463
2.471572 -3.145049
3.747362 -1.399026
-2.407345 -3.194478
-3.023069 -2.619362
-3.345214 2.193067
-2.757593 -2.897531
-3.133801 2.485818
-2.004159 -3.461697
-2.005313 -3.461029
-3.952772 -0.612858
-1.992971 -3.468150
1.311374 3.778928
-1.914802 -3.511913
-0.408256 -3.979111
-3.159956 2.452484
-1.112915 3.842059
-3.870156 1.010886
-3.015079 -2.628554
-2.469293 -3.146839
3.075836 -2.557192
-3.629753 1.680741
-2.320966 3.257778
-3.977198 -0.426491
-3.958556 -0.574314
2.506962 -3.116912
-2.402182 -3.198362
-2.640482 -3.004638
-1.600717 -3.665748
3.198557 -2.401923
-3.218715 -2.374842
-3.974456 -0.451330
2.313658 -3.262972
-0.624376 3.950969
-3.024679 -2.617503
-1.992904 -3.468189
-2.133091 -3.383773
1.595465 -3.668036
-3.667366 -1.597006
-3.316509 -2.236240
0.001181 -4.000000
-1.398492 -3.747562
1.067113 -3.855032
