0.904256 -3.896450
-1.105843 -3.844101
-3.238877 -2.347269
-3.826134 1.166489
-2.850864 -2.805810
2.474276 3.142922
-3.754414 -1.379991
0.093476 -3.998908
3.738013 -1.423818
-0.138414 -3.997604
1.461363 -3.723495
-2.720676 -2.932221
1.569688 -3.679141
1.712238 -3.615002
-3.996987 0.155233
-0.730780 -3.932678
-2.513796 -3.111403
-3.816105 -1.198892
-3.775146 1.322222
-2.204342 -3.337795
-3.628222 -1.684045
-2.901829 -2.753069
0.436074 -3.976159
-2.425432 -3.180767
2.473333 3.143664
-1.785908 -3.579180
-3.836781 -1.130978
-1.555563 -3.685136
-3.913617 0.826804
3.336892 -2.205710
-3.922787 -0.782140
1.217315 -3.810268
-3.906397 -0.860271
-3.932368 0.732447
-3.615155 1.711916
2.534226 3.094786
1.523198 -3.698630
-3.985285 -0.342792
2.385505 3.210820
-3.173442 -2.435008
-1.102134 -3.845166
-1.449438 -3.728154
-3.883754 0.957314
-1.439461 -3.732017
-0.515931 -3.966587
-0.523930 -3.965539
-1.026276 -3.866104
2.391933 -3.206034
-3.725802 1.455473
-0.267348 -3.991056
-2.639346 -3.005637
-0.781924 -3.922830
-3.747981 -1.397368
-2.202340 -3.339116
-1.942879 -3.496458
-3.290519 -2.274310
-2.589704 -3.048513
2.971475 -2.677749
-0.757044 -3.927707
-3.404031 -2.100613
-1.103495 -3.844776
-0.566625 -3.959664
-0.628934 -3.950246
-3.361374 -2.168217
3.197994 -2.402673
1.097069 -3.846614
1.000023 -3.872977
-3.979282 0.406585
-3.369365 -2.155778
-1.940418 -3.497825
-3.793500 1.268605
1.692777 -3.624156
-3.755842 -1.376099
-3.850297 -1.084072
-3.219030 -2.374415
-3.067884 -2.566728
1.345328 -3.766974
-1.910831 -3.514075
-2.472014 -3.144701
-3.287437 -2.278763
-2.105625 -3.400933
-3.936637 0.709149
-3.896479 0.904131
3.692671 -1.537589
-2.428537 -3.178397
-0.531380 -3.964547
-3.894817 -0.911263
-2.662500 -2.985145
1.975868 -3.477923
1.866299 -3.537927
-3.799581 -1.250274
-1.587558 -3.671466
-2.358957 -3.230375
2.291849 -3.278327
-3.746567 -1.401154
1.168683 -3.825465
-3.624137 -1.692819
-3.975932 -0.438141
-3.376237 -2.144999
-3.974599 -0.450069
0.666058 -3.944156
0.748273 -3.929388
-0.332534 -3.986154
-3.545442 -1.851983
-3.025482 -2.616574
-2.884623 -2.771092
-3.742839 -1.411083
-3.996807 0.159791
-3.927104 -0.760168
-0.411871 -3.978739
-1.173594 -3.823961
3.846448 -1.097652
1.514489 -3.702205
0.496085 -3.969118
-2.952632 -2.698511
-1.957102 -3.488517
-4.000000 -0.000201
-3.990263 -0.278926
-3.980776 -0.391690
0.011717 -3.999983
-3.916620 -0.812459
0.166724 -3.996524
-3.559196 -1.825411
-1.649888 -3.643881
2.269324 3.293959
-3.065471 -2.569609
-3.676375 -1.576155
1.235096 -3.804542
-3.905446 -0.864577
2.924070 -2.729435
0.604528 -3.954054
-3.581743 -1.780764
-3.913741 0.826214
-1.112758 -3.842105
-3.772329 1.330237
1.693182 -3.623967
-3.277069 -2.293647
2.408650 -3.193494
-3.948781 0.638064
3.914237 0.823862
0.948340 -3.885956
-3.730390 -1.443673
-2.099329 -3.404823
0.321806 -3.987034
-3.898820 -0.893982
-3.962755 -0.544587
-1.116312 -3.841074
0.824136 -3.914179
1.021283 -3.867426
0.208789 -3.994547
-2.333404 -3.248881
-3.910912 -0.839503
-0.818116 -3.915442
-0.250682 -3.992137
3.222317 -2.369952
0.779440 -3.923324
1.912631 -3.513096
0.906969 -3.895819
-3.898220 -0.896595
-2.743447 -2.910928
-2.509877 -3.114565
0.479887 -3.971109
-3.948187 0.641732
3.142907 -2.474295
1.844879 -3.549144
-2.347331 -3.238833
2.638331 3.006528
-3.594932 1.753986
3.022516 2.620000
1.926197 3.505676
-3.841385 1.115241
1.527749 -3.696753
-3.342971 -2.196485
-3.317195 -0.092877
-0.577040 -3.958159
-3.349681 -2.186238
-3.423897 2.068074
-3.851878 -1.078442
-3.977377 -0.424820
-0.428013 -3.977035
-3.366877 -2.159662
1.935771 -3.500399
-2.327754 -3.252931
-3.999977 -0.013425
-3.348466 2.188098
-1.565900 -3.680755
-1.432264 -3.734785
-3.814083 1.205310
1.795392 -3.574433
1.886514 -3.527189
1.537967 -3.692514
-2.603408 -3.036818
-3.983253 -0.365641
2.991654 -2.655184
-3.618483 -1.704869
2.703493 -2.948072
-2.557011 -3.075987
2.160183 3.366543
-0.157082 -3.996914
-1.349424 -3.765509
-1.494305 -3.710398
-0.781357 -3.922943
-3.996871 0.158175
0.664456 -3.944426
-3.489445 -1.955446
-3.921922 0.786467
-3.458644 -2.009424
-3.840457 -1.118431
1.520610 -3.699695
0.464998 -3.972880
-3.117059 -2.506779
0.268209 -3.990998
1.256349 -3.797576
-3.786421 -1.289581
-2.059894 -3.428825
-3.236678 -2.350302
1.595379 3.668074
-3.001367 -2.644200
2.170778 -3.359721
2.426492 -3.179959
2.208800 3.334847
-2.156512 -3.368895
-0.017598 -3.999961
-1.226703 -3.807256
-0.652379 -3.946442
-1.096498 -3.846777
-3.617698 -1.706535
2.422557 3.182957
0.963509 -3.882222
-3.956921 -0.585469
-3.083307 -2.548179
-3.934963 -0.718378
3.419609 -2.075157
-3.966606 -0.515791
-3.768907 -1.339903
2.412867 -3.190309
2.529711 3.098477
-1.036653 -3.863334
-3.999331 -0.073128
-2.587684 -3.050228
-0.398024 -3.980148
0.932281 -3.889840
-2.985513 -2.662088
-3.727233 -1.451805
2.311386 -3.264582
-3.817782 -1.193542
-2.944712 -2.707152
-1.486766 -3.713425
0.239258 -3.992838
0.352058 -3.984477
-3.912339 -0.832828
-2.587161 -3.050672
1.769418 -3.587361
-3.835196 -1.136341
0.948407 -3.885939
-3.750127 -1.391600
0.959496 -3.883216
-3.856338 1.062383
1.579637 3.674881
-3.777366 -1.315866
-0.515900 -3.966591
-3.986848 0.324100
-0.367907 -3.983045
3.430343 -2.057363
-3.891734 -0.924342
-1.921365 -3.508327
-0.888310 -3.900116
1.919534 -3.509329
-3.999576 -0.058261
-3.757959 -1.370307
-3.367081 -2.159345
-3.727049 -1.452276
-3.699322 -1.521518
3.172149 -2.436692
1.459356 -3.724283
-2.500101 -3.122418
2.874820 -2.781260
0.187116 -3.995621
-0.230074 -3.993378
-0.588890 -3.956414
-3.506475 -1.924743
2.661854 -2.985721
-1.997899 -3.465314
0.126330 -3.998005
-3.779251 -1.310445
2.829095 -2.827760
-1.266638 -3.794157
-3.390118 -2.122994
3.789742 1.279786
1.268590 -3.793505
-3.999950 -0.020000
1.175740 -3.823302
-3.969202 -0.495412
1.494628 -3.710268
-3.808905 -1.221575
-3.982250 -0.376408
1.332100 -3.771672
-2.103339 -3.402347
-3.877643 0.981775
1.889376 -3.525657
0.825914 -3.913805
3.883006 -0.960346
-3.639499 -1.659532
-3.249009 -2.333226
-3.924236 -0.774837
-3.617263 -1.707457
-3.989655 0.287492
-1.448016 -3.728706
1.956287 -3.488974
-1.704709 -3.618559
0.214116 -3.994265
-3.866039 -1.026518
-3.031922 -2.609109
2.312477 -3.263809
1.094271 -3.847411
2.521665 -3.105029
-3.999784 0.041603
-0.092251 -3.998936
-1.697778 -3.621816
1.462015 -3.723240
1.685476 -3.627557
0.705295 -3.937329
-0.221587 -3.993858
-2.281320 -3.285662
1.044466 -3.861229
2.924435 -2.729044
2.636538 3.008100
-3.959169 -0.570072
0.536211 -3.963897
-3.526176 -1.888408
-2.704539 -2.947112
-0.212748 -3.994338
-1.053034 -3.858901
-3.857132 -1.059498
1.316736 -3.777063
-3.999777 -0.042239
-3.974676 0.449391
-2.720498 -2.932386
0.647118 -3.947308
-3.612066 1.718424
-3.587989 -1.768144
-3.999988 0.009819
3.324530 2.224298
0.275577 -3.990496
-2.594286 -3.044615
-0.740674 -3.930827
0.243193 -3.992600
1.276891 -3.790719
-1.632039 -3.651910
-0.445578 -3.975105
-0.060648 -3.999540
1.926997 -3.505237
-3.897179 0.901108
-3.870415 1.009895
1.937650 -3.499359
-3.053632 -2.583666
-2.928901 2.724251
2.710459 -2.941668
1.942557 -3.496637
0.270115 -3.990869
2.513697 3.111483
1.665164 -3.636926
0.666629 -3.944060
-2.335989 -3.247023
-3.966912 -0.513432
-0.901634 -3.897057
2.305734 -3.268576
0.278793 -3.990272
1.274113 -3.791653
2.029590 -3.446848
-3.610565 1.721575
2.708198 2.943749
-0.682786 -3.941295
-3.869981 -1.011555
-3.860225 -1.048172
-3.553351 -1.836762
-1.639215 -3.648695
2.403989 3.197004
-2.129123 -3.386271
0.210979 -3.994432
-3.830162 -1.153194
-2.684445 -2.965426
2.465225 -3.150026
2.337484 -3.245946
2.669842 -2.978581
-2.903724 -2.751070
1.633213 -3.651385
2.086090 -3.412950
3.019350 2.623647
-3.837766 1.127631
-3.971977 0.472654
0.681486 -3.941520
-3.514794 -1.909508
-2.149667 -3.373267
-3.766753 1.345945
2.998435 -2.647525
-1.293262 -3.785165
-3.972755 0.466063
1.793676 3.575294
-0.478407 -3.971288
-3.871542 -1.005565
-3.337858 -2.204247
1.413857 -3.741792
-3.992708 -0.241423
0.164240 -3.996627
-3.881784 -0.965272
-3.257269 -2.321680
-2.962603 -2.687560
-3.239948 2.345791
-3.999847 0.035040
-0.447890 -3.974845
-3.549831 -1.843556
2.389880 -3.207565
-2.643976 -3.001565
1.785456 -3.579406
1.747196 -3.598237
-3.087159 -2.543511
-0.973243 -3.879794
0.248203 -3.992292
1.437400 -3.732811
1.971395 -3.480460
1.325141 -3.774123
1.911392 -3.513770
0.864689 -3.905421
0.560658 -3.960513
-2.252939 -3.305188
-2.180908 -3.353154
-3.631339 -1.677313
1.372331 -3.757221
-3.937929 0.701935
1.933868 -3.501451
-2.025736 -3.449115
-2.881292 -2.774555
-3.528475 -1.884109
0.368175 -3.983020
-3.885578 -0.949885
2.341313 3.243186
-3.723803 -1.460578
-3.716771 -1.478382
-0.379867 -3.981922
-3.373905 -2.148666
3.920361 -0.794209
-3.634715 -1.669983
1.456576 -3.725371
-3.811364 1.213879
-1.892821 -3.523809
-3.903440 0.873590
2.562615 -3.071319
0.610631 -3.953117
1.228774 -3.806588
-3.989304 -0.292331
2.496550 -3.125258
-3.913567 -0.827039
-3.443182 2.035804
2.257405 3.302139
-0.213755 -3.994284
2.664403 2.983447
-2.243050 -3.311907
1.525180 -3.697814
1.823345 -3.560255
-3.995802 -0.183207
-3.992460 -0.245488
0.833782 -3.912136
0.380414 -3.981870
-2.471185 -3.145353
-2.034908 -3.443711
1.506843 -3.705324
-3.929179 -0.749368
2.336470 3.246676
1.463889 -3.722503
-3.633686 -1.672222
-3.938359 -0.699522
-0.076384 -3.999271
0.980178 -3.878047
-3.560722 -1.822431
0.668568 -3.943731
-3.716332 -1.479486
0.152416 -3.997095
-3.861314 -1.044153
-3.999804 0.039555
-3.801431 -1.244637
0.605278 -3.953940
2.490182 3.130334
-3.151902 -2.462826
-3.754944 -1.378548
-1.005311 -3.871608
-3.586690 -1.770778
1.341884 3.768202
-0.079801 -3.999204
-0.671043 -3.943311
-3.048028 -2.590275
-3.821287 -1.182271
2.852871 -2.803770
-3.236999 -2.349859
0.946110 -3.886499
1.432699 -3.734618
1.233729 -3.804985
-2.275733 -3.289535
-3.999750 -0.044741
-0.237107 -3.992966
0.207444 3.994617
0.540279 3.963344
1.208373 3.813114
-2.193020 3.345245
2.410760 3.191902
0.062897 3.999505
1.476093 3.717681
0.523674 3.965573
2.953130 2.697967
3.552759 1.837907
-3.334678 2.209055
-2.940825 2.711374
-0.788675 3.921478
2.096973 3.406274
-3.832031 -1.146969
0.853213 3.907944
2.650724 2.995607
-3.986523 0.328073
2.650864 2.995483
-2.038217 0.116995
0.401603 3.979788
3.543177 1.856313
-2.974496 2.674392
-3.441318 -2.038953
-0.874233 3.903296
-2.438179 3.171006
2.947882 2.703700
0.745039 3.930002
-2.083044 3.414810
0.822855 3.914449
-2.902315 2.752557
-3.989565 -0.288734
-0.596938 3.955207
0.316746 3.987439
0.327447 3.986575
-3.690888 -1.541864
-2.878083 -2.777884
-3.957688 0.580261
-2.757116 -2.897984
0.761156 3.926913
-0.934285 3.889359
-1.658466 3.639985
-3.921213 0.789993
-1.991640 3.468915
-1.574203 3.677212
-2.791423 -2.864953
0.708443 3.936764
-1.420227 3.739379
2.927369 2.725896
-1.136078 3.835274
-3.976914 0.429129
-1.775470 3.584370
-3.321013 2.229546
-1.673083 3.633289
-0.641175 3.948277
-3.996620 -0.164393
-3.420423 2.073815
2.565243 3.069125
-3.116310 2.507711
-3.217415 2.376602
-2.792760 2.863650
-0.883501 3.901208
-0.411824 3.978744
-3.951534 0.620790
-0.608048 3.953515
-1.525685 -3.697605
-3.640304 1.657765
-3.629198 1.681939
-0.874836 3.903160
-2.723118 2.929954
3.173774 2.434575
2.596330 3.042872
-2.056395 3.430924
0.896621 3.898214
-3.999479 -0.064543
-2.826914 2.829939
1.331109 3.772022
-1.511532 3.703414
-3.837176 1.129637
-3.998220 0.119309
1.657735 3.640318
1.089033 3.848897
-2.669884 2.978543
-1.218899 3.809762
2.583755 3.053557
3.994660 0.206618
-1.247957 3.800343
-3.800134 1.248592
-1.546787 3.688828
-3.703574 1.511139
-0.271422 3.990781
-2.649555 -2.996641
-1.225276 3.807716
-2.019820 -3.452583
0.142995 3.997443
-1.610782 3.661336
-3.313187 -2.241158
-2.256282 3.302907
-3.194169 2.407756
-3.823708 1.174417
3.090800 2.539086
1.198626 3.816189
-2.398811 3.200891
-0.963361 3.882259
-2.793744 2.862690
2.790002 2.866337
1.634262 3.650916
2.812537 2.844229
-0.829688 3.913006
-3.233212 2.355066
-3.676519 -1.575819
0.308272 3.988103
-3.480394 1.971511
-3.883256 -0.959334
-3.437530 2.045333
-0.887663 3.900263
3.342023 2.197928
-2.441952 -3.168102
-2.778534 2.877455
2.637777 3.007014
-3.283216 -2.284839
-3.125860 2.495796
-2.203192 3.338554
2.205888 3.336773
1.732055 3.605549
2.293285 3.277323
2.141371 3.378540
1.989371 3.470217
-3.990520 -0.275232
-2.782169 2.873940
-1.172326 3.824350
3.344862 2.193604
-3.189961 2.413328
3.534777 1.872259
-2.523446 3.103582
-2.896248 2.758939
1.286804 3.787365
-2.988771 2.658430
-0.493011 3.969501
0.092069 3.998940
-3.991879 -0.254761
-3.857862 -1.056837
2.434869 3.173549
2.751337 2.903471
-2.697525 2.953533
1.503643 3.706623
0.762514 3.926649
-2.337681 3.245805
-3.962314 0.547788
0.141990 3.997479
0.573711 3.958643
-1.481496 -3.715531
0.927179 3.891059
-2.827318 2.829536
-0.866849 3.904942
-2.235608 3.316935
3.007108 2.637670
0.232245 3.993252
-2.062515 3.427248
-3.724100 1.459822
-3.440275 2.040712
3.843546 1.107771
-0.340484 3.985483
-3.994486 0.209955
-1.488463 3.712745
-0.390662 3.980877
-3.210722 2.385637
-3.934758 -0.719499
2.140638 3.379004
1.411395 3.742722
-2.179217 3.354253
-0.808200 3.917501
-2.148313 3.374130
-0.248753 3.992258
-0.815938 3.915896
-0.046521 3.999729
0.266489 3.991113
1.612168 3.660726
-3.998691 -0.102331
-0.578908 3.957886
-0.808292 3.917482
0.169961 3.996388
-3.998791 0.098354
-3.970311 0.486450
-3.996480 0.167775
-0.394009 3.980547
3.077527 2.555157
0.561890 3.960338
-3.998144 -0.121850
1.177486 3.822764
0.007021 3.999994
-2.014970 3.455415
-0.148823 3.997231
-0.539356 3.963470
1.189384 3.819079
-1.151858 3.830564
-3.589271 1.765540
3.871049 1.007463
-0.346200 3.984990
2.512071 3.112796
-1.762846 3.590595
-3.694594 1.532963
-3.936417 0.710368
0.101117 3.998722
-3.980359 0.395907
2.278731 3.287459
2.754161 2.900792
-0.356158 3.984112
0.808994 3.917337
-3.953939 0.605283
-2.534927 3.094211
-0.303048 3.988504
0.697520 3.938714
-0.571908 3.958904
0.161537 3.996737
-2.806792 -2.849898
-3.280236 -2.289116
-3.998131 0.122269
-0.676697 3.942345
3.337819 2.204305
-2.637250 3.007476
-1.868307 3.536867
0.018840 3.999956
-2.648283 2.997765
-0.494338 3.969336
-0.372976 3.982573
2.659307 2.987991
1.997985 3.465264
-1.266828 3.794094
-1.472843 3.718970
-0.857713 3.906959
-2.706851 2.944988
-2.088648 3.411385
3.881475 0.966516
0.041191 3.999788
0.570514 3.959105
-0.780357 3.923142
3.836055 1.133440
-1.983044 3.473836
-1.208797 3.812979
-1.118258 3.840508
-0.511177 3.967203
2.916097 2.737951
-0.229319 3.993421
-0.070784 3.999374
-0.593394 3.955741
-2.154291 3.370316
-1.166198 3.826223
1.147971 3.831731
0.601042 3.954586
2.391532 3.206334
-0.117996 3.998259
-0.412046 3.978721
-0.469762 3.972320
1.127427 3.837826
0.170569 3.996362
-1.697481 3.621955
3.710810 1.493280
-1.950066 3.492455
-2.400679 3.199491
-0.715467 3.935493
-0.354878 3.984227
-1.126463 3.838109
-0.367912 3.983044
-1.209326 3.812811
2.244454 3.310955
0.833707 3.912152
0.087088 3.999052
-2.437549 3.171491
2.143285 3.377326
2.211701 3.332923
-3.737519 1.425115
0.404760 3.979469
-1.931709 3.502642
-3.321217 2.229242
-1.749386 3.597172
2.606007 3.034588
-2.843418 2.813356
-0.162348 3.996704
0.002463 3.999999
0.418912 3.978004
-2.844000 2.812768
-2.915030 -2.739087
1.420235 3.739376
-3.991630 0.258630
-0.344427 3.985144
-3.468227 1.992837
0.454387 3.974108
0.969710 3.880678
0.324801 3.986791
-3.405427 2.098349
-2.091617 3.409566
-0.551448 3.961806
2.492224 3.128709
1.591968 3.669556
1.217152 3.810320
-0.411274 3.978801
-0.544922 3.962709
-1.837143 3.553155
2.859311 2.797203
-3.665193 1.601987
-0.590710 3.956142
1.131118 3.836740
-1.172385 3.824332
-3.845748 -1.100101
0.762779 3.926598
2.090157 3.410461
-1.552872 3.686270
2.809925 2.846809
3.586790 1.770575
0.839978 3.910810
3.618309 1.705238
-3.914453 0.822836
-0.782003 3.922814
1.922161 3.507891
-0.339060 3.985604
1.045953 3.860827
-3.770213 -1.336223
-0.333566 3.986067
-2.205365 3.337119
-1.705557 3.618159
-1.314837 3.777725
-1.702427 3.619633
-0.496628 3.969050
1.039643 3.862531
3.292196 2.271881
-3.002470 2.642948
-3.999549 0.060091
-0.393995 3.980549
-0.109639 3.998497
-1.567496 3.680076
-0.127447 3.997969
-2.174680 3.357196
2.140362 3.379179
0.324244 3.986837
3.605046 1.733103
2.596635 3.042612
-1.003820 3.871995
-3.109779 2.515804
3.417291 2.078972
-1.181525 3.821518
3.284736 2.282654
-1.097931 3.846368
-0.208870 3.994543
3.473675 1.983326
2.161160 3.365916
-1.825835 3.558978
-0.339793 3.985542
-2.822290 2.834551
-0.289204 3.989531
-1.359135 3.762014
1.580092 3.674685
-1.918981 3.509631
-3.559905 -1.824028
0.312662 3.987762
-0.071549 3.999360
0.408894 3.979046
-3.601266 1.740943
-0.140795 3.997521
2.813869 2.842911
-0.353473 3.984351
1.420334 3.739338
-0.252767 3.992006
-0.667227 3.943958
-0.275585 3.990495
-3.798947 1.252199
-3.786942 1.288049
-1.705926 3.617985
-2.840469 -2.816334
3.532524 1.876506
-0.129555 3.997901
-3.447692 2.028157
-2.189884 3.347298
-2.422696 3.182852
1.095037 3.847193
3.145238 2.471332
-0.273277 3.990654
-3.288074 2.277844
2.497138 3.124789
-3.672706 1.584686
0.262581 3.991372
-3.987650 0.314088
-1.739415 3.602004
-2.786998 2.869258
-0.318803 3.987275
-2.515833 -3.109756
3.015735 2.627802
-3.940636 0.686576
0.218797 3.994012
0.579379 3.957818
-3.695494 1.530792
-0.764068 3.926347
-2.451253 3.160911
-0.571875 3.958909
-3.988108 -0.308209
1.302064 3.782146
-0.004068 3.999998
-3.846979 -1.095789
-2.589385 -3.048784
-2.355371 3.232991
-0.038288 3.999817
-3.999833 0.036565
0.045508 3.999741
-0.138750 3.997593
1.992556 3.468389
2.547686 3.083714
-2.894701 2.760562
1.117687 3.840674
-0.641577 3.948212
0.378574 3.982045
-2.563654 3.070453
-1.212308 3.811864
-1.736520 3.603401
2.058254 3.429809
-1.353599 3.764010
-0.665856 3.944190
2.970584 2.678737
2.210236 3.333895
-0.022835 3.999935
-3.652810 1.630025
0.417907 3.978109
2.549846 3.081929
-3.765881 -1.348386
0.355583 3.984164
0.468702 3.972445
-0.843177 3.910122
0.145029 3.997370
-3.794377 1.265979
2.219875 3.327485
-3.570503 1.803193
-2.720709 2.932190
-2.392043 3.205952
-2.764441 2.890997
-0.093342 3.998911
-3.973799 0.457081
-0.692299 3.939635
-2.936285 2.716290
-2.709388 2.942655
1.031405 3.864738
1.769076 3.587530
-1.450916 3.727579
-1.513281 3.702699
1.445485 3.729688
-0.754611 3.928175
-3.697596 1.525708
1.165063 3.826569
-1.695042 -3.623097
-2.424573 3.181422
3.281608 2.287148
2.015856 3.454899
-3.182631 2.422986
2.766042 2.889466
-3.749589 -1.393048
0.563796 3.960067
-3.200676 2.399099
-3.618065 1.705756
-0.965354 3.881764
1.412826 3.742181
1.000442 3.872869
-3.278965 -2.290936
-3.839279 1.122470
2.834600 2.822241
2.937782 2.714671
-1.226922 3.807186
3.666233 1.599604
1.643586 3.646728
1.682446 3.628964
-0.441790 3.975528
-3.914675 0.821778
-3.992044 -0.252158
-1.131341 3.836674
-0.142533 3.997460
0.629044 3.950228
-3.999961 -0.017623
0.718362 3.934966
-1.455216 3.725902
-0.249988 3.992181
1.645918 3.645676
1.055188 3.858313
0.310118 3.987960
-0.711071 3.936290
2.568129 3.066710
0.620995 3.951502
-3.854838 -1.067813
3.189767 2.413583
1.262990 3.795373
-1.807790 3.568178
-3.399323 2.108223
-1.039997 3.862435
2.825359 2.831492
2.485097 3.134373
-2.391885 3.206070
-1.154253 3.829843
-0.269815 3.990890
-0.166588 3.996530
3.553802 1.835889
-3.249591 -2.332414
0.912652 3.894492
-3.865535 -1.028417
-3.424614 2.066886
-3.747905 -1.397572
-2.996320 -2.649918
-1.406657 -3.744505
-1.429083 -3.736003
2.904945 -2.749781
1.034193 -3.863993
-0.688163 -3.940359
-3.998671 0.103113
0.755679 -3.927970
-0.861269 -3.906177
-0.271255 -3.990792
-0.711178 -3.936271
-2.085898 -3.413067
0.595417 -3.955437
-2.026337 3.448762
3.834922 1.137266
-1.989840 -3.469948
-0.694004 -3.939335
2.001997 -3.462948
-3.091822 -2.537842
3.010124 2.634227
-1.433438 3.734334
0.697557 3.938707
-3.961267 -0.555304
-0.689418 -3.940140
3.889048 -0.935577
-2.393190 -3.205096
2.319423 -3.258877
2.623676 -3.019325
-2.102646 -3.402775
0.307486 -3.988164
2.467814 -3.147999
-0.129028 -3.997918
-0.863999 -3.905574
1.256835 3.797416
3.993809 0.222461
-2.159523 -3.366966
-0.891837 -3.899311
-2.715033 -2.937447
2.501250 3.121497
3.694648 1.532832
-3.742671 -1.411529
-1.384145 -3.752885
0.590363 -3.956194
3.897509 -0.899680
-2.786358 -2.869879
-2.148555 -3.373975
-1.703636 -3.619064
-0.566511 -3.959680
-3.849524 -1.086814
-3.819169 1.189097
-0.877838 -3.902486
-3.998430 0.112068
3.991512 -0.260445
-3.523730 1.892968
3.994692 -0.205990
3.155380 2.458369
1.318282 -3.776524
-3.902657 -0.877079
-3.738510 -1.422512
2.444410 -3.166206
-2.566419 -3.068142
3.731808 1.440002
-1.088712 -3.848988
2.639530 3.005475
-1.218456 -3.809904
-3.973819 -0.456907
0.602167 -3.954415
-2.924888 -2.728558
-3.259950 -2.317914
3.949831 0.631533
3.423261 2.069126
3.630939 -1.678179
-1.132512 -3.836328
-3.950679 -0.626209
-0.472479 -3.971997
3.193971 -2.408017
-0.859856 -3.906488
3.172374 -2.436400
-1.688506 -3.626148
0.896170 -3.898317
-1.026707 3.865989
0.121703 -3.998148
-0.317039 -3.987416
3.030544 2.610710
-3.494233 1.946879
0.577494 -3.958093
-0.886939 -3.900428
2.854299 -2.802317
3.429176 2.059309
-0.854181 -3.907733
-1.381577 -3.753831
-3.975897 -0.438458
-3.931708 0.735984
3.294907 -2.267948
3.997491 0.141643
0.877986 3.902453
3.599527 1.744537
-1.218495 -3.809891
-3.729989 -1.444709
3.398988 2.108763
3.078461 2.554032
0.814006 -3.916299
2.058110 -3.429896
-3.606339 -1.730410
3.993420 -0.229346
1.205822 -3.813921
-3.284707 -2.282696
3.894862 0.911070
-0.464006 -3.972996
3.985989 -0.334499
3.568479 -1.807195
-3.038867 -2.601016
-1.545677 -3.689293
-3.795500 -1.262608
-2.526865 -3.100799
-3.987383 0.317456
-1.369464 -3.758267
2.952681 2.698458
-1.724730 3.609059
3.926952 0.760955
-0.130895 -3.997858
-3.268163 -2.306319
1.228520 -3.806670
2.616929 -3.025175
0.493011 -3.969501
-0.206059 -3.994689
1.246406 -3.800852
-3.826623 -1.164883
-1.761094 3.591455
2.794332 -2.862116
-0.736168 3.931674
-3.581026 1.782204
-3.738157 -1.423441
-1.991786 -3.468831
-3.918439 -0.803639
3.929774 -0.746242
-2.647367 -2.998575
3.952894 0.612066
-3.821274 -1.182314
3.206863 -2.390822
-3.837370 -1.128979
-1.784167 3.580049
-3.592728 1.758495
3.083674 -2.547735
-3.174688 -2.433384
-1.510251 -3.703936
-0.538272 -3.963618
2.251984 3.305838
-3.581361 1.781532
-0.164355 -3.996622
-3.577040 -1.790191
-3.720596 -1.468728
-3.992363 -0.247061
-3.732264 1.438821
-0.949822 -3.885594
-3.488156 -1.957746
-0.437429 -3.976010
-3.194891 -2.406797
-3.625608 -1.689664
-3.033858 -2.606857
-1.248752 3.800081
-1.804859 -3.569661
1.305394 -3.780998
1.213903 3.811357
-3.994280 0.213830
0.399667 -3.979983
-0.781158 -3.922983
1.745114 -3.599247
3.808843 1.221767
-3.079881 -2.552319
0.540046 -3.963376
-3.207561 -2.389885
-3.829624 -1.154982
3.306722 2.250687
3.999922 0.025004
3.983556 -0.362325
-0.940123 -3.887952
2.935348 -2.717302
1.157478 3.828870
-3.833425 -1.142301
-1.287779 -3.787034
-1.006407 -3.871323
1.482949 -3.714951
0.138417 -3.997604
3.120841 2.502069
-3.460248 2.006659
-3.911006 -0.839064
-0.071522 -3.999361
1.021487 -3.867372
-3.187652 -2.416376
-0.326825 -3.986626
-2.128820 -3.386462
0.068116 -3.999420
-1.979193 -3.476031
-2.489527 -3.130855
2.251368 -3.306258
3.737821 -1.424323
1.849136 -3.546928
-2.236523 -3.316318
3.751819 -1.387030
-2.999154 -2.646711
0.635244 -3.949236
3.895693 0.907509
0.713578 3.935836
-3.966342 -0.517811
-1.410884 3.742914
-1.214464 -3.811178
-2.774003 -2.881824
-3.980611 -0.393362
-0.073594 -3.999323
1.775839 3.584187
-3.066948 -2.567846
-3.230241 2.359140
0.787196 -3.921775
-1.730713 -3.606194
-3.748964 -1.394729
-1.565713 -3.680834
-1.159355 -3.828302
-1.280891 -3.789369
3.953405 0.608757
-3.533579 1.874518
-2.584630 3.052817
-0.439998 -3.975727
-0.412536 -3.978670
1.372465 -3.757172
2.507248 3.116682
3.943524 0.669792
-0.522813 -3.965686
-2.222258 -3.325893
3.273125 2.299273
-1.914381 -3.512143
2.278683 -3.287492
3.930680 -0.741454
3.998681 -0.102712
-1.649066 -3.644253
-0.895821 -3.898398
-0.007588 3.999993
-1.420795 -3.739163
2.245243 -3.310420
-0.554642 -3.961360
-3.869783 -1.012315
-0.963416 -3.882245
-0.972728 -3.879923
-0.072785 -3.999338
3.266418 2.308790
-1.275571 -3.791163
-3.999822 -0.037785
3.907378 -0.855801
-1.146996 -3.832023
-2.285606 -3.282683
-0.491128 -3.969735
3.225166 -2.366073
3.934589 0.720425
3.998337 0.115330
-3.924992 0.771000
-1.682927 -3.628740
0.034037 -3.999855
-0.307889 -3.988133
0.897246 3.898070
-3.679521 1.568796
-1.159683 -3.828203
-1.685253 -3.627661
-1.539942 -3.691690
-3.973894 0.456257
-2.595941 -3.043204
-2.128829 -3.386456
2.727334 2.926029
3.761267 1.361201
3.564203 -1.815615
2.139962 3.379432
3.978902 -0.410294
-2.200267 -3.340483
2.554704 -3.077903
-2.461563 -3.152889
-0.571231 -3.959002
-1.741292 -3.601097
-0.001999 -4.000000
-1.411752 -3.742587
3.518438 1.902787
-1.125433 -3.838411
-1.272629 -3.792152
0.055099 -3.999620
-3.849788 1.085878
3.729211 -1.446715
0.257142 3.991726
2.962944 -2.687185
-1.119868 -3.840039
-0.704061 -3.937550
0.501654 -3.968418
1.097119 3.846600
-1.031858 -3.864618
0.462002 -3.973230
-3.898158 -0.896862
2.368213 -3.223596
-1.239882 -3.802985
1.318219 3.776546
-1.119079 -3.840269
0.448924 -3.974729
-3.999891 0.029543
0.295261 -3.989088
2.851872 -2.804787
3.261680 -2.315479
3.912115 0.833879
-1.352194 -3.764515
-2.790237 -2.866109
-3.380347 -2.138516
-3.805965 -1.230703
-3.874244 -0.995104
1.106880 3.843802
-2.295562 -3.275728
-2.107340 3.399870
3.838357 1.125617
-2.624103 -3.018954
-3.586918 -1.770317
-3.699534 1.521003
0.764978 3.926170
0.043461 -3.999764
-1.959721 -3.487047
-3.873617 -0.997541
2.261005 -3.299675
-0.853653 -3.907848
1.706884 3.617533
-3.953518 -0.608023
0.503960 3.968126
1.891734 3.524393
-3.891354 0.925941
-0.942474 -3.887382
0.477737 -3.971368
3.847917 -1.092489
-3.295382 2.267257
1.670507 3.634475
-1.711066 -3.615557
3.997279 0.147516
-0.664435 -3.944430
-3.291302 -2.273176
2.203977 -3.338036
3.043034 -2.596141
3.957542 -0.581259
2.443918 -3.166585
-3.100909 -2.526730
2.025596 -3.449197
3.930986 -0.739830
3.235005 2.352603
-2.896084 -2.759112
-2.617601 -3.024594
3.311691 -2.243369
3.910932 -0.839410
1.758830 -3.592564
-3.545323 -1.852211
-1.845153 -3.549001
3.985465 0.340694
-1.009061 -3.870633
-0.653395 -3.946274
0.570887 -3.959051
1.742247 3.600635
-0.420086 -3.977880
-1.779510 -3.582366
3.399033 2.108691
2.865884 2.790467
-3.575236 1.793791
-3.868717 1.016380
0.036213 -3.999836
-3.998929 0.092558
-3.715434 1.481739
-2.235846 -3.316774
-3.591919 -1.760147
-1.771741 3.586214
-0.210926 3.994435
3.991460 -0.261246
-3.024056 -2.618221
3.884706 0.953445
0.377069 -3.982188
3.930030 0.744895
-2.183988 -3.351149
3.803817 1.237327
0.408676 3.979068
-3.463479 -2.001078
1.299671 -3.782969
-1.486967 -3.713345
-1.944913 -3.495327
0.328209 -3.986512
-0.964568 -3.881959
-0.591164 -3.956074
-0.941175 -3.887697
-2.512267 -3.112638
0.940854 -3.887775
2.003659 -3.461986
0.245402 -3.992465
2.084213 3.414097
-1.282911 -3.788686
3.241434 2.343737
0.966020 3.881598
1.717049 -3.612720
-3.914839 0.820999
-3.571004 -1.802201
-1.698571 -3.621444
-1.620837 -3.656896
3.239751 2.346063
3.661424 1.610581
1.132190 3.836424
3.344372 -2.194352
3.430378 2.057306
-3.816812 -1.196639
0.081474 -3.999170
-1.743063 -3.600240
2.190489 -3.346903
-3.792854 -1.270536
-2.790711 -2.865647
2.027934 -3.447823
-1.310083 -3.779376
-1.770178 -3.586986
-3.822672 -1.177786
-3.068082 -2.566490
0.514108 -3.966824
-0.021879 -3.999940
3.477173 -1.977187
-1.679500 -3.630328
-1.147600 -3.831842
-2.568583 -3.066331
2.970666 2.678645
-0.979692 -3.878170
-1.696761 -3.622293
-3.798568 -1.253349
-0.445551 -3.975108
2.271424 -3.292511
3.935449 -0.715712
1.715321 -3.613540
3.686273 1.552865
-1.063680 -3.855981
3.400297 -2.106652
-0.105937 -3.998597
0.236137 -3.993024
-0.309258 -3.988027
0.787472 3.921720
3.713226 1.487264
-3.951843 0.618822
0.300847 -3.988670
1.729239 -3.606901
3.002630 2.642766
-0.615386 -3.952379
3.975816 0.439188
-1.937575 -3.499400
2.983395 -2.664462
2.105356 -3.401099
-0.997180 -3.873710
3.994113 -0.216930
-1.939349 -3.498417
-1.713268 -3.614514
-0.729443 -3.932927
-1.221395 -3.808962
-2.503192 -3.119941
-3.061436 -2.574414
3.248902 -2.333374
0.776620 -3.923883
-0.431370 -3.976672
-3.031670 -2.609402
0.620235 -3.951621
-3.998912 0.093268
1.766763 -3.588669
3.996016 -0.178480
-3.696432 -1.528525
-1.661308 -3.638689
2.963525 -2.686544
3.860293 1.047922
-0.972187 -3.880058
1.803203 3.570499
-3.034839 -2.605716
-0.815606 -3.915966
-2.562684 -3.071262
3.611444 -1.719730
-0.804929 3.918174
3.205379 -2.392811
3.870322 1.010251
0.692743 -3.939557
-3.969209 0.495362
-1.984401 -3.473061
-0.012845 -3.999979
3.869340 -1.014005
-3.435601 2.048572
-3.504505 -1.928328
-2.567295 -3.067409
1.438713 3.732306
2.392699 3.205462
3.889866 -0.932171
0.580216 -3.957695
-1.217792 3.810116
2.832579 2.824269
-3.828322 1.159287
-3.430820 -2.056569
3.821030 -1.183103
1.566108 3.680666
-2.292823 3.277646
-1.843580 -3.549819
-0.943876 -3.887042
0.578617 -3.957929
-2.775500 -2.880382
3.304963 -2.253268
-1.434459 -3.733943
-1.692808 -3.624141
-2.924936 -2.728507
-2.508855 -3.115388
-3.367904 -2.158059
-3.757422 -1.371781
-3.037650 -2.602437
-0.908553 -3.895450
-2.461139 -3.153220
-1.108808 -3.843247
-1.396780 -3.748200
1.715418 -3.613494
-2.998361 -2.647609
-3.447900 2.027803
-3.186177 -2.418320
-0.370810 -3.982775
-1.387048 -3.751812
-2.805144 -2.851520
-3.635951 -1.667292
-3.066333 -2.568579
-3.667332 -1.597083
-2.836635 -2.820195
-2.408710 3.193449
-3.273653 -2.298520
-2.742403 -2.911911
-3.877687 0.981601
-3.686837 -1.551526
-3.205051 -2.393251
1.505227 -3.705981
-2.434230 -3.174039
-3.814175 -1.205018
-3.948546 -0.639518
-1.108863 3.843231
-3.971239 0.478815
-0.402176 -3.979730
-2.326215 -3.254032
-3.248162 -2.334404
-3.863254 1.036951
2.851692 -2.804970
-3.806161 -1.230097
-0.571540 -3.958957
-3.501354 -1.934043
2.317937 -3.259933
-2.739808 -2.914353
-3.528522 -1.884019
-1.574733 3.676985
-0.576306 -3.958266
-0.437456 -3.976007
-3.947761 -0.644347
-3.908875 0.848939
-3.500202 -1.936126
0.643190 -3.947950
-3.957852 0.579142
-3.801099 -1.245650
-3.710694 1.493569
-2.835232 -2.821606
-1.593656 -3.668823
-2.509719 -3.114693
-3.753161 -1.383395
-0.963233 3.882291
-2.195357 -3.343711
-3.055264 -2.581736
-3.067053 -2.567720
-1.107167 -3.843720
-0.955993 -3.884080
-0.357650 -3.983979
1.269873 -3.793076
-3.440564 2.040225
-2.914514 -2.739636
-3.273305 -2.299016
-3.851031 -1.081463
-3.663969 -1.604785
0.131407 3.997841
0.400230 -3.979927
-1.919249 -3.509485
-3.409100 -2.092376
0.742765 -3.930433
-0.302155 -3.988571
-3.128840 -2.492059
0.372802 -3.982589
-3.696977 -1.527207
-3.859562 1.050611
-3.989105 0.295026
3.846545 -1.097312
-3.170060 -2.439409
-3.999148 0.082543
-2.709572 -2.942486
-3.832921 -1.143992
-2.744237 -2.910183
1.444005 -3.730261
-2.521289 -3.105335
-0.588661 -3.956448
-0.988403 3.875959
-3.998858 0.095562
-3.417612 -2.078444
-3.852876 -1.074871
-0.037199 -3.999827
-3.970089 0.488257
-3.952208 0.616485
3.386105 -2.129389
-3.926370 -0.763951
-3.329712 -2.216532
-2.130892 -3.385159
-3.408203 -2.093837
-3.529396 -1.882383
-2.774270 2.881567
-3.956027 -0.591483
0.853454 -3.907892
-3.278949 -2.290959
-3.391589 2.120642
-2.175380 -3.356743
1.161947 -3.827516
-1.244009 3.801637
-3.233822 -2.354229
-3.988156 -0.307595
-3.999958 0.018387
0.154896 -3.997000
-0.236554 3.992999
-3.331992 -2.213104
-1.604221 -3.664216
-2.799327 2.857231
-2.896925 -2.758229
-2.837554 -2.819271
-3.206655 -2.391100
-2.718609 -2.934138
-3.000577 -2.645097
-3.951097 0.623564
-3.446807 -2.029661
-3.784829 1.294245
-2.097173 -3.406151
-3.085446 -2.545589
-1.714279 -3.614035
-1.561938 3.682438
-2.413192 -3.190063
-1.560945 -3.682859
-2.697241 -2.953792
-3.740415 -1.417496
-3.170086 2.439376
-1.085352 -3.849937
-1.857531 -3.542538
-0.979776 -3.878149
-2.147166 -3.374860
-0.999996 3.872984
2.314614 -3.262294
-0.430445 3.976772
2.668473 -2.979807
-2.824423 2.832425
-3.859077 1.052390
-3.986922 0.323197
0.059894 -3.999552
-3.539606 -1.863113
-3.931108 0.739181
2.535829 -3.093473
2.292065 -3.278176
-3.822618 -1.177961
-3.460120 -2.006880
-2.978396 -2.670048
-3.988954 0.297057
-3.477492 1.976625
-3.315552 2.237658
-0.540457 -3.963320
-3.567430 1.809266
-3.623394 -1.694407
-3.106296 -2.520104
-3.069490 2.564806
-3.394242 -2.116393
-3.987516 -0.315781
-3.021548 -2.621116
-3.994737 0.205118
-2.501576 -3.121237
-2.881058 2.774798
-1.271427 -3.792555
1.351845 -3.764640
-2.779646 -2.876381
-2.681249 -2.968317
-3.040268 -2.599379
-2.548961 -3.082661
-2.517800 3.108164
-0.597676 -3.955096
-2.994915 2.651506
-3.518907 -1.901919
-3.671171 -1.588240
-3.002832 -2.642537
-2.516994 -3.108817
-1.810873 -3.566615
-3.897839 0.898251
-3.059342 -2.576903
3.697302 -1.526420
-3.999820 -0.037998
-1.677054 -3.631458
-3.700410 -1.518869
-3.732007 -1.439488
-3.852766 -1.075264
-1.176786 3.822980
-3.192838 2.409519
-3.693095 -1.536570
-2.281421 -3.285593
-3.781504 -1.303928
-3.195683 2.405745
-3.284456 -2.283057
-3.722900 -1.462879
-3.492458 -1.950061
-2.967159 -2.682530
-3.575881 1.792505
-2.216285 -3.329877
-0.677176 -3.942262
-2.541636 -3.088703
-0.450448 -3.974556
-2.595979 3.043172
-3.998552 0.107627
-3.834343 -1.139217
-3.359839 -2.170595
-1.957667 3.488200
-2.392530 -3.205589
-3.028887 -2.612631
-3.990972 -0.268601
-3.147220 -2.468807
-0.004756 -3.999997
-3.054571 -2.582556
-2.067653 -3.424151
-1.210040 3.812585
-3.692822 1.537227
-3.999982 -0.012111
-3.133612 -2.486056
-1.341650 -3.768285
-3.079468 -2.552817
-2.365933 3.225269
-3.950036 0.630248
-3.997813 -0.132255
-3.176892 -2.430505
-3.835876 -1.134043
-3.956887 -0.585702
0.138403 -3.997605
-3.988034 0.309166
-2.920375 -2.733388
-3.004101 -2.641094
-3.984256 -0.354553
-2.806356 -2.850327
-2.146951 -3.374996
-2.512587 -3.112379
-0.694780 -3.939198
-0.784478 -3.922320
-2.275739 -3.289530
-3.332680 -2.212067
-3.917064 0.810316
-2.154878 -3.369941
-2.591788 3.046742
-3.138994 -2.479257
-3.297605 -2.264023
-3.347207 -2.190024
-2.973710 2.675266
-3.494539 -1.946328
-3.555253 -1.833077
-1.831336 3.556151
-3.916023 -0.815331
-1.922255 -3.507839
-3.901918 0.880359
-3.911932 0.834740
-2.247576 -3.308837
-3.982934 -0.369108
-2.430236 -3.177098
-3.353373 2.180571
-1.344667 -3.767210
-3.093048 -2.536346
-3.651467 1.633031
-1.781696 -3.581279
-3.986127 -0.332856
0.356195 -3.984109
-3.157505 2.455639
-0.479416 -3.971166
-3.496024 -1.943661
-0.960708 -3.882916
-3.789115 -1.281643
-3.234685 -2.353043
-0.880796 -3.901820
0.183891 -3.995771
-1.872417 -3.534693
-2.467816 3.147997
-1.282922 -3.788682
-3.893789 -0.915645
-2.791372 -2.865003
-3.705020 -1.507589
-3.812151 1.211407
-2.636714 -3.007946
-2.633557 -3.010711
-2.316862 -3.260698
-2.726467 2.926838
-3.541490 -1.859528
-1.791680 -3.576295
3.616747 -1.708550
-3.932815 -0.730046
-2.796158 -2.860332
1.104762 -3.844412
1.545829 -3.689229
-3.378004 2.142216
-3.764193 1.353089
-3.818453 -1.191392
-3.994726 0.205339
-1.500795 -3.707778
-0.680553 -3.941681
-3.515388 -1.908414
-3.997587 -0.138931
-3.102362 2.524945
-3.081363 -2.550529
-2.687180 -2.962949
-3.297074 2.264796
-3.248004 -2.334625
-3.685815 -1.553951
-2.684496 -2.965380
-3.999764 0.043433
-3.949926 0.630939
-2.895406 -2.759824
-3.096631 -2.531970
1.339042 -3.769213
-2.606772 -3.033931
-3.624931 1.691118
-2.717189 2.935453
-3.959484 0.567879
-3.999661 0.052064
-1.983174 -3.473762
-1.117006 -3.840872
-2.889965 -2.765520
-3.823602 1.174763
-2.023409 -3.450481
-2.570095 -3.065063
-3.999983 0.011788
-3.745171 1.404882
3.728410 -1.448778
-1.862046 -3.540167
-1.726496 -3.608214
-3.750859 -1.389625
-3.301148 -2.258854
-3.909684 -0.845204
-3.869129 1.014810
-3.921524 0.788449
-3.979679 -0.402681
-0.059925 -3.999551
-2.889344 -2.766169
-2.787644 2.868631
-3.239742 2.346076
-3.593976 1.755943
0.141058 -3.997512
-2.558956 -3.074369
-2.814247 -2.842537
-3.091892 2.537755
-3.838714 -1.124399
-3.569990 1.804210
3.684070 -1.558084
-2.911851 -2.742467
-3.686855 -1.551483
1.835288 -3.554113
1.409654 -3.743377
-3.434953 -2.049657
-3.324637 -2.224137
-1.157350 -3.828909
-3.884672 0.953587
-3.892184 0.922443
-2.337580 -3.245878
-0.282026 -3.990045
-1.321333 -3.775457
-3.983629 -0.361527
-3.929820 -0.746000
-2.802719 -2.853904
-3.742306 1.412496
-1.350108 3.765264
-0.578718 -3.957914
-2.241485 -3.312966
-0.924864 3.891610
-2.727044 -2.926300
-2.643895 -3.001637
-1.609547 3.661879
-2.796951 -2.859556
-2.901863 2.753033
2.679754 -2.969666
-3.713144 -1.487468
-3.497567 -1.940883
-3.927045 -0.760473
-1.022646 -3.867066
-3.937336 0.705255
-2.018013 3.453639
-3.400727 -2.105957
-1.801281 -3.571468
-2.451071 3.161052
-3.249574 2.332439
-3.828023 1.160277
-3.420343 -2.073947
-1.288365 -3.786834
-3.496196 -1.943351
-3.049865 -2.588111
-3.987854 -0.311476
-1.772868 -3.585658
-3.050459 -2.587411
-2.675339 -2.973644
-3.943088 -0.672353
-3.286030 2.280791
0.743954 -3.930208
-3.968994 0.497075
-3.731876 -1.439827
-3.248690 2.333669
3.913800 0.825935
-3.174310 -2.433876
-3.367321 -2.158969
-3.864114 1.033743
-1.570232 -3.678909
-3.056951 -2.579739
1.570662 -3.678725
-2.114194 -3.395612
-1.919400 -3.509402
-2.570821 -3.064454
-2.054425 -3.432104
-3.765464 -1.349549
0.770251 -3.925139
-3.857116 -1.059553
-3.999803 -0.039668
-3.887671 0.941281
-3.338921 2.202636
-3.175543 -2.432267
3.765879 -1.348389
-3.255330 -2.324399
-3.130989 -2.489359
-3.334255 2.209693
-3.806683 1.228480
2.347979 -3.238363
-3.865774 -1.027516
-2.399566 -3.200325
-3.677200 -1.574229
3.569252 -1.805668
3.723346 -1.461744
-3.274145 -2.297820
-2.300131 3.272522
-3.922695 -0.782603
-3.073370 -2.560156
-1.725170 -3.608849
-3.706532 1.503869
-2.243551 3.311567
-3.956457 0.588601
-2.378646 -3.215905
-1.425575 -3.737343
-3.024147 -2.618117
-3.533995 -1.873734
-2.497479 3.124515
-2.914820 -2.739311
-3.136969 -2.481819
-2.309246 -3.266096
-3.373774 2.148871
-3.980028 0.399220
-3.678088 1.572154
-3.960675 0.559514
-2.818051 -2.838765
-3.831722 -1.148000
-3.124418 -2.497602
-2.922134 -2.731508
-2.154623 -3.370104
-3.319405 2.231939
3.689675 -1.544765
-3.410325 2.090379
-3.597435 -1.748846
-1.022533 -3.867095
-3.420010 -2.074495
-3.627756 1.685047
3.913248 -0.828545
3.758782 -1.368050
-2.757992 -2.897151
-3.187910 -2.416035
-3.212031 2.383874
-3.996686 0.162793
-3.508650 1.920775
-1.290306 -3.786173
-2.477780 -3.140160
-3.984391 -0.353022
-1.480219 -3.716040
-2.413504 3.189827
-3.760494 -1.363336
-2.126070 -3.388189
-3.918784 0.801953
-2.123779 3.389626
-3.968200 0.503376
-2.848051 -2.808666
-3.931367 -0.737801
3.008545 -2.636030
-3.984644 -0.350159
-2.745642 2.908857
-3.836996 -1.130247
-3.958443 -0.575088
-1.686673 -3.627001
-3.302778 -2.256470
-2.831342 -2.825509
-2.285112 -3.283027
1.641552 -3.647644
-3.513729 -1.911468
-3.872436 -1.002116
2.603212 -3.036986
-1.383174 3.753242
-2.847010 -2.809722
-3.001954 -2.643534
-3.107567 -2.518537
-0.191402 -3.995418
-3.285338 -2.281787
-1.985423 -3.472477
1.286876 -3.787341
-2.035801 -3.443184
-1.404907 -3.745162
