-3.705535 -1.506324
3.286035 -2.280783
-2.169293 -3.360679
0.264561 -3.991241
2.103083 -3.402505
-2.478705 -3.139430
1.664233 -3.637352
1.697168 -3.622102
3.330813 -2.214879
3.169565 -2.440053
3.389204 -2.124452
1.955165 -3.489603
2.105379 -3.401085
3.002242 -2.643207
3.610486 -1.721741
-0.233291 -3.993191
0.794944 -3.920212
2.612909 -3.028648
-0.941206 -3.887690
1.301525 -3.782332
-2.040174 -3.440594
-2.473502 -3.143531
2.437847 -3.171262
1.632526 -3.651693
-1.650109 -3.643781
1.493362 -3.710777
2.219612 -3.327660
-1.567855 -3.679923
3.192263 -2.410282
1.799323 -3.572455
3.160991 -2.451150
-0.102192 -3.998694
-0.255947 -3.991803
3.633701 -1.672189
3.173800 -2.434542
-0.390563 -1.112187
1.404364 -3.745365
3.271158 -2.302070
-1.922247 -3.507843
0.904002 -3.896509
3.205789 -2.392262
-3.144726 -2.471982
3.209919 -2.386718
2.953136 -2.697960
-2.204566 -3.337647
1.533765 -3.694261
1.314937 -3.777690
-1.283175 -3.788596
-1.178421 -3.822476
3.307971 -2.248850
1.509477 -3.704252
0.968916 -3.880876
-3.088628 -2.541728
-2.465219 -3.150031
-1.081494 -3.851022
2.461897 -3.152628
3.171378 -2.437697
2.251728 -3.306013
1.052799 -3.858965
2.108281 -3.399287
3.187416 -2.416688
0.214230 -3.994259
1.311179 -3.778996
2.460953 -3.153365
0.726172 -3.933532
1.883522 -3.528788
2.159456 -3.367009
1.975340 -3.478222
3.425123 -2.066042
0.925701 -3.891411
2.316282 -3.261110
3.026147 -2.615805
-3.518572 -1.902539
-0.637205 -3.948920
2.200168 -3.340548
-2.653008 -2.993585
2.904989 -2.749734
-3.547926 -1.847219
0.362185 -3.983569
0.999463 -3.873122
3.440267 -2.040727
3.442427 -2.037080
0.952733 -3.884881
3.625346 -1.690227
0.306876 -3.988211
0.860008 -3.906454
1.570056 -3.678984
1.393838 -3.749295
1.388690 -3.751205
-2.493885 -3.127385
2.189715 -3.347409
-3.706263 -1.504532
-1.313323 -3.778251
-3.483815 -1.965461
2.747893 -2.906730
1.493111 -3.710879
3.409898 -2.091075
-3.150438 -2.464699
3.000120 -2.645615
-3.651286 -1.633436
3.449519 -2.025048
-3.364584 -2.163232
-0.859264 -3.906618
1.179764 -3.822062
0.750428 -3.928977
3.364542 -2.163298
3.016185 -2.627285
1.611464 -3.661036
2.153446 -3.370856
2.784393 -2.871787
2.384495 -3.211570
2.282786 -3.284644
1.450706 -3.727661
3.114205 -2.510325
2.873655 -2.782464
-0.058388 -3.999574
3.770200 -1.336259
1.598811 -3.666579
-1.617460 -3.658391
1.477858 -3.716979
-0.957537 -3.883700
1.450227 -3.727847
2.233861 -3.318112
3.126378 -2.495148
-2.118629 -3.392847
3.599127 -1.745361
1.119019 -3.840286
2.376741 -3.217313
1.144109 -3.832886
-0.116557 -3.998301
1.689932 -3.625483
2.505825 -3.117826
2.113428 -3.396089
2.268776 -3.294337
-3.980679 -0.392680
0.854924 -3.907570
1.853305 -3.544751
1.729020 -3.607005
3.596161 -1.751465
-0.762498 -3.926652
1.455635 -3.725738
0.293462 -3.989220
1.303711 -3.781579
1.721087 -3.610798
-2.051421 -3.433901
1.424986 -3.737568
0.155914 -3.996960
-2.092662 -3.408925
2.191220 -3.346424
0.787619 -3.921691
1.660628 -3.638999
2.942764 -2.709270
1.594536 -3.668440
2.515093 -3.110355
3.101434 -2.526085
2.548717 -3.082862
2.701417 -2.949974
0.099034 -3.998774
3.142070 -2.475357
2.060296 -3.428583
1.880205 -3.530556
1.963908 -3.484690
2.729196 -2.924293
0.023775 -3.999929
1.793437 -3.575414
2.025121 -3.449476
-3.426281 -2.064122
0.410937 -3.978835
2.694707 -2.956104
-1.404356 -3.745368
-3.381331 -2.136960
0.557993 -3.960889
-2.362317 -3.227918
3.515918 -1.907438
-3.574349 -1.795558
-3.223382 -2.368503
-1.985780 -3.472273
2.660739 -2.986715
-1.908107 -3.515555
0.333684 -3.986058
-3.145725 -2.470712
0.979862 -3.878127
-0.125508 -3.998030
3.142451 -2.474874
3.481564 -1.969445
2.847461 -2.809264
-2.626792 -3.016615
1.263728 -3.795127
2.356695 -3.232026
1.748936 -3.597391
0.490534 -3.969808
-0.379420 -3.981964
2.005303 -3.461034
0.206837 -3.994649
1.483549 -3.714712
1.994710 -3.467150
0.964167 -3.882059
2.798129 -2.858404
1.346069 -3.766709
1.871111 -3.535385
2.560735 -3.072887
1.567769 -3.679959
2.456628 -3.156736
-2.807140 -2.849556
3.191283 -2.411578
-1.580612 -3.674461
1.541565 -3.691013
1.002043 -3.872455
-2.848488 -2.808222
3.623657 -1.693845
3.396623 -2.112570
3.432511 -2.053745
-3.453656 -2.017984
1.354540 -3.763671
0.602024 -3.954436
3.424437 -2.067180
-3.998305 0.116432
2.861961 -2.794491
1.487937 -3.712956
3.408528 -2.093308
-2.494533 -3.126868
3.298845 -2.262216
-3.686601 -1.552087
2.351627 -3.235715
2.791179 -2.865191
0.406166 -3.979325
2.643967 -3.001572
-0.706943 -3.937033
3.140157 -2.477784
0.647850 -3.947188
-0.373219 -3.982550
1.899604 -3.520157
3.660741 -1.612133
0.909471 -3.895236
3.330649 -2.215125
1.665858 -3.636608
0.337987 -3.985695
3.454400 -2.016710
-3.425187 -2.065936
1.561204 -3.682749
3.262285 -2.314627
0.845935 -3.909526
-0.087371 -3.999046
2.582886 -3.054292
-2.770080 -2.885594
-3.485101 -1.963179
-2.346076 -3.239742
3.073306 -2.560233
1.577801 -3.675669
-0.254222 -3.991913
3.194659 -2.407104
2.317017 -3.260588
-3.820021 -1.186356
0.839266 -3.910963
1.434878 -3.733782
2.048933 -3.435386
2.736266 -2.917678
2.506301 -3.117444
0.654666 -3.946063
1.370064 -3.758048
2.006581 -3.460294
2.896959 -2.758193
-0.191297 -3.995423
0.915433 -3.893839
-1.270446 -3.792884
2.303146 -3.270400
3.213910 -2.381341
2.452109 -3.160247
2.942861 -2.709164
2.157638 -3.368174
-0.671327 -3.943263
-2.831536 -2.825314
-2.130294 -3.385535
2.179382 -3.354146
-0.827505 -3.913468
2.734578 -2.919261
2.756895 -2.898195
2.689539 -2.960808
0.143782 -3.997415
1.779988 -3.582128
1.808259 -3.567941
1.449295 -3.728209
0.239005 -3.992853
2.030248 -3.446461
2.945909 -2.705849
-3.172656 -2.436033
2.618976 -3.023403
2.624694 -3.018440
-0.403371 -3.979610
2.730250 -2.923309
1.473878 -3.718559
3.345784 -2.192197
3.156712 -2.456658
1.667481 -3.635864
-3.268917 -2.305250
-2.106875 -3.400158
2.633462 -3.010794
1.231093 -3.805839
3.477767 -1.976142
3.753595 -1.382217
-2.381085 -3.214099
0.672344 -3.943089
2.736293 -2.917654
0.322971 -3.986940
0.681105 -3.941585
2.707637 -2.944266
2.804501 -2.852153
1.588613 -3.671009
2.162294 -3.365187
2.632983 -3.011212
0.695597 -3.939054
2.342516 -3.242317
1.453658 -3.726510
1.801303 -3.571457
2.866022 -2.790326
3.793074 -1.269879
1.601592 -3.665365
3.914284 -0.823640
1.453451 -3.726591
0.844582 -3.909819
-0.044495 -3.999753
1.736817 -3.603258
2.290462 -3.279296
-0.808653 -3.917407
-2.445356 -3.165475
1.795494 -3.574381
1.186782 -3.819889
-1.927598 -3.504906
3.867893 -1.019511
-0.009813 -3.999988
3.826317 -1.165889
2.771512 -2.884220
-2.342443 -3.242370
-1.916454 -3.511012
0.244709 -3.992508
-0.320499 -3.987139
3.138731 -2.479591
3.022243 -2.620315
-1.071228 -3.853890
2.394719 -3.203954
-1.870129 -3.535904
-2.558586 -3.074676
-2.640875 -3.004294
0.560647 -3.960514
-3.744224 -1.407405
3.391106 -2.121414
2.443408 -3.166979
-3.305964 -2.251799
2.490840 -3.129811
-0.191630 -3.995407
1.854741 -3.544000
0.409621 -3.978971
2.670995 -2.977547
3.058538 -2.577856
1.071017 -3.853949
-0.821570 -3.914719
2.288759 -3.280485
2.231419 -3.319754
0.782819 -3.922652
-2.617206 -3.024935
-3.811080 -1.214771
2.073970 -3.420329
-2.672387 -2.976297
0.382432 -3.981676
1.240166 -3.802892
-2.808421 -2.848292
0.822477 -3.914528
-0.007926 -3.999992
0.551838 -3.961752
3.045698 -2.593014
2.746183 -2.908347
-2.128600 -3.386601
-2.724831 -2.928360
2.681188 -2.968372
3.641700 -1.654696
2.288623 -3.280580
0.648849 -3.947024
-3.446415 -2.030326
-3.419519 -2.075305
0.549988 -3.962009
1.728931 -3.607048
-1.733164 -3.605016
1.408475 -3.743821
1.841874 -3.550704
1.098724 -3.846142
3.993704 -0.224332
-1.367713 -3.758904
2.488177 -3.131929
-3.701823 -1.515423
3.488124 -1.957803
2.805170 -2.851495
2.277919 -3.288022
2.893797 -2.761511
-3.425556 -2.065324
3.122812 -2.499609
2.276482 -3.289017
0.664146 -3.944478
3.423763 -2.068296
-0.906305 -3.895974
-2.702689 -2.948809
-0.467870 -3.972543
2.321960 -3.257070
1.352162 -3.764526
-1.958531 -3.487715
2.249318 -3.307653
-2.667340 -2.980821
0.653651 -3.946231
2.307960 -3.267005
1.504157 -3.706415
2.735807 -2.918109
-1.110609 -3.842727
2.178580 -3.354666
3.090175 -2.539846
1.028666 -3.865468
1.042225 -3.861835
0.040103 -3.999799
0.835956 -3.911672
-3.034516 -2.606092
-2.111597 -3.397228
-2.765626 -2.889864
2.997957 -2.648066
2.135257 -3.382407
1.625429 -3.654857
2.940750 -2.711455
2.502113 -3.120806
-2.872003 -2.784169
0.940505 -3.887859
0.355628 -3.984160
3.022796 -2.619676
1.621456 -3.656621
3.015144 -2.628479
-3.993546 -0.227129
0.631958 -3.949763
3.035184 -2.605313
-2.622137 -3.020661
0.368603 -3.982980
0.321177 -3.987085
-2.893109 -2.762231
3.218850 -2.374659
1.476293 -3.717601
2.382221 -3.213257
-0.095401 -3.998862
-2.056117 -3.431091
-2.272195 -3.291980
0.405093 -3.979435
-2.874002 -2.782105
2.629010 -3.014682
1.417872 -3.740273
-3.353416 -2.180504
0.208957 -3.994538
3.227246 -2.363235
-1.172462 -3.824308
-1.857958 -3.542314
-0.682509 -3.941343
-2.547327 -3.084011
-2.509119 -3.115176
-3.039978 -2.599718
0.783119 -3.922592
3.839750 -1.120857
-1.130189 -3.837014
1.354788 -3.763582
2.866228 -2.790114
1.838227 -3.552594
2.762615 -2.892742
2.708484 -2.943487
-0.200172 -3.994988
-2.483365 -3.135745
3.467338 -1.994384
-2.277810 -3.288097
2.926008 -2.727358
2.819959 -2.836870
3.052931 -2.584494
-1.596745 -3.667479
1.786589 -3.578841
3.048907 -2.589240
2.380677 -3.214402
3.560554 -1.822760
0.218107 -3.994049
2.214647 -3.330966
3.865696 -1.027810
3.080162 -2.551980
2.911577 -2.742757
1.194424 -3.817506
1.969548 -3.481506
2.443097 -3.167219
2.108913 -3.398895
2.953851 -2.697177
-0.017068 -3.999964
-2.773350 -2.882452
3.550326 -1.842604
1.175844 -3.823270
2.615813 -3.026140
3.849721 -1.086115
2.226789 -3.322862
1.311200 -3.778989
3.387979 -2.126404
1.181988 -3.821375
1.755184 -3.594347
1.761225 -3.591391
1.230544 -3.806017
-0.628142 3.950372
2.046240 3.436990
0.074606 3.999304
0.298401 3.988854
1.258794 3.796767
0.717538 3.935116
1.016287 3.868742
0.671749 3.943191
2.110371 3.397989
0.840787 3.910636
0.152264 3.997101
0.060000 3.999550
1.549869 3.687534
1.972400 3.479891
-0.075776 3.999282
-0.950737 3.885370
0.309607 3.988000
1.621075 3.656790
0.161752 3.996728
2.546466 3.084722
1.505806 3.705745
-1.196452 3.816871
1.935280 3.500670
0.698414 3.938555
-0.996866 3.873791
1.362145 3.760926
0.731229 3.932595
-0.275241 3.990519
1.090028 3.848615
0.470416 3.972242
-0.083115 3.999136
-0.438431 3.975900
0.207188 3.994631
2.484369 3.134950
-0.831002 3.912727
-0.480405 3.971047
1.289768 3.786357
-2.433294 3.174757
0.514819 3.966732
0.693925 3.939349
0.791592 3.920890
0.271816 3.990754
0.543504 3.962903
-0.138024 3.997618
0.903830 3.896549
0.781341 3.922946
-0.006619 3.999995
0.323145 3.986926
1.308624 3.779881
0.501881 3.968390
3.380602 2.138114
1.854660 3.544042
2.384939 3.211240
0.464577 3.972929
-1.277857 3.790393
-2.360646 3.229141
0.506311 3.967827
0.280832 3.990130
-0.537146 3.963770
-1.457178 3.725135
-1.314214 3.777941
-0.130439 3.997873
-1.039102 3.862676
-1.613040 3.660342
-1.422897 3.738364
2.126114 3.388161
2.359082 3.230283
-1.414991 3.741364
1.364349 3.760126
1.055700 3.858173
0.653326 3.946285
-1.289132 3.786573
2.573002 3.062623
0.978732 3.878413
0.766341 3.925904
1.054872 3.858399
0.459486 3.973521
1.933670 3.501560
-1.519014 3.700351
0.635616 3.949176
0.872581 3.903665
-1.164252 3.826816
0.960108 3.883065
-0.309762 3.987988
2.076412 3.418847
1.108767 3.843258
0.916166 3.893667
-2.237956 3.315351
1.558636 3.683837
0.446002 3.975057
-0.813810 3.916339
-0.134282 3.997745
1.688676 3.626069
0.359608 3.983802
1.476464 3.717533
-1.535885 3.693380
1.128795 3.837424
-0.177490 3.996060
1.945749 3.494862
1.059900 3.857021
-0.077038 3.999258
1.241678 3.802399
-0.941344 3.887656
3.236677 2.350302
2.285687 3.282626
0.621375 3.951442
-2.609918 3.031225
2.668081 2.980159
-0.571817 3.958917
1.477889 3.716967
0.952440 3.884953
0.191171 3.995429
1.080578 3.851279
1.405775 3.744836
1.539904 3.691706
0.460182 3.973441
-0.649130 3.946977
-0.163999 3.996637
-1.211663 3.812069
-0.492468 3.969569
-0.805850 3.917985
1.489595 3.712291
1.026368 3.866079
2.558606 3.074660
-0.986771 3.876375
2.272754 3.291594
-0.379342 3.981972
2.396793 3.202403
-0.502394 3.968325
2.185438 3.350203
-0.163253 3.996667
0.585084 3.956978
-0.003874 3.999998
-0.625970 3.950717
0.785781 3.922059
1.889936 3.525357
0.942640 3.887342
2.574323 3.061513
-0.822444 3.914535
-0.367335 3.983097
-0.161216 3.996750
1.253577 3.798492
0.518487 3.966254
0.162585 3.996694
2.152813 3.371260
0.179721 3.995961
0.226644 3.993574
-0.047873 3.999714
2.364476 3.226337
-0.452461 3.974328
-0.727528 3.933282
-1.397624 3.747886
-1.244608 3.801441
-1.371837 3.757401
0.731337 3.932575
1.029771 3.865174
1.613439 3.660166
-0.350037 3.984655
0.950602 3.885403
-0.892001 3.899274
1.643711 3.646672
0.562537 3.960246
-2.529566 3.098596
3.033383 2.607410
1.072624 3.853502
0.253411 3.991965
1.873940 3.533886
0.465484 3.972823
-0.831671 3.912585
0.692727 3.939559
-1.110800 3.842671
-0.824923 3.914013
0.546679 3.962467
0.508504 3.967546
0.876845 3.902710
1.237128 3.803882
2.059250 3.429211
1.007755 3.870973
1.412242 3.742402
-0.086014 3.999075
1.387307 3.751717
-1.322931 3.774898
1.015980 3.868822
1.367738 3.758895
1.886477 3.527209
-0.633505 3.949515
-0.818817 3.915296
0.574315 3.958556
0.414739 3.978441
-0.275796 3.990481
1.220770 3.809163
1.709314 3.616386
0.295420 3.989076
-0.794684 3.920265
0.075729 3.999283
2.351148 3.236063
-0.463876 3.973011
0.945896 3.886551
-1.224366 3.808008
0.254424 3.991900
0.702566 3.937817
0.482249 3.970823
-0.710126 3.936461
-0.020394 3.999948
-0.515545 3.966638
-0.958607 3.883436
0.836717 3.911509
0.820209 3.915004
-1.474216 3.718425
-0.979764 3.878152
1.544634 3.689730
0.160084 3.996795
-1.207581 3.813364
1.294426 3.784767
1.705328 3.618267
-0.404482 3.979497
0.096273 3.998841
0.437949 3.975953
1.221895 3.808802
2.454122 3.158684
-0.712449 3.936041
3.192331 2.410192
2.044806 3.437844
-0.150193 3.997179
-0.834620 3.911957
1.970207 3.481133
-0.302517 3.988544
1.283555 3.788468
-1.809703 3.567208
3.144866 2.471805
-0.153935 3.997037
-0.099728 3.998757
-0.668870 3.943680
-0.118960 3.998231
0.583413 3.957225
0.601712 3.954484
1.450297 3.727820
1.526128 3.697422
0.845903 3.909533
-0.323954 3.986860
1.357672 3.762542
0.294186 3.989167
0.125306 3.998037
0.260979 3.991477
0.381219 3.981793
2.449764 3.162065
1.500920 3.707727
0.892222 3.899223
-1.852403 3.545223
0.599745 3.954783
0.798082 3.919575
-1.855473 3.543617
1.312271 3.778617
1.945219 3.495157
-2.705382 2.946339
-0.339887 3.985533
2.303517 3.270139
1.975708 3.478013
3.113837 2.510781
-0.642917 3.947994
-0.010048 3.999987
-0.939704 3.888053
1.121155 3.839663
0.530262 3.964697
1.152408 3.830399
-0.102251 3.998693
0.125615 3.998027
0.579066 3.957863
1.823527 3.560161
-0.003270 3.999999
0.391439 3.980801
-0.868542 3.904566
-1.405692 3.744867
1.937443 3.499474
-2.870695 2.785518
2.161776 3.365520
2.868394 2.787888
-0.039087 3.999809
-2.102980 3.402569
0.408721 3.979064
-0.623756 3.951067
0.896283 3.898292
-0.259670 3.991563
1.167524 3.825819
-2.172497 3.358610
-0.679732 3.941822
1.991467 3.469014
1.474690 3.718237
-0.306361 3.988251
0.382678 3.981653
-1.606149 3.663371
-1.351606 3.764726
-1.410961 3.742885
-0.493792 3.969404
-0.389529 3.980988
-1.104920 3.844366
0.361116 3.983666
-0.153585 3.997050
0.856415 3.907244
1.102009 3.845202
-2.859279 2.797235
2.677413 2.971777
0.519898 3.966069
1.595078 3.668205
-1.286580 3.787441
1.615777 3.659135
1.977218 3.477155
0.729154 3.932980
1.109853 3.842945
2.230562 3.320330
-0.518282 3.966281
1.174650 3.823637
-0.262805 3.991357
2.377257 3.216932
2.096778 3.406394
-0.880856 3.901806
-0.686188 3.940704
1.202990 3.814815
2.491108 3.129598
-0.644256 3.947776
-1.873791 3.533965
1.504646 3.706217
-0.722669 3.934177
0.609390 3.953308
1.125698 3.838334
-1.596383 3.667637
2.450206 3.161723
1.071061 3.853937
0.969912 3.880628
3.033112 2.607726
1.030543 3.864969
-1.398053 3.747725
1.057192 3.857764
1.062400 3.856333
0.140286 3.997539
0.584221 3.957106
0.877508 3.902561
0.023146 3.999933
-1.185401 3.820317
-1.467629 3.721030
0.579546 3.957793
2.468183 3.147709
1.433874 3.734167
1.830233 3.556719
-0.110956 3.998461
0.503201 3.968222
1.798853 3.572692
0.253902 3.991934
2.361385 3.228600
0.163086 3.996674
-0.083357 3.999131
0.838300 3.911170
0.510735 3.967260
1.926519 3.505499
-0.107732 3.998549
-0.746337 3.929756
-1.174800 3.823591
-0.259036 3.991604
-0.164559 3.996614
2.736461 2.917496
2.185398 3.350229
-1.092241 3.847988
-2.850941 2.805733
-1.482319 3.715202
2.072699 3.421099
0.328545 3.986484
0.587225 3.956661
2.454814 3.158146
-0.242268 3.992657
0.741583 3.930656
1.769862 3.587142
1.166189 3.826226
0.286629 3.989717
-1.212946 3.811661
-1.362786 3.760693
1.860928 3.540755
0.221341 3.993871
-1.481001 3.715728
1.590798 3.670063
-0.071571 3.999360
-0.721836 3.934330
-1.750755 3.596506
2.704216 2.947408
1.231577 3.805682
1.068807 3.854562
-0.452994 3.974267
-0.154595 3.997011
-1.287537 3.787116
-0.394112 3.980537
-0.271164 3.990798
2.440752 3.169027
-0.212792 3.994336
-0.717716 3.935084
-0.436457 3.976117
-1.050574 3.859572
2.554089 3.078414
2.525114 3.102225
-1.403926 3.745529
-1.051106 3.859427
0.655492 3.945926
0.317749 3.987360
-1.440537 3.731602
-1.911496 3.513714
-0.479384 3.971170
-2.443342 3.167030
0.662997 3.944672
0.224534 3.993693
-0.696056 3.938973
-2.554665 3.077935
1.422075 3.738676
1.036702 3.863321
1.556856 3.684590
1.008870 3.870682
-1.055451 3.858241
1.177662 3.822710
-0.304472 3.988395
0.657134 3.945653
-0.039066 3.999809
0.382131 3.981705
2.261292 3.299479
-1.606643 3.663154
1.490334 3.711995
0.318595 3.987292
-0.317820 3.987354
1.822841 3.560513
-0.288276 3.989599
0.188278 3.995566
0.291947 3.989332
2.207864 3.335466
0.177621 3.996054
1.119317 3.840199
0.542131 3.963092
0.794975 3.920206
-0.793739 3.920456
0.081796 3.999164
3.195585 2.405875
1.925809 3.505889
1.803847 3.570173
2.462997 3.151768
0.531315 3.964556
0.097205 3.998819
2.446710 3.164429
1.056752 3.857885
1.170590 3.824881
0.617649 3.952026
-0.048710 3.999703
0.483394 3.970684
1.416855 3.740658
0.042430 3.999775
0.980661 3.877925
0.346171 3.984993
2.981757 2.666294
0.052571 3.999655
-0.912163 3.894606
1.124884 3.838572
-1.059316 3.857181
0.744210 3.930159
-0.344532 3.985135
1.722421 3.610161
0.637786 3.948826
-1.149815 3.831178
0.342616 3.985300
-0.150494 3.997168
-0.585572 3.956906
0.952790 3.884867
-1.444025 3.730254
-0.684769 3.940950
-0.582155 3.957410
-3.206394 2.391451
0.294406 3.989151
-1.756816 3.593550
0.367440 3.983088
1.403385 3.745732
2.079462 3.416993
-0.152947 3.997075
-1.697577 3.621910
-0.651331 3.946615
1.036238 3.863446
0.029187 3.999894
-0.846990 3.909298
-0.204049 3.994792
-0.963187 3.882302
0.618063 3.951961
0.141755 3.997487
1.299443 3.783047
0.483330 3.970692
-0.378961 3.982008
0.857000 3.907115
2.374677 3.218837
1.554076 3.685763
1.339002 3.769227
1.845059 3.549050
2.333298 3.248957
1.500397 3.707938
-1.430231 3.735564
-0.299389 3.988780
-0.957405 3.883732
-1.773927 3.585133
1.042256 3.861826
2.203957 3.338050
-2.376901 -3.217195
-1.189242 -3.819124
-1.795398 -3.574429
-2.043489 -3.438627
-0.512957 -3.966973
0.108601 -3.998525
-2.873863 -2.782249
-3.591768 1.760456
-1.991848 -3.468795
-3.965318 -0.525598
-0.231607 -3.993289
2.144558 -3.376518
-3.888706 -0.936997
3.454013 -2.017374
-1.585887 -3.672188
-2.922954 -2.730630
-1.468626 -3.720637
0.355009 -3.984215
-2.923610 -2.729927
-2.521740 -3.104968
-3.610680 -1.721333
-3.551447 -1.840442
-2.905037 -2.749683
-1.702522 -3.619588
-3.999984 0.011346
-2.555583 -3.077173
-1.068483 -3.854652
-2.851113 -2.805558
-2.158816 -3.367419
-3.510798 -1.916845
0.254592 -3.991890
-3.335818 -2.207333
-2.736827 -2.917152
-2.872800 -2.783347
-3.449951 -2.024312
-3.946015 -0.654956
-1.577733 -3.675698
-1.133031 -3.836175
-2.631827 -3.012223
-3.343695 -2.195382
-1.445780 -3.729574
-3.458075 2.010402
-3.306681 -2.250747
-3.071710 -2.562148
-3.656312 -1.622153
-3.201446 2.398071
-1.788838 -3.577717
-1.025198 -3.866390
-2.271519 -3.292446
-3.830000 -1.153733
-0.597478 -3.955126
-2.000214 -3.463978
-1.719103 -3.611743
-3.956269 -0.589863
-3.260107 -2.317694
-3.292529 -2.271398
-0.630761 -3.949954
-2.346717 -3.239277
-3.999991 -0.008639
0.226896 -3.993560
-0.272348 -3.990718
-3.995719 0.185020
-3.804861 -1.234112
-2.746138 -2.908389
-0.771192 -3.924954
-3.952882 -0.612145
-3.018756 -2.624331
-3.300323 -2.260059
-3.752809 -1.384349
-3.611654 -1.719290
-3.916735 -0.811903
-3.222570 -2.369608
-3.941468 0.681786
-3.285817 -2.281097
-3.021436 -2.621245
-1.347513 -3.766193
-3.310501 -2.245125
-1.557656 -3.684252
-2.263384 -3.298044
-1.881046 -3.530109
-3.815465 -1.200929
-3.058593 -2.577792
-2.075018 -3.419693
-1.433305 -3.734386
-2.292691 -3.277738
-3.746075 -1.402470
-0.679731 -3.941823
1.814761 -3.564638
-1.740525 -3.601468
-1.857782 -3.542407
-0.997127 -3.873724
-1.353559 -3.764024
-1.502448 -3.707108
-3.791929 -1.273293
-3.415895 -2.081265
-2.556186 -3.076672
-3.755101 1.378122
-2.693159 -2.957515
-1.080211 -3.851382
-3.890309 0.930319
-3.149425 -2.465994
-2.236488 -3.316342
0.029070 -3.999894
-1.125870 -3.838283
-3.713630 -1.486254
-1.822438 -3.560719
-1.133686 -3.835982
-2.979956 -2.668307
-2.636874 -3.007806
-1.948698 -3.493219
-2.179063 -3.354353
-1.708177 -3.616923
-3.838827 1.124014
-3.380089 -2.138925
-3.792980 1.270158
-3.618028 -1.705834
-2.168215 -3.361375
-3.703156 -1.512163
-3.562304 -1.819339
-1.111683 -3.842416
-3.597564 -1.748580
3.107056 -2.519168
-3.681383 -1.564423
1.223166 -3.808394
-2.108311 -3.399268
-3.466638 -1.995601
-3.976116 -0.436467
-0.645569 -3.947561
-2.774073 -2.881756
-2.907497 -2.747083
-1.239026 -3.803264
-1.034000 -3.864045
0.325081 -3.986768
-2.981521 -2.666558
-3.977759 0.421233
-0.886758 -3.900469
-1.025069 -3.866424
-2.451928 -3.160387
-2.155036 -3.369840
-3.319210 -2.232228
-1.214208 -3.811260
-3.253456 2.327021
-2.719601 -2.933218
-2.759289 -2.895915
-1.808432 -3.567853
-1.277074 -3.790657
-3.090446 -2.539517
-2.672110 -2.976547
-3.754354 -1.380154
-3.860770 1.046162
-3.993721 -0.224043
-2.935938 -2.716665
-3.945069 -0.660629
-3.982478 0.373995
-1.138129 -3.834666
-0.188113 -3.995574
-1.417948 -3.740244
-0.866930 -3.904924
-1.621542 -3.656583
-2.975159 -2.673654
-3.430910 -2.056418
-1.894312 -3.523008
-0.780493 -3.923115
-1.154307 -3.829827
-3.952249 0.616221
-3.995064 -0.198657
-0.281001 -3.990118
-3.270218 -2.303405
-2.045897 -3.437194
-2.002332 -3.462754
-3.676352 -1.576210
-1.468771 -3.720579
-2.147266 -3.374796
-1.151400 -3.830702
-3.653673 -1.628090
-0.077556 -3.999248
-1.085284 -3.849956
-2.373138 -3.219971
-2.083980 -3.414239
-1.467294 -3.721162
-2.494677 -3.126753
-1.893664 -3.523356
-3.254201 -2.325979
-0.937390 -3.888611
3.295095 -2.267675
-3.797642 -1.256152
-3.311457 -2.243714
-2.959298 -2.691199
-2.596355 -3.042850
-3.154876 -2.459016
-3.040925 -2.598611
-2.920119 -2.733661
-3.791652 -1.274119
-2.801867 -2.854740
-3.143469 -2.473581
-3.365039 -2.162525
-3.618383 -1.705082
-3.681051 -1.565204
0.034006 -3.999855
-2.766810 -2.888730
-2.784122 -2.872049
-2.324660 -3.255143
-0.228780 -3.993452
-3.495559 1.944496
-3.933757 -0.724950
-2.347169 -3.238950
-3.999915 -0.026028
-2.094588 -3.407741
-1.074476 -3.852986
-2.800786 -2.855801
-3.708904 -1.498009
-1.966737 -3.483094
-3.824887 -1.170574
-3.933733 0.725084
-3.333417 -2.210957
-3.407268 -2.095358
-0.259972 -3.991543
-3.523193 -1.893967
-2.865436 -2.790927
-1.498031 -3.708895
-0.571094 -3.959021
-2.476549 -3.141131
-2.455446 -3.157655
-3.591807 -1.760376
-3.222929 -2.369120
-1.723877 -3.609466
-3.989047 -0.295808
-3.202952 -2.396058
-3.993351 0.230533
-3.172627 -2.436070
-2.070832 -3.422230
-3.323898 -2.225242
-3.490050 -1.954367
-1.396918 -3.748149
-3.615097 -1.712037
0.627501 -3.950474
-2.992491 -2.654242
-2.548765 -3.082823
-3.035378 -2.605088
-2.556297 -3.076580
0.336147 -3.985851
-2.852944 -2.803696
-2.001757 -3.463087
-3.572603 -1.799031
0.039283 -3.999807
-3.503286 -1.930541
-1.264086 -3.795008
-3.178053 -2.428987
-3.154707 -2.459233
-3.454113 -2.017202
-3.999909 -0.027044
-2.801595 -2.855008
-3.341873 -2.198154
-1.803222 -3.570489
-1.180188 -3.821931
-3.211795 -2.384193
-2.910903 -2.743473
-3.182214 -2.423534
0.262439 -3.991381
-2.269968 -3.293516
-2.288367 -3.280758
-2.543716 -3.086990
1.425675 -3.737305
-2.995746 -2.650568
-3.972772 0.465920
-3.217166 -2.376940
-2.716280 -2.936294
-3.155543 -2.458159
-1.905596 -3.516917
-1.846456 -3.548323
-1.376641 -3.755644
-3.130324 -2.490196
-1.523839 -3.698366
-2.567221 -3.067471
-3.588510 -1.767086
-0.062052 -3.999519
-2.958795 -2.691752
-0.811229 -3.916875
-1.812358 -3.565860
-2.628494 -3.015132
-3.592001 -1.759981
-2.382489 -3.213059
-3.962958 0.543105
-3.995975 -0.179387
-3.560710 -1.822456
-2.711493 -2.940715
1.088557 -3.849032
-3.250679 -2.330898
-2.418481 -3.186056
-0.036002 -3.999838
-3.897991 0.897589
-2.820647 -2.836185
1.550626 -3.687216
-3.879501 -0.974407
-2.329595 -3.251613
-2.957135 -2.693577
-2.283225 -3.284339
-2.259013 -3.301039
-3.102850 -2.524345
-3.780844 -1.305839
-2.026659 -3.448572
-0.994411 -3.874422
-1.949430 -3.492810
-2.956038 2.694779
-3.209883 -2.386765
-3.812367 1.210725
-3.989686 0.287064
-3.305525 -2.252444
-2.245355 -3.310345
-0.069841 -3.999390
-3.127600 -2.493616
-3.883431 -0.958627
-2.507738 -3.116288
-1.399705 -3.747109
-3.969195 -0.495468
-0.154086 -3.997031
-2.458360 -3.155387
-3.461253 -2.004926
-1.936246 -3.500136
-3.941403 -0.682158
-2.769682 -2.885977
-3.001927 -2.643564
-2.030275 -3.446445
-2.746769 -2.907793
-3.599218 -1.745172
-3.906537 0.859631
-1.028985 -3.865383
-1.826332 -3.558723
-2.958634 -2.691929
-1.955523 -3.489402
-3.917112 0.810082
-0.665497 -3.944251
-1.004979 -3.871694
-2.600773 -3.039076
-0.032799 -3.999866
-3.099270 -2.528740
-3.944823 0.662097
-2.798954 -2.857596
-3.084293 -2.546986
-3.495457 -1.944680
-3.558102 -1.827543
-3.939107 -0.695298
-1.888872 -3.525927
-2.244283 -3.311072
-3.645875 -1.645477
-0.469079 -3.972400
-2.773352 -2.882450
-2.908401 -2.746125
-3.473968 -1.982813
-0.889491 -3.899847
-1.896840 -3.521647
-3.846644 -1.096964
-1.727804 -3.607589
-2.498612 -3.123610
-1.380153 -3.754355
-2.302640 -3.270757
0.621138 -3.951479
-3.727879 1.450145
-3.099533 -2.528418
-3.763717 1.354413
-3.291439 -2.272979
-1.563838 -3.681632
-2.925812 -2.727568
-1.777360 -3.583433
-3.103530 -2.523510
-1.577952 -3.675605
-3.352204 -2.182367
-1.682377 -3.628995
-3.963485 -0.539249
-2.626338 -3.017010
-3.250486 -2.331168
-2.167934 -3.361557
-2.629173 -3.014539
-3.768574 -1.340840
-3.039607 -2.600152
-2.871057 -2.785145
-1.527650 -3.696794
-1.839394 -3.551990
-0.704104 -3.937542
-3.900094 -0.888407
-2.344923 -3.240577
-0.466345 -3.972722
-2.723293 -2.929791
-2.615586 -3.026336
-1.008785 -3.870704
-2.179354 -3.354164
-3.231041 -2.358044
-2.187123 -3.349103
-3.351504 -2.183443
-3.429040 -2.059535
-2.794013 -2.862427
-1.089200 -3.848850
-2.179956 -3.353773
-3.504184 -1.928909
-3.683788 -1.558752
0.818808 -3.915297
1.177812 -3.822664
-2.777040 -2.878897
-2.004440 -3.461534
-2.614634 -3.027159
-3.985834 0.336342
0.356164 -3.984112
-3.923865 0.776713
-0.795800 -3.920039
-3.212707 -2.382963
-0.761840 -3.926780
0.447674 -3.974870
-3.488911 -1.956400
-1.515082 -3.701963
-3.045161 -2.593645
-1.365984 -3.759533
-1.664018 -3.637450
-3.952473 0.614783
-3.597976 -1.747732
-2.145871 -3.375684
-2.298587 -3.273606
-2.707176 -2.944690
-2.064171 -3.426251
-3.383815 2.133025
-2.107993 -3.399466
-1.221289 -3.808996
-2.306600 -3.267965
-2.541449 -3.088857
-3.867047 -1.022715
-3.047654 -2.590715
-2.908354 -2.746175
-2.484066 -3.135190
-1.378630 -3.754914
-3.411311 -2.088769
0.594295 -3.955605
-3.969425 -0.493626
-1.164035 -3.826882
-2.909045 -2.745443
-3.517326 -1.904840
-1.044187 -3.861305
0.304266 -3.988411
-3.806734 -1.228322
-1.655876 -3.641164
-1.929282 -3.503980
-3.540343 -1.861712
-3.685165 -1.555494
-3.837047 -1.130075
-2.790652 -2.865704
-2.438031 -3.171120
-0.642887 -3.947999
-2.562182 -3.071681
-3.329669 -2.216598
-1.365827 -3.759590
-0.951700 -3.885134
-0.332465 -3.986159
-3.106609 -2.519719
-2.700000 -2.951270
-2.545182 -3.085781
-2.927093 2.726192
0.184916 -3.995723
-2.103361 -3.402333
-0.645849 -3.947516
0.111452 -3.998447
-1.715191 -3.613602
-3.394318 -2.116271
-3.164651 -2.446423
-2.783037 -2.873100
0.113513 -3.998389
-0.360303 -3.983740
-1.522785 -3.698801
-3.602367 -1.738664
-1.228032 -3.806828
-3.993799 -0.222647
-2.463482 -3.151389
-2.776461 -2.879456
-1.816502 -3.563751
-2.798788 -2.857759
-3.124650 -2.497311
-0.966323 -3.881523
-1.261167 -3.795979
-1.795325 -3.574466
-1.927695 -3.504853
0.204292 -3.994780
-0.489810 -3.969898
-3.729614 1.445676
-1.314047 -3.778000
-3.130827 -2.489562
-2.805058 -2.851605
-1.705567 -3.618154
-2.401013 -3.199240
-2.578423 -3.058061
-3.367511 -2.158673
-2.299158 -3.273205
-3.827415 -1.162279
-1.689708 -3.625588
-1.436973 -3.732976
-3.718227 -1.474715
-2.696388 -2.954572
-1.493697 -3.710643
-3.102366 -2.524941
-2.330424 -3.251019
0.420641 -3.977821
-3.943341 -0.670867
-2.242323 -3.312399
3.301232 -2.258731
-3.062958 -2.572604
-3.866626 -1.024305
-1.272748 -3.792112
0.728969 -3.933015
-3.616472 -1.709132
-3.979851 0.400979
-3.984555 -0.351173
-2.086905 3.412452
-3.124142 2.497947
-2.573610 -3.062113
-3.985551 -0.339680
-3.824574 1.171594
2.466534 -3.149001
-3.812777 -1.209433
-3.942606 0.675170
-3.943949 0.667284
-3.999168 -0.081561
-0.096206 -3.998843
-3.999777 -0.042210
-3.916419 0.813428
-3.680229 -1.567136
-3.966498 0.516619
-3.997143 -0.151158
-1.917543 -3.510417
-3.927583 -0.757690
-3.987706 0.313375
0.080011 -3.999200
-3.200591 -2.399212
-3.903061 -0.875278
-0.561061 -3.960456
-2.938717 -2.713658
-1.453650 -3.726514
-3.347180 2.190065
-1.895700 3.522261
-3.978907 -0.410243
-3.457272 -2.011783
-1.538686 -3.692214
-0.985808 -3.876620
-3.411445 -2.088550
-3.196071 -2.405229
-2.877968 -2.778003
-3.879903 0.972808
-1.302277 -3.782073
-3.233886 -2.354142
-3.295413 2.267212
-2.160881 3.366095
-3.611830 -1.718919
-3.216197 -2.378250
-3.814344 -1.204484
-3.607666 -1.727642
-3.334867 -2.208769
0.080464 -3.999191
-3.250296 -2.331432
-3.980059 -0.398916
-3.994642 -0.206966
-3.442959 2.036181
-3.960456 -0.561057
-3.445853 2.031279
-3.704624 -1.508563
-3.996656 -0.163535
-3.987826 -0.311845
-3.982323 -0.375640
-3.689079 1.546187
-3.953535 0.607917
-1.507287 -3.705143
-3.245235 -2.338472
-3.988274 -0.306059
-3.901892 -0.880476
1.401010 -3.746621
-2.499829 -3.122636
-2.770188 2.885491
-2.563486 3.070592
-3.388250 -2.125972
-1.752883 -3.595470
-3.244642 -2.339295
-3.041562 -2.597865
-3.669499 1.592098
-3.688775 -1.546912
-3.501232 -1.934263
-2.858535 -2.797995
-3.881765 -0.965351
-2.624869 -3.018288
-3.983902 0.358503
-0.870855 -3.904051
-3.815850 1.199705
-0.993723 -3.874599
-2.232072 -3.319315
0.412848 -3.978638
-3.386090 2.129413
-2.720318 2.932554
-2.559189 3.074175
-3.708756 -1.498376
0.098998 -3.998775
-1.459469 -3.724238
-3.848794 -1.089396
-1.318111 -3.776584
-2.945999 -2.705751
-3.463156 -2.001636
-3.221943 -2.370461
-3.824863 1.170651
-1.922101 3.507923
-3.599139 -1.745337
-0.834630 -3.911955
-3.077724 -2.554920
-3.713408 -1.486808
-3.020100 -2.622784
1.632687 -3.651621
-2.177150 -3.355595
-3.905732 -0.863283
-3.490860 -1.952920
-3.755682 -1.376537
-3.992501 -0.244819
-2.142383 -3.377898
-0.642718 -3.948027
-2.274842 -3.290151
-3.261948 -2.315101
-3.999998 -0.004462
-3.948811 0.637881
-2.469416 -3.146742
-3.363094 -2.165549
-3.073827 2.559607
-3.830972 1.150502
-3.507563 -1.922760
-3.693331 -1.536003
-3.858337 -1.055101
-3.864404 1.032657
-2.748459 -2.906196
-3.376388 -2.144762
-3.412267 -2.087207
-1.717762 -3.612381
-2.997080 -2.649059
-3.875871 0.988751
-3.463414 -2.001191
-3.986557 -0.327664
-2.537550 3.092061
-3.275710 -2.295588
-3.443537 2.035204
-1.998647 -3.464882
-3.680943 -1.565457
-3.984464 0.352208
-3.335408 -2.207953
-2.862319 -2.794124
-2.879548 2.776365
-3.468039 -1.993165
-2.850949 -2.805725
-2.065998 3.425150
-2.468176 -3.147715
-3.212659 2.383028
-3.924647 -0.772752
-1.334338 -3.770881
-2.061773 -3.427695
-1.600025 -3.666050
-3.490063 -1.954344
-3.975090 -0.445715
-3.914860 -0.820897
-2.081680 -3.415641
-3.780118 -1.307941
-3.998885 0.094437
1.349786 -3.765379
-3.647049 -1.642873
1.036878 -3.863274
-3.912981 -0.829805
-3.539173 -1.863935
-3.859558 1.050624
-0.786543 -3.921906
-3.978675 0.412483
-2.173508 -3.357955
-1.275262 -3.791267
-3.149600 -2.465770
-3.567873 1.808392
-3.999772 -0.042672
-3.971094 -0.480011
-3.960188 -0.562950
-3.915063 0.819930
-0.295328 -3.989083
-1.507840 -3.704918
-3.666050 1.600024
-2.395625 -3.203277
1.974768 -3.478547
-3.040671 2.598908
0.138812 -3.997591
-3.281800 2.286874
-3.959992 0.564324
-3.283590 -2.284303
-3.543072 -1.856513
-3.649856 -1.636627
-3.626874 -1.686946
-3.011920 -2.632174
-3.132652 2.487266
-2.991641 -2.655200
-0.024143 -3.999927
-3.339753 -2.201374
-2.439364 3.170095
-0.618292 -3.951925
-3.920834 -0.791872
-3.249542 -2.332483
-2.013951 -3.456009
-3.995983 -0.179214
-1.722435 -3.610155
-1.321975 -3.775233
-3.818038 1.192722
-3.169415 -2.440247
-3.535321 1.871231
-3.105377 2.521236
-1.550222 -3.687385
0.055986 -3.999608
-3.768960 -1.339753
-2.165080 -3.363396
0.536852 -3.963810
1.357024 -3.762776
-3.910837 -0.839854
-2.946836 -2.704839
-3.127093 2.494252
-3.919833 -0.796813
-2.605941 -3.034645
-3.992510 0.244671
-3.992783 -0.240169
-3.392118 2.119797
-3.309950 2.245936
-1.133843 -3.835935
-1.759028 -3.592467
-3.995303 0.193792
-3.950729 -0.625893
-3.941153 -0.683600
-3.419816 2.074816
-3.859892 -1.049398
-1.257482 -3.797201
-2.863448 2.792967
-3.461913 2.003787
-3.502624 -1.931741
-3.696854 -1.527504
-1.423989 -3.737948
-3.983407 -0.363968
-3.952717 -0.613209
-1.163425 -3.827067
-3.701509 -1.516189
-3.986139 -0.332713
-0.349656 -3.984688
-2.087852 3.411873
-3.341118 2.199302
-2.602853 -3.037294
1.269264 -3.793279
-2.549479 -3.082233
-3.954406 -0.602221
-2.971185 2.678070
-3.999957 0.018583
-3.242814 -2.341828
0.711746 -3.936168
-3.819788 1.187105
-0.632021 -3.949753
-3.725792 -1.455498
-3.670592 -1.589577
-1.050793 -3.859512
-1.674069 -3.632835
-2.607392 -3.033398
-1.825203 -3.559302
-0.429009 -3.976927
-3.672892 -1.584254
-3.747429 1.398849
-3.815348 -1.201299
1.265359 -3.794584
-3.976988 -0.428447
-2.749598 -2.905119
-3.177089 2.430248
-3.433449 -2.052177
-3.649727 -1.636916
-3.264343 -2.311723
-3.317335 2.235014
-3.991894 0.254516
-3.112656 2.512245
-3.482926 -1.967034
-2.893754 -2.761555
0.732337 -3.932389
-3.174036 2.434235
-3.938907 0.696426
-3.885890 0.948607
-3.933925 0.724038
-3.592392 -1.759182
-2.493874 -3.127394
1.156308 -3.829224
-3.403494 -2.101482
-3.744086 1.407771
-1.932136 -3.502406
-3.515391 -1.908409
-3.343754 2.195292
-3.312753 -2.241801
-3.999927 -0.024213
-2.496696 -3.125141
-3.990427 0.276568
-3.990748 0.271906
-3.518957 -1.901826
-2.553583 -3.078833
-3.043684 -2.595378
-3.780344 -1.307287
-3.073778 -2.559665
-2.423527 -3.182219
-3.267390 2.307415
-2.983105 2.664786
-3.493868 -1.947534
-3.970076 -0.488363
-2.429960 -3.177309
-3.271525 -2.301549
-3.949847 -0.631435
-2.864007 -2.792394
-3.372656 -2.150626
-3.969195 -0.495470
-3.999920 -0.025238
-3.936827 0.708088
-2.631606 3.012416
-3.290690 -2.274062
-3.990734 -0.272114
-3.575117 1.794029
-3.611489 1.719635
-3.840208 -1.119286
-3.641424 -1.655304
-1.805928 -3.569121
-3.977852 -0.420353
-2.043196 -3.438801
-3.730625 1.443064
-3.981763 0.381525
-3.923067 -0.780731
-3.985041 -0.345608
-3.273304 2.299017
-3.948450 0.640110
-2.695112 -2.955735
-3.718346 -1.474417
-0.745555 -3.929904
-2.894949 2.760303
-3.551597 -1.840153
-3.033609 2.607147
-2.516546 -3.109180
-2.844953 -2.811805
-2.021113 -3.451826
-3.998339 -0.115249
-3.936266 0.711202
-3.907969 -0.853100
-2.432374 -3.175462
-2.790294 2.866053
-3.521342 1.897407
-1.267365 -3.793914
-3.999998 0.003870
-3.992479 0.245183
-2.602213 -3.037842
-3.993320 0.231076
-3.983405 0.363983
-2.961641 -2.688621
-3.736957 1.426589
-3.114697 -2.509714
0.765446 -3.926078
-3.989295 -0.292452
-0.481223 -3.970948
-3.891414 -0.925688
-3.957053 -0.584578
-3.880859 -0.968986
-1.353499 -3.764046
-3.509880 1.918525
-2.694024 2.956727
1.213886 -3.811362
-2.821152 -2.835683
-0.186608 -3.995645
-0.417364 -3.978166
-3.193939 -2.408061
-3.918418 -0.803744
-3.369235 2.155981
-3.997891 -0.129888
-2.937623 -2.714843
-3.820975 1.183280
-2.929683 2.723409
-3.489030 1.956188
-3.977041 -0.427957
-2.827784 -2.829070
-3.669381 1.592371
-0.852633 -3.908071
0.519733 -3.966091
-3.985374 0.341750
-3.157250 2.455967
-2.505657 -3.117961
-3.980566 -0.393824
-3.851983 1.078068
-3.986922 -0.323190
-1.537012 -3.692911
-3.523725 1.892976
-2.061007 -3.428156
0.944603 -3.886866
-2.272990 -3.291431
-1.456259 3.725495
-3.963307 -0.540557
-3.962820 0.544115
-3.890760 0.928432
-3.235911 -2.351358
-3.427983 2.061294
-2.795592 -2.860886
-3.417046 -2.079374
-3.109485 -2.516168
-3.524830 -1.890919
-3.941975 -0.678849
-3.595086 -1.753670
-3.687063 -1.550989
-3.193817 2.408221
-2.234169 3.317905
-3.907861 -0.853592
-3.048402 -2.589835
-3.960854 -0.558243
-3.989807 0.285377
-3.997388 -0.144538
-3.001345 -2.644225
-3.934298 0.722009
-1.568277 -3.679743
-1.348292 -3.765914
-2.982707 2.665232
-3.142776 -2.474461
-2.957001 -2.693723
-1.617987 -3.658158
-3.414645 -2.083315
-3.846556 1.097271
-3.527187 -1.886518
-2.963762 2.686283
-3.957896 -0.578840
-3.586347 1.771472
-3.017695 2.625550
-3.385083 -2.131013
-0.032064 -3.999871
-3.975241 0.444365
-3.926698 0.762263
-2.644258 -3.001317
-3.732306 -1.438711
-3.962924 -0.543355
-1.499840 1.717822
-0.478538 -3.971272
-2.109926 3.398266
-2.810376 2.846363
-2.048145 -3.435855
-2.635197 -3.009276
-2.982445 -2.665525
-3.993275 0.231856
-1.005588 -3.871536
-3.910833 0.839870
-3.956413 -0.588897
-3.536710 -1.868604
-3.924595 0.773018
-3.280343 -2.288963
-2.347499 -3.238711
-3.306636 -2.250812
-3.949174 -0.635628
-3.146952 -2.469149
-1.046097 -3.860788
-3.793754 1.267846
-2.849422 -2.807275
-1.055576 -3.858207
-3.957508 -0.581489
0.321048 -3.987095
-2.859460 -2.797050
-3.951182 -0.623025
-3.995079 0.198360
1.343543 -3.767611
0.633883 -3.949455
-2.725353 -2.927874
-1.233120 -3.805183
-3.212309 -2.383500
-2.699364 -2.951853
-2.535627 3.093638
-3.969702 -0.491395
-3.769041 -1.339526
-3.997865 -0.130665
-2.828491 -2.828363
-2.715147 -2.937342
-3.995994 -0.178985
-3.502245 -1.932429
-3.641143 1.655921
-3.052384 -2.585141
-3.770440 1.335584
-3.917677 -0.807345
-3.681651 -1.563791
-2.690221 -2.960188
-0.848882 -3.908887
-3.999532 -0.061219
-3.999944 0.021151
-3.996885 -0.157821
-3.049091 -2.589023
-3.966980 0.512900
-0.825281 -3.913938
-2.488908 -3.131347
-2.971616 2.677592
-2.884241 -2.771489
-3.943759 -0.668407
-3.498851 1.938567
-3.028531 -2.613045
-0.685886 -3.940756
-3.136399 -2.482539
-1.352535 -3.764392
-3.715430 -1.481748
-3.897265 -0.900738
-3.118744 -2.504683
-2.828070 -2.828784
-3.970039 0.488661
-3.935866 -0.713415
-2.952430 -2.698733
-3.208540 -2.388570
-3.762627 -1.357439
-2.795928 -2.860557
