-3.168755 -2.441105
1.465103 -3.722025
-1.945330 -3.495095
-3.434559 -2.050318
1.398877 -3.747418
-3.356297 -2.176068
3.319221 -2.232213
0.442813 -3.975414
1.538949 -3.692105
0.388345 -3.981104
2.363042 -3.227388
3.896135 -0.905612
2.323312 -3.256105
1.027786 -3.865703
2.092646 -3.408935
0.088228 -3.999027
-0.421242 -3.977758
2.805397 -2.851271
-3.543500 -1.855696
2.956756 -2.693993
-3.353591 -2.180236
-1.812702 -3.565685
1.289102 -3.786584
-0.043873 -3.999759
-1.884890 -3.528057
2.249789 -3.307333
1.363591 -3.760402
-2.195741 -3.343460
3.027788 -2.613905
2.241511 -3.312949
3.369797 -2.155103
3.162062 -2.449769
2.280085 -3.286520
3.237653 -2.348958
2.148436 -3.374052
-2.567305 -3.067400
1.048611 -3.860106
3.102612 -2.524638
-0.255682 -3.991820
1.801746 -3.571234
2.266691 -3.295772
-1.959875 -3.486960
3.022433 -2.620095
2.541174 -3.089083
-3.288792 -2.276806
2.837497 -2.819328
-0.385521 -3.981378
0.524808 -3.965423
-3.916849 -0.811355
1.972189 -3.480010
0.238676 -3.992873
2.325224 -3.254740
-3.176216 -2.431389
-1.889980 -3.525333
-3.509442 -1.919327
3.029640 -2.611759
2.219501 -3.327734
2.395586 -3.203306
1.999278 -3.464518
2.730939 -2.922665
2.347322 -3.238839
3.144295 -2.472531
1.061213 -3.856660
3.798123 -1.254695
1.852885 -3.544971
2.917856 -2.736077
3.425947 -2.064676
2.257172 -3.302299
2.246071 -3.309859
-3.178436 -2.428487
3.891672 -0.924602
3.190749 -2.412285
-0.889551 -3.899833
-0.377569 -3.982140
3.993747 0.223571
-3.681683 -1.563718
2.107563 -3.399732
-2.649068 -2.997072
1.038371 -3.862873
-0.816647 -3.915749
2.182891 -3.351863
2.186441 -3.349548
3.475502 -1.980122
2.503905 -3.119368
1.079041 -3.851710
1.113661 -3.841843
3.175858 -2.431856
2.554458 -3.078108
0.109207 -3.998509
-3.287398 -2.278819
1.561992 -3.682415
-1.462251 -3.723147
-0.291221 -3.989385
-3.033432 -2.607353
1.091241 -3.848271
1.405499 -3.744940
3.396592 -2.112620
-2.982493 -2.665471
2.505218 -3.118314
-0.839060 -3.911007
1.743114 -3.600216
-2.348921 -3.237680
-2.589123 -3.049007
2.748553 -2.906107
1.608620 -3.662286
0.591943 -3.955958
1.543116 -3.690365
1.222353 -3.808655
2.124184 -3.389372
2.170633 -3.359814
1.083858 -3.850357
3.181802 -2.424075
1.203799 -3.814560
2.943354 -2.708629
1.735986 -3.603658
-1.166792 -3.826042
3.359122 -2.171704
3.808151 -1.223922
-2.429277 -3.177831
1.599346 -3.666346
-2.953831 -2.697199
0.695094 -3.939143
3.181882 -2.423969
-0.162224 -3.996709
-2.106868 -3.400163
2.768138 -2.887457
1.872804 -3.534488
3.289632 -2.275593
3.387384 -2.127353
-1.656835 -3.640728
-0.179985 -3.995949
2.296544 -3.275040
3.583980 -1.776256
2.086362 -3.412784
-1.275873 -3.791061
1.858190 -3.542193
2.081175 -3.415949
0.477828 -3.971358
3.703012 -1.512515
-1.984213 -3.473168
2.575984 -3.060115
-2.945013 -2.706824
1.548247 -3.688215
-1.064872 -3.855651
-1.342082 -3.768131
3.566562 -1.810976
2.350230 -3.236730
-2.839317 -2.817495
1.496262 -3.709609
1.042423 -3.861781
-0.245155 -3.992480
1.712495 -3.614881
2.393956 -3.204524
-0.159853 -3.996805
2.687247 -2.962888
3.404411 -2.099997
3.225021 -2.366271
0.992994 -3.874786
2.606671 -3.034018
0.844095 -3.909924
0.203893 -3.994800
0.598614 -3.954954
1.210056 -3.812580
2.342336 -3.242447
1.590601 -3.670148
-0.489917 -3.969884
-0.562028 -3.960319
2.821966 -2.834873
0.950095 -3.885527
-2.280084 -3.286520
-3.977777 -0.421057
0.876285 -3.902835
-1.629196 -3.653180
2.815885 -2.840914
-3.695761 -1.530147
-3.249128 -2.333060
-2.208626 -3.334962
2.026934 -3.448411
-3.217155 -2.376955
3.412535 -2.086769
-2.977397 -2.671162
1.850419 -3.546259
2.541723 -3.088632
3.564894 -1.814258
2.478298 -3.139752
2.031409 -3.445777
-3.524393 -1.891733
0.747220 -3.929588
3.598315 -1.747034
2.940411 -2.711823
1.208685 -3.813015
-3.243968 -2.340229
2.641986 -3.003316
1.054975 -3.858371
0.761217 -3.926901
1.763677 -3.590187
-0.852256 -3.908153
3.015121 -2.628507
1.589542 -3.670607
3.388895 -2.124945
0.896227 -3.898304
0.810103 -3.917108
1.311555 -3.778865
-3.309122 -2.247156
2.594701 -3.044261
-0.833390 -3.912220
3.192083 -2.410519
1.492394 -3.711167
-3.482051 -1.968584
3.960235 -0.562621
0.651235 -3.946631
1.809899 -3.567109
-2.204959 -3.337388
2.282649 -3.284740
-0.701038 -3.938089
0.088096 -3.999030
-2.161321 -3.365812
-0.733514 -3.932170
2.183708 -3.351331
2.934650 -2.718056
-2.318189 -3.259755
2.872729 -2.783420
-2.521481 -3.105179
3.803760 -1.237502
0.728965 -3.933015
1.174690 -3.823624
2.562769 -3.071191
-2.673365 -2.975420
-0.468710 -3.972444
3.641893 -1.654273
0.183805 -3.995775
2.549853 -3.081923
3.718657 -1.473633
2.920275 -2.733495
2.560602 -3.072998
1.249850 -3.799720
-1.933308 -3.501760
1.760485 -3.591753
-1.213026 -3.811636
0.294570 -3.989139
1.002178 -3.872420
2.408440 -3.193653
-1.910971 -3.513999
2.100571 -3.404057
-3.413538 -2.085128
-2.342830 -3.242090
-1.180189 -3.821931
1.456673 -3.725333
3.353986 -2.179628
1.779382 -3.582429
1.963331 -3.485015
-0.902944 -3.896754
-2.293440 -3.277214
2.894612 -2.760656
1.500037 -3.708084
2.269231 -3.294023
0.770311 -3.925127
3.789068 -1.281782
-3.310304 -2.245415
3.507922 -1.922104
2.123367 -3.389884
2.710362 -2.941758
-0.243596 -3.992576
1.683527 -3.628462
-3.859490 -1.050876
1.739742 -3.601846
3.362776 -2.166042
2.653549 -2.993105
2.904978 -2.749746
1.459082 -3.724390
-2.748948 -2.905733
-1.773100 -3.585543
-3.105484 -2.521105
3.141877 -2.475602
0.018235 -3.999958
1.161412 -3.827678
1.678992 -3.630563
2.159858 -3.366751
1.547042 -3.688721
2.766713 -2.888823
2.859171 -2.797345
1.816835 -3.563581
-0.200556 -3.994969
0.814674 -3.916160
1.803330 -3.570434
-3.047985 -2.590326
0.497887 -3.968893
2.446136 -3.164872
-2.520562 -3.105925
2.234975 -3.317361
3.783331 -1.298617
1.592859 -3.669169
2.061616 -3.427789
2.344763 -3.240693
-3.836435 -1.132152
-3.640830 -1.656611
1.894834 -3.522727
0.301864 -3.988594
2.245089 -3.310525
-0.151343 -3.997136
-3.317182 -2.235242
0.413015 -3.978620
2.720028 -2.932822
-0.587327 -3.956646
-0.622022 -3.951340
3.230008 -2.359459
3.337033 -2.205495
1.825307 -3.559249
0.300715 -3.988680
0.753763 -3.928338
1.712849 -3.614713
3.528965 -1.883191
0.178665 -3.996008
-0.921183 -3.892483
2.252287 -3.305632
1.051453 -3.859332
3.786008 -1.290791
3.441803 -2.038135
0.420438 -3.977843
1.409227 -3.743538
-0.823953 -3.914218
1.237115 -3.803886
-0.089319 -3.999003
-0.776837 -3.923841
-2.524148 -3.103011
3.817684 -1.193855
-0.654321 -3.946120
-1.019352 -3.867935
2.649626 -2.996579
-3.908098 -0.852507
2.752977 -2.901916
2.954215 -2.696779
-2.295742 -3.275602
-2.829350 -2.827504
3.362472 -2.166514
-3.209010 -2.387940
1.913403 -3.512676
2.945971 -2.705782
3.079970 -2.552212
2.180043 -3.353716
-1.105101 -3.844314
-2.851064 -2.805608
-2.357056 -3.231762
1.322533 -3.775037
-2.332718 -3.249373
0.419692 -3.977921
2.231046 -3.320005
-2.483817 -3.135387
3.736169 -1.428651
1.102821 -3.844969
2.315394 -3.261740
0.508757 -3.967514
2.752236 -2.902619
2.660987 -2.986494
2.830798 -2.826055
-1.578552 -3.675347
2.069305 -3.423153
0.011000 -3.999985
1.533048 -3.694559
-2.613837 -3.027847
-2.125648 -3.388454
1.869057 -3.536471
-2.861325 -2.795142
-1.015400 -3.868974
3.927260 -0.759360
-2.616121 -3.025874
-0.993694 -3.874606
-0.630754 -3.949956
-0.231665 -3.993286
1.584743 -3.672682
2.930518 -2.722511
-3.833307 -1.142698
-2.877848 -2.778128
1.584745 -3.672680
3.394515 -2.115956
0.080328 -3.999193
0.905608 -3.896136
-0.226571 -3.993578
-2.948942 -2.702544
0.446810 -3.974967
1.452366 -3.727014
-3.559702 -1.824424
1.160602 -3.827924
1.362652 -3.760742
2.735528 -2.918371
3.709650 -1.496161
-2.503389 -3.119783
1.349404 -3.765516
-2.739984 -2.914188
2.262489 -3.298658
2.985661 -2.661922
2.857009 -2.799554
3.376937 -2.143897
-2.956810 -2.693932
3.137936 -2.480596
2.774124 -2.881707
0.268279 -3.990993
3.287148 -2.279179
-3.895041 -0.910305
-3.103915 -2.523037
-2.176630 -3.355932
1.036223 -3.863449
0.591758 -3.955986
-1.882737 -3.529207
2.432444 -3.175408
-3.378164 -2.141963
-1.092636 -3.847876
1.509070 -3.704417
2.000561 -3.463778
2.209444 -3.334420
-3.621390 -1.698686
1.680361 -3.629929
1.648148 -3.644668
2.632236 -3.011866
1.092620 -3.847880
-0.534508 -3.964127
-0.671595 -3.943217
-2.733605 -2.920172
-1.332480 -3.771538
-2.684437 -2.965434
3.696964 -1.527239
0.934700 -3.889259
2.307225 -3.267524
1.842325 -3.550470
0.346604 -3.984955
-3.614528 -1.713239
-0.809072 -3.917321
-0.682194 -3.941397
1.552411 -3.686465
1.857139 -3.542744
3.867864 -1.019620
-2.852751 -2.803893
1.606635 -3.663158
2.468593 -3.147388
-1.982452 -3.474174
2.275007 -3.290037
-1.165270 -3.826506
-2.298634 -3.273573
2.382852 -3.212790
1.647901 -3.644780
0.715362 -3.935512
1.693294 -3.623914
-1.358856 -3.762115
-1.769062 -3.587537
-3.823941 -1.173658
-3.444484 -2.033600
2.503201 -3.119933
0.660937 -3.945017
-1.999801 -3.464216
1.481870 -3.715382
1.835110 -3.554205
1.149805 -3.831181
-3.732497 -1.438216
-1.680718 -3.629764
-1.546579 -3.688915
-3.068648 -2.565814
-2.621231 -3.021448
-0.133130 -3.997784
2.147845 -3.374428
0.163158 -3.996671
3.255058 -2.324779
3.042573 -2.596680
0.598728 -3.954937
1.025660 -3.866267
2.510171 -3.114328
0.841214 -3.910545
-3.837600 -1.128196
3.072991 -2.560611
-3.464664 -1.999025
1.411811 -3.742564
1.642968 -3.647006
2.877361 -2.778632
-2.281554 -3.285500
2.450457 -3.161528
2.485188 -3.134301
-0.051008 -3.999675
2.387178 -3.209576
2.556940 -3.076046
3.204969 -2.393360
2.228702 -3.321579
1.526044 -3.697457
1.889893 -3.525380
-2.895537 -2.759686
1.021384 -3.867399
1.295373 -3.784443
0.904454 -3.896404
1.930111 -3.503523
-3.868269 -1.018082
-1.699635 -3.620945
2.369228 -3.222850
1.899133 -3.520411
2.465952 -3.149457
1.397874 -3.747792
0.527482 -3.965068
2.023250 -3.450574
2.654841 -2.991959
1.523689 -3.698428
1.939385 -3.498398
3.168026 -2.442050
-0.098936 -3.998776
1.031736 3.864650
2.864491 2.791897
1.835759 3.553870
0.036878 3.999830
0.872321 3.903723
1.974383 3.478766
-1.620781 3.656921
1.873540 3.534098
-0.005663 3.999996
1.020454 3.867644
0.242009 3.992672
-0.332666 3.986143
0.800687 3.919043
0.229875 3.993389
-1.040276 3.862360
1.847000 3.548040
-0.988724 3.875877
0.876522 3.902782
1.437874 3.732629
1.603659 3.664461
0.273169 3.990661
0.093937 3.998897
0.436590 3.976102
-0.083380 3.999131
-0.221972 3.993836
0.602251 3.954402
-0.571669 3.958939
-0.535644 3.963973
-1.231850 3.805594
-1.558150 3.684042
-1.364184 3.760186
0.345653 3.985038
2.391568 3.206306
0.841609 3.910460
-1.085127 3.850000
2.629577 3.014187
1.785040 3.579613
-0.248241 3.992290
2.396436 3.202670
-0.605308 3.953935
2.839497 2.817314
0.475565 3.971629
-0.262323 3.991389
-0.399185 3.980032
0.020628 3.999947
0.523095 3.965649
1.039365 3.862605
0.061695 3.999524
1.853228 3.544791
-1.101767 3.845271
1.131914 3.836505
2.082481 3.415154
1.712631 3.614816
0.723424 3.934038
1.538437 3.692318
-1.478672 3.716656
1.457527 3.724999
0.019264 3.999954
-0.060805 3.999538
-0.702441 3.937839
-2.226627 3.322970
1.065971 3.855348
0.776476 3.923912
0.692383 3.939620
1.271350 3.792581
0.262241 3.991394
-1.853758 3.544514
-1.167264 3.825898
2.366489 3.224862
2.182169 3.352333
1.797817 3.573213
-0.844237 3.909893
1.581465 3.674094
0.710536 3.936386
-1.049073 3.859980
-1.248561 3.800144
1.225853 3.807530
0.705511 3.937290
-0.479238 3.971188
-0.667537 3.943906
0.094247 3.998890
1.196741 3.816780
1.193332 3.817847
-0.338435 3.985657
0.867264 3.904850
-1.213294 3.811551
0.138945 3.997586
0.281082 3.990112
1.564215 3.681472
-0.882104 3.901524
1.002268 3.872397
2.612195 3.029264
-1.072522 3.853530
1.129899 3.837099
1.818947 3.562504
-0.785831 3.922049
1.377358 3.755381
0.944479 3.886896
0.176321 3.996112
0.287067 3.989686
-1.358469 3.762255
-0.008420 3.999991
1.483533 3.714718
1.863375 3.539468
1.134147 3.835845
1.380324 3.754292
-0.804444 3.918274
0.689672 3.940096
-1.849978 3.546489
1.853424 3.544689
-0.344867 3.985106
-0.591971 3.955954
-0.214722 3.994233
0.648183 3.947133
1.778056 3.583088
2.170132 3.360138
0.133360 3.997776
1.560552 3.683025
-0.444684 3.975205
-1.650795 3.643470
-0.642807 3.948012
-0.823886 3.914232
-0.189081 3.995529
1.703165 3.619286
0.537194 3.963764
-0.976220 3.879046
0.830968 3.912735
-0.850274 3.908585
0.281441 3.990087
1.013333 3.869516
-1.316976 3.776979
0.842630 3.910240
2.486486 3.133271
2.937130 2.715376
2.832333 2.824516
1.581874 3.673918
1.682911 3.628748
-1.115338 3.841357
-0.042953 3.999769
1.164133 3.826852
0.817440 3.915583
0.769898 3.925208
0.339458 3.985570
0.116611 3.998300
1.010240 3.870325
1.928555 3.504379
1.498308 3.708783
-2.123894 3.389554
0.322673 3.986964
-1.328497 3.772942
0.774951 3.924213
-0.639593 3.948534
-0.479069 3.971208
-0.166644 3.996527
0.472568 3.971987
1.612106 3.660753
0.351292 3.984544
2.952264 2.698914
0.694450 3.939256
1.900328 3.519766
0.124791 3.998053
-0.811291 3.916862
-0.381770 3.981740
0.561433 3.960403
1.210408 3.812468
-2.441561 3.168403
2.277299 3.288451
-1.339655 3.768995
-0.573995 3.958602
0.948904 3.885818
0.622719 3.951230
0.039574 3.999804
0.438784 3.975861
0.259066 3.991602
1.621377 3.656656
1.763464 3.590292
0.330184 3.986349
0.298600 3.988839
1.799972 3.572128
-1.554649 3.685521
1.852455 3.545196
0.176031 3.996125
0.965406 3.881751
0.608134 3.953501
1.651747 3.643039
-0.373838 3.982492
0.267810 3.991025
-2.011667 3.457340
-1.355306 3.763396
0.508007 3.967610
0.454183 3.974131
0.456152 3.973906
1.067974 3.854793
2.423440 3.182285
2.654669 2.992111
1.962620 3.485416
-0.189660 3.995501
-0.210015 3.994483
0.586139 3.956822
-2.006236 3.460494
0.086230 3.999070
0.160391 3.996783
-0.451148 3.974477
1.266430 3.794227
-0.773872 3.924426
-0.702566 3.937817
-0.240048 3.992791
2.336163 3.246897
-0.310772 3.987909
0.999343 3.873153
0.954119 3.884541
-0.764007 3.926359
-1.298210 3.783471
0.977070 3.878832
1.598028 3.666920
0.896151 3.898322
-3.543871 1.854987
1.262066 3.795680
-1.100089 3.845752
-1.887333 3.526751
-0.453494 3.974210
2.660786 2.986674
0.313411 3.987703
-1.902612 3.518532
0.467130 3.972630
-1.318206 3.776550
-0.257304 3.991716
1.033029 3.864305
0.414948 3.978419
2.364839 3.226071
2.412558 3.190543
1.190923 3.818599
1.656229 3.641003
1.172543 3.824283
-0.199814 3.995006
0.341788 3.985371
0.992096 3.875016
0.391610 3.980784
2.150363 3.372824
0.231432 3.993299
0.076191 3.999274
2.017953 3.453674
-0.205216 3.994732
-0.616283 3.952239
-0.402915 3.979656
2.458358 3.155388
1.740203 3.601624
-1.424437 3.737777
0.944817 3.886814
-0.703307 3.937685
1.014751 3.869145
-0.252394 3.992029
0.028033 3.999902
1.498433 3.708733
-1.779384 3.582428
-1.602957 3.664768
1.621283 3.656698
1.487901 3.712970
2.983442 2.664408
-0.383330 3.981590
1.276239 3.790938
-2.139608 3.379656
2.703773 2.947815
0.788430 3.921527
1.400461 3.746827
0.159495 3.996819
2.325630 3.254450
-0.152112 3.997107
0.850773 3.908476
1.455461 3.725806
1.212263 3.811879
0.173621 3.996230
-1.647608 3.644912
-1.833320 3.555128
-0.157151 3.996912
0.688190 3.940355
0.318391 3.987308
-2.141822 3.378254
2.124159 3.389388
-0.508094 3.967599
0.399054 3.980045
2.379986 3.214913
-0.583721 3.957180
0.914804 3.893987
0.581116 3.957563
-0.964585 3.881955
-0.271437 3.990780
-0.444032 3.975278
0.370387 3.982815
0.121446 3.998156
1.207861 3.813276
1.020970 3.867508
-1.352058 3.764564
-1.258696 3.796799
1.411388 3.742724
-1.562268 3.682298
1.300496 3.782685
1.052835 3.858955
2.066908 3.424601
0.330673 3.986309
-0.823343 3.914346
-0.610241 3.953177
1.884288 3.528379
0.346993 3.984921
-0.000868 4.000000
1.089518 3.848760
-0.806096 3.917934
-1.279434 3.789861
-0.811903 3.916735
-0.735545 3.931790
0.265460 3.991182
-0.377804 3.982118
-0.001195 4.000000
-0.808051 3.917531
1.391935 3.750002
-0.915591 3.893802
-0.741903 3.930595
-1.119148 3.840248
1.352928 3.764251
1.228295 3.806743
1.375204 3.756170
-1.312426 3.778563
1.959103 3.487394
1.988265 3.470850
2.416216 3.187774
-1.353090 3.764193
-1.000446 3.872868
0.816708 3.915736
0.452006 3.974379
0.122380 3.998127
-1.354422 3.763714
0.919686 3.892837
-0.758079 3.927508
3.025818 2.616186
1.417808 3.740297
0.324163 3.986843
1.621999 3.656381
-0.238512 3.992883
-1.811965 3.566060
0.370060 3.982845
3.357748 2.173829
-0.568840 3.959346
1.907744 3.515752
2.654445 2.992310
0.417719 3.978129
1.482822 3.715002
1.439597 3.731965
-0.558013 3.960886
1.686143 3.627247
-1.284032 3.788306
-1.364412 3.760104
2.051016 3.434142
-1.296610 3.784019
3.278285 2.291909
1.671891 3.633838
1.068717 3.854587
0.637485 3.948875
-1.032782 3.864371
0.097185 3.998819
2.114705 3.395294
-1.552015 3.686631
-0.088599 3.999019
-0.293503 3.989217
0.694422 3.939261
1.016379 3.868717
-0.409927 3.978940
0.075851 3.999281
2.014715 3.455564
-1.016542 3.868675
0.602505 3.954363
1.877997 3.531731
1.057587 3.857656
1.246211 3.800915
-0.494131 3.969362
1.387224 3.751747
1.700515 3.620531
1.964959 3.484098
-0.208022 3.994587
1.827425 3.558162
-0.850432 3.908550
0.581121 3.957562
0.817904 3.915486
1.860439 3.541012
-1.090305 3.848537
1.800258 3.571984
-0.435833 3.976185
-1.431188 3.735198
2.783442 2.872708
2.328241 3.252583
-0.009573 3.999989
-1.278940 3.790028
-0.581033 3.957575
-0.973546 3.879718
-1.077362 3.852180
-0.277423 3.990368
0.067038 3.999438
2.528999 3.099059
2.334314 3.248227
0.245249 3.992475
-1.157345 3.828910
0.032098 3.999871
0.225047 3.993664
-0.292836 3.989266
1.326457 3.773660
1.275841 3.791072
-0.821592 3.914714
-0.525012 3.965396
0.712381 3.936053
0.629707 3.950123
2.548364 3.083154
-0.390029 3.980939
1.312539 3.778524
0.054150 3.999633
0.346356 3.984977
0.925123 3.891548
-0.617053 3.952119
-0.330265 3.986342
0.505535 3.967926
-1.672731 3.633451
1.574145 3.677236
0.179218 3.995983
-1.137905 3.834732
0.717313 3.935157
1.894106 3.523118
-1.613260 3.660245
1.822254 3.560813
0.449198 3.974698
0.410149 3.978917
2.783990 2.872176
0.620414 3.951593
-1.690472 3.625231
1.787254 3.578509
0.318907 3.987267
-0.017495 3.999962
-1.535391 3.693586
3.346095 2.191722
1.816611 3.563695
2.465693 3.149660
-0.001205 4.000000
0.270883 3.990817
0.358532 3.983899
0.594516 3.955572
-0.239406 3.992829
0.401901 3.979758
0.357852 3.983961
-0.310199 3.987954
-0.300536 3.988694
0.500803 3.968526
0.821932 3.914643
0.531917 3.964475
0.173591 3.996232
0.483794 3.970635
0.243894 3.992558
-0.658016 3.945506
2.083823 3.414335
0.650526 3.946748
-0.000609 4.000000
0.439549 3.975776
3.188021 2.415890
1.395909 3.748525
2.671248 2.977320
2.498988 3.123309
1.632928 3.651513
2.588865 3.049226
-0.346525 3.984962
0.354742 3.984239
0.965725 3.881672
2.590050 3.048219
-0.906980 3.895817
-0.489496 3.969936
-2.123126 3.390035
1.706742 3.617600
0.124882 3.998050
-1.136571 3.835128
-0.414040 3.978514
0.600742 3.954631
0.131130 3.997850
-2.221453 3.326431
2.027169 3.448273
-0.701044 3.938088
1.829255 3.557222
1.806118 3.569025
-1.114565 3.841581
0.142343 3.997467
0.366583 3.983167
1.956788 3.488693
-2.101077 3.403744
2.040151 3.440608
1.701084 3.620264
-2.201202 3.339867
1.582655 3.673582
3.018950 2.624107
1.418503 3.740033
0.748185 3.929404
1.515787 3.701674
1.884685 3.528167
2.326339 3.253943
2.086367 3.412780
1.292600 3.785391
-1.056509 3.857951
-2.161397 -3.365763
-2.903146 -2.751680
1.268303 -3.793601
-2.108590 -3.399095
-3.272901 -2.299591
0.148211 -3.997253
-3.935265 -0.716723
-2.850893 2.805781
-3.001293 -2.644284
-3.650369 -1.635485
0.146061 -3.997332
1.337347 -3.769815
-2.516131 -3.109516
0.760647 -3.927011
-1.342319 -3.768047
-3.095288 -2.533613
-2.586646 -3.051108
0.101316 -3.998717
-2.738805 -2.915296
-1.867537 -3.537274
-3.809414 1.219986
-3.818512 -1.191203
-3.943092 -0.672326
-1.935609 -3.500488
-0.128607 -3.997932
-1.338277 -3.769485
-3.051059 -2.586704
-3.601622 -1.740207
-0.961827 -3.882640
-1.528361 -3.696500
0.212090 -3.994373
-2.824801 -2.832048
-3.244415 -2.339610
-3.360604 -2.169410
-2.988737 -2.658467
-2.109366 -3.398614
-1.838861 -3.552265
-1.859661 -3.541421
-1.960673 -3.486511
-2.851149 -2.805521
-1.686610 -3.627030
-2.672597 -2.976109
0.556126 -3.961152
-2.085119 -3.413543
-2.138893 -3.380109
-3.566728 -1.810650
-0.716963 -3.935221
-1.275877 -3.791060
-1.585548 -3.672334
-2.543549 -3.087128
1.034455 -3.863923
0.798658 -3.919457
0.055616 -3.999613
-2.961807 -2.688438
-1.423038 -3.738310
-3.251657 -2.329534
0.672384 -3.943082
-3.982716 -0.371448
-3.689487 1.545213
-3.467105 -1.994789
-0.010760 -3.999986
-0.960991 -3.882846
-2.338281 -3.245372
-2.438265 -3.170940
0.342314 -3.985326
-2.568319 -3.066551
0.001665 -4.000000
-3.889630 -0.933153
-3.835315 -1.135940
-3.491474 -1.951822
-3.153717 -2.460502
-1.362985 -3.760621
-1.304651 -3.781254
-2.041496 -3.439810
1.981426 -3.474759
-2.874292 -2.781806
-3.535896 -1.870145
-2.617797 -3.024424
-3.714230 -1.484754
-3.433126 -2.052716
-3.507862 -1.922214
-3.460070 -2.006967
-3.064121 -2.571218
-2.557619 -3.075482
-2.258214 -3.301586
-3.829780 -1.154462
-1.910715 -3.514138
0.487871 -3.970136
-2.864139 -2.792258
-0.620520 -3.951576
-2.607600 -3.033220
-2.491632 -3.129181
-0.231103 -3.993318
-3.700533 -1.518571
-1.683924 -3.628278
-1.839230 -3.552074
-3.671789 -1.586809
-0.421262 -3.977755
-3.994212 -0.215102
-1.923281 -3.507277
1.450377 -3.727788
-0.645592 -3.947558
0.029070 -3.999894
-0.325282 -3.986752
-3.932228 -0.733202
-0.606903 -3.953690
0.159514 -3.996818
-2.799060 -2.857492
-0.040371 -3.999796
-0.722423 -3.934222
-2.334854 -3.247839
-2.516688 -3.109064
-2.445197 -3.165598
-2.085487 -3.413319
-3.746389 -1.401632
-1.607865 -3.662618
-2.383417 -3.212370
-1.972752 -3.479691
-2.930283 -2.722764
-3.574252 -1.795750
-2.019807 -3.452591
1.183848 -3.820799
-2.299265 -3.273130
-0.479179 -3.971195
-2.702888 -2.948626
1.280948 -3.789350
-3.373025 -2.150046
-0.386004 -3.981332
-1.528143 -3.696590
-3.636217 -1.666711
-1.233214 -3.805152
-0.453597 -3.974198
-1.944635 -3.495482
-2.468228 -3.147674
-3.801056 1.245783
-1.630663 -3.652525
-2.213490 -3.331735
-3.021376 -2.621314
-0.521972 -3.965797
-3.690919 -1.541791
-2.374859 -3.218702
-3.845016 -1.102656
-1.784507 -3.579879
-3.278602 -2.291455
-2.667464 -2.980710
-1.522260 -3.699017
-2.110135 -3.398136
-3.971572 -0.476042
-2.354859 -3.233364
-3.693650 1.535236
-3.196186 -2.405077
-1.709594 -3.616253
-2.281727 -3.285380
-3.938513 -0.698650
-0.594708 -3.955543
-2.574674 -3.061218
-0.661017 -3.945004
0.123846 -3.998082
-3.925374 0.769052
1.082048 -3.850866
-3.766173 -1.347567
-0.849267 -3.908804
-3.173495 -2.434939
0.281274 -3.990098
-3.936027 0.712522
-2.783487 2.872664
-0.005369 -3.999996
-2.916772 -2.737233
-0.314677 -3.987603
-1.784997 -3.579635
-0.731901 -3.932470
-0.741479 -3.930675
-1.447616 -3.728861
-1.442307 -3.730918
-2.556794 -3.076167
-1.838380 -3.552514
0.373137 -3.982558
-2.854013 -2.802608
-3.793078 -1.269866
-0.158372 -3.996864
-1.836743 -3.553361
-1.788274 -3.577999
-1.889849 -3.525403
-1.189711 -3.818977
2.543487 -3.087179
-3.757063 -1.372764
-3.888842 -0.936432
-3.128975 -2.491890
-3.970457 -0.485258
0.810059 -3.917117
-3.717175 -1.477367
-1.409908 -3.743282
-3.470228 -1.989351
-2.634627 -3.009774
-1.239451 -3.803125
-2.197426 -3.342352
-2.878275 -2.777685
-3.418540 -2.076916
-0.228415 -3.993473
-2.576593 -3.059603
-3.374230 -2.148155
-3.524637 -1.891279
0.167923 -3.996474
-3.991331 -0.263210
-3.748829 1.395091
-0.681767 -3.941471
-3.455073 -2.015557
-1.867226 -3.537438
-3.783808 -1.297226
-1.734181 -3.604527
-3.030554 -2.610698
-1.249429 -3.799859
-3.740138 -1.418227
-1.293621 -3.785042
-2.176871 -3.355776
-3.537015 -1.868026
-1.033688 -3.864129
-2.322175 -3.256916
-3.586136 -1.771899
-1.252250 -3.798930
-3.039736 -2.600001
0.209123 -3.994530
-1.310141 -3.779356
-0.560718 -3.960504
-3.370976 -2.153258
-1.484116 -3.714485
-2.804085 -2.852562
-3.999871 -0.032089
-2.806323 -2.850360
-3.006508 -2.638354
-3.623123 -1.694988
-3.966243 0.518573
-3.041711 -2.597690
-1.416071 -3.740955
-3.211633 -2.384411
-1.875306 -3.533161
-0.360238 -3.983746
-3.101220 -2.526348
-1.632209 -3.651834
-2.244708 -3.310783
0.352460 -3.984441
-1.800321 -3.571953
-1.800743 -3.571740
-3.854929 -1.067483
-0.195654 -3.995212
-3.854740 -1.068166
-1.980166 -3.475477
0.253997 -3.991928
-0.750350 -3.928992
-2.994207 -2.652306
-3.639508 -1.659512
-3.931968 -0.734596
-2.061131 -3.428081
-0.604556 -3.954050
-3.104642 -2.522142
-3.360852 -2.169027
-3.084102 -2.547217
-2.234315 -3.317806
0.043056 -3.999768
0.979502 -3.878218
-3.280697 -2.288455
-3.646731 -1.643580
0.633867 -3.949457
-3.486477 -1.960735
-3.294091 -2.269133
-3.529107 -1.882925
-3.581567 -1.781117
-2.197929 -3.342021
-0.637592 -3.948858
0.160618 -3.996774
-0.253822 -3.991939
-2.584362 -3.053043
-0.773044 -3.924590
-3.998933 -0.092386
-3.864299 -1.033049
0.495047 -3.969248
-2.776411 -2.879504
-3.707457 -1.501587
-1.824725 -3.559547
-1.267471 -3.793879
-3.179626 -2.426928
-3.394640 -2.115755
0.240465 -3.992766
-2.070890 -3.422195
-2.785934 -2.870291
-1.622332 -3.656233
-1.233305 -3.805123
-2.070564 -3.422392
-2.363442 -3.227095
-2.252126 -3.305742
-3.971290 0.478391
-2.629113 -3.014592
1.306150 -3.780737
-3.964380 -0.532626
-3.044242 -2.594724
-3.238227 -2.348166
-0.876868 -3.902705
-1.621721 -3.656504
-3.573804 -1.796643
-3.387434 -2.127273
-1.796773 -3.573739
-0.219442 -3.993976
-2.372924 -3.220129
-3.737694 1.424655
-2.166066 -3.362760
-3.423940 -2.068003
-2.776872 -2.879059
-3.103725 -2.523271
-0.549670 -3.962053
-0.598235 -3.955011
-2.160072 -3.366614
-3.369197 -2.156041
-1.372954 -3.756993
-2.510826 -3.113800
-1.793200 -3.575533
-2.645624 -3.000112
-1.883298 -3.528908
-1.280369 -3.789546
-2.161020 -3.366005
-3.954851 0.599293
-3.760487 -1.363355
-3.526365 -1.888055
-3.798841 -1.252522
-1.177418 -3.822785
-2.082483 -3.415152
-3.503884 -1.929454
-2.216864 -3.329492
-2.485512 -3.134044
-3.110902 -2.514417
-2.598697 -3.040851
-3.878873 0.976907
0.034626 -3.999850
-2.353250 -3.234535
-2.793969 -2.862470
0.043275 -3.999766
-3.995148 0.196966
-3.486330 -1.960995
-3.568958 -1.806250
-2.101908 -3.403231
-3.048905 -2.589243
-3.523411 -1.893561
-1.253159 -3.798630
-3.744934 -1.405513
-3.353086 -2.181012
-2.542110 -3.088313
-2.971858 -2.677323
-1.944917 -3.495325
-1.236452 -3.804101
-3.992683 -0.241835
-0.444298 -3.975248
-3.981970 -0.379358
-0.325324 -3.986749
-2.178251 -3.354881
-3.622474 -1.696373
-3.147552 -2.468383
-2.083792 -3.414354
-3.269252 -2.304776
-3.814741 1.203225
-3.416984 -2.079476
-3.458556 -2.009574
-2.386137 -3.210350
-2.664267 -2.983569
-2.391555 -3.206317
-1.026012 -3.866174
-1.667352 -3.635923
-1.842702 -3.550274
-3.465153 -1.998177
-3.998843 -0.096185
-3.782125 -1.302125
-1.021102 -3.867473
-3.243374 -2.341053
-1.470471 -3.719908
-1.456022 -3.725587
-0.126061 -3.998013
-3.340268 -2.200593
-1.586012 -3.672134
-3.005158 -2.639891
-3.679530 -1.568776
-3.125575 -2.496153
-3.651835 -1.632207
-2.932071 -2.720838
-3.969287 -0.494729
-3.269566 -2.304331
-2.412054 -3.190924
-2.768781 -2.886841
-1.483113 -3.714886
-1.451942 -3.727179
-1.950408 -3.492264
-3.487132 -1.959569
-1.706927 -3.617513
-1.542114 -3.690784
-2.268568 -3.294480
1.946083 -3.494676
-3.501259 -1.934215
-2.869397 -2.786855
-2.515770 -3.109807
-1.144444 -3.832786
-3.319895 -2.231210
-2.617865 -3.024365
-1.006116 -3.871399
-2.464377 -3.150690
-3.415714 -2.081562
-3.353719 -2.180038
1.420936 -3.739110
-0.642551 -3.948054
-3.439414 -2.042163
-2.567448 -3.067281
-1.248289 -3.800233
-3.316445 -2.236335
-1.840235 -3.551554
-1.608944 -3.662144
-1.832781 -3.555406
-3.772132 1.330797
-3.475966 -1.979309
-2.763202 -2.892182
-3.228867 -2.361020
-2.508788 -3.115443
-3.324318 -2.224615
-3.734929 1.431890
-3.641374 -1.655414
-1.497759 -3.709005
-1.306387 -3.780655
-2.575186 -3.060787
-3.333083 -2.211461
-0.642065 -3.948133
-1.871280 -3.535295
-1.366421 -3.759374
-1.812303 -3.565888
-2.263453 -3.297996
0.053019 -3.999649
-2.352811 -3.234854
-3.348778 -2.187621
-2.317539 -3.260217
-3.634378 -1.670718
-0.789410 -3.921330
-3.442524 -2.036917
-3.267146 -2.307760
-1.414187 -3.741667
-2.154322 -3.370296
-2.461246 -3.153136
-2.003774 -3.461920
-2.941524 -2.710616
-3.309210 -2.247027
-0.784053 -3.922405
2.925472 -2.727932
-3.656521 -1.621682
-3.467512 -1.994081
-1.426471 -3.737002
-0.077450 -3.999250
-0.219660 -3.993964
-1.183170 -3.821009
-2.072356 -3.421307
-3.998169 -0.121028
-3.503108 -1.930864
-0.011487 -3.999984
-1.471667 -3.719435
-1.880461 -3.530420
-0.670748 -3.943361
-3.136564 -2.482331
-2.533929 -3.095029
-0.799894 -3.919205
-2.747235 -2.907353
-0.202371 -3.994877
-2.512828 -3.112185
-2.630911 -3.013023
-0.046171 -3.999734
0.060804 -3.999538
-3.711600 -1.491316
-1.319765 -3.776006
-3.763683 -1.354508
-1.762793 -3.590621
-3.568853 -1.806457
-3.646003 -1.645193
-0.710390 -3.936413
-3.451059 -2.022423
-2.458172 -3.155533
-0.178740 -3.996004
-0.096274 -3.998841
-0.748405 -3.929363
-1.270420 -3.792893
-3.706862 -1.503056
-2.740824 -2.913398
-1.739575 -3.601927
-3.428266 -2.060823
-1.730737 -3.606182
-0.420558 -3.977830
-3.915558 -0.817561
-2.508313 -3.115825
-1.740288 -3.601583
-3.119009 -2.504352
-1.678044 -3.631001
-2.645010 -3.000654
-2.612844 -3.028704
-2.980832 -2.667329
-0.147181 -3.997291
-0.652204 -3.946470
-3.631508 -1.676946
-3.779386 -1.310053
-3.188059 -2.415840
1.301809 -3.782234
-2.502214 -3.120725
-1.296504 -3.784056
-0.558540 -3.960812
1.310568 -3.779208
-3.496946 -1.942002
-1.453355 3.726628
-3.953056 -0.611023
-1.859251 3.541636
-3.221231 2.371428
-2.768371 -2.887234
-3.963748 -0.537308
-0.900463 -3.897328
-1.013519 -3.869467
-3.020699 -2.622095
-1.515874 3.701638
-3.999024 -0.088337
-3.442499 -2.036958
-0.296789 -3.988974
-2.151437 -3.372139
-3.970043 -0.488632
-3.809459 -1.219846
-3.991794 0.256092
-3.898768 -0.894208
-3.289791 -2.275363
-3.990781 0.271420
-0.808902 3.917356
0.351762 -3.984503
-3.300682 2.259534
-3.927930 -0.755887
0.222366 -3.993814
-3.733568 1.435435
-0.133839 -3.997760
-3.389923 2.123305
-2.410382 3.192187
-3.919739 -0.797276
-2.336430 -3.246705
-2.913766 -2.740432
0.830441 -3.912847
-2.559058 -3.074284
-1.802664 -3.570771
-2.616377 -3.025652
-3.841159 1.116018
0.576860 -3.958186
-3.631018 -1.678008
-1.480441 3.715951
-3.740383 1.417580
-3.097970 -2.530333
-3.857086 -1.059664
-3.809959 -1.218284
-3.162460 -2.449255
-1.050943 -3.859471
0.341851 -3.985365
-3.395820 -2.113861
-3.746042 1.402558
-3.746767 1.400620
-2.605733 3.034824
-3.999990 -0.008998
-2.252300 -3.305623
-2.655356 -2.991502
-3.949418 -0.634111
-2.863813 2.792593
-3.998364 -0.114379
-2.996295 2.649947
-3.388367 2.125787
-0.662376 -3.944776
-2.726665 -2.926653
-3.864792 1.031205
-3.996067 0.177338
-1.171283 -3.824670
-3.991171 -0.265622
-0.700235 3.938232
-2.379240 3.215465
-2.933903 -2.718862
0.738317 -3.931271
-2.833036 -2.823811
-2.865141 -2.791230
-3.935599 -0.714884
-3.525652 -1.889386
-3.367229 -2.159113
-1.807447 -3.568352
-3.799410 1.250792
-2.816655 -2.840151
-3.989710 0.286728
-0.895019 -3.898582
-3.508478 1.921088
-0.111662 -3.998441
-3.469980 -1.989783
1.233376 -3.805100
-3.095018 2.533943
-3.965071 0.527459
-3.759996 1.364709
-3.345174 -2.193128
0.913126 -3.894381
2.403274 -3.197542
-3.562310 -1.819326
0.488163 -3.970100
-3.237408 -2.349295
-0.004551 -3.999997
-2.694168 -2.956596
-3.838972 1.123518
-3.286544 2.280050
-3.550336 -1.842583
-0.903001 -3.896741
-2.868290 -2.787995
-3.988053 0.308921
-3.968262 -0.502888
0.880485 -3.901890
-2.042502 -3.439213
-2.526044 -3.101468
-2.742067 -2.912227
-2.357972 -3.231094
0.398238 -3.980126
0.095333 -3.998864
0.058900 -3.999566
-3.879664 -0.973759
-3.406379 -2.096802
-3.995987 0.179126
-2.407380 3.194452
-2.277468 -3.288334
-3.497527 -1.940955
-2.899839 2.755165
-2.546152 3.084981
-3.374298 -2.148049
-3.761534 -1.360464
-2.993777 -2.652790
-3.971002 -0.480777
-3.750395 -1.390875
-3.615503 1.711180
-1.677607 -3.631203
-3.923298 -0.779572
-1.516351 -3.701443
-3.658046 1.618241
-3.325114 -2.223424
-3.982286 -0.376028
-1.723919 3.609446
-3.282977 -2.285183
-3.119691 2.503504
-3.546641 -1.849686
-2.876914 -2.779094
-3.581443 1.781366
-2.772197 -2.883561
-2.622893 -3.020006
-3.794422 -1.265844
-3.533829 -1.874047
-2.981283 -2.666824
-3.552939 -1.837559
-3.475135 -1.980766
-3.634297 1.670894
-2.441195 -3.168685
-0.908625 -3.895433
0.081069 -3.999178
-3.975388 -0.443047
-3.899730 0.890001
-3.999994 0.006860
-3.999786 -0.041372
0.095994 -3.998848
-1.979658 -3.475767
-2.472730 -3.144138
-0.969627 -3.880699
-2.384453 -3.211602
0.294962 -3.989110
-3.973731 0.457668
-1.056643 -3.857915
-3.992444 -0.245747
0.151579 -3.997127
-3.976839 -0.429828
1.091551 -3.848183
-3.964318 -0.533087
-3.053754 -2.583522
-2.999850 2.645921
-3.349397 2.186674
-3.801145 -1.245510
-3.999716 -0.047642
-3.873959 -0.996215
-1.079410 -3.851607
-1.746925 -3.598368
-3.641782 1.654517
-0.731797 -3.932489
0.108640 -3.998524
-3.489267 1.955765
-0.000535 -4.000000
-3.723112 1.462340
-2.186723 3.349364
-1.734802 -3.604229
-3.112805 -2.512059
-2.240815 -3.313419
-2.870523 -2.785695
-2.440535 -3.169194
-3.557701 1.828323
-3.831439 -1.148946
-1.435771 -3.733438
-3.705048 -1.507522
-3.058532 -2.577864
0.559824 -3.960631
-3.923871 -0.776685
-3.164984 -2.445992
-0.417810 -3.978120
-3.938628 -0.698001
0.129660 -3.997898
-0.038309 -3.999817
-3.951822 -0.618956
-3.785607 -1.291968
-3.091326 -2.538445
-2.993508 2.653094
0.240537 -3.992761
-0.761284 -3.926888
-2.389449 -3.207886
-3.266203 -2.309095
0.717096 -3.935197
-0.056801 -3.999597
-2.386569 -3.210029
-3.698143 -1.524381
-3.078293 2.554234
-3.868012 1.019058
-3.998094 0.123457
1.729864 3.606601
-3.703687 -1.510861
-2.913387 2.740835
-3.855125 1.066775
-0.860055 -3.906444
-3.691185 -1.541152
-3.801767 1.243612
-3.593332 1.757261
-3.808204 -1.223758
-2.201685 -3.339548
-2.971064 -2.678204
0.188052 -3.995577
-3.495032 1.945444
-2.218643 3.328307
-2.695803 -2.955105
-3.589035 -1.766019
-0.612682 -3.952799
-3.936600 0.709350
-3.994675 -0.206330
-0.134025 -3.997754
-3.383405 -2.133676
-3.986139 -0.332713
0.434436 -3.976338
-3.997018 0.154436
-3.705982 1.505223
-2.934228 -2.718511
0.449216 -3.974696
-3.404930 -2.099156
-3.623846 -1.693441
-2.100812 -3.403908
-3.781706 1.303340
-2.936939 -2.715583
-0.086269 -3.999070
-3.733969 1.434390
0.278360 -3.990303
-3.852157 -1.077443
-1.120663 -3.839806
-0.796119 -3.919974
-3.089400 -2.540789
0.071664 -3.999358
0.207853 -3.994596
0.688671 -3.940271
-3.364091 -2.163999
-3.999645 -0.053308
-2.963777 -2.686266
-0.371368 -3.982723
-3.061814 2.573965
-3.019230 -2.623785
-3.789659 1.280033
-2.171712 -3.359117
-2.549351 -3.082338
-3.984398 -0.352945
-1.704505 -3.618655
-2.440683 3.169079
-2.139933 3.379451
3.775348 -1.321647
2.566382 -3.068173
0.494277 -3.969344
-3.787392 -1.286726
-3.976022 0.437318
-1.198760 -3.816147
-3.492418 1.950133
-3.750195 -1.391417
-2.959450 -2.691032
0.396811 -3.980269
-2.928118 -2.725091
-3.844491 -1.104486
-0.703786 -3.937599
-3.420389 -2.073871
-3.341810 2.198250
-1.120277 -3.839919
-3.737433 -1.425341
-2.462257 -3.152347
-2.416132 -3.187837
-3.637931 1.662967
-3.046693 -2.591846
-3.407723 -2.094618
-2.925678 -2.727711
-2.901374 -2.753548
-2.179624 -3.353989
0.536200 -3.963898
-3.994798 -0.203936
-3.974324 0.452492
-2.855413 2.801181
-1.934648 -3.501020
-3.785656 -1.291823
0.865095 -3.905331
-1.352693 -3.764335
-3.059226 -2.577040
-3.506093 -1.925439
-3.779003 1.311157
-1.763337 3.590354
-3.723041 1.462520
-2.428950 3.178082
-2.671970 -2.976672
-3.999986 -0.010524
-1.975892 3.477909
-2.809571 2.847159
-2.949131 -2.702338
-3.052216 -2.585339
-3.999789 0.041106
-3.742092 -1.413063
-3.981170 -0.387670
-1.147522 3.831866
-3.940311 -0.688443
-2.844965 -2.811792
-3.841045 -1.116411
-3.891301 0.926163
-2.927390 2.725874
-0.422052 -3.977672
-3.267883 -2.306716
0.089055 -3.999009
-2.300815 3.272041
-3.954611 -0.600873
-2.732605 2.921107
-0.066675 -3.999444
-3.920851 -0.791789
1.747218 -3.598226
-3.833566 1.141829
-3.995550 -0.188625
-3.670454 -1.589896
-3.324007 -2.225080
-3.925021 0.770853
-1.465671 -3.721802
-3.963200 -0.541340
-3.962533 -0.546197
-3.992387 0.246673
-3.499987 -1.936516
-3.970435 0.485437
-1.041446 -3.862045
-3.956232 -0.590107
-3.997199 0.149674
-3.747486 -1.398696
1.483748 -3.714632
-2.806484 -2.850202
0.657510 -3.945590
-3.828239 -1.159562
-3.998004 0.126334
-3.632686 -1.674393
-2.235942 -3.316710
-3.627843 1.684860
-3.644372 1.648804
0.945092 -3.886747
0.509563 -3.967410
-0.293206 -3.989239
-3.539599 -1.863126
-3.029605 -2.611799
-3.158835 -2.453928
-3.221014 2.371723
-3.119747 2.503434
-1.433929 -3.734146
-3.950279 -0.628723
-2.745291 2.909188
-3.998052 -0.124820
-3.682483 1.561831
-3.006759 -2.638067
-2.350546 -3.236500
-0.189136 -3.995526
0.778015 -3.923607
-3.947607 -0.645293
-3.811680 1.212886
-3.993083 -0.235129
-1.030789 -3.864903
-3.573569 1.797109
-3.995391 0.191957
-1.775249 -3.584479
0.139255 3.997575
-2.888653 -2.766890
0.688367 -3.940324
-2.076475 -3.418808
-3.921404 0.789045
-3.899553 -0.890778
-3.918748 0.802131
-3.385843 2.129804
-3.075196 -2.557962
-3.555459 1.832679
0.307666 -3.988150
-3.545727 -1.851437
-2.938262 -2.714151
-3.198213 -2.402380
-3.685550 -1.554580
-3.149718 -2.465618
-1.264955 -3.794719
-2.689016 2.961282
-3.471237 1.987591
-1.541796 -3.690917
-2.872492 -2.783665
-3.861348 -1.044026
-2.020593 -3.452130
-2.425125 -3.181001
-2.427812 -3.178951
-3.419049 2.076080
-3.030612 -2.610630
1.287703 -3.787060
-1.609427 3.661932
-1.879352 -3.531011
-3.843457 -1.108079
-0.871045 -3.904008
-2.854598 -2.802012
-3.964836 -0.529222
-2.905241 -2.749468
-2.132105 3.384395
-3.851743 -1.078922
-3.635897 -1.667409
-3.999969 -0.015712
-3.238460 -2.347845
-0.511453 -3.967167
-3.937667 0.703407
-2.841439 2.815355
-3.468669 -1.992068
-3.231467 -2.357461
-3.313919 -2.240076
-3.168067 2.441997
-0.737247 -3.931471
-3.642315 1.653343
-3.578646 1.786979
-2.268475 -3.294544
-0.482405 -3.970804
-3.445156 -2.032462
-3.959321 -0.569014
-3.308722 -2.247745
-2.785132 2.871069
-1.296716 -3.783983
-3.949660 -0.632600
-3.692647 -1.537647
-3.663487 -1.605883
-3.982805 -0.370487
-3.854654 -1.068478
-2.550048 -3.081762
-2.946846 -2.704829
0.473959 -3.971821
-3.603847 1.735594
-2.659716 -2.987626
-1.305655 -3.780908
-3.934397 0.721470
-1.426290 -3.737071
0.737031 -3.931512
-1.677133 -3.631422
-0.973950 -3.879616
0.582702 -3.957330
0.410349 -3.978896
-3.244187 -2.339926
1.560950 -3.682857
-2.255928 -3.303148
-3.223374 -2.368514
-3.861290 -1.044243
-3.999803 -0.039650
-2.787893 -2.868389
-3.980760 -0.391858
-3.066226 -2.568708
-2.733097 -2.920647
-3.666462 1.599080
-3.863579 -1.035739
-2.214383 3.331142
-2.876772 -2.779241
-3.990964 0.268718
-2.413146 -3.190098
-3.588804 -1.766490
-3.722043 -1.465057
-1.796319 -3.573966
-3.994972 0.200494
-3.959450 0.568115
-2.516673 -3.109076
-2.034314 -3.444062
-1.611558 -3.660994
-2.598404 -3.041102
-0.263218 -3.991330
-3.436890 2.046409
-1.840309 -3.551516
-3.895975 -0.906299
-3.634966 1.669438
-3.969861 -0.490106
-0.070022 -3.999387
-2.839227 -2.817585
-1.431341 -3.735139
-3.296211 2.266052
-3.748047 1.397190
-3.547458 -1.848119
-3.007027 -2.637763
-1.799329 3.572452
-3.753060 1.383670
-3.841573 -1.114594
-1.821215 -3.561345
-2.547207 -3.084110
-2.731264 -2.922361
