0.526808 -3.965157
3.029627 -2.611773
3.381120 -2.137294
1.550904 -3.687099
3.964666 -0.530490
1.333963 -3.771014
2.124765 -3.389008
3.666186 -1.599713
1.271599 -3.792497
3.982449 -0.374304
3.082913 -2.548657
2.324196 -3.255474
0.943334 -3.887174
3.996996 -0.155002
2.181188 -3.352972
2.714481 -2.937957
3.722683 -1.463432
1.918735 -3.509766
1.842849 -3.550198
1.074043 -3.853107
0.990604 -3.875397
1.912459 -3.513189
3.972896 -0.464860
2.493684 -3.127545
2.060576 -3.428415
2.364467 -3.226344
1.896635 -3.521758
3.020346 -2.622501
1.621972 -3.656392
3.892679 -0.920355
1.115702 -3.841251
3.454902 -2.015850
3.650897 -1.634304
2.825264 -2.831587
0.390206 -3.980922
1.373116 -3.756934
3.641409 -1.655338
3.013318 -2.630573
0.587773 -3.956580
2.008920 -3.458937
3.212301 -2.383510
1.291953 -3.785612
2.763220 -2.892165
1.508289 -3.704736
2.745936 -2.908580
2.106774 -3.400221
3.962408 -0.547108
3.538958 -1.864343
0.314513 -3.987616
2.884808 -2.770900
3.352990 -2.181160
3.913319 -0.828209
0.656887 -3.945694
1.953700 -3.490423
0.030419 -3.999884
1.798732 -3.572753
1.474169 -3.718444
3.962445 -0.546835
0.970461 -3.880490
0.547328 -3.962377
-0.265297 -3.991192
3.835373 -1.135745
3.764051 -1.353485
3.141831 -2.475662
3.640199 -1.657997
3.073764 -2.559682
3.948682 -0.638676
3.622988 -1.695275
3.048276 -2.589983
1.999615 -3.464324
2.126030 -3.388214
3.878836 -0.977054
2.317519 -3.260231
3.395539 -2.114312
3.175796 -2.431937
2.971586 -2.677625
3.353489 -2.180393
1.337541 -3.769746
1.983310 -3.473684
2.965210 -2.684685
0.458369 -3.973650
1.410990 -3.742874
3.696707 -1.527860
3.738829 -1.421674
3.875876 -0.988730
2.807577 -2.849125
1.631734 -3.652047
3.267278 -2.307574
1.884340 -3.528351
0.562555 -3.960244
1.002929 -3.872226
1.090336 -3.848528
3.674705 -1.580045
1.316307 -3.777213
1.244377 -3.801516
3.744864 -1.405701
1.597039 -3.667351
2.477270 -3.140563
2.311557 -3.264461
-0.087316 -3.999047
3.990266 -0.278883
1.020095 -3.867739
3.484103 -1.964949
0.114813 -3.998352
3.887956 -0.940106
3.066542 -2.568330
2.333625 -3.248722
1.333059 -3.771333
2.562378 -3.071517
3.749401 -1.393553
-0.782006 -3.922814
0.638594 -3.948696
3.081278 -2.550633
2.358371 -3.230803
2.583207 -3.054021
3.052273 -2.585272
3.225317 -2.365868
3.438153 -2.044285
-0.060810 -3.999538
3.793174 -1.269578
1.445163 -3.729813
3.738419 -1.422751
1.989454 -3.470169
2.002038 -3.462924
2.756836 -2.898250
2.617667 -3.024536
3.459849 -2.007348
3.910068 -0.843425
0.922198 -3.892242
2.782463 -2.873657
3.515135 -1.908880
2.360500 -3.229247
3.291569 -2.272790
0.994317 -3.874446
1.782323 -3.580967
3.537186 -1.867703
2.300205 -3.272469
3.102136 -2.525224
3.286500 -2.280114
2.341655 -3.242939
3.687571 -1.549781
0.007477 -3.999993
2.600475 -3.039331
2.778953 -2.877050
0.339062 -3.985604
3.852443 -1.076420
3.983116 -0.367128
1.860658 -3.540897
2.244737 -3.310764
3.935954 -0.712928
3.410916 -2.089415
0.373160 -3.982556
2.259991 -3.300370
2.943139 -2.708861
2.915086 -2.739028
2.281404 -3.285604
3.576229 -1.791810
2.655712 -2.991186
0.118334 -3.998249
1.450605 -3.727700
0.154108 -3.997030
2.293133 -3.277429
1.308048 -3.780081
3.552203 -1.838982
3.618970 -1.703836
0.528381 -3.964948
2.982058 -2.665958
3.319234 -2.232194
1.368239 -3.758713
2.056347 -3.430953
2.560031 -3.073474
3.893896 -0.915190
0.878814 -3.902267
-0.406477 -3.979293
0.541752 -3.963143
0.364830 -3.983328
0.703738 -3.937607
1.241662 -3.802404
2.628172 -3.015413
3.969171 -0.495660
0.439564 -3.975775
1.841507 -3.550894
3.269228 -2.304810
0.578024 -3.958016
3.270994 -2.302303
0.738438 -3.931248
0.550275 -3.961969
3.863973 -1.034270
3.924330 -0.774362
3.108250 -2.517694
3.076501 -2.556392
2.022913 -3.450772
2.124801 -3.388985
3.658170 -1.617959
-0.790411 -3.921129
2.953635 -2.697413
3.958210 -0.576695
3.666667 -1.598609
3.371103 -2.153060
3.877788 -0.981202
3.908205 -0.852018
2.629529 -3.014229
1.215143 -3.810961
1.878664 -3.531377
0.396278 -3.980322
-0.254023 -3.991926
0.598250 -3.955009
1.453407 -3.726608
2.602809 -3.037332
2.125166 -3.388756
2.484853 -3.134567
3.639605 -1.659300
0.232172 -3.993256
3.095287 -2.533614
2.177596 -3.355306
2.337265 -3.246104
2.988501 -2.658733
3.983313 -0.364988
3.761250 -1.361248
2.205632 -3.336943
3.381205 -2.137160
2.132557 -3.384110
-1.430002 -3.735652
3.498759 -1.938733
2.791179 -2.865191
-0.073428 -3.999326
0.338239 -3.985674
2.278448 -3.287655
2.204827 -3.337475
2.894841 -2.760415
2.399347 -3.200490
0.662197 -3.944806
3.948794 -0.637989
2.403912 -3.197062
3.988620 0.301513
3.899225 -0.892213
0.230017 -3.993381
0.039062 -3.999809
2.495339 -3.126225
3.988205 -0.306949
1.217366 -3.810252
0.976132 -3.879068
2.422458 -3.183033
3.042648 -2.596593
-1.244325 -3.801533
0.496986 -3.969006
1.632661 -3.651632
1.652577 -3.642662
3.953537 0.607904
3.228150 -2.362001
1.501646 -3.707433
3.322160 -2.227836
1.788169 -3.578051
3.586120 -1.771933
3.400764 -2.105897
2.947299 -2.704335
3.899942 -0.889072
3.391212 -2.121246
2.724056 -2.929082
3.206669 -2.391082
3.410680 -2.089799
0.502076 -3.968365
3.070115 -2.564058
3.481965 -1.968736
1.274061 -3.791671
1.096077 -3.846897
3.028697 -2.612852
3.922972 -0.781210
1.998564 -3.464930
3.415590 -2.081765
-0.150885 -3.997153
-0.653734 -3.946217
1.725959 -3.608472
3.892494 -0.921137
2.403438 -3.197418
1.661501 -3.638600
3.953817 -0.606082
3.807414 -1.226212
1.091128 -3.848304
2.719485 -2.933326
-0.957663 -3.883669
3.460503 -2.006221
3.827849 -1.160849
1.389743 -3.750815
0.435368 -3.976236
-1.511097 -3.703591
3.553839 -1.835818
0.869787 -3.904289
2.770194 -2.885485
3.468880 -1.991701
3.254414 -2.325681
3.083344 -2.548135
0.154210 -3.997026
3.932644 -0.730966
2.617752 -3.024463
1.064029 -3.855884
3.251465 -2.329802
0.857268 -3.907057
-0.489202 -3.969972
3.756854 1.373334
1.771595 -3.586286
3.307578 -2.249428
2.449006 -3.162653
2.808343 -2.848370
2.820462 -2.836370
-0.011330 -3.999984
-0.946558 -3.886390
2.143569 -3.377145
-0.874234 -3.903295
-1.948116 -3.493543
2.802588 -2.854033
3.481984 -1.968702
3.157218 -2.456008
3.192992 -2.409316
1.008561 -3.870763
3.438567 -2.043589
1.715008 -3.613689
3.276718 -2.294148
3.413795 -2.084708
3.595134 -1.753572
3.840373 -1.118720
2.982460 -2.665508
3.018023 -2.625173
2.382321 -3.213184
2.301373 -3.271648
3.499240 -1.937864
0.139066 -3.997582
0.388707 -3.981069
3.413233 -2.085627
0.614624 -3.952498
1.753931 -3.594958
2.263373 -3.298052
0.948283 -3.885970
1.127523 -3.837798
3.238264 -2.348116
2.562391 -3.071507
-0.161224 -3.996750
3.123612 -2.498609
1.262810 -3.795433
3.455943 -2.014066
2.266384 -3.295983
0.881736 -3.901608
0.978623 -3.878440
3.929085 -0.749862
-0.132579 -3.997802
3.211527 -2.384553
2.228311 -3.321842
1.654617 -3.641736
3.986299 -0.330792
3.832268 -1.146176
3.291264 -2.273231
3.505200 -1.927063
0.338187 -3.985678
2.268019 -3.294858
2.793853 -2.862584
1.556316 -3.684818
3.059823 -2.576331
1.142790 -3.833279
1.721842 -3.610438
-0.019556 -3.999952
2.872722 -2.783427
1.974821 -3.478517
0.496551 -3.969060
1.370996 -3.757708
3.582051 -1.780144
1.005237 -3.871627
3.882553 -0.962176
2.471764 -3.144898
3.752318 -1.385680
0.826574 -3.913665
0.019106 -3.999954
0.163373 -3.996662
0.021134 -3.999944
2.327925 -3.252809
0.234050 -3.993147
2.638803 -3.006113
2.599609 -3.040071
1.575593 -3.676616
2.508710 -3.115505
2.378797 -3.215793
2.902133 -2.752749
2.265369 -3.296681
1.624658 -3.655200
0.868728 -3.904525
3.620739 -1.700074
2.205717 -3.336886
-0.621248 -3.951462
2.966365 -2.683409
1.985643 -3.472351
2.552282 -3.079912
1.796929 -3.573660
3.823881 -1.173853
-0.219033 -3.993999
0.480694 -3.971012
2.255391 -3.303515
3.292758 -2.271067
2.432737 -3.175183
2.235381 -3.317088
0.653608 -3.946238
2.869965 -2.786270
1.087971 -3.849197
2.491366 -3.129392
3.983699 0.360755
2.695128 -2.955720
2.200168 -3.340548
3.318286 -2.233603
3.981954 -0.379525
2.761670 -2.893645
3.038989 -2.600874
2.159348 -3.367079
3.112857 -2.511995
1.643552 -3.646743
3.946093 -0.654484
3.533734 -1.874227
3.222272 -2.370013
3.893991 -0.914786
2.985088 -2.662565
-0.159240 -3.996829
0.292847 -3.989266
1.981105 -3.474942
3.642888 -1.652080
2.060796 -3.428282
3.320776 -2.229898
3.625151 -1.690645
3.111492 -2.513686
0.072280 -3.999347
2.497510 -3.124491
3.738585 -1.422315
3.419765 -2.074900
2.885160 -2.770533
1.831722 -3.555952
-0.318426 -3.987305
-2.045635 -3.437351
3.348214 -2.188485
1.049823 -3.859776
1.826669 -3.558550
0.738584 -3.931220
-1.464576 -3.722233
2.360860 -3.228985
3.984044 -0.356922
2.633349 -3.010893
2.861987 -2.794464
1.550781 -3.687150
0.861895 -3.906039
2.926960 -2.726336
-2.330096 -3.251254
3.465695 -1.997238
0.691813 -3.939720
0.794467 -3.920309
3.779650 -1.309293
3.030871 -2.610330
2.094888 -3.407557
1.050192 -3.859676
2.191784 -3.346055
2.899301 -2.755731
-1.357407 -3.762638
2.468301 -3.147616
3.475795 -1.979609
3.523235 -1.893889
1.914729 -3.511953
2.918929 -2.734933
2.315960 -3.261339
0.938109 -3.888438
2.208530 -3.335026
2.135447 -3.382287
2.248775 -3.308022
0.253337 -3.991969
2.070291 -3.422557
2.369006 -3.223013
2.668644 -2.979654
3.853844 -1.071394
1.789138 -3.577567
-0.688586 -3.940285
2.393218 -3.205076
2.522759 -3.104140
3.840352 -1.118793
-0.097445 -3.998813
3.599385 -1.744828
2.832837 -2.824010
0.517898 -3.966331
3.386065 -2.129452
3.108883 -2.516912
0.616401 -3.952221
-0.578998 -3.957873
2.550038 -3.081770
3.126000 -2.495620
1.451350 -3.727410
1.985201 -3.472604
1.086170 -3.849706
3.996710 -0.162206
1.034030 -3.864037
-0.199779 -3.995008
1.651879 -3.642979
2.261773 -3.299149
3.998410 -0.112779
3.559664 -1.824498
3.915688 -0.816940
1.172982 -3.824149
3.657533 -1.619399
2.477035 -3.140748
-2.333381 3.248897
0.369690 3.982880
0.825822 3.913824
2.394178 3.204359
2.422669 3.182872
-0.864172 3.905535
-0.094515 3.998883
0.313523 3.987694
3.368547 2.157056
1.885877 3.527530
0.543954 3.962842
-0.048423 3.999707
0.049678 3.999692
-1.012083 3.869843
2.422598 3.182926
-2.806803 2.849887
-0.297982 3.988885
-1.690659 3.625144
1.993769 3.467692
0.616454 3.952213
-0.556422 3.961110
1.852916 3.544954
-1.106898 3.843797
2.828680 2.828174
2.491022 3.129666
-0.118453 3.998246
-1.144283 3.832834
1.084034 3.850308
1.097881 3.846382
-0.128596 3.997932
0.043592 3.999762
1.116453 3.841033
-0.548620 3.962198
0.042161 3.999778
0.206890 3.994646
-1.254340 3.798241
-1.264329 3.794927
1.532773 3.694673
-0.516577 3.966503
3.060708 2.575280
-1.044145 3.861316
-0.803700 3.918427
0.344897 3.985103
-1.013372 3.869506
-0.788469 3.921520
1.617736 3.658269
2.493310 3.127844
0.651370 3.946608
3.287905 2.278087
-0.065052 3.999471
-0.328938 3.986452
-1.194639 3.817439
-0.799918 3.919200
0.070903 3.999372
0.484802 3.970512
2.700280 2.951015
1.346817 3.766442
-0.683555 3.941161
0.568077 3.959456
0.600615 3.954651
3.287625 2.278491
-0.104276 3.998641
1.832491 3.555556
0.433237 3.976469
-0.518913 3.966198
-0.273430 3.990644
-0.769186 3.925348
0.986735 3.876384
-0.652058 3.946495
0.514473 3.966777
-2.971928 2.677245
0.313359 3.987707
-0.068907 3.999406
0.178205 3.996028
-0.091230 3.998960
-0.513976 3.966841
-0.976142 3.879065
-0.272837 3.990684
-0.127591 3.997965
2.156841 3.368685
-0.501358 3.968456
1.550198 3.687396
0.445052 3.975164
2.014855 3.455483
-1.352943 3.764246
-1.073870 3.853155
-0.242489 3.992643
1.250361 3.799552
1.558636 3.683837
0.589019 3.956394
-0.706012 3.937200
1.102229 3.845139
-0.774844 3.924235
0.088182 3.999028
-0.332882 3.986125
2.981636 2.666430
-1.060251 3.856925
-0.034338 3.999853
-0.893213 3.898996
1.480513 3.715923
1.979518 3.475846
1.639769 3.648446
0.998685 3.873323
-0.083656 3.999125
1.269073 3.793343
0.847151 3.909263
-0.248319 3.992285
1.280204 3.789601
-0.704549 3.937462
-1.404867 3.745177
1.773105 3.585540
0.300995 3.988659
-1.418574 3.740006
-0.291935 3.989333
-0.246470 3.992399
0.380489 3.981862
-1.092306 3.847969
1.230393 3.806065
2.789111 2.867204
1.846138 3.548489
2.657428 2.989661
-0.488993 3.969998
0.240169 3.992783
1.187222 3.819752
0.779992 3.923215
1.326532 3.773634
1.498218 3.708820
0.616387 3.952223
0.151459 3.997132
1.491374 3.711577
2.526092 3.101429
0.165233 3.996586
-0.100425 3.998739
0.425188 3.977338
-1.389520 3.750898
-0.045259 3.999744
0.108090 3.998539
-2.315514 3.261655
2.399907 3.200069
0.334898 3.985956
1.046575 3.860658
0.428179 3.977017
0.518487 3.966254
1.191466 3.818430
-1.534675 3.693883
-1.737703 3.602830
1.115779 3.841229
0.378071 3.982093
0.496441 3.969074
2.016060 3.454780
0.898029 3.897890
-0.861326 3.906164
-1.108328 3.843385
-0.241367 3.992711
-1.815096 3.564467
0.006889 3.999994
1.066729 3.855138
0.263767 3.991294
-1.322066 3.775201
1.834469 3.554535
-1.403681 3.745621
1.378312 3.755031
2.781128 2.874949
1.567214 3.680196
2.265999 3.296248
0.357541 3.983989
-1.741082 3.601199
1.399050 3.747353
1.783948 3.580158
0.780041 3.923205
0.704063 3.937549
-2.207203 3.335904
-0.497510 3.968940
-0.410419 3.978889
-0.706375 3.937135
0.599458 3.954826
0.968136 3.881071
1.571198 3.678496
0.824719 3.914056
0.547330 3.962377
-3.149541 2.465845
0.495759 3.969159
0.875570 3.902996
-0.887657 3.900265
0.143477 3.997426
-1.247608 3.800457
2.227616 3.322307
3.298601 2.262572
1.365445 3.759729
1.239276 3.803182
-0.010659 3.999986
-0.399173 3.980033
0.666953 3.944005
-0.745043 3.930001
-0.486252 3.970335
-0.731896 3.932471
-3.137353 2.481333
2.174345 3.357413
0.872688 3.903641
-1.159727 3.828189
1.092587 3.847889
-1.701133 3.620241
0.096053 3.998847
1.234183 3.804838
0.868091 3.904666
-0.171322 3.996329
0.562588 3.960239
-1.556544 3.684721
0.279327 3.990235
1.602422 3.665002
0.680680 3.941659
1.352469 3.764416
0.876361 3.902818
-1.623349 3.655781
-1.286782 3.787373
1.343843 3.767504
1.067681 3.854874
1.189320 3.819099
-0.666779 3.944034
-1.478251 3.716823
0.254602 3.070418
-1.287546 3.787113
2.109900 3.398282
2.243227 3.311787
-0.929789 3.890436
0.264192 3.991266
2.761705 2.893611
0.217237 3.994097
0.727591 3.933270
0.013772 3.999976
-0.316834 3.987432
-0.176051 3.996124
-1.337403 3.769795
1.856184 3.543244
0.250954 3.992120
-0.555900 3.961184
0.998758 3.873304
-0.004983 3.999997
0.890910 3.899523
-0.906640 3.895896
-2.636297 3.008312
-0.701394 3.938026
-0.094406 3.998886
-0.493301 3.969465
-0.845993 3.909514
-0.743486 3.930296
0.890385 3.899643
0.891552 3.899376
0.723644 3.933998
2.174185 3.357517
0.245624 3.992451
1.378784 3.754857
1.046504 3.860677
-0.365742 3.983244
0.418536 3.978043
0.583487 3.957214
-0.389427 3.980998
0.202681 3.994862
-1.302111 3.782130
1.988507 3.470712
1.991292 3.469115
1.362440 3.760819
0.604400 3.954074
0.622926 3.951198
0.538417 3.963598
0.767952 3.925589
-0.258849 3.991616
-0.500356 3.968582
-1.150639 3.830931
-0.046415 3.999731
1.002819 3.872254
1.208391 3.813108
-0.388551 3.981084
0.014365 3.999974
1.474916 3.718148
-0.068760 3.999409
0.043476 3.999764
-0.235812 3.993043
0.126479 3.998000
-0.635063 3.949265
1.160616 3.827920
0.967947 3.881118
1.552029 3.686625
0.234286 3.993133
2.888297 2.767262
-0.188966 3.995534
-0.516976 3.966451
0.458221 3.973668
0.484807 3.970512
2.198399 3.341712
1.413052 3.742096
0.630469 3.950001
0.649514 3.946914
2.309970 3.265584
1.333293 3.771251
1.801036 3.571592
-0.191910 3.995394
0.368544 3.982986
2.163312 3.364533
-0.653234 3.946300
0.253704 3.991946
0.758506 3.927425
1.812644 3.565715
1.595078 3.668205
-0.734086 3.932063
0.648016 3.947160
1.712073 3.615080
2.655530 2.991348
0.357555 3.983987
-0.738233 3.931286
-0.865827 3.905169
0.118262 3.998251
0.468587 3.972458
0.510004 3.967354
0.748711 3.929304
2.255537 3.303416
2.262964 3.298332
-0.595500 3.955424
0.077569 3.999248
0.138211 3.997612
0.924853 3.891612
0.692563 3.939588
2.270879 3.292888
-0.480771 3.971002
0.467985 3.972529
0.594228 3.955615
0.746200 3.929782
1.155829 3.829368
1.330105 3.772376
0.362178 3.983570
2.515740 3.109831
0.303256 3.988488
1.073564 3.853240
0.553251 3.961554
-0.189738 3.995497
2.018152 3.453558
2.613922 3.027774
1.970489 3.480973
0.043642 3.999762
0.260109 3.991534
1.552084 3.686602
-0.084534 3.999107
0.216704 3.994126
-0.607373 3.953618
-0.924630 3.891665
0.961006 3.882843
-0.958772 3.883395
2.215852 3.330165
1.031689 3.864663
1.147289 3.831935
0.680649 3.941664
2.271053 3.292767
0.597173 3.955172
0.683643 3.941146
-0.029019 3.999895
0.158256 3.996868
1.243234 3.801890
-1.012073 3.869846
0.479753 3.971125
0.574712 3.958498
0.203353 3.994828
2.264193 3.297489
0.396059 3.980344
1.150525 3.830965
0.605727 3.953871
-1.404621 3.745269
1.011387 3.870025
-1.293304 3.785150
0.824083 3.914191
0.950487 3.885431
0.224139 3.993715
-1.859472 3.541520
0.245821 3.992439
-1.684316 3.628096
1.535421 3.693573
1.138718 3.834491
1.312814 3.778428
1.409500 3.743436
0.902676 3.896816
1.900838 3.519491
0.165027 3.996594
-0.042921 3.999770
-0.560742 3.960501
-0.017526 3.999962
-1.157778 3.828779
1.661671 3.638523
1.171789 3.824514
-0.896683 3.898200
0.811684 3.916781
0.443034 3.975389
-0.649495 3.946917
-1.127157 3.837905
-1.711735 3.615240
2.670652 2.977854
2.000018 3.464091
0.540578 3.963304
-0.188799 3.995542
0.226782 3.993566
-0.065052 3.999471
2.484167 3.135110
-0.700815 3.938129
1.228204 3.806772
0.946101 3.886501
1.344052 3.767429
3.433451 2.052173
1.056436 3.857971
-2.091062 3.409906
1.796078 3.574088
-0.292762 3.989272
-0.665894 3.944184
1.679072 3.630526
1.027744 3.865714
1.029629 3.865212
1.536198 3.693250
-0.527902 3.965012
1.667434 3.635885
-1.365377 3.759753
1.260218 3.796294
0.633093 3.949581
-2.625646 3.017612
1.076388 3.852452
0.218581 3.994023
0.667038 3.943990
0.663873 3.944524
-0.023469 3.999931
-0.673354 3.942917
-0.219509 3.993972
2.497696 3.124342
0.451820 3.974400
0.632692 3.949646
0.155741 3.996967
-0.101090 3.998722
0.079922 3.999201
0.247996 3.992305
-0.391115 3.980833
-0.882995 3.901323
-0.171042 3.996341
-1.971559 3.480367
0.478738 3.971248
1.732864 3.605160
0.123409 3.998096
-1.830093 3.556791
1.992829 3.468232
2.132059 3.384424
0.265354 3.991189
1.957668 3.488200
-0.833261 3.912247
-0.708546 3.936745
-0.294377 2.374815
0.935616 3.889039
2.234594 3.317618
-0.545018 3.962695
0.506971 3.967742
0.742842 3.930418
0.495997 3.969129
0.897166 3.898088
-0.787950 3.921624
-0.387026 3.981232
-0.556086 3.961157
0.996750 3.873821
-0.606911 3.953689
-0.499742 3.968660
1.743032 3.600256
0.526138 3.965246
0.485721 3.970400
1.229578 3.806329
1.270560 3.792846
-0.879684 3.902071
0.878144 3.902418
-0.813278 3.916450
-0.205002 3.994743
1.793367 3.575449
1.403385 3.745732
-2.650224 2.996049
0.662932 3.944683
-0.605021 3.953979
1.716715 3.612878
1.784294 3.579985
1.251260 3.799256
1.031027 3.864839
0.292452 3.989295
0.251756 3.992069
0.209912 3.994488
1.639804 3.648430
0.442211 3.975481
1.338001 3.769583
0.518847 3.966207
1.130491 3.836925
-1.615464 3.659272
-1.858335 3.542117
-0.452705 3.974300
1.653835 3.642092
0.394694 3.980479
-0.470603 3.972220
0.830003 3.912939
1.014767 3.869141
1.930023 3.503571
1.206431 3.813728
-1.113182 3.841982
-1.949393 3.492831
-3.924409 -0.773958
-1.670378 -3.634534
-3.995241 0.195054
-0.018072 -3.999959
-1.367304 -3.759053
-3.204519 -2.393962
-3.999263 -0.076778
-3.221653 2.370855
0.404438 -3.979501
-3.465097 -1.998275
-3.017563 -2.625702
2.816176 -2.840625
-0.614158 -3.952570
3.687783 -1.549276
-3.562464 1.819024
-3.846423 -1.097737
-3.845823 -1.099841
-3.374529 -2.147686
-2.707308 -2.944568
-3.999007 -0.089124
-3.192712 -2.409687
-3.320210 -2.230740
-3.648740 -1.639115
-3.963869 -0.536415
-1.404191 3.745430
-3.653367 1.628775
-3.904826 -0.867372
-3.981319 -0.386138
-3.999875 -0.031603
-3.827124 1.163238
-3.169268 -2.440439
1.455754 -3.725692
-3.514530 -1.909994
-3.533706 -1.874279
-3.918587 -0.802917
-3.930484 0.742491
-2.040036 -3.440676
-0.249984 -3.992181
0.659305 -3.945290
-3.971337 -0.478000
-3.998191 -0.120300
-2.168385 -3.361265
-2.562085 -3.071762
-3.619681 1.476146
-2.355383 -3.232982
-2.738674 -2.915418
-2.477994 -3.139991
0.064375 -3.999482
-0.885934 -3.900656
-3.830000 -1.153733
-3.996032 -0.178119
-1.232375 -3.805424
-3.726413 -1.453908
-3.843212 -1.108926
-3.870268 -1.010457
-3.404396 -2.100021
-3.961639 0.552644
-3.999566 0.058939
-3.459774 -2.007477
0.283145 -3.989966
-3.501411 -1.933939
-3.926079 0.765444
-3.915365 -0.818482
-2.463046 -3.151730
-3.619030 -1.703707
-3.628415 -1.683629
-3.618933 -1.703914
0.893844 -3.898852
-3.291993 -2.272175
-3.611654 -1.719290
-3.228460 -2.361577
-1.351112 -3.764903
-3.202681 2.396421
-3.513990 -1.910988
-3.940070 0.689816
-0.602541 -3.954358
-3.829911 -1.154030
1.504684 -3.706201
-0.763049 -3.926545
-1.733139 -3.605028
-1.816233 -3.563888
-2.813439 -2.843337
-3.895634 0.907766
-3.864645 -1.031754
-3.485247 -1.962920
-3.945108 -0.660397
0.315847 -3.987511
3.581794 -1.780661
-1.319245 -3.776188
-3.858201 1.055596
-2.390429 -3.207156
-0.477550 -3.971391
-3.945791 -0.656301
-3.894842 -0.911157
-3.972210 0.470692
-3.255973 -2.323498
-3.138223 -2.480234
-3.560068 -1.823709
-3.818740 -1.190471
-2.026688 -3.448556
-3.906092 -0.861652
-1.018925 -3.868048
-3.360388 -2.169746
-3.872125 1.003319
-2.133972 -3.383218
-3.997952 0.127974
-3.487560 -1.958807
-3.904388 0.869343
-2.927702 -2.725539
-2.322444 -3.256724
-2.018803 -3.453178
-3.827395 -1.162346
-3.292693 -2.271162
-1.399676 -3.747120
-3.449893 -2.024410
-0.223649 -3.993743
-3.573166 -1.797912
-1.787091 -3.578590
-1.329209 -3.772692
-2.782483 -2.873637
-0.464435 -3.972946
3.983470 -0.363274
-3.978383 0.415294
3.958745 -0.573010
-3.998859 0.095526
-3.998215 0.119488
-3.152452 -2.462122
-3.491653 -1.951501
-3.559124 -1.825550
-3.330145 -2.215883
-0.762834 -3.926587
-3.191250 -2.411622
1.121796 -3.839476
-2.790067 -2.866274
-3.283339 -2.284663
-3.978174 0.417290
-0.731809 -3.932487
-2.176550 -3.355984
-0.000262 -4.000000
-1.118731 -3.840370
-2.015289 -3.455229
-1.665684 -3.636687
-3.672682 1.584742
-3.454948 2.015771
0.761293 -3.926886
-2.207946 -3.335412
0.135864 -3.997692
-3.977018 -0.428164
-3.999438 0.067068
-2.191327 -3.346354
-3.412502 -2.086823
-1.168358 -3.825564
-0.735710 -3.931759
-2.028817 -3.447304
-0.164152 -3.996630
1.057385 -3.857711
-3.975816 0.439186
-2.711434 -2.940770
-2.425018 -3.181083
-3.002134 -2.643330
-0.441048 -3.975610
-3.982234 -0.376578
-1.512076 -3.703191
-1.627344 -3.654005
-2.660622 -2.986820
-3.085995 -2.544924
-3.202478 -2.396692
1.603872 -3.664368
-2.513075 -3.111986
-0.151351 -3.997136
-3.985170 0.344119
-2.827122 -2.829731
1.151427 -3.830694
-3.875855 -0.988811
-2.759091 -2.896103
-3.930425 -0.742804
-3.547192 -1.848629
-1.335889 -3.770332
-2.292713 -3.277723
-3.380185 -2.138772
-3.947808 0.644061
-2.896738 -2.758425
-2.500311 -3.122250
-3.998976 0.090509
3.295095 -2.267675
-1.200069 -3.815735
-3.999557 0.059563
-3.554184 -1.835151
-3.999008 0.089064
-3.961710 -0.552132
-3.999869 0.032345
-1.561603 -3.682580
-3.546250 -1.850435
-0.083974 -3.999118
-3.067776 -2.566856
-3.084793 -2.546380
-2.463139 -3.151657
0.506694 -3.967778
-3.250447 -2.331222
-3.661668 -1.610027
-2.490753 -3.129880
-0.075827 -3.999281
-3.366294 -2.160571
-3.339212 -2.202196
-3.698790 -1.522810
-3.444717 -2.033206
-3.798840 -1.252523
-0.604656 -3.954035
-0.583327 -3.957238
-3.838561 -1.124923
-3.977016 -0.428183
-2.380734 -3.214359
-2.646014 -2.999768
-3.623056 -1.695130
-2.233579 -3.318301
-3.985329 0.342281
-3.992335 -0.247512
-2.430769 -3.176690
-3.772665 -1.329284
-0.447912 -3.974843
-3.178166 2.428840
-3.584229 -1.775755
-3.997487 -0.141768
-0.132557 -3.997803
-1.405047 -3.745109
-3.979693 0.402545
-3.909232 -0.847291
-2.037577 -3.442133
-3.576281 1.791707
1.514128 -3.702353
-1.233940 -3.804917
-3.497685 -1.940670
-3.994396 0.211670
-0.078889 -3.999222
-2.862938 -2.793489
-1.088804 -3.848962
-0.949407 -3.885695
-3.986321 0.330518
-3.349442 -2.186605
-0.477252 -3.971427
-3.358445 -2.172751
-3.174644 -2.433441
-3.741413 -1.414861
-2.380782 -3.214324
-3.314936 -2.238571
-0.751437 -3.928784
-1.748620 -3.597545
-1.957079 -3.488530
-2.563078 -3.070933
-3.156732 -2.456632
-3.085440 -2.545596
-3.487960 -1.958095
-2.140781 -3.378914
-2.018300 -3.453471
-0.671230 -3.943279
-2.083424 -3.414578
-1.360479 -3.761529
-3.490612 1.953363
-3.295521 -2.267056
-2.964636 -2.685319
-3.962478 0.546595
-2.277715 -3.288163
3.292417 -2.271561
-3.901052 0.884192
-3.420036 -2.074453
1.209450 -3.812772
-0.029660 -3.999890
-3.544185 -1.854387
-0.319811 -3.987195
-3.733348 -1.436007
-3.663329 1.606245
-3.586455 -1.771255
-1.550562 -3.687243
-3.973227 -0.462023
-3.295912 -2.266488
-3.172662 -2.436025
-3.962581 -0.545847
-3.997378 -0.144806
-1.137629 -3.834814
-3.892050 0.923010
0.008655 -3.999991
1.154511 -3.829766
-3.425397 -2.065589
-1.714607 -3.613879
-0.969383 -3.880760
-3.537596 -1.866927
-1.951950 -3.491402
-0.650384 -3.946771
-3.583279 -1.777669
-0.531175 -3.964575
-1.550140 -3.687420
0.739413 -3.931065
2.985282 -2.662347
-3.311646 -2.243435
0.827337 -3.913504
-0.526747 -3.965166
-3.990436 -0.276447
-2.739762 -2.914396
-0.475973 -3.971580
-3.001787 -2.643724
-2.889362 -2.766150
-3.951320 0.622150
-1.185876 -3.820170
-1.542819 3.690489
0.037397 -3.999825
-3.952388 -0.615325
-3.018805 -2.624275
-3.956450 0.588646
-3.615100 1.712032
-3.980477 -0.394717
-1.125403 -3.838420
-3.582165 -1.779913
-3.979032 -0.409024
0.681567 -3.941506
-3.960476 -0.560916
-3.986680 0.326165
-3.887187 -0.943282
-3.862227 -1.040771
-3.100775 -2.526894
-2.254052 -3.304429
-3.063093 -2.572442
-3.997274 -0.147657
-3.561559 -1.820796
-3.918310 0.804269
-1.128081 -3.837634
-3.902338 -0.878499
-3.993778 0.223011
-3.961799 0.551493
-1.842059 -3.550608
0.200959 -3.994949
-2.544013 -3.086746
-3.995113 -0.197674
-1.644830 -3.646167
-3.910464 -0.841589
-3.611199 -1.720245
-3.590574 -1.762888
-3.981709 -0.382092
-3.349665 -2.186263
-1.051684 -3.859270
-2.568162 -3.066683
-3.795085 1.263854
-3.756189 -1.375152
-3.898482 0.895453
-2.984930 -2.662741
-3.990904 0.269600
-3.554130 -1.835254
0.015661 -3.999969
-1.781328 -3.581462
-2.925991 -2.727376
-3.999998 -0.004181
-3.951495 -0.621036
-3.967534 -0.508599
-0.495138 -3.969236
-3.973461 0.460010
-3.234391 -2.353448
-3.738674 -1.422082
-1.645353 -3.645931
-2.258041 -3.301705
-2.161947 -3.365410
-3.481021 -1.970405
-3.651837 -1.632204
0.843964 -3.909952
-2.934339 -2.718392
-3.620685 -1.700188
-3.893669 0.916157
-2.150023 -3.373040
-3.869938 -1.011722
-3.635285 -1.668743
-3.314901 -2.238623
0.528950 -3.964872
-2.608742 -3.032238
-2.741528 -2.912735
-2.019311 -3.452880
-3.769973 -1.336900
1.042794 -3.861681
-3.957393 0.582273
-3.771917 1.331405
0.417424 -3.978160
-3.093530 -2.535759
-3.849742 -1.086041
-3.915863 -0.816101
-3.928955 -0.750544
-0.974532 -3.879470
-2.785653 2.870564
-1.652808 -3.642558
-3.788232 -1.284251
-0.473935 -3.971824
-1.378368 -3.755010
-3.860127 -1.048531
-3.097358 2.531082
-3.298627 -2.262534
-3.907711 -0.854280
-3.559982 -1.823878
-2.756055 -2.898993
-3.518962 -1.901816
-3.990985 -0.268397
-1.373379 -3.756838
-1.787660 -3.578306
-3.566977 -1.810159
-2.614410 -3.027352
-3.948198 0.641661
-3.875501 0.990197
-3.236219 -2.350934
-3.924967 -0.771124
-1.357186 -3.762718
0.529350 -3.964819
1.427929 -3.736445
-3.996472 0.167954
-1.700711 -3.620440
0.804380 -3.918287
-0.346400 -3.984973
-2.124565 -3.389133
-1.616810 -3.658678
-3.971151 0.479545
-3.967607 0.508032
-3.995136 -0.197197
-3.987709 0.313330
-3.983550 0.362399
-3.415614 -2.081725
-1.023578 -3.866819
0.460045 -3.973457
-0.510010 -3.967353
-3.931161 0.738902
-3.336373 -2.206493
0.351526 -3.984524
-1.684756 -3.627892
-1.031542 -3.864702
-1.783508 -3.580377
-2.850829 -2.805847
3.522786 -1.894724
-3.656649 -1.621394
-3.334075 -2.209965
-3.571718 -1.800785
-0.202513 -3.994870
-3.923445 0.778830
-3.137703 -2.480891
-3.514812 -1.909476
-1.655876 -3.641164
1.020590 -3.867609
-3.987741 -0.312929
-3.956362 -0.589240
-3.975360 -0.443294
-3.426026 -2.064544
-3.862828 -1.038538
0.433097 -3.976484
-3.697664 1.525542
-3.750433 -1.390774
-1.502738 -3.706990
-3.545264 -1.852324
-3.687057 -1.551002
-1.137751 -3.834778
-0.397555 -3.980195
-2.539916 -3.090117
-2.312823 -3.263564
-3.999994 0.007056
-3.800611 -1.247139
0.350653 -3.984601
-3.899030 -0.893065
-3.972487 -0.468344
-3.999556 0.059587
-1.386943 -3.751851
-3.670380 1.590067
0.289828 -3.989486
1.746999 -3.598332
-3.694461 -1.533283
1.052613 -3.859016
-3.976027 -0.437278
-2.451257 -3.160908
-2.588821 -3.049264
-3.707319 -1.501927
-3.801966 -1.243001
-3.321762 2.228429
-3.649003 -1.638528
-3.844659 -1.103901
1.310294 -3.779303
1.151483 -3.830677
-1.439087 -3.732161
-3.432098 -2.054436
-3.920128 -0.795360
-3.540126 -1.862125
-2.468584 -3.147395
-3.012862 -2.631095
-3.999291 -0.075297
-3.769298 1.338802
-0.836904 -3.911469
-1.937600 -3.499387
-2.392627 -3.205517
-3.343315 2.195961
-3.974502 -0.450922
-3.737026 -1.426407
-3.764342 1.352674
-3.209848 -2.386813
-3.918514 -0.803274
-1.126666 -3.838050
-0.305632 -3.988307
-2.640491 3.004631
-3.913251 -0.828534
-2.610736 -3.030521
-2.183595 -3.351405
3.743049 -1.410526
-3.939462 -0.693279
-3.978170 0.417332
-3.875615 0.989750
-3.951794 0.619134
-3.907066 -0.857226
-3.362379 -2.166658
-3.741973 1.413378
-2.814161 -2.842621
-3.579755 -1.784757
-3.781641 -1.303531
-3.833811 1.141006
-3.851670 -1.079185
-3.950804 0.625421
-3.999998 0.003768
-3.723164 -1.462207
-3.914828 0.821048
-3.996739 0.161481
-3.997909 0.129333
-2.892498 -2.762871
-3.701946 1.515123
-3.444192 -2.034095
-3.579418 -1.785431
-3.900510 -0.886578
-3.658296 -1.617675
-3.991991 -0.252999
-2.000988 -3.463531
-3.968618 0.500074
-3.974831 0.448016
-3.984223 -0.354919
-3.188749 2.414929
-3.881652 -0.965804
-3.918049 -0.805537
-3.390738 -2.122002
-2.768922 -2.886706
-3.402814 2.102584
-3.908839 -0.849106
-3.392425 -2.119304
-3.916670 0.812219
-3.803093 -1.239550
-3.996032 0.178119
-3.963260 0.540898
-3.768851 1.340060
-2.947372 2.704255
-3.819910 -1.186713
-3.557334 -1.829036
-3.953815 -0.606089
-3.885375 -0.950718
-3.971728 -0.474740
-3.993039 0.235874
-3.486365 -1.960933
-3.941514 -0.681518
-3.910182 0.842899
-3.997872 0.130464
-3.812354 -1.210768
-3.933453 -0.726601
-3.004253 -2.640921
-3.988722 -0.300158
-3.862005 -1.041594
-3.959965 -0.564515
-3.998756 -0.099771
-3.874138 -0.995518
-3.017287 2.626019
-3.892134 -0.922657
-3.784214 -1.296043
-3.922350 -0.784327
-3.979692 -0.402559
-3.631428 1.677119
-3.948399 -0.640424
-3.932116 0.733799
-3.578341 1.787590
-3.865223 -1.029588
-3.961035 -0.556957
-3.997165 0.150583
-3.999228 0.078581
-3.976165 -0.436016
-3.717372 -1.476871
-1.825318 -3.559243
-3.999962 -0.017527
-3.864292 -1.033076
-3.894927 0.910793
-3.509518 -1.919189
-3.919866 -0.796650
-3.857969 1.056445
-3.545630 1.851624
-3.989913 -0.283898
-3.934003 0.723618
-3.905806 -0.862950
-3.998354 0.114736
-3.998513 0.109056
-3.999797 0.040317
-3.833502 -1.142043
-3.989029 -0.296049
-3.964835 0.529227
-3.063773 2.571633
-3.838354 -1.125629
-3.851760 -1.078864
-2.145317 -3.376035
-3.852971 -1.074530
-3.999184 0.080782
-3.993228 -0.232652
-3.822370 -1.178764
-3.784648 1.294773
-3.930110 0.744468
-3.949667 0.632559
-3.767585 1.343615
-3.968887 -0.497933
-3.991068 0.267162
-3.449785 2.024595
-3.210656 -2.385726
-3.839227 -1.122647
-3.863008 -1.037868
-1.634228 -3.650931
-3.957328 0.582715
-3.746382 1.401650
-3.853265 1.073474
-3.840534 1.118166
-3.864533 1.032173
-3.832184 -1.146459
-3.668054 -1.595424
-3.745606 -1.403721
-3.949771 -0.631908
-3.609793 -1.723192
-3.144001 2.472905
-3.133167 2.486616
-3.194498 -2.407319
-3.863567 1.035784
-3.813861 -1.206011
-3.638582 -1.661543
-3.836206 -1.132927
-3.948323 0.640894
-3.384814 -2.131440
-3.729991 1.444703
-1.090962 -3.848350
-3.900425 0.886952
-3.998335 0.115404
-3.782982 -1.299634
-2.644534 -3.001073
-3.878147 0.979783
-3.953610 -0.607429
-3.991293 0.263775
-3.860942 1.045526
-3.932096 -0.733909
-3.704552 -1.508740
-3.463852 -2.000432
-3.348449 -2.188125
-3.998112 0.122888
-3.999829 0.036941
-3.133330 -2.486412
-3.577925 -1.788421
-3.244690 2.339228
-3.968940 0.497509
-3.859075 1.052396
-3.790901 -1.276350
-3.757043 1.372819
-3.548507 1.846104
-3.999790 0.040999
-3.992901 0.238209
-3.851034 -1.081450
-3.998867 0.095219
-3.522255 -1.895712
-3.563098 1.817782
-3.895903 -0.906609
-3.988090 -0.308443
-3.906334 0.860554
-3.984174 0.355463
-3.999909 -0.026993
-3.717452 1.476668
-3.784145 -1.296244
-3.131057 -2.489273
-2.961530 -2.688743
-2.955241 -2.695654
-3.968339 0.502283
-3.976374 0.434104
-3.999529 -0.061372
-3.756637 -1.373928
-3.628220 1.684048
-2.736750 -2.917224
-3.868947 -1.015505
-3.960603 0.560019
-3.936574 -0.709494
-3.998649 -0.103950
-3.247199 -2.335743
-3.813844 -1.206066
-3.990852 -0.270369
-3.837765 -1.127634
-3.766010 -1.348025
-3.816036 -1.199112
-2.509841 -3.114594
-3.329012 -2.217584
-3.802487 1.241407
-3.230453 2.358850
-3.756470 -1.374383
-3.383161 -2.134062
-3.910094 0.843304
-3.682665 1.561402
-3.992363 -0.247061
-3.342972 2.196483
-3.681196 1.564864
-3.499209 1.937921
-3.206139 2.391793
-3.975771 -0.439593
-3.966630 0.515600
-3.997865 -0.130658
-2.533117 -3.095694
-3.986622 0.326872
-3.841895 -1.113482
-3.816929 1.196265
-3.972184 -0.470905
-3.856050 1.063428
-3.937498 0.704350
-3.959317 -0.569044
-3.476665 -1.978079
-3.612018 -1.718525
-3.935247 0.716818
-3.499478 -1.937435
-3.057796 -2.578736
-2.777345 2.878603
-3.826152 -1.166431
-3.149678 -2.465670
-2.953564 2.697492
-3.995369 -0.192422
-3.199255 2.400993
-3.630675 -1.678748
-3.944872 0.661803
-3.997792 -0.132874
-3.762861 -1.356789
-3.492024 1.950838
-3.369493 -2.155578
-2.466130 -3.149318
-3.999232 0.078376
-2.864652 -2.791732
-2.727301 2.926061
-3.777297 1.316066
-3.699858 1.520214
-3.666399 -1.599223
-3.977674 -0.422028
-3.986139 -0.332713
-3.865328 1.029194
-3.978360 -0.415512
-3.942090 -0.678181
-3.948360 -0.640667
-3.427028 2.062881
-3.921664 -0.787749
-3.949185 0.635563
-3.962009 -0.549983
-3.973943 0.455826
-3.442864 -2.036341
-2.400510 0.595190
-3.437482 -2.045413
-3.993081 0.235161
-3.999948 -0.020429
-3.903461 0.873496
-3.724106 -1.459805
-3.983162 -0.366631
-3.969477 0.493208
-3.911689 0.835875
-3.960359 0.561746
-2.790283 -2.866064
-3.896030 0.906062
-3.065205 -2.569926
-3.854832 -1.067834
-3.430638 -2.056872
-3.935048 -0.717913
-3.724790 1.458059
-3.964030 0.535226
-3.412243 -2.087246
-3.961671 0.552414
-3.560754 1.822369
-3.803987 -1.236804
-3.042276 -2.597029
-3.671999 1.586323
-3.921944 0.786357
-3.657549 1.619362
-3.085778 -2.545186
-3.979154 -0.407845
-3.670069 -1.590785
-3.766461 -1.346765
-3.906318 0.860628
-3.997486 -0.141786
-3.999734 -0.046153
-3.525872 -1.888976
-3.614773 1.712721
-3.891596 0.924921
-3.999479 -0.064561
-2.824180 -2.832668
-3.956870 0.585815
-3.811689 1.212860
-3.945175 0.659993
-3.954372 -0.602447
-3.824248 -1.172658
-3.737223 -1.425891
-3.526559 -1.887692
-3.752107 -1.386251
-3.512743 -1.913279
-3.047139 -2.591321
-3.800045 1.248863
-3.075541 -2.557547
-2.970376 -2.678968
-3.999811 0.038835
-3.872367 -1.002384
-3.999997 0.004759
-3.638638 1.661420
-3.966631 -0.515595
-3.769775 -1.337458
-3.860731 1.046307
-3.782667 -1.300550
-3.028111 -2.613531
-3.985950 -0.334965
-3.685924 -1.553694
-3.560072 -1.823702
-3.872770 1.000824
-3.372139 -2.151437
-3.869384 -1.013839
-3.966834 -0.514030
-3.154180 -2.459908
-3.922394 0.784109
-3.999635 0.054067
-3.895447 -0.908567
-3.857844 -1.056900
-3.554421 1.834690
-3.914690 0.821708
-3.890591 0.929140
-3.918653 -0.802597
-3.548382 -1.846343
-3.518437 1.902787
-3.921359 -0.789270
-3.925282 0.769520
-3.406127 -2.097212
-3.688727 -1.547027
-3.178037 -2.429008
-3.804730 1.234517
-3.902085 -0.879621
-3.922199 0.785085
-3.971982 0.472612
-3.760793 1.362512
-3.783948 1.296818
-3.872945 -1.000150
-3.900455 -0.886821
-3.927082 0.760279
-3.370602 2.153843
-3.921056 0.790771
-3.956677 0.587120
-2.977808 -2.670704
-3.035565 2.604869
-3.235858 -2.351429
-3.573823 -1.796604
-3.984907 -0.347155
-3.968904 0.497794
-3.999759 -0.043913
-3.905881 -0.862607
-3.982370 0.375142
-3.926106 0.765307
-3.927451 0.758372
-2.573080 -3.062557
-3.842946 -1.109848
-3.974283 0.452849
-3.387492 -2.127180
-3.985681 -0.338148
-3.617212 1.707565
-3.779305 1.310288
-3.907485 -0.855314
-3.837088 -1.129937
-3.078037 -2.554543
-3.022516 -2.619999
-3.993461 0.228627
-3.942141 0.677881
-3.114113 2.510438
-3.953455 -0.608435
-3.203847 2.394862
-3.808363 1.223263
-3.473509 -1.983617
-3.999350 -0.072091
-3.983728 0.360435
-3.999841 0.035645
-2.248557 3.308170
-3.916164 -0.814652
-3.230365 -2.358971
-3.989140 0.294554
-3.849930 -1.085375
-3.879491 0.974447
-3.835603 -1.134965
-3.922517 0.783491
-3.994946 -0.201023
-3.998753 0.099855
-3.739003 -1.421216
-3.975236 -0.444404
-3.942882 0.673559
-3.869392 -1.013808
-3.861573 -1.043194
-3.915599 -0.817363
-3.846979 -1.095787
-3.999759 0.043943
-3.959961 -0.564545
-3.883880 -0.956806
-2.561373 -3.072356
-3.476156 1.978975
-3.939429 -0.693469
-3.923783 0.777129
-3.921036 -0.790872
-3.915066 -0.819912
-3.990948 -0.268950
-3.999200 -0.080020
-3.411631 2.088247
-3.915729 -0.816739
-3.865643 -1.028010
-3.973051 -0.463534
-3.596175 -1.751435
-3.985798 0.336775
-3.235987 2.351252
-3.530047 -1.881162
-3.435318 -2.049046
-3.828335 -1.159245
-3.796981 1.258148
-3.990860 0.270248
-3.989213 0.293570
-3.671198 1.588176
-3.304559 -2.253862
-3.837308 1.129187
-3.334293 -2.209636
-3.317124 -2.235327
-3.822488 -1.178382
-2.588470 3.049561
-3.368365 -2.157341
-3.621306 -1.698865
-3.791376 -1.274937
-3.621075 -1.699356
-3.753973 -1.381191
-2.836667 -2.820163
-3.981931 0.379770
-3.981824 -0.380891
-3.729107 -1.446984
-3.305766 -2.252090
-3.790905 1.276337
-3.999984 0.011266
-3.795342 1.263083
-3.524902 -1.890784
-3.896408 -0.904437
-3.766977 -1.345318
-3.925395 0.768945
-3.320133 2.230856
-3.995903 0.180990
-3.921430 -0.788913
-3.712296 -1.489583
-3.898052 -0.897323
-3.744942 -1.405493
-3.561351 1.821203
-3.996682 0.162879
-3.747306 -1.399178
-3.985677 -0.338196
-3.964650 -0.530614
-3.918745 -0.802147
-3.930505 -0.742383
-3.225167 -2.366072
-3.838978 -1.123497
-2.725053 2.928154
-3.797054 -1.257927
-3.998085 0.123752
-3.684832 1.556283
-3.955708 -0.593614
-2.357991 -3.231080
-3.985857 -0.336071
-3.493460 1.948264
-3.861545 -1.043296
-2.112092 3.396920
-3.605100 -1.732989
-3.757813 -1.370708
-3.204442 -2.394066
-3.869079 1.015000
-3.861159 -1.044725
-3.317711 -2.234457
-3.899643 0.890386
-3.976260 0.435147
-3.987061 -0.321474
-3.975766 -0.439640
-2.882359 2.773447
-3.494305 1.946748
-3.983690 0.360854
-3.830718 -1.151347
-3.455209 2.015324
-3.797282 -1.257238
-3.269644 2.304220
-3.966570 0.516066
-3.673946 -1.581810
-3.254805 -2.325133
-3.907921 0.853320
-3.998463 -0.110859
-3.114457 -2.510011
-3.275418 2.296004
-3.742752 -1.411314
-3.765427 1.349653
-3.932695 -0.730689
-3.001371 2.644196
-1.811498 -0.781564
-3.672792 -1.584487
-3.417150 -2.079204
-3.728772 1.447847
-3.798345 1.254022
-3.811219 -1.214334
-3.990877 -0.270007
-3.997810 -0.132357
