-3.616497 -1.709079
0.710820 -3.936335
-2.475897 -3.141645
-2.643474 -3.002007
1.747906 -3.597892
-3.748421 -1.396188
1.558280 -3.683987
2.762722 -2.892641
2.450842 -3.161230
1.474160 -3.718448
1.421657 -3.738836
2.986649 -2.660813
1.153374 -3.830108
0.974282 -3.879533
3.740460 -1.417378
-2.207261 -3.335866
-1.064108 -3.855862
0.953583 -3.884672
-2.501719 -3.121122
0.961750 -3.882658
-3.635671 -1.667902
-2.416007 -3.179071
3.618295 -1.705269
-1.627210 -3.654064
-3.985197 -0.343812
-1.257667 -3.797140
-0.622038 -3.951338
-3.228021 -2.362178
2.850348 -2.806335
2.611478 -3.029882
3.283093 -2.285016
2.749464 -2.905245
0.030785 -3.999882
1.761499 -3.591256
2.367468 -3.224142
-3.981746 -0.381708
2.371130 -3.221450
1.839048 -3.552169
-2.958149 2.692463
0.518783 -3.966215
1.906442 -3.516458
-1.979808 -3.475681
3.370725 -2.153650
0.877919 -3.902468
-3.013534 -2.630326
2.259848 -3.300468
1.507547 -3.705037
-2.558893 -3.074421
-2.077199 -3.418369
1.892090 -3.524202
-1.850823 -3.546048
3.501371 -1.934011
-1.487896 -3.712973
-2.541423 -3.088878
-2.706249 -2.945542
2.153222 -3.370999
-0.003342 -3.999999
0.731750 -3.932498
0.260781 -3.991490
2.844948 -2.811809
2.073953 -3.420339
0.733753 -3.932125
2.775495 -2.880387
2.352747 -3.234901
3.689328 -1.545593
3.572474 -1.799286
0.893430 -3.898946
2.115764 -3.394635
3.170154 -2.439288
-2.585525 -3.052058
2.282808 -3.284629
1.093248 -3.847702
-2.830113 -2.826741
-0.164166 -3.996630
3.016593 -2.626817
-3.874389 -0.994539
2.898923 -2.756128
-3.799896 -1.249315
0.011945 -3.999982
-1.943677 -3.496015
0.615160 -3.952414
2.400831 -3.199377
2.428806 -3.178191
2.020800 -3.452009
0.254913 -3.991869
2.658810 -2.988433
3.059647 -2.576540
1.591929 -3.669573
0.365015 -3.983311
-3.008777 -2.635765
3.289672 -2.275535
-2.278383 -3.287700
-1.738935 -3.602236
-2.006849 -3.460138
3.037440 -2.602683
3.292410 -2.271571
1.574364 -3.677143
-2.616938 -3.025167
1.989528 -3.470127
-3.990595 -0.274143
2.411988 -3.190974
-3.472581 -1.985241
-3.751405 -1.388150
2.004938 -3.461246
-1.750201 -3.596776
0.480242 -3.971066
0.575507 -3.958383
3.142233 -2.475151
2.714746 -2.937713
1.789951 -3.577160
0.419289 -3.977964
3.333531 -2.210785
3.093312 -2.536024
-0.480914 -3.970985
-0.243315 -3.992593
-2.466435 -3.149079
2.200303 -3.340459
2.752346 -2.902515
-3.930802 -0.740805
2.112586 -3.396613
-2.538924 -3.090933
2.125706 -3.388418
1.289634 -3.786402
-1.150595 -3.830944
-3.997645 -0.137232
2.419196 -3.185513
3.927490 -0.758172
-0.018408 -3.999958
2.502750 -3.120295
-0.170284 -3.996374
2.070378 -3.422504
0.980420 -3.877986
1.523412 -3.698542
-0.681594 -3.941501
-3.001561 -2.643980
2.898176 -2.756914
0.333201 -3.986098
-2.670771 -2.977748
2.180142 -3.353652
-2.117538 -3.393528
1.039447 -3.862583
-3.416501 -2.080270
1.051545 -3.859307
2.246376 -3.309652
-3.249872 -2.332024
1.487424 -3.713162
2.994385 -2.652104
-3.712583 -1.488867
3.720938 -1.467861
2.809084 -2.847639
-0.573635 -3.958654
-0.015820 -3.999969
3.825615 -1.168190
1.121544 -3.839549
0.168982 -3.996429
0.203364 -3.994827
2.542680 -3.087844
-0.006281 -3.999995
2.799524 -2.857038
0.024153 -2.065306
-1.022266 -3.867166
1.414463 -3.741563
1.683347 -3.628546
3.559108 -1.825581
3.215096 -2.379740
-1.397639 -3.747880
-3.953394 -0.608834
2.813860 -2.842919
2.114430 -3.395465
-3.291939 -2.272253
-3.495157 -1.945219
1.226560 -3.807302
-2.310591 -3.265145
0.370921 -3.982765
-3.123271 -2.499035
-3.322163 -2.227832
-3.197803 -2.402927
1.797058 -3.573595
-1.979684 -3.475752
3.600662 -1.742192
-2.962807 -2.687336
-1.538229 -3.692404
3.105178 -2.521481
0.472048 -3.972049
2.678341 -2.970941
0.908142 -3.895546
-2.569241 -3.065779
2.609355 -3.031710
1.869402 -3.536289
1.827378 -3.558186
3.090677 -2.539235
-2.967237 -2.682444
0.802027 -3.918769
-0.750099 -3.929040
1.930793 -3.503147
2.224184 -3.324606
-0.999741 -3.873050
1.830303 -3.556683
2.275099 -3.289973
2.017830 -3.453746
1.604826 -3.663950
2.607130 -3.033624
-0.078751 -3.999225
-2.551721 -3.080377
2.147571 -3.374602
-3.715898 -1.480575
1.194026 -3.817631
1.684202 -3.628149
-3.789247 -1.281251
2.188163 -3.348424
2.092032 -3.409311
2.930281 -2.722766
-3.058793 -2.577555
3.162213 -2.449573
-1.866530 -3.537805
-0.359349 -3.983826
-2.151927 -3.371826
-0.425909 -3.977261
-0.567887 -3.959483
-0.108594 -3.998526
-3.872610 -1.001446
2.255820 -3.303222
-2.719171 -2.933617
2.864155 -2.792242
3.141282 -2.476357
-0.769998 -3.925188
2.835361 -2.821476
-3.487907 -1.958190
0.104561 -3.998633
2.779528 -2.876495
-2.430138 -3.177173
2.547961 -3.083488
2.218284 -3.328546
2.717504 -2.935161
-0.460254 -3.973433
1.495687 -3.709841
-3.937363 0.705104
0.209780 -3.994495
-2.616896 -3.025203
-2.497767 -3.124286
1.253301 -3.798584
0.736218 -3.931664
-1.129462 -3.837228
2.458282 -3.155448
-2.637055 -3.007647
-1.665313 -3.636858
-1.903134 -3.518250
3.109528 -2.516115
1.577801 -3.675669
2.979044 -2.669325
2.250937 -3.306552
-1.710004 -3.616060
-3.923937 -0.776348
2.509067 -3.115218
2.821692 -2.835146
0.897466 -3.898019
1.991121 -3.469213
2.633947 -3.010369
-2.764749 -2.890703
2.415053 -3.188655
3.583538 -1.777149
2.129097 -3.386288
-1.748670 -3.597520
2.882810 -2.772978
-1.400795 -3.746702
1.775873 -3.584170
1.207846 -3.813281
3.487180 -1.959483
3.018624 -2.624483
2.179639 -3.353979
-3.654550 -1.626120
-3.433975 -2.051296
-3.263723 -2.312598
1.121691 -3.839506
-2.246864 -3.309320
-1.368627 -3.758572
1.488768 -3.712623
3.127441 -2.493814
3.883598 -0.957951
3.683863 -1.558574
1.931506 -3.502754
2.066849 -3.424636
-2.597710 -3.041694
-0.096817 -3.998828
3.130026 -2.490569
-2.616703 -3.025370
3.062707 -2.572903
2.570039 -3.065110
-3.070844 -2.563184
3.686485 -1.552362
0.230545 -3.993351
1.349474 -3.765491
1.833014 -3.555286
2.662468 -2.985174
-0.852010 -3.908207
-2.106875 -3.400158
0.141362 -3.997501
-1.469619 -3.720245
2.444214 -3.166357
1.006620 -3.871268
-2.878052 -2.777916
3.048959 -2.589179
2.062637 -3.427175
2.205943 -3.336737
-1.676613 -3.631662
2.275151 -3.289937
0.779717 -3.923269
1.141031 -3.833803
0.026267 -3.999914
0.523468 -3.965600
2.858615 -2.797913
1.438264 -3.732479
-1.023777 -3.866766
-1.583970 -3.673015
0.203139 -3.994838
0.036506 -3.999833
1.621876 -3.656435
0.400731 -3.979876
2.114458 -3.395448
3.975877 -0.438635
-0.869313 -3.904394
2.008234 -3.459335
1.138252 -3.834629
-2.911619 -2.742713
-3.137485 -2.481166
0.242453 -3.992645
-3.644600 -1.648299
-3.984706 0.349455
2.839938 -2.816869
-0.931250 -3.890087
2.964652 -2.685301
2.199884 -3.340735
-3.329227 -2.217261
-3.117153 -2.506662
2.837159 -2.819668
-2.141059 -3.378737
1.654042 -3.641998
1.245368 -3.801192
0.111911 -3.998434
1.956031 -3.489117
-2.594166 -3.044717
-2.788672 -2.867631
-3.983882 -0.358721
2.865560 -2.790800
-2.921817 -2.731847
2.742120 -2.912178
2.414267 -3.189250
-3.112981 -2.511841
2.741489 -2.912771
0.522351 -3.965747
2.467722 -3.148071
3.724781 -1.458084
1.454071 -3.726349
1.559792 -3.683347
-0.697387 -3.938737
-2.036434 -3.442810
0.341881 -3.985363
-0.738808 -3.931178
-0.014459 -3.999974
-3.013258 -2.630641
-3.999964 -0.017087
1.941169 -3.497408
-2.688204 -2.962019
-2.054153 -3.432267
2.203480 -3.338364
-2.806749 -2.849940
0.442459 -3.975453
-2.213208 -3.331923
-0.189423 -3.995512
-0.409355 -3.978998
1.899873 -3.520012
-3.910876 -0.839670
-1.389497 -3.750906
1.764276 -3.589893
1.592944 -3.669132
-1.731483 -3.605824
-0.064298 -3.999483
-3.946950 -0.649297
-3.650314 -1.635606
2.744334 -2.910091
-1.309640 -3.779530
-0.975400 -3.879252
-2.269468 -3.293860
-0.204971 -3.994745
3.252311 -2.328620
1.551590 -3.686810
-3.193221 -2.409012
1.592791 -3.669198
-3.999993 -0.007548
2.815789 -2.841009
3.570334 -1.803528
1.427192 -3.736726
0.761215 -3.926901
-2.333890 -3.248532
2.096706 -3.406439
2.094050 -3.408072
-2.038646 -3.441500
3.156195 -2.457322
-3.827165 -1.163104
-3.472702 -1.985029
-3.183253 -2.422168
1.943642 -3.496034
3.108249 -2.517695
-3.699089 -1.522084
3.957000 0.584936
-3.679984 -1.567710
-1.228232 -3.806763
2.153586 -3.370767
0.658724 -3.945388
2.660706 -2.986744
-3.272253 -2.300513
-0.200561 -3.994969
1.658277 -3.640071
2.823585 -2.833261
2.643762 -3.001753
-1.868262 -3.536891
-0.622337 -3.951290
-3.527192 -1.886510
-3.107805 -2.518243
-2.895175 -2.760066
-0.612626 -3.952808
2.135257 -3.382407
2.900354 -2.754623
2.494399 -3.126975
1.117370 -3.840766
-3.435834 -2.048181
-1.877550 -3.531969
-1.931693 -3.502651
-0.284241 -3.989888
3.296467 -2.265680
-0.082863 -3.999142
-2.361927 -3.228204
1.614283 -3.659794
2.580642 -3.056188
-3.457422 -2.011525
0.585246 -3.956954
-3.916426 0.813394
-2.306104 -3.268315
1.536343 -3.693190
0.834503 -3.911982
0.857326 -3.907044
3.003165 -2.642158
-3.579166 -1.785937
-3.191963 -2.410679
-3.243745 -2.340538
-2.399378 -3.200466
1.193457 -3.817808
-1.137105 -3.834970
-1.333842 -3.771056
3.945507 -0.658011
2.072696 -3.421101
0.081526 -3.999169
-1.689603 -3.625637
-3.886804 -0.944856
-2.511366 -3.113365
-3.502634 -1.931723
-3.906889 0.858032
-1.727605 -3.607684
2.401051 -3.199212
1.094032 -3.847479
1.414904 -3.741396
0.476349 -3.971535
1.598739 -3.666611
3.000788 -2.644857
3.218778 -2.374756
-1.333697 -3.771108
-3.271292 -2.301879
2.720411 -2.932467
-3.773949 1.325634
2.434511 -3.173823
0.503955 -3.968127
2.016225 -3.454683
-0.899791 -3.897483
2.571856 -3.063586
1.013912 -3.869365
2.296464 -3.275096
1.278689 -3.790113
3.107916 -2.518106
2.024123 -3.450062
0.780025 -3.923208
1.451256 -3.727446
1.916818 -3.510813
-3.069829 -2.564400
-1.362938 -3.760638
2.184664 -3.350708
0.957947 -3.883598
1.953313 -3.490640
-1.034173 -3.863999
-2.871107 -2.785093
2.851045 -2.805627
-1.180386 -3.821870
2.600340 -3.039446
1.322411 -3.775080
2.546697 -3.084532
1.553995 -3.685797
2.844841 -2.811918
0.651226 -3.306855
0.192079 -3.995386
1.542584 -3.690587
2.618571 -3.023754
2.508017 3.116063
-0.397467 3.980204
-1.226083 3.807456
0.298401 3.988854
-3.110937 2.514373
3.032562 2.608365
-0.193622 3.995311
0.251589 3.992080
0.774806 3.924242
0.177256 3.996071
1.512568 3.702990
0.529482 3.964801
-0.849913 3.908663
-1.065957 3.855352
1.280855 3.789381
1.558988 3.683688
-1.433865 3.734171
-1.439468 3.732014
-0.878189 3.902407
2.723330 2.929756
1.196510 3.816853
-1.684417 3.628049
-0.864656 3.905428
1.868385 3.536826
0.561452 3.960401
0.342331 3.985324
-0.311518 3.987851
0.237419 3.992948
-0.455530 3.973977
1.763905 3.590075
0.730298 3.932768
1.608257 3.662446
2.082459 3.415167
0.653914 3.946188
2.807677 2.849026
3.894124 0.914220
2.840937 2.815862
0.452238 3.974353
2.545344 3.085648
-2.028522 3.447477
0.899402 3.897573
-0.643532 3.947894
0.649025 3.946995
-0.138024 3.997618
1.787632 3.578320
2.340573 3.243720
-0.257388 3.991710
0.609299 3.953322
-0.610062 3.953204
0.964318 3.882022
-0.127193 3.997977
1.532238 3.694895
0.972532 3.879972
1.657575 3.640391
1.776632 3.583794
0.835393 3.911792
0.182814 3.995820
0.012622 3.999980
-0.822966 3.914425
-0.449738 3.974637
0.913661 3.894255
0.967082 3.881334
0.740261 3.930905
1.980782 3.475126
0.569457 3.959257
1.751481 3.596153
0.427883 3.977049
1.589014 3.670836
1.846260 3.548426
-0.300526 3.988695
0.884449 3.900994
0.622573 3.951253
1.699560 3.620980
0.219333 3.993982
-0.904923 3.896295
0.405437 3.979400
0.359175 3.983842
1.800477 3.571874
-0.053097 3.999648
-0.828106 3.913341
-2.143301 3.377316
1.918363 3.509969
0.988212 3.876008
-0.769306 3.925324
0.580451 3.957661
2.065695 3.425332
2.740256 2.913931
-0.632361 3.949699
1.986112 3.472083
-0.089584 3.998997
2.611625 3.029755
2.803781 2.852861
0.946779 3.886336
2.326059 3.254143
-0.204160 3.994786
-0.309859 3.987980
3.681446 1.564274
-1.749830 3.596956
0.097129 3.998821
0.547390 3.962368
0.960671 3.882926
-1.735270 3.604003
2.107327 3.399879
1.562207 3.682324
0.880843 3.901809
1.622911 3.655976
2.123020 3.390101
1.552230 3.686541
0.253850 3.991937
0.654439 3.946101
0.475010 3.971696
1.598992 3.666500
0.046974 3.999724
2.327110 3.253392
-0.054599 3.999627
0.419475 3.977944
0.238918 3.992858
1.704762 3.618534
-0.183741 3.995778
-0.039730 3.999803
0.660353 3.945115
0.328370 3.986499
3.227704 2.362611
-0.526890 3.965147
-0.564714 3.959937
-1.714226 3.614060
-0.869372 3.904381
-1.512670 3.702949
-0.730473 3.932736
0.595812 3.955377
-0.759866 3.927162
-0.637723 3.948836
1.205576 3.813999
-1.462586 3.723015
-1.034209 3.863989
1.778121 3.583055
2.156367 3.368988
-0.205124 3.994737
1.224827 3.807860
1.615067 3.659448
-0.561024 3.960461
2.321787 3.257193
3.251241 2.330114
-0.537318 3.963747
-0.287449 3.989658
2.575169 3.060801
1.665497 3.636773
-0.252604 3.992016
0.643097 3.947965
1.488857 3.712588
1.029948 3.865127
2.513551 3.111601
0.149289 3.997213
0.843289 3.910098
0.970258 3.880541
1.154763 3.829689
0.594088 3.955636
-0.164462 3.996618
-0.087405 3.999045
0.782572 3.922701
0.156826 3.996925
0.002653 3.999999
-0.979724 3.878162
1.028821 3.865427
-0.079306 3.999214
0.253411 3.991965
0.221916 3.993839
1.417495 3.740416
-0.831671 3.912585
-0.885983 3.505974
0.197908 3.995101
1.111462 3.842480
1.186472 3.819985
0.827416 3.913487
2.059491 3.429066
0.505265 3.967960
1.997879 3.465325
1.745181 3.599214
0.027943 3.999902
-0.805767 3.918002
-1.444011 3.730259
2.483279 3.135813
-0.561429 3.960404
-1.203170 3.814758
1.338335 3.769464
1.901720 3.519014
-0.165206 3.996587
-0.522050 3.965787
2.063974 3.426370
1.445663 3.729619
-0.329859 3.986376
0.663830 3.944532
-2.525959 3.101537
3.094879 2.534113
2.733796 2.919993
1.578930 3.675184
0.593468 3.955729
-2.393837 3.204613
1.950976 3.491947
0.682722 3.941306
-0.665938 3.944176
-0.756641 3.927785
1.186297 3.820039
-1.047458 3.860419
-0.717999 3.935032
2.497373 3.124600
0.021607 3.999942
0.478357 3.971294
-2.042530 3.439196
2.987260 2.660128
0.264008 3.991278
2.083460 3.414557
1.518569 3.700533
1.659677 3.639433
1.893743 3.523313
3.503265 1.930578
2.141732 3.378311
-1.448172 3.728646
-2.146347 3.375380
0.878178 3.902410
0.710480 3.936397
1.798050 3.573096
-0.470573 3.972224
-0.054898 3.999623
-0.321787 3.987036
1.871852 3.534992
1.465301 3.721947
0.778079 3.923594
-0.091302 3.998958
0.741003 3.930765
2.460630 3.153617
-0.090035 3.998987
-0.060290 3.999546
-0.275958 3.990470
0.311279 3.987870
-0.957406 3.883732
0.682763 3.941299
-0.392527 3.980694
-1.609723 3.661802
1.923836 3.506972
0.948887 3.885822
1.552020 3.686629
0.056491 3.999601
-1.773156 3.585515
0.450102 3.974595
0.695669 3.939041
-0.958294 3.883513
-1.882668 3.529244
-1.896295 3.521941
2.088253 3.411627
0.467557 3.972580
0.531262 3.964563
0.628062 3.950385
2.984234 2.663521
1.995981 3.466419
0.557806 3.960916
1.682558 3.628912
1.450859 3.727601
1.638575 3.648982
0.596110 3.955332
-0.987059 3.876302
-0.897386 3.898038
0.224798 3.993678
1.024915 3.866465
0.047413 3.999719
-1.643663 3.646693
1.565805 3.680796
0.439167 3.975818
-0.752718 3.928539
-1.687296 3.626711
1.446944 3.729122
-0.012718 3.999980
-1.405692 3.744867
0.771640 3.924866
1.425429 3.737399
1.108141 3.843439
-0.751658 3.928742
0.868806 3.904507
-0.738343 3.931266
2.247074 3.309178
-0.424560 3.977405
0.318014 3.987338
2.590291 3.048014
-1.839897 3.551729
1.822393 3.560742
3.195721 2.405695
0.512342 3.967053
2.696001 2.954924
1.140279 3.834027
-1.580709 3.674420
0.440719 3.975647
0.193709 3.995307
0.967285 3.881283
0.550391 3.961953
-0.160301 3.996787
0.824321 3.914140
2.577201 3.059091
1.707416 3.617282
2.286462 3.282087
-0.384378 3.981489
1.490109 3.712085
-0.350385 3.984624
-1.440399 3.731655
0.602803 3.954318
2.022806 3.450834
1.963564 3.484884
-0.041898 3.999781
-1.524564 3.698068
-1.789349 3.577461
-2.398677 3.200992
1.548187 3.688240
-2.465811 3.149568
1.209906 3.812628
0.192321 3.995374
-0.410196 3.978912
0.384621 3.981465
0.027167 3.999908
-0.781816 3.922851
2.273215 3.291275
2.561424 3.072313
-0.309504 3.988008
-0.028196 3.999901
-1.107452 3.843638
0.009470 3.999989
0.237978 3.992915
1.058717 3.857346
-0.766669 3.925840
1.490959 3.711744
0.887902 3.900209
1.422753 3.738418
-0.250864 3.992126
-0.007365 3.999993
-0.499584 3.968679
0.028107 3.999901
0.131410 3.997841
0.429022 3.976926
-1.191336 3.818471
-0.744761 3.930055
-0.431904 3.976614
-1.429671 3.735779
0.579546 3.957793
1.240996 3.802621
1.025201 3.866389
0.909436 3.895244
1.341556 3.768319
-0.316654 3.987447
2.418396 3.186120
-0.129017 3.997919
-1.123901 3.838860
0.299933 3.988739
-1.222526 3.808600
-0.158299 3.996866
2.544324 3.086489
2.367597 3.224048
-1.629710 3.652950
2.335853 3.247120
-0.015355 3.999971
-0.777829 3.923644
-0.354512 3.984259
-0.902160 3.896936
0.711442 3.936223
0.695088 3.939144
-0.031967 3.999872
0.950576 3.885409
2.205998 3.336701
0.039504 3.999805
1.913784 3.512468
-0.432603 3.976538
0.280951 3.990121
-0.797883 3.919615
1.900068 3.519906
1.894242 3.523045
2.798795 2.857752
-0.203378 3.994826
-0.224627 3.993688
-1.108667 3.843287
2.650889 2.995462
-2.144711 3.376420
0.706988 3.937025
1.043734 3.861427
1.123688 3.838922
-1.021766 3.867298
-0.895923 3.898374
-1.339677 3.768987
2.462526 3.152137
3.260988 2.316453
-1.045150 3.861044
3.468821 1.991803
2.927444 2.725816
-1.633738 3.651151
2.006230 3.460497
-0.642746 3.948022
-0.252832 3.992001
0.603312 3.954240
1.986261 3.471998
-1.222097 3.808737
2.474659 3.142620
2.181663 3.352662
1.019429 3.867915
-0.942616 3.887348
0.717294 3.935161
0.264942 3.991216
1.259458 3.796546
2.623274 3.019675
-2.066525 3.424832
-0.042082 3.999779
-0.255956 3.991802
0.075502 3.999287
-0.923888 3.891842
0.053022 3.999649
2.158114 3.367869
-1.484440 3.714356
3.514957 1.909209
-0.952954 3.884827
-0.624741 3.950911
2.018574 3.453312
0.299323 3.988785
-2.378370 3.216109
0.841590 3.910464
-0.423650 3.977502
-0.508473 3.967550
-2.475554 3.141915
3.459521 2.007913
0.161436 3.996741
0.692147 3.939662
-0.444143 3.975266
-0.698093 3.938612
0.478784 3.971242
0.639982 3.948471
1.703132 3.619301
2.089600 3.410802
1.753473 3.595182
-0.846294 3.909448
-0.322375 3.986988
-1.773676 3.585258
2.643328 3.002135
0.193310 3.995326
0.377358 3.982160
1.384847 3.752626
0.474567 3.971748
1.656200 3.641016
-1.820911 3.561500
-1.249450 3.799852
1.170590 3.824881
-0.941741 3.887560
1.102522 3.845055
1.874958 3.533346
0.468358 3.972485
-1.439321 3.732071
-0.739551 3.931039
-2.890070 2.765411
-0.831465 3.912629
1.153436 3.830089
0.083987 3.999118
-1.583804 3.673087
-0.001627 4.000000
1.768609 3.587760
0.606207 3.953797
0.974016 3.879600
2.563983 3.070178
1.033316 3.864228
-0.180502 3.995925
-0.688765 3.940254
1.471333 3.719567
-1.609058 3.662094
-0.217387 3.994088
-0.140487 3.997532
0.193844 3.995300
-0.134941 3.997723
3.999910 0.026795
-1.106131 3.844018
3.285085 2.282152
2.325033 3.254877
-0.534076 3.964185
-1.182254 3.821292
1.294754 3.784655
-0.651331 3.946615
0.692884 3.939532
1.949984 3.492501
2.069489 3.423042
-0.462531 3.973168
2.188952 3.347908
1.020098 3.867738
-0.146426 3.997319
-0.597442 3.955131
-0.311204 3.987876
0.144037 3.997406
-0.215176 3.994208
0.416726 3.978233
0.154635 3.997010
-0.725004 3.933748
0.845097 3.909707
0.141028 3.997513
-0.032780 3.999866
1.713021 3.614631
0.329755 3.986385
2.687606 2.962562
-0.918350 3.893152
-1.813953 3.565049
-1.306569 3.780592
-3.128581 -2.492384
-1.451054 -3.727525
-3.968379 -0.501968
-2.326387 -3.253909
-1.276462 -3.790863
-0.049478 -3.999694
-2.486120 -3.133561
-3.343495 2.195687
1.282410 -3.788855
-2.874105 -2.781999
0.444921 -3.975179
3.155930 -2.457663
-2.260569 -3.299974
2.750527 -2.904238
-1.508406 -3.704688
-1.738756 -3.602323
-0.970421 -3.880500
-0.047105 -3.999723
-3.342151 -2.197732
3.407558 -2.094887
-3.693442 -1.535737
-3.965443 -0.524652
-2.563662 -3.070446
-0.559248 -3.960712
2.257139 -3.302321
-0.577173 -3.958140
-3.268022 -2.306520
-1.117572 -3.840707
0.854612 -3.907639
-2.627720 -3.015806
0.418037 -3.978096
0.266726 -3.991097
-1.148176 -3.831670
-2.054528 -3.432042
-2.807229 -2.849468
-3.637799 -1.663255
-0.727644 -3.933260
-2.553879 -3.078588
-1.715749 -3.613337
-1.798034 -3.573104
-2.762972 -2.892401
-0.845996 -3.909513
-2.902959 -2.751878
-3.071710 -2.562148
-2.361946 -3.228190
-3.793231 -1.269409
-2.419119 -3.185571
-3.458875 -2.009026
0.202197 -3.994886
-3.234274 -2.353608
1.122583 3.839246
-3.116460 -2.507524
0.725738 3.933612
-3.093069 -2.536321
1.341897 -3.768197
1.160695 -3.827896
3.123745 2.498443
-3.651956 -1.631938
-3.686498 -1.552332
0.416181 -3.978290
0.040757 -3.999792
-2.158091 -3.367884
0.576667 -3.958214
-1.848492 -3.547263
-1.612318 3.660660
-3.417729 -2.078251
3.878558 -0.978155
-2.789685 -2.866645
-3.266639 -2.308477
-2.268139 -3.294776
-2.613099 -3.028483
-2.585965 -3.051685
2.205649 -3.336931
-2.534466 -3.094589
-0.282977 -3.989978
-1.404704 -3.745238
-3.228399 -2.361660
-2.519475 -3.106806
-1.155556 -3.829450
-3.486630 -1.960462
-3.863173 -1.037252
-3.489995 -1.954465
-2.889395 -2.766116
-3.244533 -2.339445
-3.771031 -1.333912
-2.733859 -2.919934
-1.213513 -3.811481
3.638851 -1.660953
-3.094035 -2.535143
-2.389834 -3.207599
-3.149248 -2.466220
-1.726584 -3.608172
3.679468 -1.568921
-3.333170 -2.211330
-2.359410 -3.230044
-1.453276 -3.726659
-2.966865 -2.682855
0.470721 -3.972206
-1.573675 -3.677437
-1.689777 -3.625556
1.691116 -3.624931
-2.079567 -3.416928
0.029070 -3.999894
2.962474 2.687703
-3.933201 0.727965
-3.940315 -0.688418
-1.073855 -3.853159
-2.654289 -2.992449
-2.365334 -3.225708
-2.673298 -2.975479
-3.646397 -1.644321
-2.291498 -3.278573
-2.320413 -3.258172
-2.833994 -2.822849
-3.755338 -1.377474
-3.323193 -2.226294
-3.058525 -2.577872
-1.760077 -3.591953
-3.026600 -2.615280
-3.756378 -1.374637
-1.653834 -3.642092
2.071115 -3.422058
-1.026051 -3.866163
3.035710 -2.604700
-3.507251 -1.923328
-3.176502 -2.431015
-2.074233 -3.420169
-0.124786 -3.998053
-0.004679 -3.999997
-1.144425 -3.832792
-1.445664 -3.729619
3.945290 0.659306
0.707761 -3.936886
-2.935109 -2.717560
-1.224024 -3.808118
0.546676 -3.962467
-1.025069 -3.866424
-0.437956 -3.975952
-2.469483 -3.146690
-2.320870 -3.257846
-3.284152 -2.283494
-3.843825 -1.106801
-3.476813 -1.977820
-3.421451 -2.072118
-1.785832 -3.579218
-0.878192 -3.902407
-2.698955 -2.952226
-3.016908 -2.626455
-1.047809 -3.860323
-2.098546 -3.405305
-1.321342 -3.775454
1.107438 -3.843642
-2.878830 -2.777109
-2.915485 -2.738604
0.172463 -3.996280
-0.636065 -3.949104
-1.417948 -3.740244
-2.662068 -2.985531
-1.520078 -3.699914
0.827873 -3.913391
-1.943046 -3.496365
-0.242793 -3.992625
-1.679032 -3.630544
1.781519 -3.581367
-0.836114 -3.911638
-3.988771 -0.299508
0.388477 -3.981091
-0.312886 -3.987744
-1.337435 -3.769784
-2.245289 -3.310390
0.049350 -3.999696
-0.996970 -3.873764
-1.688396 -3.626199
-0.686727 -3.940610
-3.478319 -1.975169
-2.566848 -3.067783
-1.984094 3.473236
-2.441733 -3.168271
-3.463707 2.000684
3.534758 -1.872294
-2.065212 -3.425624
-1.984251 -3.473147
-0.829511 -3.913044
-1.593647 -3.668827
3.933456 -0.726582
-3.984433 0.352558
-1.595201 -3.668151
-0.666892 -3.944015
-2.795382 -2.861091
-2.806919 -2.849773
-0.766453 -3.925882
-3.836861 -1.130708
-3.592908 -1.758128
-1.799262 -3.572486
-3.143469 -2.473581
-0.230948 -3.993327
-1.352908 -3.764258
-2.882095 -2.773721
0.555062 -3.961301
-1.930186 -3.503482
-2.870813 -2.785396
-2.327398 -3.253186
0.341273 -3.985415
-3.100030 -2.527808
-3.403330 2.101748
-3.268848 2.305349
-2.671846 -2.976783
-2.467293 -3.148407
0.038245 -3.999817
-0.581866 -3.957453
-1.539223 -3.691990
-0.325338 -3.986747
-3.946562 -0.651649
-2.834295 -2.822547
-1.480363 -3.715982
-2.194758 -3.344105
1.079190 3.851668
-1.893106 -3.523656
-0.550828 -3.961892
-2.803333 -2.853301
-1.082965 -3.850609
0.226102 3.993605
1.577716 -3.675706
-2.554497 -3.078075
-1.904121 -3.517716
-1.697772 -3.621819
-1.720968 -3.610854
-3.055868 -2.581021
-0.262610 -3.991370
-2.311974 -3.264165
-1.606425 -3.663250
-3.260815 -2.316697
-3.205096 -2.393190
-1.945232 -3.495150
-2.684746 -2.965154
-3.892290 -0.921999
-0.869981 -3.904245
-2.124571 -3.389130
-1.867555 -3.537264
-1.732834 -3.605175
0.066784 -3.999442
1.930861 -3.503109
-2.835309 -2.821528
-1.808158 -3.567992
-0.250996 -3.992117
-3.306819 -2.250545
-0.757924 -3.927538
3.996918 -0.156984
-1.486061 -3.713708
-1.982749 -3.474005
-1.996210 -3.466287
-1.377071 -3.755486
-1.677649 -3.631184
-2.507333 -3.116614
-2.325944 -3.254225
-1.715068 -3.613660
-2.910903 -2.743473
-2.838655 -2.818162
-0.212700 -3.994341
3.999165 -0.081725
-2.771204 -2.884515
-1.025067 -1.569710
1.813698 -3.565179
-1.236738 -3.804008
-2.788110 -2.868178
0.519585 -3.966110
-0.198205 -3.995086
-3.155543 -2.458159
-0.377959 -3.982103
-0.955084 3.884304
-1.993235 -3.467998
-0.082517 -3.999149
-2.440092 -3.169535
-3.626485 -1.687782
-1.887455 -3.526686
0.456348 -3.973883
-3.554653 -1.834241
-2.429320 -3.177799
-2.395285 -3.203531
-0.589670 -3.956297
-3.204159 -2.394444
1.419209 -3.739765
-1.365464 -3.759722
-2.973754 -2.675217
-1.832780 -3.555407
-2.545803 -3.085270
-1.687643 -3.626550
-1.264790 -3.794773
-0.632170 -3.949729
-3.213637 -2.381709
-3.801653 1.243959
-0.970030 -3.880598
3.038704 -2.601207
-1.996566 -3.466082
-0.903512 -3.896622
0.255491 -3.991832
1.108755 -3.843262
-2.241723 -3.312805
-2.371927 -3.220864
-3.696882 -1.527438
0.155964 -3.996958
-0.480190 -3.971073
-1.460773 -3.723727
-3.007717 2.636976
-1.468404 -3.720724
-2.711500 -2.940708
-2.549083 -3.082560
-3.060367 -2.575685
1.630711 3.652504
-1.974113 -3.478919
-0.926405 -3.891243
-0.774009 -3.924399
-0.656765 -3.945714
-1.809760 -3.567179
-2.023212 -3.450596
3.215564 -2.379107
-1.648464 -3.644526
-3.442123 -2.037594
-2.477486 -3.140392
-3.958146 -0.577134
-0.033343 -3.999861
-3.331006 -2.214588
-3.194627 -2.407148
-0.802562 -3.918660
-3.689595 -1.544955
-3.207255 -2.390296
0.759189 -3.927293
0.091126 -3.998962
-2.390714 -3.206943
-2.631223 -3.012750
-2.967255 -2.682424
3.991312 -0.263491
-1.618057 -3.658127
-1.828890 -3.557409
0.073338 -3.999328
-3.871955 -1.003975
1.267522 -3.793862
-3.443182 -2.035804
-1.308810 -3.779817
-1.676156 -3.631873
-1.240406 -3.802814
-2.788789 -2.867517
-2.737087 -2.916908
-2.493368 -3.127797
-3.998046 -0.125007
-1.481229 -3.715637
-1.284018 -3.788311
-3.048842 -2.589316
-3.868785 -1.016122
-3.305749 2.252115
-0.765082 -3.926149
-2.697575 -2.953488
-0.682293 -3.941380
0.441940 -3.975511
-2.495179 -3.126353
-0.316441 -3.987464
-1.437819 -3.732650
-3.119802 -2.503365
-3.647716 -1.641391
-3.342127 -2.197768
-1.084828 -3.850084
-1.930174 -3.503488
-3.186790 -2.417513
3.594282 -1.755317
-2.975586 -2.673179
-2.696567 -2.954408
-3.588421 -1.767267
-1.194305 -3.817543
-2.734601 -2.919239
-1.098059 -3.846332
-3.637770 -1.663319
-2.226317 -3.323178
-1.544538 -3.689770
-3.883343 0.958983
-2.059977 -3.428774
0.201692 -3.994912
-2.432398 -3.175444
-1.416675 -3.740726
-2.821045 -2.835790
-0.671721 -3.943196
-1.508084 -3.704819
-2.245176 -3.310466
-1.596206 -3.667714
-3.146968 -2.469128
-2.415466 -3.188342
-0.962318 -3.882518
-0.696907 -3.938822
-2.071473 -3.421841
-0.308025 -3.988122
-1.688924 -3.625953
-2.304189 -3.269666
-1.601149 -3.665559
1.527563 -3.696830
-3.937180 -0.706124
-0.400764 -3.979873
-3.188640 -2.415072
-2.294243 -3.276652
-2.342481 -3.242342
-1.977539 -3.476973
0.600739 -3.954632
-1.975197 -3.478304
-0.062480 -3.999512
-1.185308 -3.820346
-3.971969 0.472721
-2.792201 -2.864196
-0.780059 -3.923201
-2.361341 -3.228633
-0.997069 -3.873739
-3.259854 -2.318048
-1.768853 -3.587640
-1.845015 -3.549073
-1.724276 -3.609276
-3.875764 -0.989167
-3.824220 -1.172750
-1.575843 -3.676509
-1.829368 -3.557163
0.195300 -3.995229
0.002808 -3.999999
-3.140141 -2.477804
-3.055034 -2.582009
-1.737133 -3.603106
-1.877908 -3.531779
-3.635760 -1.667708
-2.011247 -3.457584
-1.362130 -3.760931
-2.098492 -3.405338
-3.588498 -1.767111
-1.501787 -3.707376
-2.042908 -3.438972
3.897551 -0.899498
-1.432797 -3.734581
-3.484685 -1.963917
-2.212736 -3.332237
-0.470494 -3.972233
-2.051924 -3.433600
-1.995530 -3.466678
-3.988026 -0.309276
-0.805043 -3.918151
-1.884345 -3.528349
-3.279207 -2.290590
-1.379837 -3.754471
-1.914119 -3.512285
-2.411307 -3.191488
0.176212 -3.996117
3.784869 1.294129
-2.797814 -2.858712
-2.576975 -3.059281
-3.264860 -2.310993
1.348155 -3.765963
0.546915 -3.962434
-3.112197 -2.512813
-1.149782 -3.831188
-3.692151 -1.538837
-1.934907 -3.500876
3.047528 2.590863
-3.726521 1.453630
-2.357105 -3.231727
-0.183020 -3.995811
-2.430122 -3.177185
-1.290423 -3.786134
-2.226833 -3.322832
-0.076138 -3.999275
-2.025678 -3.449149
-0.315109 -3.987569
-1.399328 -3.747250
0.400729 -3.979876
3.997149 0.150996
-3.194101 -2.407845
-2.853746 -2.802880
-2.376863 -3.217223
-1.993857 -3.467641
-0.994943 -3.874286
-2.117520 -3.393539
-2.764259 -2.891172
-1.745852 -3.598889
-2.825837 -2.831015
-2.546053 -3.085063
1.106892 -3.843799
0.714921 -3.935593
-2.799163 -2.857392
-3.026998 -2.614820
-3.988700 -0.300458
-0.793579 -3.920489
-0.556115 -3.961153
-0.993951 -3.874540
-1.234750 -3.804654
-3.853703 -1.071900
-1.373648 -3.756739
-0.823055 -3.914407
-2.587684 -3.050228
-0.314632 -3.987607
-0.532171 -3.964441
-1.500636 -3.707842
-1.465952 -3.721691
-1.977504 -3.476993
-1.752311 -3.595748
-3.006805 -2.638015
-3.586530 -1.771103
-0.952268 -3.884995
2.457608 -3.155972
-3.988944 -0.297197
-3.187819 -2.416156
0.326058 -3.986689
-2.328886 -3.252121
-2.868396 -2.787886
-3.918650 0.802610
-2.923959 -2.729553
-3.489484 1.955378
-3.989862 0.284612
-1.205886 -3.813901
-3.296660 -2.265399
2.119403 -3.392364
-2.622092 -3.020701
-2.053251 -3.432806
-3.782524 1.300965
-3.734907 -1.431946
-3.301905 -2.257747
-2.860236 -2.796257
-2.071333 -3.421927
-3.344507 -2.194146
-3.881084 -0.968084
-3.850067 1.084890
-3.528058 -1.884890
-3.846594 -1.097141
-3.624138 -1.692814
-2.789759 -2.866573
-2.443283 -3.167076
-3.993378 -0.230074
-3.153259 -2.461089
-0.141498 -3.997497
-3.107447 -2.518685
-0.223182 -3.993769
-3.903051 0.875324
-3.553018 1.837407
-3.786389 -1.289673
-1.259634 -3.796488
-1.740010 -3.601717
-1.243337 -3.801857
-2.156673 -3.368793
-2.854783 -2.801823
-3.620286 -1.701038
-3.843732 -1.107126
-1.856105 -3.543286
-0.761352 -3.926875
-3.626485 1.687781
-3.251361 2.329946
-2.934236 -2.718503
-3.809256 -1.220480
-2.363058 -3.227376
-2.769257 -2.886384
0.043009 -3.999769
-1.716581 -3.612942
-2.536126 -3.093229
-3.988529 -0.302718
-3.647140 1.642672
-3.563282 1.817421
-2.231561 3.319659
-0.036213 -3.999836
-3.581069 -1.782119
-3.378763 -2.141019
-3.698297 1.524007
-1.642559 -3.647191
-2.973853 -2.675107
-2.360380 3.229335
0.575506 -3.958383
-3.522703 -1.894878
-3.855322 -1.066063
-1.093456 -3.847643
-1.249839 -3.799724
-3.616077 -1.709967
-0.139188 -3.997578
-3.520576 1.898827
-3.866259 -1.025692
-1.679842 -3.630170
-3.011656 -2.632476
-3.375175 -2.146671
-3.387889 2.126549
-2.675537 -2.973466
-3.072739 -2.560914
2.081771 -3.415586
-2.442384 3.167769
-2.488059 -3.132022
-3.679782 -1.568185
1.213750 -3.811406
-3.969829 -0.490361
-0.354512 -3.984259
-3.645550 -1.646198
-2.381173 -3.214034
-3.394327 -2.116256
-3.883074 0.960069
0.954227 -3.884514
-2.331274 -3.250410
-2.428124 -3.178712
-2.375915 -3.217923
-0.980952 -3.877852
0.436390 -3.976124
-3.633527 -1.672567
-2.226063 -3.323348
-2.065597 -3.425392
-3.936590 -0.709408
-2.179345 -3.354170
-3.651834 -1.632209
-1.830563 -3.556549
0.228334 -3.993478
-3.292189 -2.271892
-3.457933 -2.010647
-2.724259 -2.928893
0.536897 -3.963804
-2.717228 -2.935417
-2.097796 -3.405767
-2.633882 -3.010427
-0.423435 -3.977525
1.250939 -3.799362
0.035181 -3.999845
-3.537050 -1.867961
-3.804942 -1.233862
-3.640058 -1.658306
-3.550801 1.841688
-3.089952 -2.540117
-3.892957 -0.919177
-3.976689 0.431215
-3.713229 -1.487256
-3.280937 -2.288111
-3.303811 -2.254957
-3.117848 -2.505798
-3.691957 -1.539302
-3.138380 -2.480034
-2.966644 2.683099
-3.921755 -0.787299
-3.198107 -2.402522
-2.232735 -3.318869
-3.980222 -0.397280
-1.998809 -3.464789
-3.586688 -1.770783
-3.183376 -2.422007
-2.399950 -3.200037
-2.622273 3.020543
-2.511206 -3.113494
-0.981286 -3.877767
-3.999905 -0.027598
-3.926900 -0.761220
-1.622163 -3.656308
1.077270 -3.852206
-2.767175 -2.888380
-3.734235 -1.433699
0.200622 -3.994966
-1.306761 -3.780526
-3.735797 1.429622
-2.643210 -3.002239
0.580423 -3.957665
0.342454 -3.985314
-3.372962 -2.150146
-3.149841 2.465461
-3.481478 -1.969596
-3.941808 -0.679814
-0.943708 -3.887083
-3.575495 -1.793275
-3.254400 -2.325701
-2.165579 -3.363074
2.101313 -3.403599
-1.428852 -3.736092
-3.986664 -0.326363
2.046313 -3.436947
-3.952446 -0.614957
1.586079 -3.672105
-3.716670 -1.478636
-0.222879 -3.993786
-3.658392 -1.617457
-2.516793 -3.108979
-3.587181 1.769782
-2.052531 3.433237
-3.199063 -2.401249
-3.253056 -2.327580
-2.180822 -3.353210
-1.980829 -3.475100
2.203823 -3.338138
-3.880747 0.969433
-0.252879 -3.991999
-2.003472 -3.462095
-3.998922 -0.092880
-2.710933 -2.941231
-3.933023 0.728925
-2.937083 -2.715427
-0.346624 -3.984953
-2.140134 -3.379323
-2.778103 -2.877871
-3.806575 -1.228814
-2.383008 -3.212674
-2.036202 3.442947
-2.644299 -3.001280
1.072436 -3.853554
-3.380504 -2.138268
-0.340008 -3.985523
-2.190527 -3.346878
-3.882395 -0.962814
-1.916477 -3.510999
-1.140480 -3.833967
-3.386226 -2.129195
2.429973 -3.177300
-0.921711 -3.892358
-3.870828 -1.008309
-2.437111 -3.171828
-1.649801 -3.643920
-3.730525 -1.443323
-2.100222 -3.404272
-2.040270 -3.440538
-0.275892 -3.990474
-3.108188 -2.517771
-2.290105 -3.279545
-2.815654 -2.841143
0.267758 -3.991028
-1.288097 -3.786926
-3.982138 0.377590
-3.580038 -1.784189
-2.323873 -3.255705
-3.803409 1.238579
-3.337768 -2.204384
-3.793866 1.267510
-1.560485 -3.683054
1.247290 -3.800562
-3.075110 -2.558065
-3.660318 -1.613095
-3.944360 0.664849
-3.329170 -2.217347
0.546602 -3.962477
-1.952510 -3.491089
-0.530277 -3.964695
-3.180488 2.425798
-3.112024 -2.513028
-2.377369 -3.216849
-1.952914 -3.490863
0.170243 -3.996376
-3.434014 -2.051231
-3.370925 -2.153337
-0.772366 -3.924723
-1.471016 -3.719692
-3.986139 -0.332713
0.088796 -3.999014
-3.844408 1.104773
-3.867961 1.019254
1.146899 -3.832052
-2.860709 -2.795773
-1.898023 -3.521010
-3.065696 -2.569340
1.952281 -3.491218
-3.868471 -1.017316
-1.548279 -3.688202
-1.525574 -3.697651
0.059685 -3.999555
-2.853645 -2.802982
-3.480497 -1.971330
-0.867129 -3.904880
-0.331055 -3.986277
-3.547148 -1.848714
1.296110 -3.784191
-0.435258 -3.976248
-1.516225 -3.701494
-2.489964 -3.130508
-3.884687 -0.953522
-3.534731 -1.872345
-2.356109 -3.232453
-3.901436 -0.882493
-3.455041 2.015612
-3.998665 -0.103322
-1.617467 -3.658388
-3.649727 -1.636916
-3.417395 -2.078801
0.022546 -3.999936
-2.644202 3.001365
-3.413940 2.084469
-1.942365 -3.496744
-2.235110 -3.317271
-1.454255 -3.726277
-1.326334 -3.773704
-3.999887 0.030023
0.612703 -3.952796
-3.789892 1.279342
-2.728862 -2.924605
-3.336613 -2.206131
-1.743552 -3.600004
-2.340217 -3.243977
-3.735784 -1.429657
-0.512670 -3.967010
-2.572245 -3.063259
-1.974979 -3.478428
0.173477 -3.996236
-3.967727 -0.507095
-1.384569 -3.752728
-3.427157 -2.062667
-3.999994 0.006673
0.267245 -3.991063
-3.793257 -1.269331
-3.386075 -2.129435
-2.819021 -2.837802
-3.145570 -2.470909
0.794303 -3.920342
-3.954498 -0.601618
-3.997486 0.141782
-3.969534 -0.492747
-2.387390 -3.209419
-2.406333 -3.195240
-0.681589 -3.941502
-2.736104 -2.917830
-1.731257 -3.605933
-3.559619 -1.824586
-3.900911 -0.884810
-3.307518 2.249516
-2.511209 3.113492
-0.287490 -3.989655
-2.471565 -3.145054
-3.582824 -1.778588
-3.987793 0.312256
-3.994243 0.214533
-2.196703 -3.342828
-2.538552 -3.091238
-3.034304 -2.606339
-3.089285 -2.540928
-1.467605 -3.721040
-3.389277 2.124335
-3.741057 -1.415800
-3.597804 -1.748086
-3.776071 -1.319579
-3.565418 1.813228
-1.448302 -3.728595
0.871278 -3.903956
-3.951110 -0.623483
-1.387063 -3.751807
-1.690651 -3.625148
-2.836004 -2.820830
-3.781175 1.304882
0.372372 -3.982630
-1.957622 -3.488225
0.373756 -3.982500
-3.736470 -1.427862
-3.526376 -1.888034
-3.158833 -2.453931
-2.826045 -2.830807
1.313048 -3.778347
1.831815 -3.555904
-3.147223 -2.468803
-3.518872 -1.901983
-3.948594 -0.639224
-2.691770 -2.958779
-3.612080 -1.718394
-0.369772 -3.982872
-1.436914 -3.732999
-3.814791 -1.203066
-2.742390 -2.911923
-2.658933 -2.988323
-1.621092 -3.656783
-1.512930 -3.702842
-3.314017 -2.239931
-3.729215 -1.446705
-3.019014 -2.624035
-1.545921 -3.689191
-3.956821 -0.586145
-3.896012 0.906141
-1.973739 -3.479131
0.010931 -3.999985
-1.728973 -3.607028
-1.432768 -3.734592
-3.253562 -2.326873
0.285412 -3.989805
-3.483098 1.966731
-2.502942 3.120141
-2.487660 -3.132339
-3.569584 -1.805012
-0.129870 -3.997891
1.680686 -3.629779
-3.949720 -0.632225
-3.172859 -2.435767
1.417448 -3.740433
-1.561785 -3.682503
-1.420517 -1.793256
-3.642487 -1.652963
-3.740821 1.416425
-3.189497 -2.413941
1.366732 -3.759261
-3.873096 0.999562
-3.526347 -1.888088
-2.516379 -3.109314
-1.507954 -3.704872
-2.391972 -3.206005
-2.654965 -2.991849
-0.979957 -3.878103
-2.540549 -3.089597
-3.463378 -2.001253
-3.878490 -0.978423
-3.952341 0.615630
-3.889417 -0.934042
-3.049965 -2.587994
-1.564697 -3.681266
-2.678353 -2.970930
-3.802809 -1.240422
-2.251634 -3.306077
-2.990255 -2.656760
-3.667623 -1.596415
0.290995 -3.989401
-1.031084 -3.864824
-2.425062 -3.181049
1.683848 -3.628313
-3.614829 -1.712604
-3.375935 -2.145475
-3.023012 -2.619428
0.429126 -3.976915
-3.784020 -1.296609
-3.968405 -0.501757
-3.642065 -1.653894
-1.561159 -3.682768
-3.771639 -1.332194
-1.258250 -3.796947
-1.948579 -3.493285
0.692357 -3.939625
-2.955467 -2.695406
-3.871736 -1.004818
-2.892263 -2.763117
-3.561041 1.821809
-3.343549 -2.195605
0.619999 -3.951658
0.171130 -3.996338
-3.077970 -2.554623
-1.754783 -3.594542
-3.867399 1.021383
-0.277722 -3.990347
-2.420637 -3.184418
-2.302192 -3.271072
-2.735273 -2.918610
-1.239624 -3.803069
-0.518691 -3.966227
-0.365312 -3.983283
-3.879620 0.973935
-3.207084 -2.390525
0.905608 -3.896136
-3.638224 -1.662325
-3.331228 -2.214254
-1.973351 -3.479352
-3.979243 0.406966
1.620346 -3.657113
-3.536710 -1.868604
-3.921674 -0.787702
0.669134 -3.943635
-3.886329 -0.946809
-2.974794 -2.674061
-2.622461 -3.020380
-3.869129 -1.014810
-0.255496 -3.991832
-3.960734 -0.559097
-2.835016 -2.821823
-0.531224 -3.964568
-3.866773 -1.023752
-2.551839 -3.080279
0.766326 -3.925907
-2.363869 -3.226782
-0.257109 -3.991728
-1.761219 -3.591393
-2.686732 -2.963354
-1.690210 -3.625354
-1.402562 -3.746041
-2.927413 -2.725849
-1.730310 -3.606387
-3.999116 0.084104
-3.560156 -1.823537
-3.706540 -1.503850
-3.818021 -1.192777
-3.707884 -1.500531
-3.795454 -1.262747
-0.264314 3.991258
-3.606507 -1.730060
-3.858032 1.056214
-3.598944 -1.745738
-3.565111 -1.813830
-2.989136 -2.658020
-3.088628 -2.541727
-2.504825 -3.118630
1.282806 -3.788721
-3.447791 -2.027988
-3.603328 -1.736672
-3.018679 -2.624419
1.444164 -3.730200
1.202227 -3.815056
-0.985393 -3.876726
0.244017 -3.992550
-3.994258 -0.214254
-1.604088 -3.664273
-3.188523 -2.415226
-3.893846 0.915402
-2.441524 -3.168432
-1.584832 -3.672643
-1.920094 -3.509022
0.686065 -3.940725
-2.284660 -3.283341
-3.521723 -1.896700
-1.663705 -3.637593
-2.434645 -3.173721
-3.452407 2.020120
-3.734017 -1.434266
-3.936459 -0.710136
-2.625654 -3.017605
-1.843044 -3.550097
-2.868340 -2.787943
