-3.340465 -2.200294
2.777936 -2.878033
-1.471975 -3.719313
0.525034 -3.965393
2.726469 -2.926836
-3.043549 -2.595536
1.355176 -3.763442
1.930431 -3.503347
2.834710 -2.822130
2.632632 -3.011520
3.520893 -1.898238
2.179210 -3.354258
2.323312 -3.256105
3.168688 -2.441192
3.490148 -1.954192
-0.949803 -3.885598
1.049636 -3.859827
3.153562 -2.460700
-0.164670 -3.996609
2.014413 -3.455740
-1.329746 -3.772503
-1.812702 -3.565685
2.225217 -3.323915
1.390198 -3.750646
-1.884890 -3.528057
0.740731 -3.930816
1.527768 -3.696745
-1.255572 -3.797834
3.601147 -1.741189
2.265762 -3.296411
2.622058 -3.020730
0.159554 -3.996817
0.527733 -3.965034
3.237653 -2.348958
2.948498 -2.703027
-1.075649 -3.852659
1.156399 -3.829196
3.414717 -2.083197
-2.569658 -3.065429
0.126461 -3.998000
3.610898 -1.720877
-3.342635 -2.196997
3.613867 -1.714633
2.370046 -3.222248
-2.813349 -2.843425
1.288864 -3.786665
1.158096 -3.828683
-1.997638 -3.465464
-1.901506 -3.519130
2.805681 -2.850992
0.757809 -3.927560
1.332577 -3.771504
-3.248252 -2.334280
-2.459876 -3.154205
-1.615815 -3.659118
3.029640 -2.611759
3.005154 -2.639895
2.853432 -2.803199
1.785417 -3.579426
2.730939 -2.922665
2.654698 -2.992086
0.475009 -3.971696
1.061213 -3.856660
3.028857 -2.612666
0.981882 -3.877616
2.110283 -3.398044
2.774833 -2.881024
1.743624 -3.599969
2.956246 -2.694552
1.178230 -3.822535
2.524609 -3.102636
2.457682 -3.155915
-3.079796 -2.552421
0.145435 -3.997355
2.766677 -2.888858
-2.843117 -2.813660
2.718928 -2.933842
-3.334503 -2.209320
-0.029447 -3.999892
0.744009 -3.930197
2.976037 -2.672677
2.978867 -2.669523
0.941703 -3.887569
3.728130 -1.449500
1.079041 -3.851710
1.605595 -3.663614
2.247910 -3.308610
2.098507 -3.405329
0.630183 -3.950047
-3.056089 -2.580760
1.750744 -3.596512
-3.341528 -2.198679
-1.557621 -3.684266
-3.800316 -1.248036
3.262168 -2.314791
1.247211 -3.800587
3.708441 -1.499155
-3.304891 -2.253374
3.323486 -2.225858
-3.262460 -2.314380
2.988170 -2.659105
-3.071973 -2.561832
-1.424548 -3.737735
1.902742 -3.518462
-0.030496 -3.999884
2.877855 -2.778120
3.181560 -2.424392
1.570214 -3.678917
2.769689 -2.885970
2.170633 -3.359814
2.965224 -2.684669
2.283381 -3.284231
0.695600 -3.939053
2.564626 -3.069641
2.275607 -3.289622
-0.425541 -3.977300
3.958448 -0.575054
0.852777 -3.908039
-2.300097 -3.272545
0.724315 -3.933874
-1.696811 -3.622269
2.149628 -3.373292
2.446093 -3.164906
3.052418 -2.585100
-2.739832 -2.914331
3.477269 -1.977018
0.865456 -3.905251
2.958740 -2.691814
1.869884 -3.536033
0.665712 -3.944214
1.923432 -3.507194
2.704376 -2.947262
1.410275 -3.743144
1.623056 -3.655912
-3.946473 -0.652188
1.600826 -3.665700
2.509241 -3.115078
0.992106 -3.875013
3.185368 -2.419387
-0.504050 -3.968115
0.700810 -3.938130
0.553741 -3.961486
2.016410 -3.454575
1.481245 -3.715631
-1.822441 -3.560718
2.126769 -3.387751
0.932686 -3.889742
-1.387403 -3.751681
1.496262 -3.709609
1.537569 -3.692680
1.419070 -3.739818
2.357667 -3.231316
2.279575 -3.286874
1.859966 -3.541261
2.929580 -2.723520
2.341631 -3.242956
3.225021 -2.366271
0.360355 -3.983735
2.598778 -3.040781
2.280125 -3.286492
1.155300 -3.829528
2.606002 -3.034593
2.106254 -3.400543
0.803666 -3.918434
2.456505 -3.156831
1.795178 -3.574540
-3.553945 -1.835613
1.179274 -3.822213
3.219636 -2.373592
-0.646687 -3.947378
-2.899460 -2.755564
-0.225459 -3.993641
-2.946662 -2.705029
3.076238 -2.556709
-3.633546 -1.672525
-3.623518 -1.694142
-2.625031 -3.018147
3.192293 -2.410242
-2.557294 -3.075751
1.104914 -3.844368
-3.567292 -1.809537
1.002822 -3.872254
-0.903073 -3.896724
2.599246 -3.040382
3.030447 -2.610822
2.657630 -2.989482
-2.106348 -3.400485
1.067839 -3.854831
2.563033 -3.070970
1.509911 -3.704075
-0.293363 -3.989228
-1.148972 -3.831431
1.291558 -3.785747
-0.054868 -3.999624
2.006159 -3.460538
1.279975 -3.789679
0.708203 -3.936807
3.302011 -2.257592
1.589542 -3.670607
1.635879 -3.650192
3.111022 -2.514268
1.735793 -3.603751
2.244907 -3.310648
-2.197280 -3.342448
3.014357 -2.629383
-1.817549 -3.563217
1.779668 -3.582287
1.255675 -3.797799
-3.211788 -2.384201
3.726681 -1.453220
2.919216 -2.734626
3.389843 -2.123432
-2.993606 -2.652984
2.062769 -3.427096
0.342102 -3.985344
3.061736 -2.574058
-3.997359 -0.145319
2.673065 -2.975689
0.734985 -3.931895
3.538139 -1.865897
-2.284685 -3.283324
3.676795 -1.575176
-3.577196 -1.789879
2.937698 -2.714761
2.178576 -3.354670
-0.377966 -3.982103
2.190127 -3.347140
-0.447935 -3.974840
2.688790 -2.961487
1.405460 -3.744954
0.410909 -3.978838
2.549853 -3.081923
3.734857 -1.432077
1.651919 -3.642961
2.834502 -2.822340
2.343316 -3.241739
0.597940 -3.955056
2.994585 -2.651879
-2.956329 -2.694461
1.316998 -3.776972
2.748040 -2.906592
1.099819 -3.845829
0.694483 -3.939250
1.937394 -3.499501
-2.542264 -3.088186
-3.349241 -2.186912
-2.933039 -2.719794
3.234173 -2.353747
1.814823 -3.564606
-1.028121 -3.865613
2.663672 -2.984100
2.525309 -3.102066
-3.515174 -1.908809
0.798982 -3.919391
1.676007 -3.631942
2.269231 -3.294023
2.213756 -3.331559
3.066326 -2.568588
0.805341 -3.918090
2.076898 -3.418552
2.643095 -3.002341
2.303198 -3.270364
0.070426 -3.999380
1.657494 -3.640428
-0.506080 -3.967856
2.896915 -2.758239
2.687579 -2.962587
1.788459 -3.577906
3.283800 -2.284001
2.773278 -2.882521
-0.927792 -3.890913
-2.640689 -3.004457
-2.347157 -3.238958
2.394087 -3.204426
-0.569780 -3.959211
2.919652 -2.734161
3.269331 -2.304663
2.490134 -3.130373
0.920876 -3.892555
1.046948 -3.860557
1.077443 -3.852157
1.690029 -3.625438
0.120301 -3.998191
1.318866 -3.776320
2.361419 -3.228576
-3.159230 -2.453419
2.811109 -2.845640
2.421659 -3.183641
-0.662786 -3.944707
2.396432 -3.202673
1.000838 -3.872767
3.195244 -2.406328
3.310626 -2.244939
0.926119 -3.891311
-3.412689 -2.086517
-2.729730 -2.923794
3.098687 -2.529454
0.464956 -3.972885
3.025416 -2.616650
3.951128 -0.623368
-2.500038 -3.122468
-0.109833 -3.998492
3.252922 -2.327767
1.094578 -3.847324
1.436983 -3.732972
2.894404 -2.760874
2.194186 -3.344480
2.274267 -3.290549
1.464231 -3.722369
1.994933 -3.467022
1.450703 -3.727662
2.440254 -3.169410
0.698721 -3.938501
1.563862 -3.681621
3.355318 -2.177577
3.701898 -1.515239
2.285895 -3.282481
3.678388 -1.571453
0.698502 -3.938540
1.591121 -3.669923
0.217196 -3.994099
1.801069 -3.571575
1.606692 -3.663133
-0.877648 -3.902529
-2.647152 -2.998764
2.025425 -3.449297
1.434073 -3.734091
-1.206786 -3.813616
3.792932 -1.270300
-0.789983 -3.921215
3.628970 -1.682432
2.155574 -3.369495
-2.929988 -2.723081
-1.194665 -3.817430
-0.016938 -3.999964
-1.092193 -3.848001
3.294183 -2.268999
3.475369 -1.980356
-0.298787 -3.988825
2.973765 -2.675205
-2.524016 -3.103118
-1.909584 -3.514753
-2.004023 -3.461776
-0.222784 -3.993791
-3.397708 -2.110824
3.522593 -1.895083
2.645307 -3.000392
-2.803137 -2.853493
2.799769 -2.856798
0.591517 -3.956022
1.127702 -3.837745
1.178009 -3.822603
2.216302 -3.329865
2.496855 -3.125015
0.298570 -3.988841
-0.563776 -3.960070
1.604790 -3.663966
2.836195 -2.820638
1.533048 -3.694559
-3.157053 -2.456220
-3.974841 -0.447924
1.366846 -3.759219
-3.201685 -2.397752
1.151871 -3.830561
1.890018 -3.525313
-3.310133 -2.245668
0.042987 -3.999769
0.253703 -3.991946
-0.231665 -3.993286
2.481304 -3.137376
3.260806 -2.316710
-1.427006 -3.736797
-3.243769 -2.340504
2.481306 -3.137375
3.641662 -1.654781
1.604639 -3.664032
0.389312 -3.981009
-2.984096 -2.663676
-3.276466 -2.294509
0.454331 -3.974114
1.961142 -3.486248
-1.965233 -3.483943
1.160602 -3.827924
1.605703 -3.663566
1.347921 -3.766047
3.873201 -0.999155
-2.074759 -3.419850
3.051376 -2.586330
-3.793010 -1.270068
3.803049 -1.239686
2.194970 -3.343965
1.592688 -3.669243
2.299449 -3.273001
-3.283143 -2.284944
3.550457 -1.842350
2.056495 -3.430864
-0.118145 -3.998255
2.954472 -2.696497
-1.159174 -3.828357
-3.065886 -2.569113
-1.233884 -3.804935
2.103966 -3.401959
0.591758 -3.955986
-2.182445 -3.352154
2.851389 -2.805277
-2.034559 -3.443918
-0.128780 -3.997926
2.900974 -2.753969
2.198341 -3.341751
3.252534 -2.328309
-0.339590 -3.985559
1.482257 -3.715227
2.535299 -3.093907
1.763016 -3.590512
1.192180 -3.818207
-0.740990 -3.930768
1.583022 -3.673424
-2.857572 -2.798979
-2.733789 -2.919999
-2.773269 -2.882530
3.456964 -2.012312
1.434354 -3.733983
2.307225 -3.267524
3.111791 -2.513316
1.845197 -3.548979
-2.683760 -2.966046
0.684213 -3.941047
1.126065 -3.838226
1.345354 -1.732140
1.378830 -3.754841
2.444418 -3.166199
-3.999851 0.034548
0.372278 -3.982638
3.485136 -1.963118
-1.982452 -3.474174
0.885132 -3.900839
1.092847 -3.847816
-2.706256 -2.945536
3.620274 -1.701064
2.038503 -3.441585
2.963323 -2.686767
0.584394 -3.957080
-2.685982 -2.964035
-2.205011 -3.337353
-0.379040 -3.982001
-2.685891 -2.964117
2.735985 -2.917942
1.659461 -3.639531
-2.863586 -2.792825
-0.574354 -3.958550
3.071059 -2.562928
-1.896019 -3.522089
-2.513330 -3.111780
-1.438313 -3.732460
-1.896720 -3.521712
-1.853166 -3.544824
-2.474386 -3.142836
0.002812 -3.999999
3.758221 -1.369588
-0.876816 -3.902716
1.964409 -3.484408
2.266830 -3.295676
2.495982 -3.125711
3.273878 -2.298200
2.082195 -3.415328
0.583058 -3.957277
-1.823895 -3.559973
3.011629 -2.632507
-2.057881 -3.430033
2.741365 -2.912888
2.212328 -3.332507
3.498480 -1.939237
-2.281554 -3.285500
2.016831 -3.454330
2.873035 -2.783104
1.707834 -3.617085
3.136537 -2.482366
0.993117 -3.874754
1.522254 -3.699019
3.991934 -0.253901
2.906660 -2.747968
2.320547 -3.258076
1.441544 -3.731213
1.737630 -3.602866
3.014047 -2.629737
1.405299 -3.745014
3.423287 -2.069084
0.592800 -3.955830
-2.157722 -3.368120
3.841581 -1.114564
0.407367 -3.979202
2.808131 -2.848578
3.912514 -0.832006
2.832260 -2.824589
2.023250 -3.450574
2.908039 -2.746508
0.929528 -3.890498
2.280308 -3.286365
2.428029 -3.178785
1.949416 -3.492818
-0.368430 3.982996
2.099540 3.404693
-0.187121 3.995621
1.070854 3.853994
1.975319 3.478234
1.471453 3.719519
1.751513 3.596137
-0.110437 3.998475
2.732736 2.920985
0.931272 3.890081
-0.630457 3.950003
-0.721426 3.934405
0.800687 3.919043
1.255608 3.797822
-0.337179 3.985763
-1.202817 3.814870
0.048117 3.999711
0.876522 3.902782
-0.621079 3.951488
1.895737 3.522241
0.753917 3.928309
-1.443525 3.730447
1.215147 3.810960
0.954512 3.884444
-1.248090 3.800299
1.605204 3.663785
0.472459 3.972000
-0.013659 3.999977
0.318256 3.987319
-0.313568 3.987690
-0.861711 3.906079
0.345653 3.985038
0.982521 3.877454
3.048231 2.590037
-0.051699 3.999666
-0.985097 3.876801
2.003667 3.461982
-1.767175 3.588467
-0.268944 3.990948
1.449120 3.728277
1.351510 3.764760
-0.511964 3.967101
0.283154 3.989965
0.644525 3.947732
1.156741 3.829093
1.531657 3.695136
0.160174 3.996792
0.061695 3.999524
0.546061 3.962552
0.241261 3.992717
2.898519 2.756554
2.510432 3.114118
2.169808 3.360347
1.230730 3.805956
-0.513834 3.966860
-2.307575 3.267277
-0.277502 3.990362
-0.503000 3.968248
-0.276753 3.990414
-1.697693 3.621855
-2.026002 3.448959
0.652013 3.946502
-0.784246 3.922366
-1.370189 3.758003
-0.666238 3.944126
1.899966 3.519962
2.142761 3.377658
-0.657898 3.945525
0.604570 3.954048
0.282723 3.989996
1.316038 3.777306
-0.525638 3.965313
1.926074 3.505744
0.722976 3.934121
1.517522 3.700963
0.281866 3.990057
0.718383 3.934962
1.213395 3.811518
-1.757777 3.593080
1.393849 3.749291
0.094247 3.998890
-0.395306 3.980419
0.184111 3.995761
0.184693 3.995734
2.703498 2.948067
0.855032 3.907547
1.168862 3.825410
-1.548161 3.688251
0.810006 3.917128
-0.338063 3.985689
-1.562213 3.682321
0.648220 3.947127
1.922217 3.507860
-0.424503 3.977411
0.722839 3.934146
-2.226916 3.322776
1.855750 3.543472
0.084245 3.999113
1.226548 3.807306
1.792002 3.576133
0.704659 3.937443
0.990331 3.875467
-0.164812 3.996603
3.383464 2.133581
2.495487 3.126107
-0.161452 3.996740
-1.968407 3.482151
2.567321 3.067387
-0.311668 3.987839
1.853424 3.544689
1.692056 3.624493
0.966968 3.881362
0.308467 3.988088
1.157842 3.828760
1.295158 3.784517
-0.323840 3.986869
0.133360 3.997776
-0.940553 3.887848
-0.444684 3.975205
-0.231791 3.993278
-1.060373 3.856891
0.736740 3.931566
0.771317 3.924929
1.909607 3.514741
-1.238186 3.803537
1.586926 3.671739
-0.638963 3.948636
2.499503 3.122897
-0.760859 3.926970
2.797038 2.859472
-0.939827 3.888023
0.325032 3.986772
0.776561 3.923895
0.156804 3.996925
1.535839 3.693399
1.165858 3.826327
0.686378 3.940671
2.368579 3.223327
-0.564660 3.959944
0.416787 3.978227
-0.937846 3.888502
0.488441 3.970066
1.282302 3.788892
0.939177 3.888180
2.368694 3.223242
0.955841 3.884117
-0.556819 3.961054
-0.827258 3.913521
1.689616 3.625631
-1.219120 3.809691
-0.983219 3.877277
-1.639755 3.648452
-0.479069 3.971208
-1.614646 3.659634
-0.049923 3.999688
0.255926 3.991804
1.370598 3.757853
-0.412267 3.978698
1.690341 3.625293
-0.635067 3.949265
1.878695 3.531360
0.820345 3.914976
-1.876455 3.532551
2.856355 2.800221
0.818296 3.915404
-0.008219 3.999992
1.148506 3.831571
0.724322 3.933873
-0.573995 3.958602
0.948904 3.885818
-1.839124 3.552129
-0.045487 3.999741
1.309214 3.779677
1.272763 3.792107
0.098615 3.998784
0.471256 3.972143
2.279122 3.287188
0.233202 3.993196
2.115213 3.394978
-0.864542 3.905453
1.683810 3.628331
-2.033957 3.444273
0.760771 3.926987
1.610654 3.661393
2.538353 3.091401
-0.373838 3.982492
-1.566920 3.680321
0.314183 3.987642
0.153649 3.997048
-1.049001 3.860000
0.454183 3.974131
1.942177 3.496848
-0.488486 3.970061
-1.544220 3.689903
0.854495 3.907664
2.937296 2.715197
0.320133 3.987169
0.169493 3.996407
-1.943746 3.495977
1.028316 3.865562
-0.079164 3.999217
0.690574 3.939937
-1.464446 3.722284
0.760349 3.927069
0.268214 3.990998
-1.697809 3.621801
0.833080 3.912285
1.074506 3.852978
-0.720461 3.934582
-0.916548 3.893577
2.234785 3.317490
-0.622728 3.951229
-0.440427 3.975679
0.531182 3.964574
1.465031 3.722054
-1.173071 3.824121
-0.685712 3.940787
-0.346136 3.984996
0.455356 3.973997
2.465326 3.149947
-0.453494 3.974210
3.027861 2.613820
1.815582 3.564220
0.632503 3.949676
-1.088687 3.848995
1.738312 3.602537
-1.074831 3.852887
1.033029 3.864305
-1.079003 3.851721
3.299796 2.260829
0.628806 3.950266
-0.361045 3.983672
-0.925367 3.891490
0.663342 3.944614
-0.199814 3.995006
1.361632 3.761111
1.927143 3.505156
1.281038 3.789319
1.592362 3.669385
0.460069 3.973454
1.600848 3.665691
1.066781 3.855124
0.902877 3.896770
-0.522734 3.965697
1.150703 3.830911
1.785804 3.579232
0.748738 3.929299
0.114377 3.998364
-1.125171 3.838488
-0.183319 3.995797
1.052726 3.858985
-1.128495 3.837512
1.062328 3.856353
1.712460 3.614897
-2.078596 3.417519
0.444182 3.975261
2.512462 3.112480
2.056293 3.430985
2.942957 2.709060
-1.400779 3.746708
-0.790214 3.921168
-1.191983 3.818269
1.848694 3.547158
1.293547 3.785067
0.382991 3.981622
-0.880392 3.901911
0.903178 3.896700
-0.204202 3.994784
1.093935 3.847506
-0.783568 3.922502
0.130244 3.997879
-0.611312 3.953011
-0.648095 3.947147
1.217502 3.810209
-2.272107 3.292040
1.463658 3.722594
2.269389 3.293915
-0.818660 3.915328
-1.398764 3.747461
-0.375409 3.982345
-0.694170 3.939306
0.118542 3.998243
0.524035 3.965525
1.415245 3.741268
-2.785985 2.870242
0.102340 3.998691
1.276431 3.790874
0.720962 3.934490
-1.078543 3.851850
1.152106 3.830490
-0.860599 3.906324
-0.591174 3.956073
-1.652737 3.642590
0.290089 3.989467
-0.128326 3.997941
-0.333690 3.986057
1.131352 3.836671
0.018190 3.999959
0.599036 3.954890
0.848161 3.909044
-2.258625 3.301304
3.205732 2.392338
1.283650 3.788435
0.848798 3.908906
-1.531536 3.695186
1.673419 3.633135
1.260867 3.796079
0.984822 3.876871
0.338806 3.985626
2.835467 2.821370
0.265460 3.991182
1.422213 3.738624
-0.001195 4.000000
1.703987 3.618899
1.391935 3.750002
-0.102726 3.998681
-1.272659 3.792142
0.435642 3.976206
1.832687 3.555455
0.138296 3.997609
-1.148344 3.831619
0.752687 3.928544
-1.476303 3.717597
-0.173572 3.996232
1.852889 3.544968
-0.850188 3.908603
1.786304 3.578983
0.298615 3.988838
1.708349 3.616842
2.466089 3.149350
1.281117 3.789293
-2.102335 3.402967
1.789491 3.577390
1.794320 3.574971
-0.642291 3.948096
1.344989 3.767095
1.130869 3.836813
0.284704 3.989855
-0.933002 3.889667
-0.713491 3.935852
1.340537 3.768681
2.397449 3.201911
0.679242 3.941907
2.488947 3.131317
0.671237 3.943278
1.267694 3.793804
2.461286 3.153105
0.501437 3.968446
2.567490 3.067246
-0.619760 3.951696
0.178378 3.996021
0.059161 3.999562
0.250171 3.992169
2.573391 3.062297
0.674416 3.942735
-0.487721 3.970155
-1.898172 3.520929
-1.032782 3.864371
-0.425597 3.977294
2.921415 2.732276
1.593619 3.668839
-0.320549 3.987135
-3.028341 2.613265
-0.729037 3.933002
1.365450 3.759727
1.099957 3.845789
1.347847 3.766073
2.282904 3.284562
0.541316 3.963203
1.494167 3.710454
2.000683 3.463707
1.890241 3.525193
0.546955 3.962429
-0.446022 3.975055
-0.602925 3.954299
1.625367 3.654885
0.996254 3.873949
-0.727641 3.933261
0.844237 3.909893
0.190153 3.995478
0.059584 3.999556
-1.511783 3.703311
3.227266 2.363208
0.980037 3.878083
0.296282 3.989012
0.331051 3.986277
-0.415681 3.978343
-2.001627 3.463162
-0.132929 3.997791
-0.009573 3.999989
1.775607 3.584302
0.570553 3.959100
-0.458812 3.973599
-1.203772 3.814568
-0.277423 3.990368
2.749958 2.904777
2.570158 3.065011
-1.155951 3.829331
-1.783846 3.580209
1.412709 3.742226
0.058203 3.999577
-0.684858 3.940935
-1.189275 3.819113
-1.244909 3.801342
-1.778537 3.582849
-0.119309 3.998220
0.049185 3.999698
-1.451137 3.727493
-1.905102 3.517184
1.174510 3.823680
1.770479 3.586838
0.808113 3.917519
0.234352 3.993129
-0.282466 3.990014
1.900807 3.519507
0.339605 3.985557
1.414266 3.741638
0.505535 3.967926
1.151581 3.830648
1.574145 3.677236
-2.290418 3.279327
0.737523 3.931420
-0.465409 3.972832
-0.056354 3.999603
1.093194 3.847717
0.176724 3.996094
0.964157 3.882061
-0.491942 3.969634
1.514724 3.702109
-0.605383 3.953924
0.348624 3.984779
1.304875 3.781177
1.544494 3.689788
-1.048449 3.860149
0.860422 3.906363
2.664820 2.983074
1.692390 3.624337
1.072680 3.853486
2.251588 3.306108
-0.252341 3.992033
-0.684794 3.940946
1.782348 3.580955
1.789083 3.577595
0.401901 3.979758
0.874802 3.903168
-0.828077 3.913347
1.248748 3.800083
1.014515 3.869207
0.303937 3.988436
1.232189 3.805484
-0.437914 3.975957
3.149757 2.465569
0.831855 3.912546
-0.638010 3.948790
1.310229 3.779325
-1.791461 3.576404
-0.036826 3.999830
0.439549 3.975776
1.328340 3.772998
-0.144846 3.997377
-0.896782 3.898177
1.113526 3.841882
-0.927411 3.891004
0.197634 3.995115
0.696667 3.938865
-0.688542 3.940293
-0.941054 3.887727
-1.343021 3.767797
-3.611333 1.719963
0.032873 3.999865
-1.822486 3.560694
0.627160 3.950528
1.645363 3.645926
1.372883 3.757019
-0.414040 3.978514
-2.371558 3.221135
-1.408762 3.743713
0.781338 3.922947
-0.751714 3.928731
-0.068049 3.999421
-0.464884 3.972894
-0.187280 3.995613
1.377177 3.755447
0.918902 3.893022
1.049237 3.859935
0.156339 3.996944
-1.148531 3.831563
1.602774 3.664849
2.159070 3.367256
0.805158 3.918127
1.582655 3.673582
2.073228 3.420778
1.894539 3.522885
0.748185 3.929404
-0.673977 3.942810
0.484536 3.970545
-0.181330 3.995888
-1.040417 3.862322
0.787449 3.921725
1.510387 3.703881
-1.703586 -3.619087
-1.911465 -3.513731
-1.063564 -3.856012
-2.675066 -2.973890
-1.277019 -3.790676
0.044159 -3.999756
-2.275853 -3.289452
-3.533421 1.874815
-1.760910 -3.591545
-3.786586 -1.289094
0.030062 -3.999887
1.444625 -3.730021
-3.631187 -1.677642
3.781215 -1.304766
-1.342319 -3.768047
-3.399510 -2.107921
-2.166267 -3.362631
0.093668 -3.998903
-2.334851 -3.247841
-2.719416 -2.933390
-3.715530 -1.481498
-3.842259 -1.112225
-3.078655 -2.553798
-0.963662 -3.882184
-3.992594 -0.243304
-2.348855 -3.237728
-0.814089 -3.916281
-2.661517 -2.986022
-1.460384 -3.723879
-3.069381 -2.564936
0.242678 -3.992632
-3.473042 -1.984434
-2.538939 -3.090920
-3.360604 -2.169410
-2.988737 -2.658467
-3.894730 -0.911636
-2.264511 -3.297270
-0.362860 -3.983508
-3.168913 -2.440900
-2.851149 -2.805521
-1.686610 -3.627030
-3.566420 1.811257
-2.804045 -2.852601
-2.512837 -3.112177
-3.542390 -1.857814
-3.607771 1.727421
-1.718666 -3.611951
-0.770129 -3.925163
-2.481992 -3.136832
-3.981490 -0.384368
-0.813273 -3.916451
-1.285991 -3.787641
-2.390687 -3.206964
-3.909219 -0.847352
-3.101542 -2.525953
-3.672392 -1.585413
0.151957 -3.997113
-2.933578 -2.719214
-3.924817 0.771886
-0.556569 -3.961090
0.511435 -3.967170
-3.999264 -0.076709
-3.490988 -1.952691
-2.758543 -2.896625
-0.677353 -3.942232
-3.996352 0.170786
-2.448770 -3.162835
-3.276755 -2.294096
-3.950773 -0.625613
-3.206840 -2.390853
-3.683082 -1.560420
-2.698362 -2.952769
-3.891785 0.924125
-3.285551 -2.281480
-3.474759 -1.981426
-1.590948 -3.669998
-3.156574 -2.456835
-2.246487 -3.309576
-1.576478 -3.676237
-2.533592 -3.095305
-3.507862 -1.922214
-2.102247 -2.631018
-2.294234 -3.276659
-2.134307 -3.383007
-2.888092 -2.767476
-3.400487 -2.106345
-1.435681 -3.733473
1.740270 -3.601591
-2.409693 -3.192708
-2.085489 -3.413318
-1.733693 -3.604762
-1.596840 -3.667438
-2.196800 -3.342764
-3.967475 -0.509059
-2.944225 -2.707682
-2.751937 -2.902902
-3.837194 1.129576
-2.064428 -3.426096
-1.810822 -3.566640
-3.997054 0.153482
-3.570001 -1.804188
-1.546528 -3.688936
0.029070 -3.999894
-0.355425 -3.984178
-3.802885 -1.240188
-1.092759 -3.847841
-0.363540 -3.983446
-3.443258 -2.035676
-1.999413 -3.464440
-2.592748 -3.045925
-2.791595 -2.864786
-1.467962 -3.720899
-3.545781 1.851334
-2.897857 -2.757249
-3.695860 1.529907
-3.881301 -0.967215
-2.782325 -2.873790
-3.336992 -2.205557
-3.848790 -1.089410
-1.080321 -3.851351
-3.187307 -2.416831
2.555889 -3.076919
-3.305443 -2.252565
1.942644 -3.496589
-1.404636 -3.745263
-3.589734 -1.764599
-3.996149 -0.175482
0.136967 -3.997654
-3.282973 -2.285189
-2.315701 -3.261523
-1.485118 -3.714085
-0.779065 -3.923399
0.585132 -3.956971
-2.800736 -2.855850
-3.983505 -0.362883
-1.630663 -3.652525
-0.251071 -3.992113
-3.021376 -2.621314
-2.771050 -2.884663
-3.458098 -2.010362
-1.934417 -3.501147
-3.263358 2.313114
-2.521937 -3.104808
-2.942783 -2.709249
-1.571211 -3.678491
-0.513015 -3.966966
-3.526499 -1.887804
-2.040070 -3.440656
-3.412960 -2.086073
-3.814813 1.202997
-3.873274 -0.998874
-3.409520 -2.091692
-3.893415 -0.917235
-3.832993 1.143752
-0.884893 -3.900893
-0.449034 -3.974716
-1.659536 -3.639497
-1.612086 -3.660762
-0.877020 -3.902670
-3.439597 -2.041856
-3.289068 -2.276407
-1.170608 -3.824876
-1.530858 -3.695467
-0.989182 -3.875760
-3.960415 0.561347
-3.879544 -0.974238
0.062836 -3.999506
-3.263069 -2.313521
-2.266320 -3.296027
-2.172322 -3.358723
-3.913215 -0.828703
-2.166398 -3.362546
-1.447616 -3.728861
-0.381943 -3.981723
-3.265844 -2.309603
-0.856280 -3.907273
-1.238166 -3.803544
-2.157461 -3.368288
-1.377851 -3.755200
-2.117504 -3.393549
-2.693835 -2.956899
-1.788274 -3.577999
-2.737896 -2.916149
-0.160748 -3.996769
2.789379 -2.866944
-3.969734 -0.491132
-2.810101 -2.846635
-3.128975 -2.491890
-3.140098 -2.477859
-3.573986 -1.796281
-3.489458 -1.955424
-2.330699 -3.250821
-3.470228 -1.989351
-2.982577 -2.665377
-3.565640 -1.812791
-3.388174 -2.126095
-3.216212 -2.378231
-3.304965 -2.253266
-0.746981 -3.929634
-3.277210 -2.293446
-2.170316 -3.360019
-2.532579 -3.096134
0.032894 -3.999865
-3.463274 2.001433
-3.948490 -0.639865
-1.670181 -3.634625
-3.917980 -0.805872
-1.389524 -3.750896
-1.805511 -3.569332
-3.304109 -2.254521
-3.345392 -2.192796
-2.608465 -3.032476
-3.523025 -1.894280
-3.972733 0.466253
-3.470884 -1.988207
-3.262929 -2.313718
0.523735 -3.965565
-3.639521 -1.659484
-2.265895 -3.296319
-2.192816 -3.345379
-1.332488 -3.771535
-3.041767 -2.597624
-1.792237 -3.576015
-3.179359 -2.427278
-2.698809 -2.952360
-1.956257 -3.488991
-3.970108 0.488101
-3.608856 -1.725154
-3.871645 1.005167
-2.636412 -3.008211
-2.698685 -2.952473
-3.171244 -2.437871
-3.041711 -2.597690
-1.419104 -3.739805
-3.719330 -1.471933
-0.155255 -3.996986
-2.812488 -2.844277
-3.101220 -2.526348
-3.485281 -1.962859
-3.107389 -2.518756
0.074740 -3.999302
-2.663465 -2.984284
-2.223968 -3.324751
-3.447291 -2.028838
-0.222401 -3.993812
-3.059341 -2.576903
-1.509585 -3.704208
-3.590860 -1.762307
-3.573863 -1.796526
-3.578649 -1.786973
-3.989576 -0.288592
-2.982323 -2.665662
-2.848822 -2.807885
-1.072006 -3.853674
-1.903133 -3.518250
-3.615214 -1.711791
-3.084102 -2.547217
-3.016894 -2.626471
0.000829 -4.000000
-1.583818 -3.673080
-1.604352 -3.664158
-3.097082 -2.531420
0.669169 -3.943629
-2.815976 -2.840824
-3.933793 0.724754
-2.926784 -2.726525
-2.091245 -3.409794
-3.574473 -1.795311
-2.555097 -3.077577
-1.118734 -3.840369
-1.619324 -3.657566
-3.555988 -1.831651
-1.762461 -3.590784
-3.116326 -2.507691
-3.864299 -1.033049
0.207354 -3.994622
-2.776411 -2.879504
-1.559786 -3.683350
-1.873266 -3.534243
-2.425667 -3.180588
-3.179626 -2.426928
-2.963546 -2.686520
-3.992766 -0.240465
-3.975687 -0.440353
-3.136748 -2.482098
-3.233097 -2.355224
0.316732 -3.987440
-2.733483 -2.920286
-2.764443 -2.890996
-0.297527 -3.988919
-3.647981 1.640802
-2.213137 -3.331970
2.240171 -3.313855
-3.995055 -0.198830
-1.650475 -3.643615
-2.374823 -3.218729
-1.598611 -3.666667
-1.571606 -3.678322
-2.550755 -3.081177
-3.962953 -0.543142
-2.660501 -2.986927
-1.731166 -3.605976
-2.173696 -3.357833
-2.921503 2.732182
-3.613841 -1.714687
-3.883390 0.958792
-3.857022 1.059897
-2.802580 -2.854040
-1.556395 -3.684784
-0.331264 -3.986259
-3.553984 -1.835537
-3.937813 -0.702586
-1.851594 -3.545645
-2.103834 -3.402041
-3.928292 -0.754005
0.107662 -3.998551
-2.659469 -2.987846
-3.584971 -1.774256
-1.703181 -3.619278
-3.732588 -1.437980
-2.153437 -3.370862
-2.428512 -3.178416
-2.251336 -3.306280
-2.126708 -3.387789
-3.705652 -1.506036
-3.954396 0.602291
-1.279590 -3.789809
-1.589670 -3.670552
-2.376616 -3.217406
-1.237200 -3.803858
-3.683807 1.558708
-0.880732 -3.901834
-0.230338 -3.993363
-2.793969 -2.862470
-0.066043 -3.999455
-3.258022 -2.320624
-3.998193 -0.120222
-2.187683 -3.348737
-2.528137 -3.099762
-3.615161 -1.711902
-3.133198 -2.486578
-3.885198 -0.951439
-2.540452 -3.089677
-2.785966 -2.749267
-3.254804 -2.325135
-1.235043 -3.804559
-2.157725 -3.368119
-2.316775 -3.260760
-3.020389 -2.622452
-1.371590 -3.757491
-2.547432 -3.083925
-3.910153 -0.843033
-2.398410 -3.201192
-3.059988 -2.576136
-2.086072 -3.412961
-2.511627 -3.113154
-0.161693 -3.996731
-3.814741 1.203225
-3.533246 -1.875146
-3.955631 0.594124
-3.135731 -2.483383
-0.815538 -3.915980
-3.401715 -2.104361
-1.044115 -3.861324
-2.551584 -3.080490
-2.264707 -3.297136
-2.862034 -2.794416
-2.358033 -3.231050
-3.919730 -0.797319
-2.818037 -2.838779
-2.733240 -2.920513
-1.470471 -3.719908
-2.820704 -2.836129
-3.434577 -2.050288
-2.473938 -3.143188
-3.359245 -2.171514
-1.282598 -3.788792
-2.497009 -3.124891
-0.445069 -3.975162
-3.833639 -1.141583
-2.932071 -2.720838
-0.205518 -3.994717
-2.525845 -3.101630
-3.155737 -2.457910
-1.744538 -3.599526
-1.483113 -3.714886
-2.708926 -2.943080
-2.798476 -2.858064
-3.487132 -1.959569
-2.961357 -2.688934
-2.181895 -3.352511
-0.835141 -3.911846
-2.526202 -3.101339
-3.060541 -2.575478
-3.308907 -2.247472
0.039238 -3.999808
0.925276 -3.891512
-2.582805 -3.054360
-1.290613 -3.786069
-1.973825 -3.479082
-3.999298 0.074936
0.094828 -3.998876
-3.999998 -0.003720
-0.537713 -3.963693
-3.615869 -1.710407
-1.513278 -3.702700
-0.174254 -3.996203
-3.803547 -1.238155
-2.208187 -3.335253
-2.869009 -2.787255
-1.117174 -3.840823
-1.898356 -3.520830
-3.756589 1.374060
-3.187877 -2.416080
-2.763202 -2.892182
-1.615771 -3.659137
-2.893971 -2.761327
-2.692937 -2.957717
-3.734929 1.431890
-2.730691 -2.922897
-0.969554 -3.880717
-2.515396 -3.110110
-2.881860 -2.773965
-3.593221 -1.757487
-2.871688 -2.784494
-2.722519 -2.930510
-3.047980 -2.590331
-2.084688 -3.413807
-2.938265 -2.714147
1.354576 -3.763658
-3.993211 -0.232956
-1.411832 -3.742557
-3.082377 -2.549305
-3.078126 -2.554436
-0.270820 -3.990822
1.076520 -3.852416
-3.493955 -1.947377
-0.913703 -3.894245
-1.208618 -3.813036
-3.504639 -1.928084
-3.917817 -0.806665
-3.902742 -0.876700
-2.177959 -3.355070
-3.009840 -2.634552
-0.383299 -3.981593
-2.355799 -3.232679
-3.698127 -1.524420
-1.117014 -3.840870
-0.807885 -3.917566
-0.071046 -3.999369
-2.555343 -3.077372
-2.887242 -2.768363
-3.098284 -2.529948
-3.402704 2.102762
-0.598164 -3.955022
-1.876334 -3.532615
-0.902646 -3.896823
-0.150298 -3.997175
-2.387213 -3.209550
-2.916233 -2.737806
-2.626569 -3.016808
-3.103217 -2.523894
-0.668715 -3.943706
-0.098982 -3.998775
-2.215125 -3.330649
-3.193952 -2.408043
-1.474381 -3.718360
-3.960495 0.560782
-2.664319 -2.983522
-2.582191 -3.054880
-2.476851 -3.140893
-3.302531 -2.256831
-3.400070 -2.107017
-1.705003 -3.618420
-1.010198 -3.870336
-2.025262 -3.449393
-1.206892 -3.813583
-0.057416 -3.999588
-0.229117 -3.993433
-3.375913 2.145509
-0.551746 -3.961764
-3.556359 -1.830932
-2.194839 -3.344052
-0.966929 -3.881372
-2.605113 -3.035356
-3.125477 -2.496276
-3.501485 -1.933806
-2.508313 -3.115825
-3.849097 -1.088325
-2.364558 -3.226278
-2.137629 -3.380908
-3.584185 -1.775842
-3.220986 -2.371761
-0.741086 -3.930749
-2.550163 -3.081666
-2.112807 -3.396475
1.188593 -3.819325
-3.736691 -1.427284
-1.553020 -3.686208
2.797143 -2.859369
-2.502214 -3.120725
-3.791355 -1.275001
-1.022007 -3.867234
0.033222 -3.999862
-3.496946 -1.942002
-3.945105 0.660416
-3.839482 -1.121773
-1.381069 3.754018
-3.280826 2.288270
-1.926770 -3.505361
-3.994238 -0.214615
-3.895019 0.910399
1.804801 -3.569691
-3.503567 -1.930030
-3.735131 1.431361
-3.891862 0.923802
-3.906414 -0.860192
0.685779 -3.940775
-3.988453 -0.303718
-3.961234 0.555540
-3.569854 -1.804479
-3.789495 1.280518
-3.936440 -0.710242
-1.895450 -3.522396
-3.704297 -1.509365
-3.958672 0.573513
-0.701732 -3.937966
-3.036822 -2.603404
-3.837459 -1.128677
-0.300833 -3.988671
-3.109907 -2.515647
-0.698711 -3.938503
-2.916559 2.737459
-2.546434 3.084749
-3.997219 -0.149132
-3.478244 -1.975302
-2.229436 -3.321087
-0.210575 -3.994453
-3.267543 -2.307198
-3.603897 -1.735491
-3.298486 -2.262739
-3.935220 0.716967
-1.206357 -3.813752
-3.380930 -2.137595
-3.140075 2.477888
-2.104477 3.401643
-3.347918 -2.188937
-3.364856 -2.162809
-3.884954 -0.952435
-3.486948 -1.959896
-2.839879 -2.816928
-0.701285 -3.938045
-3.090854 -2.539020
-3.981408 0.385220
-3.979320 -0.406221
-3.568760 1.806641
-3.999917 -0.025711
-3.775925 1.319996
-3.927747 -0.756840
-3.972741 -0.466186
-3.972039 0.472134
-3.998364 -0.114379
-3.316548 2.236181
-3.959504 0.567739
-1.525774 -3.697569
-3.085343 -2.545714
-3.982424 -0.374567
-3.655146 -1.624779
2.105020 -3.401307
-1.842599 -3.550328
-2.952977 2.698134
-3.113273 2.511480
-3.737903 -1.424108
-2.420643 -3.184413
-2.937908 -2.714534
-3.489937 -1.954568
-3.909594 0.845622
-3.579705 -1.784857
-3.367229 -2.159113
-2.257747 -3.301905
-3.995508 -0.189508
-3.163272 -2.448206
-3.998819 0.097175
-1.124327 -3.838735
-3.976580 0.432217
-0.998012 -3.873496
-1.541617 -3.690991
1.181109 -3.821647
-2.905599 2.749090
-3.240160 2.345498
-3.109757 2.515832
-3.929812 -0.746043
0.877218 -3.902626
-1.246937 -3.800677
-3.562310 -1.819326
-2.029559 -3.446867
-2.361527 -3.228497
-3.006113 -2.638804
-3.060009 -2.576110
-3.979752 0.401963
-2.147415 3.374701
-3.705583 -1.506205
-0.818294 -3.915405
-2.868290 -2.787995
-3.351994 -2.182690
-3.473749 -1.983196
0.888919 -3.899977
-1.900784 -3.519520
-3.662266 -1.608665
-3.804780 -1.234362
-3.414968 -2.082784
-3.980126 -0.398238
-2.358721 -3.230547
-1.400590 -3.746778
-1.589255 -3.670731
-2.747617 -2.906991
-3.922268 -0.784737
-3.937879 0.702218
-2.258323 -3.301512
-2.875995 -2.780045
-3.514119 1.910751
-3.532909 1.875781
-3.374298 -2.148049
-3.785883 -1.291159
-3.578360 -1.787552
-3.923669 0.777702
-3.262619 -2.314156
-3.509433 -1.919344
-2.989215 -2.108908
-2.389496 -3.207851
-2.422686 -3.182859
-3.764728 1.351600
-3.325114 -2.223424
-3.973880 0.456371
-3.092023 2.537596
-3.418835 -2.076432
-2.980321 2.667899
-2.220982 -3.326746
-3.915621 -0.817261
-3.997719 -0.135058
-3.702069 -1.514822
-3.038935 -2.600937
-2.691800 2.958752
-3.590973 -1.762077
-2.248799 -3.308006
-1.837559 3.552939
-1.806662 -3.568750
-2.686023 2.963998
-3.966784 -0.514413
-1.084853 -3.850077
-2.175710 -3.356529
-1.611012 -3.661235
-3.354770 -2.178420
-3.985664 0.338351
-3.999786 -0.041372
-1.375323 -3.756127
-3.452317 -2.020273
-3.940471 -0.687521
2.058439 -3.429698
-3.256464 -2.322810
1.287328 -3.787187
-3.958875 -0.572107
-3.107533 -2.518579
-3.782581 1.300801
-1.020579 -3.867612
-3.982698 -0.371644
-2.786849 -2.869403
-1.520492 -3.699744
-2.608033 -3.032847
-3.852117 1.077587
-3.988418 -0.304178
-3.988436 0.303934
-3.988527 -0.302736
-3.999796 0.040384
-0.310701 -3.987915
-2.201661 -3.339564
-3.762847 1.356827
-2.180991 -3.353100
1.743032 -3.600255
-2.864184 2.792212
-0.122940 -3.998110
-3.664888 1.602685
-3.988422 0.304120
-2.774851 -2.881007
-3.656908 -1.620810
-3.260435 -2.317231
-3.886291 -0.946964
-3.467558 -1.994001
-2.587218 3.050624
-3.158894 -2.453852
0.237516 -3.992942
-3.476579 -1.978231
-2.577864 3.058532
0.164571 -3.996613
-3.923871 -0.776685
-3.395136 -2.114959
-1.301020 -3.782506
-3.998979 -0.090356
-1.954863 -3.489772
-0.560062 -3.960597
-3.977364 0.424941
-3.003030 -2.642312
-3.832450 1.145569
-2.553840 3.078620
-0.801062 -3.918967
0.027610 -3.999905
-3.435168 -2.049298
-2.380421 -3.214591
-0.246765 -3.992381
0.596868 -3.955218
-3.671844 -1.586683
-2.763622 -2.891780
-3.174971 2.433014
-3.999965 -0.016781
-1.963839 -3.484729
-3.868062 1.018869
-3.962918 0.543400
-2.913387 2.740835
-3.684511 1.557042
-1.860410 -3.541027
-2.426084 -3.180270
-3.999423 -0.067928
-3.996922 0.156882
-3.888006 -0.939901
-3.548193 1.846707
-3.882796 -0.961196
-1.006441 -3.871315
-2.850938 2.805735
-3.786312 1.289899
-3.058459 -2.577951
-3.923821 -0.776933
-0.667390 -3.943931
-3.998682 -0.102661
-3.996398 0.169711
-1.887694 -3.526558
-3.594420 -1.755033
-3.986139 -0.332713
-1.120312 -3.839909
-1.382111 3.753634
-3.705982 1.505223
-3.145386 -2.471142
0.504844 -3.968014
-3.101805 -2.525630
-3.760936 -1.362116
-3.139978 2.478011
-3.919474 0.798578
-3.341468 -2.198771
0.967660 -3.881190
-3.977985 0.419092
0.124724 -3.998055
-3.938155 -0.700665
-3.289951 -2.275131
-0.277649 -3.990352
-2.350633 -3.236437
-2.403416 -3.197435
-1.095747 -3.846991
0.355094 -3.984207
-3.791484 -1.274617
-3.402521 2.103057
-3.507676 -1.922554
1.014472 -3.869218
-3.984157 0.355658
-3.263525 -2.312878
-3.590160 1.763732
-3.560316 -1.823225
-3.260252 -2.317489
-2.750625 -2.904146
-3.689623 1.544889
-3.865538 1.028406
-3.542962 1.856724
-3.032253 -2.608724
-3.068173 -2.566382
0.714629 -3.935646
-2.638152 3.006685
-3.727356 1.451487
-3.626160 1.688479
-3.717083 1.477597
-3.866564 -1.024539
-2.693076 -2.957591
1.078943 -3.851737
-3.258764 -2.319582
-3.828142 1.159882
-1.211725 -3.812050
-3.632680 -1.674405
-3.480174 1.971899
-3.159039 -2.453665
-3.989779 -0.285769
-3.058408 -2.578011
-3.992577 -0.243578
-3.967113 -0.511875
-3.387037 -2.127905
-3.105167 -2.521495
-3.206913 -2.390755
-3.686749 -1.551734
-3.514082 -1.910818
-1.756139 -3.593880
-2.754453 2.900515
-2.405912 3.195558
-3.359012 -2.171874
-3.929635 -0.746973
-3.003131 -2.642197
-3.415048 -2.082653
-3.900092 -0.888415
-3.353745 -2.179998
-3.506093 -1.925439
-3.796267 -1.260301
-3.993007 0.236424
-3.723041 1.462520
-1.993347 3.467934
-2.783813 -2.872348
-3.967139 0.511669
-3.684797 1.556364
-3.491287 1.952156
-3.758781 -1.368051
-3.326156 -2.221866
-1.074927 -3.852860
-3.996827 -0.159289
-2.263730 -3.297806
-3.694148 1.534038
-3.981366 0.385650
-3.695374 -1.531082
-3.975895 0.438475
-3.658925 1.616252
-3.747703 1.398115
-2.066691 -3.424732
-3.934543 -0.720673
-0.486931 -3.970252
-3.069283 2.565054
-3.842350 -1.111913
-3.483948 1.965224
-2.714508 -2.937933
-3.022762 -2.619715
-1.308860 -3.779800
-3.997316 0.146501
-3.721883 1.465464
-3.876076 -0.987946
-1.766134 -3.588979
-3.295819 2.266623
-3.389706 2.123651
-1.983169 -3.473765
-3.987085 -0.321177
-3.967895 0.505779
-2.397957 -3.201531
-3.969657 0.491757
-3.966827 0.514086
-2.380210 -3.214747
-3.943466 0.670133
-3.272171 -2.300629
0.471773 -3.972081
-3.969696 0.491440
0.058056 -3.999579
-3.908814 -0.849218
-3.995065 0.198638
-3.617250 -1.707485
-1.596781 -3.667464
-3.816725 1.196918
-2.494877 3.126594
0.584041 -3.957132
-2.213730 -3.331576
-0.811398 -3.916840
-0.676655 -3.942352
-3.029605 -2.611799
-3.999929 -0.023855
-3.503030 1.931006
-3.895732 -0.907342
-3.108892 -2.516901
-3.890184 0.930842
-2.745291 2.909188
-3.803622 1.237924
-3.940536 -0.687152
-3.006759 -2.638067
-3.909531 0.845913
-0.073823 -3.999319
1.283493 -3.788489
-3.954490 0.601674
-2.617449 3.024725
-1.849227 -3.546880
-3.989434 -0.290539
-3.914244 0.823828
-3.957248 -0.583255
-2.227930 -3.322097
-3.086717 2.544048
-1.832382 -3.555612
1.684742 -3.627898
-2.871441 -2.784749
-0.701469 3.938012
-3.990175 -0.280187
-3.992827 -0.239448
-3.634872 1.669642
-3.632461 -1.674882
-2.959977 2.690453
-2.183744 -3.351308
-2.945722 -2.706052
-2.558857 -3.074451
-3.393611 -2.117406
-3.889136 -0.935213
-3.472693 -1.985046
-3.313634 -2.240497
-3.602270 1.738865
-2.838531 2.818287
-3.666245 -1.599577
-2.484576 -3.134785
-3.960243 -0.562559
-3.962600 0.545712
-3.999996 -0.005349
-2.427812 -3.178951
-3.717845 1.475679
-1.671489 -3.634023
-0.587691 -3.956592
-2.802006 2.854604
-2.599645 -3.040040
-3.126848 -2.494558
-2.300569 -3.272213
-3.543589 -1.855526
-3.986713 0.325761
-3.827455 -1.162149
-3.430882 2.056466
-3.946699 -0.650821
-3.171840 2.437095
-3.471931 1.986378
-3.238460 -2.347845
-0.293600 -3.989210
-3.812166 1.211358
-3.702537 1.513677
-3.178977 -2.427778
-3.379913 -2.139203
-3.918902 -0.801379
-1.992401 3.468478
-1.244099 -3.801607
-2.732353 2.921344
-2.990520 2.656462
-2.268475 -3.294544
-1.997481 -3.465554
-3.150393 -2.464757
-3.999720 -0.047351
-1.741565 -3.600965
-3.999538 0.060767
-3.909426 -0.846398
-3.406925 -2.095915
-3.865634 1.028043
-3.423025 -2.069517
-1.670551 -3.634454
-3.446767 -2.029729
-3.899147 -0.892555
-3.301704 -2.258042
-1.779199 -3.582520
-3.968202 0.503360
-2.246999 -3.309229
-0.282595 -3.990005
-3.994909 0.201756
-0.462964 -3.973118
-2.258839 -3.301159
-3.753715 -1.381891
-3.999498 -0.063355
0.582702 -3.957330
0.547459 -3.962359
-3.244187 -2.339926
-0.467071 -3.972637
-3.615583 -1.711011
-2.500524 -3.122079
-3.090445 2.539518
-3.989291 0.292498
-3.957948 -0.578484
-3.980760 -0.391858
-3.325928 -2.222206
-2.901445 -2.753474
-3.999144 0.082749
-3.515593 -1.908038
-3.525045 1.890518
-3.498069 -1.939977
-3.921746 0.787344
-3.684895 -1.556133
-3.305829 -2.251998
-3.216033 -2.378473
-1.595157 -3.668170
-3.986964 -0.322670
-3.918960 0.801095
-3.889297 -0.934542
-2.485410 -3.134124
-3.990818 -0.270874
-0.567531 -3.959534
-2.357571 -3.231387
-3.140377 2.477506
-2.288131 -3.280923
-3.924054 -0.775759
-3.364571 2.163252
-3.480118 -1.971999
-0.942155 -3.887460
-3.508175 -1.921642
-1.103436 -3.844792
-3.933114 -0.728433
-3.868936 -1.015547
-3.275881 -2.295344
-3.007027 -2.637763
-3.989089 -0.295245
-3.999420 0.068143
-3.422196 -2.070887
-3.612876 -1.716719
-3.665790 -1.600620
-2.602853 -3.037295
