-2.487631 -3.132362
3.062906 -2.572665
-2.455661 -3.157488
-2.911868 -2.742449
0.673579 -3.942878
1.391474 3.750173
0.809628 -3.917206
1.520246 -3.699845
0.840856 -3.910622
1.846118 -3.548499
1.211158 -3.812230
1.553550 -3.685985
-2.287340 -3.281475
2.331429 -3.250299
1.258444 -3.796883
-3.977018 -0.428172
-3.814417 -1.204251
-0.462282 -3.973197
-3.508930 -1.920263
1.551464 -3.686863
-0.633061 -3.949587
-2.206807 -3.336166
0.592338 -3.955899
-3.448617 -2.026584
1.367061 3.759142
-3.061160 -2.574742
-2.892470 -2.762900
-2.994257 -2.652249
1.093823 -3.847538
1.455043 -3.725969
-0.289487 -3.989511
1.923376 -3.507225
-3.556563 -1.830534
-1.599852 -3.666125
-1.440720 -3.731531
1.121250 3.839635
2.508582 -3.115609
1.110718 -3.842695
-3.688916 1.546577
-3.727510 -1.451091
1.992778 -3.468261
-3.563050 -1.817876
-1.063325 -3.856078
-2.214475 -3.331081
-2.932956 -2.719884
-1.488735 -3.712636
2.238949 -3.314681
-1.308224 -3.780020
-3.925264 -0.769609
-2.323910 -3.255678
-3.996144 0.175603
1.146428 -3.832193
-1.707871 -3.617067
-3.095201 -2.533719
-2.507807 -3.116233
-0.985461 -3.876708
-3.883989 -0.956361
0.559017 -3.960745
0.658272 -3.945463
0.537823 -3.963678
-1.831814 -3.555905
3.091441 -2.538305
1.950100 -3.492436
2.738805 -2.915295
1.145795 -3.832382
1.316730 -3.777065
2.296020 -3.275407
-0.089804 -3.998992
-2.225009 -3.324054
-2.779604 -2.876422
-0.449401 -3.974675
3.634146 -1.671223
-3.510181 -1.917975
-3.535863 -1.870207
2.287964 -3.281039
-1.473582 -3.718677
0.592528 -3.955870
-3.592265 -1.759441
-3.527193 -1.886507
-3.898544 -0.895186
-3.454189 -2.017072
0.041460 -3.999785
1.949986 -3.492500
-0.092776 -3.998924
-3.869672 -1.012739
2.438569 -3.170706
0.314694 -3.987602
1.739020 -3.602195
-2.486882 -3.132957
-1.580977 -3.674304
1.003377 -3.872110
-2.488530 -3.131648
-3.768411 -1.341298
-2.367173 -3.224359
0.628453 -3.950322
1.976293 -3.477681
3.992831 -0.239370
-3.199947 -2.400071
-0.875406 -3.903033
-2.876735 -2.779280
2.615523 -3.026390
-3.147774 -2.468101
-1.004662 -3.871777
-0.689051 -3.940204
-3.896044 -0.906002
0.071361 -3.999363
-2.177254 -3.355527
0.098508 -3.998787
1.002128 -3.872433
1.552161 -3.686570
-3.821290 -1.182261
2.838176 -2.818645
1.263622 -3.795162
2.256682 -3.302633
-3.763995 -1.353640
-3.719496 -1.471513
0.869423 -3.904370
1.363737 -3.760349
-1.450830 -3.727612
2.214082 -3.331342
-3.656448 -1.621847
1.284941 -3.787998
0.004095 -3.999998
-3.808756 -1.222038
0.567166 3.959586
2.315396 -3.261739
2.452946 -3.159598
1.986901 -3.471631
-0.175686 -3.996140
-0.664787 -3.944370
2.012026 -3.457131
-0.802982 -3.918574
2.631422 -3.012576
-2.004140 -3.461708
-3.439625 -2.041808
2.419968 -3.184927
-3.895111 -0.910004
-2.695091 -2.955755
0.734180 -3.932045
-2.560111 -3.073408
1.080384 -2.427067
-0.149375 -3.997210
-0.678882 -3.941969
2.025104 -3.449486
-1.936426 -3.500036
1.517229 -3.701083
1.982983 -3.473871
-1.888700 -3.526019
0.543658 -3.962882
2.314167 -3.262611
-3.933892 -0.724221
0.758181 -3.927488
3.211191 -2.385006
2.482529 -3.136407
-0.613930 -3.952606
-2.634121 -3.010217
0.914742 -3.894001
-1.774785 -3.584709
2.101583 -3.403432
-3.117465 -2.506274
-3.991707 -0.257444
2.262144 -3.298895
-1.132835 -3.836233
3.353316 -2.180659
3.052569 -2.584922
-3.797830 -1.255582
1.200752 3.815520
2.434315 -3.173974
0.356120 -3.984116
-3.610270 -1.722193
-3.558867 -1.826053
-2.166174 -3.362691
-1.731437 -3.605846
-1.428863 -3.736088
-0.279071 -3.990253
-2.823700 -2.833146
-1.858747 -3.541901
0.031171 -3.999879
-2.986123 -2.661404
2.612824 -3.028721
-2.055899 -3.431221
-2.229025 -3.321362
1.669727 -3.634833
-1.170976 -3.824763
0.741277 -3.930713
-3.396897 -2.112129
-2.238006 -3.315317
1.954567 -3.489938
3.492667 -1.949687
0.716761 -3.935258
1.648869 -3.644342
-2.850198 -2.806488
-1.034102 -3.864018
-2.227354 -3.322483
-3.280470 -2.288780
2.495953 -3.125735
-3.997644 0.137280
1.177021 -3.822908
1.923991 -3.506887
0.515618 -3.966628
1.073235 -3.853332
2.403139 -3.197643
-2.420100 -3.184826
-1.901738 -3.519004
0.471244 -3.972144
-2.435420 -3.173126
-1.894704 -3.106208
-3.850059 -1.084916
-2.584519 -3.052910
1.932692 -2.572773
-1.920485 -3.508809
1.928518 -3.504400
-2.883663 -2.772090
2.291661 -3.278458
-3.873906 -0.996421
-3.215175 -2.379632
-2.325657 -3.254430
-3.778061 -1.313869
-2.193990 -3.344608
2.651635 -2.994801
0.289527 3.989508
-0.706011 -3.937201
-1.542997 -3.690415
1.895430 -3.522406
2.369083 -3.222956
-3.211679 -2.384348
-2.945970 -2.705783
-0.371662 3.982696
-2.450304 -3.161647
2.961709 -2.688546
-3.809684 -1.219142
2.563816 -3.070317
1.380056 -3.754390
2.167639 -3.361747
-3.133603 -2.486067
1.794611 -3.574824
0.178787 3.996002
-2.007265 -3.459897
-3.426959 -2.062996
-3.866153 -1.026088
1.967820 -3.482483
-1.224376 -3.808005
-3.999970 0.015441
0.862187 -3.905974
-1.987837 -3.471095
-3.809464 -1.219830
-2.831114 -2.825738
-2.873491 -2.782634
2.675573 -2.973434
2.031222 -3.445887
0.460708 -3.973380
-3.503040 -1.930988
-2.748222 -2.906420
3.436545 -2.046988
1.516702 -3.701299
-0.008389 -3.999991
0.527736 -3.965034
2.620260 -3.022290
-3.552032 -1.839313
0.076414 -3.999270
1.986183 -3.472042
-1.715564 -3.613425
-3.881051 -0.968218
0.943889 -3.887039
-3.373308 -2.149603
-0.886395 -3.900552
2.437810 -3.171290
2.484253 -3.135042
0.375615 -3.982325
-1.527760 -3.696749
-2.371473 -3.221198
-0.166935 -3.996515
-2.433422 -3.174659
0.673108 -3.942959
-2.199611 -3.340915
-3.704632 -1.508543
1.112402 -3.842208
1.214883 -3.811044
2.229078 -3.321327
2.483769 -3.135425
-2.871803 -2.784375
2.143268 -3.377337
-3.964475 -0.531920
-2.611734 -3.029661
-2.440995 -3.168839
-2.125850 -3.388327
0.808598 -3.917419
-1.076565 -3.852403
-1.229327 3.806410
3.204020 -2.394631
1.242841 -3.802019
1.707698 -3.617149
-0.628712 -3.950281
1.164352 -3.826785
-1.901659 -3.519047
-2.342690 -3.242191
2.595476 -3.043600
-2.854333 -2.802281
-1.797640 -3.573302
0.240135 -3.992785
-0.441503 -3.975560
1.034619 -3.863879
-0.547875 -3.962302
-3.353894 -2.179769
-3.878014 -0.980310
1.788220 -3.578026
-2.345471 -3.240180
-3.306411 -2.251143
-2.769156 -2.886481
-3.886114 -0.947691
2.966837 -2.682886
1.330510 -3.772233
-3.784558 -1.295037
-2.370519 -3.221900
-1.094364 -3.847385
1.323665 -3.774641
2.501304 -3.121455
2.911379 -2.742968
0.876930 -3.902690
2.264724 -3.297124
-2.933086 -2.719744
1.777683 -3.583273
3.822235 -1.179204
-3.592642 -1.758672
-1.634478 -3.650820
1.720274 -3.611185
-2.548468 -3.083069
-2.459351 -3.154614
2.537775 -3.091876
-3.732392 -1.438490
0.654726 -3.946053
-3.136869 -2.481945
-3.393918 -2.116913
-1.031109 -3.864818
3.300727 -2.259469
-2.372046 -3.220776
0.893594 -3.898909
0.479863 -3.971112
-2.154673 -3.370072
-0.205339 -3.994726
0.004062 -3.999998
-3.265282 -2.310397
-0.803375 3.918493
3.333634 -2.210630
-1.790056 -3.577108
2.475301 -3.142115
-0.313351 -3.987708
-3.928727 -0.751736
1.305412 -3.780992
2.882997 -2.772784
1.460923 -3.723668
1.449044 -3.728307
0.817538 -3.915563
-0.712293 -3.936069
-1.831371 -3.556133
-3.720886 -1.467994
1.437289 -3.732854
-2.180773 -3.353242
-2.062141 -3.427474
-2.619525 -3.022927
0.600484 3.954671
2.586180 -3.051503
-1.445627 -3.729633
-3.614831 -1.712599
3.553364 -1.836737
-1.643867 -3.646601
-2.017738 -3.453800
-3.833520 -1.141983
-2.112475 -3.396682
-3.003710 -2.641539
-2.096777 -3.406395
0.328258 3.986508
-2.095297 -3.407306
-1.535757 -3.693434
0.106248 -3.998589
-3.104931 -2.521786
-2.012104 -3.457085
2.360079 3.229555
-2.930844 -2.722160
2.818455 -2.838364
-3.697067 -1.526989
-2.518696 -3.107438
-2.216765 -3.329558
-2.184483 -3.350826
3.170979 -2.438215
1.507040 -3.705243
-1.967441 -3.482696
2.064182 -3.426245
2.049834 3.434848
-0.425214 -3.977335
1.865575 -3.538309
1.767751 -3.588183
-1.827242 -3.558256
-3.280074 -2.289347
1.706966 -3.617495
0.171891 -3.996305
-3.588462 -1.767184
1.067719 -3.854864
-0.838432 3.911142
-2.447980 -3.163447
-1.157807 -3.828770
-3.700961 -1.517527
2.842197 -2.814590
-2.964649 -2.685304
1.659539 -3.639496
-1.698268 -3.621586
-3.693863 -1.534723
2.219595 -3.327671
1.875209 -3.533212
0.363047 -3.983491
-1.714556 -3.613903
-2.300252 -3.272437
0.972313 -3.880027
1.842049 -3.550614
3.165492 -2.445334
-2.334606 -3.248017
-3.570343 -1.803511
-3.768925 -1.339853
-2.802709 -2.853914
-2.721007 -2.931914
3.274208 -2.297730
1.719739 -3.611440
2.511556 -3.113211
1.024081 -3.866686
3.485530 -1.962418
-3.068891 -2.565523
-3.988549 -0.302450
-3.811741 -1.212696
2.298010 -3.274011
2.266296 -3.296043
2.574007 -3.061779
-1.015056 -3.869065
-3.755399 -1.377308
0.055655 -3.999613
-3.500890 -1.934882
-3.767347 -1.344284
1.063265 3.856095
-2.656596 -2.990401
-2.026353 -3.448753
1.037666 -3.863062
-2.679341 -2.970039
1.852130 -3.545365
-0.782420 -3.922731
-2.153778 -3.370644
-2.580024 -3.056710
-2.622900 -3.019999
1.386466 -3.752028
-2.166303 -3.362608
-3.876562 -0.986037
2.106735 -3.400245
2.286628 -3.281971
-2.588022 -3.049942
-0.901909 -3.896994
-3.769124 -1.339292
-3.036394 -2.603903
-0.508779 -3.967511
0.316163 3.987486
-3.457302 -2.011732
2.644672 -3.000952
-2.375946 -3.217900
2.244470 -3.310944
1.783771 -3.580246
-1.145446 -3.832487
1.847866 -3.547589
0.624486 -3.950951
-3.955471 0.595187
-1.137504 -3.834851
0.396775 -3.980273
-2.633185 3.011035
1.285120 -3.787937
-3.350889 -2.184385
-0.281546 -3.990079
-2.100590 -3.404045
0.703890 -3.937580
-1.034685 -3.863862
1.244134 -3.801596
0.579474 -3.957804
1.825153 -3.559328
-0.607700 -3.953568
-2.245054 -3.310548
2.017315 -3.454047
1.958055 -3.487982
-0.702008 3.937916
-3.351455 -2.183517
1.274306 -3.791589
3.402471 -2.103139
1.191775 -3.818334
-0.076800 -3.999263
-1.368962 -3.758450
2.993048 -2.653614
-3.839211 -1.122700
-1.082535 -3.850729
2.910467 -2.743936
-0.184112 -3.995761
1.920850 -3.508609
3.108063 -2.517925
1.558027 -3.684095
-1.390126 -3.750673
1.987492 -3.471293
0.497354 -3.968959
-0.618922 3.951827
2.245434 3.310291
0.062852 3.999506
-0.327847 3.986542
-0.523647 3.965576
1.473664 3.718644
1.592914 3.669145
0.285769 3.989779
1.525500 3.697682
0.597430 3.955133
0.760094 3.927118
2.642974 3.002447
-0.926929 3.891118
2.479168 3.139065
2.824764 2.832085
0.268616 3.990970
0.202831 3.994854
-1.599643 3.666216
0.702675 3.937797
0.676086 3.942449
1.101401 3.845376
0.093937 3.998897
0.436590 3.976102
0.690392 3.939969
1.536308 3.693204
-0.816531 3.915773
1.691046 3.624964
0.266225 3.991131
1.280175 3.789611
1.826910 3.558426
-2.430944 3.176557
0.345653 3.985038
1.362936 3.760639
2.292058 3.278181
1.742884 3.600327
0.896957 3.898137
-0.211042 3.994429
-0.849276 3.908802
1.033566 3.864161
-0.214726 3.994232
0.651222 3.946633
0.285699 3.989784
1.180827 3.821734
-0.399185 3.980032
-0.113505 3.998389
3.274975 2.296636
1.039365 3.862605
3.238162 2.348256
1.147203 3.831961
1.567604 3.680029
-1.526753 3.697164
0.501004 3.968500
1.224212 3.808058
0.911683 3.894719
-0.743422 3.930308
1.467834 3.720949
-0.600244 3.954707
0.802881 3.918594
-0.187735 3.995592
1.517728 3.700878
0.640815 3.948336
-1.128228 3.837591
1.280121 3.789629
1.562995 3.681990
0.309290 3.988025
2.556320 3.076561
-1.029363 3.865283
1.505995 3.705668
-0.970278 3.880536
-1.650018 3.643822
-0.791447 3.920920
1.859622 3.541441
-0.566709 3.959652
0.480083 3.971086
2.212457 3.332422
2.239919 3.314025
2.928747 2.724415
0.258938 3.991610
2.546707 3.084523
2.841402 2.815392
-0.900915 3.897224
2.944798 2.707058
2.748101 2.906535
2.522690 3.104196
-0.202804 3.994856
-0.802275 3.918718
2.119123 3.392538
1.345712 3.766837
2.488808 3.131427
1.688366 3.626213
0.453200 3.974243
0.467959 3.972533
-1.760060 3.591962
-0.407526 3.979186
3.152761 2.461726
0.442081 3.975496
0.744656 3.930075
2.088738 3.411330
1.379353 3.754648
0.287067 3.989686
-0.132832 3.997794
-0.998821 3.873287
1.415913 3.741015
-0.746861 3.929656
0.623766 3.951065
0.765951 3.925980
0.189416 3.995513
-1.038533 3.862829
0.273928 3.990609
0.911125 3.894849
-1.811599 3.566246
0.577285 3.958124
-1.001850 3.872505
-0.985720 3.876642
-1.983493 3.473580
1.444058 3.730241
2.007351 3.459847
1.395177 3.748797
3.632000 1.675880
2.452033 3.160306
0.514344 3.966793
-1.468677 3.720616
0.753090 3.928467
3.004175 2.641010
0.023830 3.999929
-0.121664 3.998149
-1.715702 3.613359
-1.267247 3.793954
-0.405468 3.979396
0.844640 3.909806
2.889832 2.765659
0.324822 3.986790
0.438337 3.975910
-1.680534 3.629849
0.262715 3.991363
0.874293 3.903282
2.000841 3.463616
0.302836 3.988520
0.586613 3.956752
0.435717 3.976198
-0.255104 3.991857
1.641728 3.647565
3.532360 1.876815
-0.795409 3.920118
1.652899 3.642517
0.836635 3.911527
1.555078 3.685340
-0.833055 3.912291
-0.671507 3.943232
0.693260 3.939466
0.774951 3.924213
1.180081 3.821964
1.758019 3.592961
1.097216 3.846572
-0.038380 3.999816
-0.159036 3.996837
1.345069 3.767066
-0.144787 3.997379
1.795091 3.574584
1.928816 3.504236
1.785034 3.579616
-1.091216 3.848279
2.358712 3.230553
-0.005562 3.999996
0.125271 3.998038
1.027335 3.865822
-0.561508 3.960393
-0.383031 3.981619
2.445451 3.165402
0.690329 3.939980
-1.914578 3.512035
2.027079 3.448326
-0.104388 3.998638
1.311052 3.779040
1.387801 3.751534
1.440171 3.731743
2.746028 2.908493
-0.026687 3.999911
-0.233723 3.993166
0.465194 3.972857
1.373866 3.756660
2.683054 2.966685
-2.298000 3.274018
-1.924274 3.506732
1.175660 3.823326
2.551704 3.080390
2.083021 3.414824
-3.325848 2.222327
0.597194 3.955169
1.424609 3.737712
-0.433234 3.976469
0.001768 4.000000
-1.394951 3.748882
0.201734 3.994910
-1.147646 3.831829
0.820590 3.914924
-0.755625 3.927981
2.418434 3.186091
1.406999 3.744376
2.347204 3.238925
-0.922474 3.892177
-0.169038 3.996427
1.609313 3.661982
1.978208 3.476592
-0.221317 3.993873
1.473443 3.718732
1.312994 3.778366
1.243926 3.801664
2.974635 2.674237
0.742496 3.930483
-3.224930 2.366395
1.453979 3.726385
1.453051 3.726747
1.233801 3.804962
-1.556987 3.684534
3.255694 2.323888
1.720406 3.611122
3.209555 2.387207
-1.270497 3.792867
1.854718 3.544012
0.201725 3.994910
1.560508 3.683044
-1.343280 3.767705
2.074504 3.420005
2.928456 2.724729
0.501112 3.968487
2.164829 3.363557
1.033029 3.864305
-0.539639 3.963432
1.889172 3.525766
0.943538 3.887124
0.224304 3.993706
-0.411117 3.978817
0.083753 3.999123
0.049794 3.999690
1.840906 3.551206
-0.099265 3.998768
-0.131337 3.997843
0.573390 3.958690
-0.348758 3.984767
-0.312773 3.987753
1.840401 3.551468
1.596153 3.667737
-0.004463 3.999998
-0.333951 3.986035
2.777065 2.878873
-1.016898 3.868581
1.505983 3.705673
2.894049 2.761247
-2.002602 3.462598
2.011915 3.457195
2.644321 3.001261
2.076410 3.418848
-0.034899 3.999848
3.021848 2.620770
0.857395 3.907029
2.187035 3.349161
0.981976 3.877593
2.318972 3.259198
1.356303 3.763036
1.090148 3.848581
1.101197 3.845434
-0.280369 3.990162
-0.314466 3.987620
-0.475547 3.971631
1.305436 3.780984
0.724323 3.933873
0.251867 3.992062
-2.343880 3.241331
1.825749 3.559022
1.892097 3.524197
0.056511 3.999601
3.644912 1.647608
-0.008890 3.999990
3.929279 0.748843
-1.476982 3.717328
1.063497 3.856031
1.122313 3.839325
2.346152 3.239687
1.064122 3.855858
0.407263 3.979213
-1.604117 3.664261
0.615141 3.952417
3.124537 2.497452
1.367143 3.759111
3.346219 2.191534
2.629973 3.013842
1.113423 3.841912
-0.303404 3.988477
1.078379 3.851896
0.481503 3.970914
2.947783 2.703808
3.159140 2.453534
-1.704600 3.618610
2.514744 3.110637
2.516693 3.109060
-0.470842 3.972192
0.214232 3.994259
0.111523 3.998445
2.336187 3.246880
-1.535197 3.693666
0.587363 3.956641
2.709748 2.942324
-0.987216 3.876262
1.223297 3.808352
0.666698 3.944048
-0.664567 3.944407
1.563976 3.681573
1.295762 3.784310
-0.268753 3.990961
2.858471 2.798060
1.217810 3.810110
-1.520700 3.699658
-0.069401 3.999398
-1.473707 3.718627
2.061919 3.427607
-1.117564 3.840710
1.127015 3.837947
1.870588 3.535661
1.340993 3.768519
0.695953 3.938991
-0.289742 3.989492
0.673013 3.942975
0.812037 3.916707
-0.133644 3.997767
2.920539 2.733213
-1.931704 3.502644
-0.232009 3.993266
-0.971699 3.880181
0.474662 3.971737
1.116610 3.840987
-0.661876 3.944860
1.514566 3.702174
0.289653 3.989499
-0.517934 3.966326
-1.370301 3.757961
0.099296 3.998767
2.839384 2.817428
2.815739 2.841058
1.959999 3.486890
-0.766716 3.925831
1.959006 3.487448
1.784067 3.580098
2.113257 3.396195
2.728778 2.924683
1.842270 3.550499
0.371606 3.982701
1.279475 3.789848
-0.870421 3.904147
1.247107 3.800622
0.071233 3.999366
-0.592936 3.955809
0.400767 3.979873
0.172994 3.996257
1.183277 3.820976
0.180986 3.995903
2.209497 3.334385
0.957102 3.883807
2.465766 3.149603
0.115486 3.998333
-0.867060 3.904895
2.460885 3.153418
0.234674 3.993110
0.190718 3.995451
1.904882 3.517304
0.823631 3.914286
-0.349523 3.984700
-0.171598 3.996318
-0.602929 3.954298
1.233317 3.805119
0.518824 3.966210
-0.856190 3.907293
-0.303198 3.988492
1.584463 3.672802
2.280678 3.286108
-0.480725 3.971008
-0.687219 3.940524
0.250230 3.992165
0.237694 3.992931
2.837675 2.819149
0.662420 3.944769
-0.247661 3.992326
-0.071089 3.999368
0.629596 3.950140
1.114817 3.841508
2.095129 3.407409
2.291687 3.278440
-0.689808 3.940072
0.523379 3.965612
0.057823 3.999582
0.315598 3.987530
0.105054 3.998620
2.220811 3.326860
-0.179714 3.995961
-0.148601 3.997239
-0.235146 3.993082
1.375205 3.756170
0.946265 3.886462
0.764273 3.926307
2.894992 2.760258
0.439397 3.975793
2.599253 3.040375
2.471958 3.144746
-0.285926 3.989768
0.704452 3.937480
-0.395178 3.980431
0.438219 3.975923
2.269243 3.294015
0.901001 3.897204
1.536471 3.693136
2.007864 3.459549
0.860479 3.906351
1.906216 3.516581
0.274998 3.990536
0.193853 3.995300
1.282575 3.788799
1.645043 3.646071
1.648273 3.644612
1.092868 3.847810
-0.023976 3.999928
1.531394 3.695245
-0.708803 3.936699
1.383165 3.753246
0.874290 3.903283
0.979655 3.878180
1.379780 3.754492
1.013450 3.869486
-0.926829 3.891142
0.576066 3.958301
1.091923 3.848078
0.670000 3.943488
-0.949920 3.885570
2.041752 3.439658
0.461642 3.973272
0.407391 3.979200
0.529950 3.964739
0.910103 3.895088
0.264079 3.991273
1.145244 3.832547
2.975978 2.672743
0.397940 3.980156
-2.168851 3.360965
0.560033 3.960601
0.492989 3.969504
-1.682071 3.629137
3.107913 2.518109
0.390280 3.980915
2.703020 2.948506
1.007634 3.871004
1.075371 3.852736
-0.402191 3.979729
-0.052173 3.999660
1.614926 3.659510
0.317896 3.987348
-0.831718 3.912575
-0.772355 3.924725
1.313783 3.778091
-0.696871 3.938829
1.707700 3.617148
-1.128287 3.837573
0.166677 3.996526
1.577095 3.675972
-1.557574 3.684286
-0.325524 3.986732
1.467159 3.721215
2.510621 3.113966
3.245776 2.337720
-0.512581 3.967022
-0.396116 3.980338
0.921921 3.892308
0.220175 3.993936
-1.469977 3.720103
1.645363 3.645926
0.171974 3.996301
-1.218903 3.809761
0.345538 3.985047
-0.261756 3.991426
0.398065 3.980144
1.765914 3.589087
2.288935 3.280362
0.321483 3.987060
-1.056001 3.858090
1.124298 3.838744
1.012771 3.869664
1.659717 3.639415
0.987172 3.876273
1.356269 3.763048
1.375713 3.755984
0.227372 3.993533
-0.193848 3.995300
0.577934 3.958029
1.034302 3.863964
0.513763 3.966869
1.484631 3.714279
0.923887 3.891842
1.340862 3.768566
-2.552361 3.079847
1.399339 3.747246
-0.806298 3.917893
-3.058659 2.577714
-0.445011 -3.975169
-1.691739 -3.624641
0.760437 -3.927052
-2.741690 -2.912582
-1.902072 -3.518824
-0.102573 -3.998685
-0.008835 -3.999990
-3.489444 -1.955449
-2.793238 -2.863184
-0.326567 -3.986647
0.481365 -3.970930
1.835982 -3.553754
-0.567901 -3.959481
1.827284 -3.558235
0.642011 -3.948141
-1.024879 -3.866474
-3.288193 -2.277671
-0.346807 -3.984937
0.071033 -3.999369
-3.133069 -2.486741
-2.930984 -2.722009
-1.766850 -3.588626
0.977113 -3.878821
3.462139 2.003395
-0.155734 -3.996967
-0.271028 3.990807
-2.546238 -3.084910
0.176293 -3.996113
-2.374434 -3.219016
0.009061 -3.999990
0.563989 -3.960040
0.005125 -3.999997
-0.649757 -3.946874
-0.309913 -3.987976
0.809633 -3.917205
0.186421 -3.995654
-1.103301 -3.844831
0.152358 -3.997097
-1.215066 -3.810986
-0.554076 -3.961439
0.887617 -3.900274
-0.595025 -3.955496
0.066162 -3.999453
-2.340007 -3.244128
-1.189488 -3.819047
-2.840600 -2.816202
-0.127674 -3.997962
-2.832106 -2.824744
-1.092648 -3.847872
-2.631206 -3.012766
-3.858602 -1.054132
-0.901333 -3.897127
-1.041389 -3.862060
-1.826085 -3.558850
-3.030531 2.610725
-0.473288 -3.971901
-3.600698 -1.742117
-0.981908 -3.877610
-1.515323 -3.701864
1.184310 -3.820656
-0.220929 -3.993894
-1.733646 -3.604785
-2.773839 2.881981
0.278907 -3.990265
-2.130288 -3.385539
-1.349364 -3.765530
-3.971223 0.478941
-1.048236 -3.860207
-1.947712 -3.493768
0.193884 -3.995298
1.580252 -3.674616
-0.157586 -3.996895
3.687830 -1.549164
0.157850 -3.996884
-1.190864 -3.818618
-1.494142 -3.710463
0.663722 -3.944550
-3.555827 -1.831964
-2.730109 -2.923440
-1.511708 -3.703341
-0.124181 -3.998072
1.659719 -3.639414
-3.037114 -2.603064
0.712549 -3.936023
-1.955702 -3.489302
-2.604332 -3.036026
-3.433942 -2.051351
1.408235 -3.743912
-2.014107 -3.455919
-2.174930 -3.357034
-1.327297 -3.773365
-2.771570 -2.884163
-3.894502 -0.912607
0.736396 -3.931631
-2.678617 -2.970692
-0.892444 -3.899172
-1.878700 -3.531358
-1.946045 -3.494697
-1.267649 -3.793819
0.088028 -3.999031
-2.129829 3.385828
-3.235243 -2.352276
0.029070 -3.999894
-3.845703 -1.100259
-2.962654 -2.687504
-1.552379 -3.686478
0.428209 -3.977014
-0.544446 -3.962774
0.262143 -3.991401
1.712241 -3.615001
0.635907 -3.949129
-2.040660 -3.440306
-1.640189 -3.648257
0.882550 -3.901424
-1.915182 -3.511706
0.662773 -3.944709
-2.019207 -3.452941
-3.800815 -1.246517
-0.183175 -3.995804
-0.163369 -3.996662
1.138170 -3.834654
2.932288 -2.720604
-0.746354 -3.929753
1.844179 -3.549507
-1.368753 -3.758526
-1.114250 -3.841672
-3.208433 -2.388715
-0.386004 -3.981332
-3.394741 -2.115594
-0.891298 -3.899434
-2.481496 -3.137225
-3.998107 0.123050
-3.754642 1.379371
-0.679431 -3.941874
-0.457578 -3.973742
-3.610171 -1.722401
-1.275751 -3.791103
0.312521 -3.987773
0.345030 -3.985092
-0.904318 -3.896435
1.159672 -3.828206
-1.667527 -3.635843
-0.326864 -3.986623
-1.137536 -3.834842
-2.565307 -3.069071
-1.496856 -3.709370
-1.669716 -3.634838
-1.239961 -3.802959
-1.780788 -3.581731
0.667503 -3.943912
-1.565440 -3.680951
2.296542 -3.275041
-1.342560 -3.767961
-1.252739 -3.798769
-1.990871 3.469356
-1.871707 -3.535069
2.502788 -3.120264
-2.054288 -3.432186
-1.758809 -3.592574
0.048501 -3.999706
-2.316315 -3.261087
1.965494 3.483796
-0.451131 -3.974479
1.781519 -3.581367
-2.900429 -2.754544
-0.781925 -3.922830
0.064382 -3.999482
-2.177525 -3.355351
-3.244556 -2.339413
2.529482 -3.098664
1.685011 -3.627773
-2.341731 -3.242884
-2.345416 -3.240220
-0.427529 -3.977087
-2.246015 -3.309897
-0.429887 -3.976833
-1.903943 -3.517812
-2.650244 -2.996032
-1.769863 -3.587142
-2.525915 -3.101572
1.455958 3.725612
-3.512706 -1.913347
-0.050175 -3.999685
-1.851220 -3.545841
1.779348 -3.582446
-2.940059 -2.712204
-1.273076 -3.792002
-3.917904 -0.806244
1.876939 -3.532294
-2.507767 -3.116265
-0.166325 -3.996540
0.923392 -3.891959
-1.167688 -3.825768
-2.895348 -2.759884
-1.871441 -3.535210
0.343447 -3.985228
-0.014287 -3.999974
1.145450 -3.832486
-0.228415 -3.993473
-1.131448 -3.836643
-0.382499 -3.981670
-1.220837 -3.809141
0.037604 -3.999823
-2.763050 -2.892327
-2.731042 -2.922569
-2.526365 -3.101206
2.083471 3.414549
-2.855085 -2.801516
-1.725914 -3.608493
1.537992 3.692503
-0.716512 -3.935303
-1.125365 3.838431
-3.328418 -2.218476
-2.809174 -2.847550
-2.242583 -3.312223
-0.805039 -3.918152
-0.307031 -3.988199
-1.658594 -3.639926
-1.313170 -3.778304
-2.192816 -3.345379
-2.294417 -3.276531
-3.842351 -1.111909
-3.854922 -1.067509
0.829300 -3.913088
-1.669974 -3.634720
-3.083404 -2.548062
0.146682 3.997310
0.142621 -3.997457
-0.000999 -4.000000
-1.736810 -3.603261
0.734610 -3.931965
-0.005213 -3.999997
-2.265736 -3.296428
0.017233 -3.999963
-2.054687 -3.431947
0.581891 -3.957449
-3.048615 -2.589584
-2.372753 -3.220255
-0.118043 -3.998258
-2.308983 -3.266282
-0.363764 -3.983425
-3.999229 -0.078533
0.982089 -3.877564
0.993095 -3.874760
-0.775278 -3.924149
-1.970405 -3.481020
-2.408901 -3.193305
-3.950745 -0.625792
1.331338 -3.771941
-1.432629 -3.734645
-3.284863 -2.282471
0.113067 -3.998402
-1.662692 -3.638056
0.180382 -3.995931
0.124986 -3.998047
0.291634 -3.989355
-1.874561 -3.533556
-1.299471 -3.783038
-0.100686 -3.998733
-3.267766 -2.306882
-1.509596 -3.704203
-0.704806 -3.937416
1.674449 -3.632660
0.573274 -3.958707
-1.232017 -3.805540
1.090561 -3.848464
0.310050 -3.987965
-0.751686 -3.928736
-1.564297 -3.681437
-2.195489 -3.343625
0.450356 -3.974567
1.954129 -3.490183
-1.291783 -3.785670
-0.867312 -3.904839
1.883718 -3.528683
0.245924 -3.992433
-0.449744 -3.974636
-1.278926 -3.790033
-1.014850 -3.869119
0.911983 3.894649
-3.353903 -2.179756
-2.321031 -3.257732
1.660582 -3.639020
-0.986315 -3.876491
-0.674351 -3.942747
0.486642 -3.970287
0.538529 -3.963583
-0.838456 -3.911137
-1.723696 -3.609553
-2.874849 -2.781231
-2.399943 -3.200042
-2.647415 -2.998532
0.801280 -3.918922
3.918964 -0.801076
-2.575497 -3.060526
2.899682 -2.755330
-3.867612 1.020579
-0.536048 -3.963919
-1.723096 -3.609839
0.607466 -3.953604
1.496425 -3.709543
-2.126993 -3.387610
-2.154311 -3.370303
-2.796997 -2.859512
-2.381424 -3.213848
0.002078 -3.999999
1.083058 -3.850582
-0.602639 -3.954343
-3.082364 -2.549320
-0.628790 3.950269
-2.882225 -2.773586
-3.605801 -1.731531
3.532281 1.876963
-2.632186 -3.011909
0.234810 -3.993102
-2.984818 -2.662867
2.584442 -3.052976
0.399011 -3.980049
0.727552 -3.933277
-2.159022 -3.367288
-1.751188 -3.596296
2.958872 -2.691668
1.076489 -3.852424
2.694602 2.956200
-1.149550 -3.831258
-2.323577 -3.255916
-1.319439 3.776120
3.393185 -2.118088
-2.868736 -2.787536
-0.362435 -3.983546
0.708075 -3.936830
-3.704277 -1.509415
-3.209283 -2.387573
-0.892083 -3.899255
-0.027802 -3.999903
-3.236867 -2.350040
-0.425992 -3.977252
0.996166 -3.873971
-1.983995 -3.473293
0.535336 -3.964015
0.784917 -3.922232
-2.616068 -3.025919
-2.115434 -3.394840
-0.892392 -3.899184
-1.166757 -3.826052
-1.352554 -3.764386
-2.995782 -2.650526
0.315990 -3.987499
-0.985108 -3.876798
-3.195817 -2.405567
-0.529982 -3.964734
0.147054 -3.997296
-0.257372 -3.991711
-1.011168 -3.870083
0.223813 -3.993734
3.775113 1.322318
-0.091929 -3.998944
-0.331377 -3.986250
-0.052141 -3.999660
-2.002629 -3.462583
-2.264825 -3.297054
-2.114164 -3.395631
-2.653923 -2.992773
-2.668310 -2.979953
-1.958407 -3.487785
0.152720 -3.997084
-2.165336 -3.363231
-1.199350 -3.815961
-1.651117 -3.643324
-1.347270 -3.766280
-0.269321 -3.990923
-0.328789 -3.986464
-2.152747 -3.371303
0.257046 -3.991732
-0.821110 -3.914815
-2.616003 -3.025975
-1.282598 -3.788792
-1.658297 -3.640062
-0.909151 -3.895311
-1.729818 -3.606623
-1.896444 -3.521860
0.398140 -3.980136
-2.124889 -3.388930
-1.893218 -3.523596
-3.697101 -1.526908
-3.999998 -0.004011
-2.008945 -3.458922
-2.568920 -3.066048
-0.980088 -3.878070
-1.835507 -3.554000
0.405569 -3.979386
0.893630 -3.898901
-3.883905 0.956702
-2.377361 -3.216855
-1.538578 3.692259
-0.888648 -3.900039
-2.160103 -3.366594
0.124179 -3.998072
-0.113583 3.998387
2.793417 2.863009
-3.732873 -1.437240
1.226437 -3.807342
2.902116 -2.752767
-0.361060 -3.983671
-2.966360 -2.683414
-3.109459 -2.516200
-3.824024 -1.173389
3.778390 1.312923
-1.149407 -3.831300
-2.705816 -2.945939
-1.889299 -3.525698
-1.654617 -3.641736
1.386660 -3.751956
-1.458485 -3.724624
-2.012926 -3.456607
-2.008289 -3.459302
3.383185 -2.134024
-2.615016 -3.026828
-0.771703 -3.924853
-0.073067 -3.999333
-1.968641 -3.482019
-2.104877 -3.401396
-0.112334 -3.998422
-0.793106 -3.920584
-2.171761 -3.359085
-0.039296 -3.999807
2.326461 -3.253856
-2.529160 -3.098927
-0.121707 -3.998148
1.893556 -3.523414
-0.268284 -3.990993
-2.257472 -3.302094
-0.746429 -3.929738
1.736233 -3.603539
-2.512260 -3.112644
-2.486898 -3.132944
-2.272959 -3.291452
3.744968 1.405424
-2.922517 -2.731098
1.458108 -3.724771
0.134336 -3.997744
-1.192127 -3.818224
-1.742346 -3.600588
3.997830 0.131735
-2.350430 -3.236585
0.873378 -3.903487
-2.286343 -3.282169
0.001897 -4.000000
-3.956138 -0.590738
-0.948614 -3.885889
-0.566475 -3.959685
-2.237234 -3.315839
-1.689746 -3.625570
1.566289 -3.680589
-1.528504 -3.696441
-0.946739 -3.886346
-0.879733 -3.902060
-0.460099 -3.973450
0.104511 -3.998634
-2.880391 -2.775490
-0.581069 -3.957570
-2.928821 -2.724336
-2.867173 -2.789143
2.910221 2.744196
-1.319699 -3.776029
-2.110326 -3.398018
-3.524005 -1.892456
0.227502 -3.993525
1.251647 -3.799129
0.116135 -3.998314
3.987032 0.321829
-0.739422 -3.931063
1.155220 -3.829552
2.608300 -3.032618
-2.919076 -2.734775
-1.154059 -3.829902
-0.827687 -3.913430
-0.256228 -3.991785
3.867477 -1.021088
-1.835102 -3.554209
-1.064140 -3.855853
-2.844812 -2.811947
-3.950385 -0.628062
2.525800 -3.101667
0.304228 -3.988414
-0.748426 -3.929359
0.254393 -3.991902
-2.906855 -2.747761
3.057939 2.578567
0.065631 -3.999462
3.182426 -2.423255
-0.947671 -3.886119
-2.195165 -3.343837
-3.314916 -2.238601
-1.293012 -3.785250
-1.509039 -3.704430
-1.999272 -3.464522
-0.425455 -3.977309
-1.633579 -3.651222
1.735521 -3.603882
-3.613235 -1.715963
-2.308967 -3.266293
-2.415965 -3.187964
-1.431251 -3.735173
-2.679918 -2.969519
-3.721674 1.465995
-3.961053 -0.556832
-3.836833 -1.130801
-3.774975 -1.322712
-3.953933 -0.605319
-2.400810 -3.199392
-0.671368 -3.943256
-3.472616 -1.985179
-1.765612 -3.589236
-3.922877 -0.781686
-2.911157 -2.743203
-2.816521 -2.840284
-2.780127 -2.875916
-2.776996 -2.878939
-2.852186 -2.804467
-2.922005 -2.731645
-3.543984 -1.854771
-2.745233 -2.909243
-3.766601 -1.346371
-2.419867 -3.185003
0.481059 -3.970967
-3.403536 -2.101415
-3.585814 -1.772552
-2.417361 -3.186905
-1.712617 -3.614823
-2.132931 -3.383875
-2.826186 -2.830667
-3.973849 -0.456647
-3.843208 1.108943
-2.845068 -2.811688
-0.728217 -3.933154
-2.880702 -2.775168
-2.138010 -3.380668
-3.714327 -1.484511
-2.665423 -2.982536
-3.441773 -2.038184
-3.205365 -2.392830
-2.700259 -2.951034
-3.872236 -1.002891
-3.952993 -0.611429
-3.985855 0.336096
-2.763897 -2.891517
-3.052600 -2.584886
-2.865752 -2.790603
-3.917328 -0.809035
0.869382 -3.904379
-3.191665 -2.411074
-3.701024 -1.517373
-3.720606 -1.468704
-3.906453 0.860016
-3.715845 -1.480709
-3.938565 0.698358
-2.659638 -2.987695
-2.755841 -2.899197
-3.056479 -2.580297
-3.951036 -0.623953
-3.110836 -2.514498
1.912945 -3.512925
-3.996427 -0.169030
-2.800212 -2.856364
-3.136879 -2.481933
-3.134249 -2.485253
-3.999076 -0.085991
-2.333279 -3.248971
-3.936367 -0.710641
0.349884 -3.984668
-3.982184 -0.377110
-3.519212 -1.901353
-2.757572 -2.897550
-0.459879 -3.973476
-1.979137 -3.476063
-3.902851 -0.876215
-3.274196 -2.297747
-3.513306 -1.912245
-0.241402 -3.992709
-3.998160 -0.121305
-3.463243 -2.001486
-3.123141 -2.499198
-2.282522 -3.284828
-3.798419 1.253800
-2.537129 -3.092406
-3.998926 -0.092667
-2.286106 -3.282334
1.055559 -3.858211
-3.762044 -1.359052
1.021175 -3.867454
-3.022551 -2.619959
-2.817669 -2.839144
-2.570894 -3.064393
-0.669886 -3.943508
-3.063581 -2.571861
-3.976292 -0.434859
-2.761792 -2.893528
-1.869872 -3.536040
-2.491940 -3.128935
-0.458031 -3.973689
-2.553323 -3.079049
-2.156081 -3.369171
-1.466511 -3.721471
-3.981116 -0.388224
-2.162513 -3.365046
-3.172102 -2.436754
-0.056316 -3.999604
-1.677634 -3.631190
-2.336479 -3.246670
-1.434199 -3.734042
-2.394599 -3.204044
-3.021885 -2.620727
-2.883574 -2.772184
-3.521688 -1.896764
-2.217983 -3.328746
-2.706444 -2.945363
-3.993059 -0.235542
-1.764049 -3.590005
-2.558465 -3.074778
-3.953310 -0.609377
0.981955 -3.877598
-2.016347 -3.454612
-3.352843 -2.181386
-3.528842 -1.883421
-2.464486 -3.150604
-3.561908 -1.820113
-3.960927 -0.557722
-1.876426 -3.532567
-0.820853 -3.914869
-3.152703 -2.461801
-3.596416 -1.750940
-2.221137 -3.326642
-3.256669 -2.322522
0.172974 -3.996258
-1.602589 -3.664929
-3.793029 -1.270012
-3.393935 -2.116885
-3.815844 -1.199724
-3.666270 -1.599520
-3.364090 -2.164001
-3.615149 -1.711928
1.840360 -3.551489
-1.507684 -3.704982
-3.930153 -0.744243
-1.376737 -3.755608
-2.047557 -3.436206
-3.938297 -0.699868
-1.929202 -3.504023
-2.472413 -3.144388
-2.206433 -3.336413
-2.531474 -3.097037
-3.876705 0.985474
-3.466186 -1.996386
-2.705651 -2.946091
-3.264718 -2.311193
-3.685125 -1.555587
-2.445461 -3.165394
-3.575991 -1.792285
-0.493777 -3.969406
-1.143357 -3.833110
-2.877426 -2.778564
-2.786049 -2.870179
-2.624764 -3.018379
-2.603947 -3.036356
-2.671940 -2.976699
-2.852791 -2.803851
-2.672066 -2.976586
-2.302127 -3.271118
-3.949911 -0.631034
-3.992277 -0.248437
-3.495391 -1.944799
-3.223870 -2.367839
-3.730176 -1.444224
-3.980380 0.395699
-3.427792 -2.061612
-3.688398 -1.547810
-0.589844 -3.956271
-2.900754 -2.754201
-3.923616 -0.777970
-0.444935 -3.975177
-3.997788 0.132999
0.324030 -3.986854
-3.000116 -2.645620
-2.829947 -2.826907
-1.164856 -3.826632
-3.844489 -1.104494
-1.797520 -3.573363
-3.947470 -0.646126
-3.096753 -2.531822
-3.462277 -2.003157
-3.732704 -1.437678
1.445757 -3.729583
0.047092 -3.999723
-3.443078 -2.035979
-2.003789 -3.461911
-3.877138 -0.983768
-2.664121 -2.983699
-2.156409 -3.368961
-1.712124 -3.615056
-1.903654 -3.517968
-0.782915 -3.922632
0.116420 -3.998305
-3.985490 -0.340398
-3.045989 -2.592673
-3.579946 -1.784374
-1.120734 -3.839786
-2.431301 -3.176284
-2.443255 -3.167097
-2.624258 -3.018819
-0.686321 -3.940681
-2.504607 -3.118804
-3.805522 -1.232072
-3.640991 -1.656256
-1.939326 -3.498431
-3.998760 -0.099598
-3.186448 -2.417964
-3.507230 -1.923367
1.993182 -3.468029
-2.800050 -2.856522
-3.889386 -0.934173
-3.141379 -2.476235
-3.571299 -1.801616
-3.017749 -2.625489
-1.091583 -3.848175
-1.497714 -3.709023
-2.528365 -3.099576
-3.697703 -1.525447
0.903251 -3.896683
-1.808697 -3.567719
-1.286253 -3.787552
-3.037885 -2.602163
-2.488703 -3.131510
-3.085483 -2.545544
-3.280937 -2.288111
-3.688428 -1.547740
-3.667648 -1.596359
-0.710748 -3.936348
-3.948083 -0.642369
-3.679248 -1.569437
-1.340205 -3.768800
-2.739090 -2.915028
-2.124244 -3.389334
-3.514132 -1.910726
-3.289856 -2.275269
-3.336166 -2.206806
-3.317298 -2.235069
-2.948905 -2.702583
-2.540227 -3.089862
-3.221905 -2.370512
-3.182805 -2.422757
-2.733194 -2.920557
-2.825542 -2.831309
-3.839657 -1.121177
-3.269629 -2.304241
-1.857329 -3.542644
-2.271851 -3.292217
-2.291251 -3.278745
-2.940588 -2.711631
0.513290 -3.966930
-2.634976 -3.009469
-3.291442 -2.272974
-2.718052 -2.934654
-3.492163 -1.950590
-0.703123 -3.937717
-3.004229 -2.640949
-3.189188 -2.414349
-1.800173 -3.572027
-3.989995 0.282742
-3.813082 -1.208474
1.637765 -3.649346
-3.869920 -1.011790
-3.821552 -1.181415
1.512513 -3.703013
-3.757915 -1.370428
-1.040873 -3.862199
-3.946710 -0.650751
-1.153922 -3.829943
-1.606627 -3.663161
-3.838068 1.126604
-2.038322 -3.441692
-2.789433 -2.866891
-3.555147 -1.833285
-0.892687 -3.899117
0.848780 -3.908909
-2.112401 -3.396728
-3.017317 -2.625985
-3.486707 -1.960325
-1.995984 -3.466417
-3.708855 -1.498131
-3.461276 -2.004887
-2.539530 -3.090435
-1.141752 -3.833589
-3.728011 -1.449804
-2.979544 -2.668767
-1.266518 -3.794197
-3.551250 -1.840822
-3.660522 -1.612630
-3.579621 -1.785025
-2.143284 -3.377327
-3.994337 0.212769
-1.004894 -3.871716
-3.101542 -2.525953
1.075929 -3.852581
-3.703059 -1.512401
-3.122455 -2.500055
-3.821655 1.181082
-3.959877 0.565135
1.672904 -3.633372
-3.946130 -0.654259
-2.426688 -3.179809
-3.656967 1.620677
0.568827 -3.959348
-3.601918 -1.739594
-1.905487 -3.516976
-3.166945 -2.443452
-2.660355 -2.987058
-1.224547 -3.807950
-3.980606 -0.393414
-2.941225 -2.710940
-2.992146 -2.654630
-3.148880 -2.466688
-3.679860 -1.568003
1.521521 -3.699321
-3.416711 -2.079925
-2.559511 -3.073907
-3.061467 -2.574378
0.332605 -3.986148
-1.357771 -3.762507
-3.828084 -1.160073
-2.203620 -3.338272
-2.822388 -2.834453
-2.637853 -3.006947
-3.782622 -1.300681
-2.991573 -2.655276
-3.303038 -2.256089
-1.458214 -3.724730
-3.160624 -2.451623
-3.003535 -2.641737
-3.541022 -1.860421
-2.117061 -3.393826
-3.635873 -1.667462
-1.830499 -3.556582
-3.954046 -0.604585
-3.793203 -1.269492
-2.866226 -2.790116
-2.780871 -2.875196
-3.159676 -2.452845
-3.785264 -1.292971
-0.564741 -3.959933
-1.957743 -3.488157
-3.039560 -2.600207
-3.119996 -2.503123
-2.651400 -2.995009
-3.176725 -2.430723
-3.532206 -1.877104
-3.895003 -0.910469
-1.616179 -3.658957
-2.475532 -3.141933
-3.478306 -1.975193
-1.675919 -3.631982
-2.332947 -3.249209
-3.158835 -2.453928
-3.868767 -1.016191
-3.997499 0.141429
-2.277469 -3.288333
-3.261298 -2.316018
-0.342455 -3.985314
0.350261 -3.984635
-3.753141 -1.383450
-2.753033 -2.901863
0.660490 -3.945092
-2.529952 -3.098280
-0.842120 -3.910349
-2.796017 -2.860470
-3.163247 -2.448238
-2.357239 -3.231629
-0.398827 -3.980067
-3.683267 -1.559983
-2.791400 -2.864976
-3.598312 -1.747041
1.076347 -3.852464
-3.567528 -1.809073
-2.605186 -3.035293
-2.138386 -3.380430
2.239046 -3.314615
-2.709652 -2.942412
-3.176345 -2.431221
-3.587159 -1.769828
-2.605087 -3.035379
1.402655 -3.746006
-2.431823 -3.175883
-2.515127 -3.110327
-3.255002 -2.324857
-2.030585 -3.446262
-3.157613 -2.455499
-2.297245 -3.274548
-3.325273 -2.223186
-0.587092 -3.956681
1.436281 -3.733242
-2.246525 -3.309551
-3.199316 -2.400912
-2.984869 -2.662810
-3.225124 -2.366131
-1.821360 -3.561270
-3.691115 -1.541320
-3.806614 1.228693
-2.546730 -3.084504
-3.003840 -2.641391
-3.960512 -0.560664
-1.864002 -3.539138
-3.116599 -2.507351
-3.162570 -2.449113
-1.747975 -3.597858
-3.262836 -2.313850
-3.254634 -2.325372
-3.830324 -1.152658
-2.931737 -2.721198
-3.269916 -2.303834
-1.760515 -3.591739
-1.932063 -3.502447
-2.353458 -3.234383
-3.247902 -2.334766
-0.519642 -3.966103
-2.855768 -2.800819
-2.511201 -3.113498
-3.255909 -2.323587
0.257354 -3.991713
-2.777942 -2.878027
-1.020464 -3.867642
-3.995137 0.197188
-1.338488 -3.769410
-2.274623 -3.290303
-2.487972 -3.132091
-3.101671 -2.525795
-3.103256 -2.523847
-3.748872 -1.394977
-0.670082 -3.943474
-3.008000 -2.636653
-1.523815 -3.698376
-3.171908 -2.437007
-3.784048 -1.296526
-3.439317 -2.042326
-2.705627 -2.946113
-2.323878 -3.255701
-3.218290 -2.375417
-3.915687 -0.816944
-3.232234 -2.356409
-3.288116 -2.277783
-2.530520 -3.097816
-1.681682 -3.629317
-3.599264 -1.745077
-2.631120 -3.012840
-3.190123 -2.413113
-2.351976 -3.235461
-3.822820 -1.177305
-2.276532 -3.288982
-3.040012 -2.599678
-2.328341 -3.252511
-3.158840 -2.453921
-3.999521 -0.061899
-2.020669 -3.452086
-1.172727 -3.824227
-3.295744 -2.266732
-3.689647 -1.544832
-2.399692 -3.200231
-3.966132 0.519421
-2.037531 -3.442160
-3.865167 -1.029797
-2.385663 -3.210702
-2.372806 -3.220216
-2.413146 -3.190098
-2.062769 -3.427095
-3.982923 0.369226
-3.262729 -2.314001
-2.899478 -2.755545
-2.853865 -2.802759
-0.914272 -3.894112
-3.146700 -2.469469
0.434847 -3.976293
-3.296960 -2.264962
-3.059698 -2.576480
-3.980186 0.397644
-2.696802 -2.954194
-2.974092 -2.674841
-3.745956 -1.402788
-2.436034 -3.172655
-3.423854 -2.068145
-1.438325 -3.732455
-0.866418 -3.905038
-0.573400 -3.958688
-2.940162 -2.712093
-2.744679 -2.909766
-2.355091 -3.233195
-3.930732 -0.741177
-2.448474 -3.163064
-2.991322 -2.655559
-2.235296 -3.317145
-3.223144 -2.368828
-2.156223 -3.369080
