3.995341 0.193010
-3.723482 1.461397
-1.251102 -3.799308
-3.846054 -1.099030
-3.609915 1.722938
0.524238 3.965498
3.991445 -0.261468
-3.223236 2.368702
1.245249 -3.801231
-3.294108 2.269109
3.998371 0.114151
-3.237176 2.349615
1.793289 -3.575488
1.155404 -3.829496
-1.870250 3.535840
2.654019 -2.992689
-2.874407 -2.781688
-3.791134 -1.275658
-3.210429 -2.386031
-3.776206 -1.319191
-1.628081 -3.653676
2.170227 -3.360077
-3.630497 1.679134
-3.817660 -1.193931
-1.024528 3.866567
-3.731445 -1.440943
-0.367886 -3.983047
2.277742 3.288144
-3.721819 1.465626
2.117250 3.393708
-3.930711 0.741289
0.189666 -3.995501
3.060716 -2.575270
3.298523 2.262686
3.256176 2.323212
0.126294 3.998006
0.107652 -3.998551
-3.569896 1.804396
3.056058 2.580796
0.061557 -3.999526
-1.565940 3.680738
3.986131 -0.332805
-3.977116 -0.427253
-1.237236 -3.803846
3.645912 -1.645395
2.403036 -3.197721
-3.297382 2.264348
-1.422409 -3.738549
-3.975552 0.441571
1.840480 -3.551427
-2.599962 -3.039769
2.660249 -2.987152
3.918757 -0.802089
3.278350 -2.291817
2.826218 -2.830635
1.111146 -3.842571
-0.183002 -3.995812
-0.889483 3.899849
1.775712 3.584250
-0.156296 -3.996945
3.639179 -1.660233
2.452228 -3.160155
3.983830 -0.359301
-3.965829 0.521731
2.377266 3.216925
-3.580763 1.782733
-2.017827 -3.453748
-3.972043 0.472095
1.373039 -3.756962
3.378975 -2.140685
-2.698285 -2.952839
-1.821595 3.561150
3.797513 -1.256541
0.065240 -3.999468
-2.881567 -2.774269
-1.738535 -3.602429
-3.961064 0.556752
3.823393 -1.175442
-2.664072 -2.983743
-2.472999 -3.143927
-0.652910 -3.946354
3.174778 -2.433266
0.441404 3.975571
-0.710266 3.936435
-3.792666 -1.271096
3.164029 2.447227
2.808183 -2.848528
-2.034821 3.443763
0.979313 -3.878266
2.824311 -2.832537
0.296947 3.988963
-0.399991 -3.979951
-2.246966 -3.309251
1.875816 -3.532890
-0.854803 3.907597
0.998373 -3.873403
-3.926921 0.761112
-3.878842 0.977028
-0.960948 -3.882857
3.667138 -1.597529
-3.230262 2.359112
0.276098 -3.990460
2.367029 3.224465
-3.898126 -0.897004
-0.786848 -3.921845
-0.496847 -3.969023
-2.652958 -2.993629
-0.449929 3.974615
-3.695769 -1.530129
-3.407277 -2.095344
-3.155448 -2.458282
2.783819 2.872342
2.921657 0.371597
0.082353 -3.999152
-2.153903 -3.370564
-3.719524 -1.471441
-3.281806 -2.286864
-3.474079 1.982619
-3.992101 0.251253
3.454858 2.015926
-3.466816 1.995292
-3.183442 -2.421919
2.029765 -3.446745
3.269434 -2.304517
1.358091 3.762391
3.364278 -2.163709
-2.509510 3.114861
-3.286860 2.279595
3.473697 -1.983288
-0.917005 -3.893469
1.664766 -3.637108
3.483706 -1.965653
-0.042765 3.999771
-3.138049 -2.480453
2.597709 -3.041695
3.371959 2.151719
3.671793 -1.586802
-1.584468 -3.672800
0.760270 3.927084
-0.432801 3.976516
-0.552726 3.961628
-3.793015 -1.270054
-1.041108 -3.862136
3.986029 -0.334030
0.475484 -3.971639
-3.008647 -2.635914
2.043837 3.438420
3.902870 -0.876133
-3.064986 -2.570187
3.789674 1.279989
-0.678320 -3.942066
3.429702 -2.058433
0.715369 3.935511
-3.320074 2.230943
-2.102922 -3.402605
-1.953196 -3.490706
0.986528 -3.876437
0.151566 -3.997127
0.776930 -3.923822
2.338248 -3.245396
-3.233506 -2.354663
2.401149 -3.199138
0.536318 3.963882
-0.044748 -3.999750
-0.836327 -3.911593
-3.409254 -2.092125
2.226811 3.322847
3.142162 2.475241
1.881458 3.529889
0.144501 3.997389
-3.493820 -1.947620
-2.607756 -3.033086
2.636648 -3.008004
-3.545905 -1.851096
2.038045 3.441856
2.169581 -3.360494
-2.643678 -3.001827
-1.255357 -3.797905
-3.284881 -2.282445
0.161043 -3.996757
1.673466 -3.633113
0.036541 -3.999833
-3.998969 -0.090824
-3.971812 -0.474037
-3.057099 -2.579563
-0.446758 -3.974973
3.303469 -2.255458
-3.996553 0.166017
-3.185187 -2.419625
3.611863 1.718851
-2.698701 -2.952459
-2.132882 -3.383905
-3.977969 -0.419239
0.743215 -3.930347
-1.113137 -3.841995
0.120799 -3.998176
-1.646236 -3.645533
-0.845772 3.909561
-2.754474 2.900495
-2.597312 3.042034
-3.998603 -0.105723
3.730293 1.443923
-2.135420 -3.382304
2.552700 3.079565
1.239591 -3.803079
-2.707051 -2.944805
0.423338 -3.977535
-1.868436 -3.536799
-2.054412 3.432112
-2.862376 2.794066
3.529703 -1.881807
1.470057 -3.720072
3.743653 -1.408922
-0.833658 3.912162
2.060852 -3.428249
1.043635 -3.861454
1.649632 3.643997
2.660606 -2.986834
-2.302880 -3.270588
-3.739854 1.418976
0.552058 3.961721
-3.995866 0.181814
2.606358 3.034287
-1.646159 3.645567
-1.521279 3.699420
-2.205513 -3.337021
-1.208649 -3.813026
-0.097731 3.998806
-0.182061 -3.995855
-2.747975 2.906653
-2.052369 -3.433334
-3.318255 2.233648
-1.947187 -3.494061
0.185858 -3.995680
-3.929763 -0.746299
1.052059 -3.859167
1.164570 3.826719
-0.589554 -3.956315
2.021902 -3.451364
1.502732 -3.706993
-3.134756 -2.484614
3.661228 -1.611027
0.500065 -3.968619
-2.812511 2.844254
0.520693 3.965965
3.897981 -0.897631
-3.993163 0.233765
2.546893 -3.084370
-1.392797 3.749682
3.254630 2.325378
-1.553467 -3.686020
-2.971190 -2.678064
3.739224 -1.420636
-2.627345 3.016133
3.847159 1.095156
-3.973301 -0.461389
3.921237 0.789875
-3.969693 -0.491464
-1.671236 3.634140
-1.588255 -3.671164
-3.567091 -1.809935
-3.603577 -1.736154
-3.687917 -1.548957
2.935083 2.717589
3.662054 -1.609150
0.332490 -3.986157
2.802020 2.854590
3.850166 1.084538
-0.796999 -3.919795
-0.350983 3.984572
-0.025051 -3.999922
-3.731000 1.442096
-2.880749 -2.775119
-3.707391 1.501750
-1.332716 -3.771454
1.041125 -3.862131
0.557109 -3.961014
-1.835743 -3.553878
-3.019869 -2.623050
-3.882299 -0.963202
-2.221558 -3.326362
2.526421 3.101161
0.364341 -3.983372
-3.884058 -0.956082
-1.689841 3.625526
-3.189346 -2.414140
0.522661 -3.965706
3.687885 -1.549034
-1.871986 -3.534921
2.437030 3.171889
-2.210383 3.333798
-0.640497 3.948388
-2.191987 3.345922
2.815646 -2.841150
-0.978328 -3.878514
2.884165 -2.771568
2.152875 3.371221
2.927288 -2.725983
-3.920063 -0.795678
-2.758095 2.897052
3.095642 2.533180
2.992941 2.653735
1.256155 3.797641
-2.985065 -2.662591
2.260927 -3.299728
-1.003706 -3.872025
2.674244 2.974629
-1.385789 -3.752278
3.532048 -1.877401
-2.630903 -3.013030
-0.844470 -3.909843
-3.965309 -0.525667
1.052597 -3.859020
-1.387934 -3.751485
3.572090 1.800047
-0.044352 -3.999754
-2.455718 3.157444
-3.181945 -2.423886
-2.180508 3.353414
-2.534418 -3.094629
-0.343297 -3.985241
3.791823 1.273608
-3.910744 0.840288
-2.487394 -3.132550
3.497628 1.940772
-0.699243 -3.938408
2.702225 2.949233
3.130401 -2.490098
-1.639517 -3.648559
-3.973416 0.460401
0.407668 -3.979172
-3.671965 -1.586401
1.832707 -3.555445
-3.984786 -0.348541
-3.492584 1.949836
3.812081 -1.211626
-0.122790 3.998115
-2.926899 2.726401
-0.583573 -3.957201
-2.006106 3.460569
2.902568 -2.752290
3.648471 -1.639712
1.575023 3.676861
-2.772166 -2.883590
0.549189 -3.962120
1.227542 3.806986
1.268267 -3.793613
3.986091 -0.333286
2.562955 3.071036
3.719765 1.470834
-1.180574 -3.821812
-0.799143 -3.919358
-3.388334 -2.125839
-3.692109 1.538938
-0.902595 -3.896835
1.269158 -3.793315
-2.148353 3.374104
-1.159880 -3.828143
-2.871268 -2.784928
3.875296 -0.991001
1.408463 3.743826
0.823404 3.914333
3.543365 1.855953
-3.317765 -2.234376
-3.440847 2.039748
0.675075 -3.942623
-0.343510 -3.985223
1.110425 -3.842780
-1.712897 -3.614690
2.462955 3.151802
-0.336043 3.985859
1.197651 3.816495
1.379337 -3.754654
-1.501662 -3.707427
-2.550661 -3.081254
-0.700977 -3.938100
-1.476256 -3.717616
-2.063050 3.426926
-0.893632 -3.898900
3.297432 -2.264276
-1.709335 -3.616376
-1.920876 -3.508594
0.186177 -3.995665
-2.589211 -3.048932
3.484987 1.963381
-0.718562 3.934929
3.640686 1.656928
-3.230457 -2.358844
0.303174 3.988494
-3.108549 2.517324
-3.851189 1.080900
-3.637535 1.663832
-3.533208 -1.875217
0.325706 -3.986717
3.998710 0.101579
-2.104022 3.401925
0.558873 -3.960765
-2.747979 -2.906650
-1.370530 3.757878
3.561035 1.821820
3.380940 -2.137579
3.877304 -0.983116
0.170644 3.996358
0.309922 -3.987975
-2.153445 -3.370857
-3.119936 -2.503198
-1.778412 -3.582911
-3.969361 0.494137
0.032815 3.999865
0.824096 3.914188
1.378581 3.754932
-2.896943 -2.758209
-0.221437 -3.993866
-3.988057 0.308870
-2.557757 -3.075367
0.083958 -3.999119
-2.589997 -3.048264
-0.478147 -3.971319
0.159728 -3.996810
1.661616 -3.638548
2.129034 -3.386327
3.155383 -2.458365
3.799074 -1.251814
-0.934652 -3.889271
-3.273778 -2.298343
-1.509714 -3.704155
-3.072582 -2.561101
0.925511 -3.891456
-2.144935 3.376278
-0.286637 -3.989717
-0.839235 -3.910970
-2.159550 -3.366949
0.636738 -3.948995
-3.985061 -0.345386
3.430929 2.056387
-3.170493 -2.438847
0.907548 3.895684
0.619884 -3.951676
-2.868096 -2.788193
-2.071017 -3.422117
0.016652 -3.999965
2.630817 3.013105
-3.918611 -0.802802
1.783843 -3.580210
-1.942617 -3.496604
2.327951 -3.252790
-3.834257 1.139506
1.080958 -3.851173
2.424039 -3.181829
3.778841 1.311626
-3.868473 1.017307
0.193858 -3.995300
-0.427261 -3.977116
-3.690606 -1.542539
-1.110269 3.842825
1.469429 -3.720320
1.506784 3.705348
3.904160 -0.870366
-3.115743 2.508415
0.905659 -3.896124
-3.849391 1.087284
-3.496141 -1.943451
-3.264524 -2.311468
1.210498 -3.812440
2.952978 -2.698133
-3.548752 -1.845632
2.245420 -3.310300
-1.853904 3.544438
2.932999 2.719837
3.119328 -2.503956
0.641788 3.948178
-3.679874 -1.567969
-1.744056 -3.599760
-3.561863 1.820201
-0.536177 -3.963901
1.964978 3.484087
1.719062 -3.611762
3.745001 -1.405336
3.927025 -0.760576
3.991762 -0.256578
-1.486396 -3.713573
-0.632858 3.949619
0.529310 3.964824
-0.351933 -3.984488
-2.614346 -3.027408
-3.357858 -2.173657
-2.464831 3.150335
1.535724 3.693447
-0.899779 -3.897486
-0.148279 3.997251
-2.773077 -2.882715
-1.242101 3.802261
-3.913398 -0.827836
-1.771656 3.586256
-2.593022 3.045691
-1.686179 -3.627231
3.427985 2.061291
-1.386030 -3.752189
-3.293154 -0.545727
-0.258698 -3.991626
3.052401 2.585121
1.972079 3.480072
-3.564974 1.814100
-0.758608 3.927406
-3.389051 -2.124695
2.301409 3.271623
-3.317390 2.234932
1.026162 3.866134
-1.864328 -3.538966
-3.982710 -0.371513
-3.639947 -1.658549
-2.593389 3.045379
-1.515275 3.701883
3.164883 2.446122
-2.144062 -3.376832
3.304904 2.253356
2.993083 2.653574
-0.218713 -3.994016
2.413180 3.190073
-3.913366 -0.827989
-3.037383 2.602749
2.157861 3.368031
-3.785129 -1.293368
-0.961825 -3.882640
0.847428 3.909203
2.016043 -3.454789
0.327923 3.986536
-1.219976 3.809417
-3.437621 2.045180
0.311477 3.987854
-3.576956 1.790359
-1.644215 -3.646445
-2.538980 3.090887
-1.082062 3.850863
2.833529 2.823316
-3.719714 -1.470963
-3.999646 -0.053193
-0.514463 -3.966778
-1.100177 -3.845726
-3.978730 0.411960
-0.879402 3.902134
-3.830341 -1.152599
2.644672 -3.000951
-3.676232 1.576489
-3.117428 2.506321
-0.722613 -3.934187
2.207974 3.335394
-3.694397 1.533437
-0.686024 3.940732
-3.835274 -1.136078
-1.133767 -3.835958
-2.238895 3.314717
-2.360470 3.229269
-2.345189 3.240384
-1.006309 3.871349
2.931607 -2.721338
-3.383248 -2.133924
1.031934 3.864597
-3.973298 -0.461413
-3.967155 0.511548
-2.490247 -3.130282
-1.726374 3.608273
-3.999227 -0.078614
-3.503844 -1.929527
-2.577735 3.058641
-1.968350 -3.482183
-0.221948 -3.993838
-1.195136 -3.817283
-0.932092 3.889885
-3.880465 0.970560
-3.530774 1.879797
2.931378 2.721585
-0.956018 3.884074
-3.556659 1.830348
3.499047 -1.938213
-3.918936 -0.801211
-2.342749 3.242148
-0.277630 3.990354
-3.853351 1.073167
0.432935 -3.976502
2.349174 3.237496
3.315680 2.237468
-3.900885 0.884928
2.655792 2.991115
1.310223 3.779328
1.419510 -3.739651
0.800649 3.919051
-3.295147 -2.267599
-2.285512 3.282748
-2.027107 -3.448309
2.327449 3.253150
-0.887679 -3.900260
-1.517376 3.701023
3.876049 -0.988051
-3.587936 1.768251
-1.094859 3.847244
0.023507 -3.999931
-0.363225 3.983474
2.880670 -2.775201
-0.399672 -3.979983
0.132832 -3.997794
-0.706845 3.937051
-2.554486 3.078084
3.998572 0.106864
-3.985821 0.336503
3.985153 -0.344317
0.839748 3.910860
-2.155449 3.369575
-3.429026 -2.059559
0.952884 -3.884844
-2.290559 -3.279228
0.075700 3.999284
-2.686726 -2.963360
-3.521849 -1.896465
-3.272262 -2.300500
-2.940199 2.712052
-3.998817 -0.097259
-0.311297 -3.987868
-3.672272 1.585691
2.188730 3.348053
1.693037 -3.624034
-3.551101 -1.841109
-2.536514 3.092910
-2.824558 2.832291
1.396174 3.748426
-2.485279 -3.134228
-3.965988 -0.520519
2.903760 2.751032
-3.945592 0.657500
-2.898876 2.756178
3.989742 0.286291
-3.947282 -0.647273
3.916063 -0.815139
0.737960 3.931338
-3.590378 1.763289
-3.368325 -2.157403
3.369393 2.155735
3.993320 0.231070
-1.977139 3.477200
-3.096091 2.532631
1.991884 -3.468774
-3.109077 -2.516672
3.988551 -0.302422
3.755878 1.376001
-3.930935 -0.740099
-3.765514 1.349409
2.066998 3.424547
-3.890495 -0.929540
0.575427 -3.958394
1.272682 3.792134
-1.841877 3.550702
-2.557309 -3.075739
2.572659 3.062911
-3.755171 -1.377929
0.990640 3.875388
-3.235729 2.351608
-0.244993 3.992490
-2.217900 3.328801
-3.880552 0.970214
-3.579195 -1.785879
2.253750 -3.304635
2.469315 3.146821
1.195844 3.817061
-0.568615 -3.959378
1.671281 3.634119
-1.218475 3.809897
3.665990 -1.600161
0.979300 -3.878269
3.634557 1.670328
3.290163 2.274824
-1.471759 3.719398
0.584982 3.956993
-3.938845 0.696776
3.274269 2.297643
-0.758610 3.927405
-0.020972 3.999945
2.305275 3.268900
0.620772 3.951537
0.152182 -3.997104
0.091864 3.998945
-3.906109 0.861575
-2.019505 3.452767
-3.183221 -2.422210
-0.025774 -3.999917
3.709179 -1.497327
-0.422145 3.977662
3.839273 1.122488
-3.120615 -2.502351
-0.940417 -3.887881
2.442262 3.167863
-1.049915 3.859751
-3.469345 1.990890
3.822510 1.178311
0.102730 3.998681
3.114386 2.510100
-3.999553 -0.059797
-0.694284 3.939286
0.719623 3.934735
-1.788833 3.577720
2.545381 3.085617
0.380486 3.981863
0.977861 -3.878632
-2.083816 -3.414339
-3.649527 1.637361
-3.287384 2.278838
2.621133 3.021533
3.612993 1.716474
-1.009003 3.870648
-0.193171 3.995333
-2.991397 -2.655475
-3.858652 -1.053947
3.820895 1.183538
3.975172 0.444982
-3.449593 2.024922
-1.128939 3.837381
-0.670051 -3.943480
-0.696210 -3.938945
-0.128262 -3.997943
3.632870 1.673993
-1.595908 -3.667844
-3.574151 1.795953
-3.704755 1.508241
0.475431 3.971645
-3.673213 1.583510
-3.388825 2.125057
-0.897427 3.898028
-3.782939 -1.299758
0.005542 3.999996
-2.229711 3.320902
-2.026521 3.448654
-2.937595 2.714873
-3.959879 0.565119
-3.256179 2.323209
0.267538 3.991043
-0.506572 3.967793
-2.506645 3.117167
-3.212372 2.383414
3.889661 -0.933024
-0.520685 3.965966
-1.799553 3.572339
-1.991236 3.469147
3.954827 0.599453
-0.387542 3.981182
-3.883576 -0.958039
-3.859069 1.052418
0.538282 3.963616
-3.999109 0.084441
-0.780287 3.923156
3.656481 1.621773
-1.597986 3.666939
-0.121292 3.998161
0.987526 3.876183
-1.605081 3.663839
-1.587731 3.671391
3.598892 1.745846
-2.972940 2.676122
-2.092898 3.408780
-3.741661 -1.414205
-3.618267 1.705329
-3.910524 0.841308
1.572416 3.677976
-2.005332 3.461018
-3.152249 2.462383
1.158204 3.828650
-0.907354 3.895730
-0.376172 3.982273
1.708861 3.616600
1.391079 3.750320
-1.781743 -3.581256
2.300042 -3.272584
1.541800 3.690915
-3.577030 1.790211
-0.256141 3.991791
1.985408 3.472486
-1.677295 -3.631347
-2.328390 3.252476
-0.284421 3.989875
-3.053801 -2.583466
1.332965 3.771366
2.800001 2.856571
-1.892732 3.523857
-0.844752 3.909782
0.984255 -3.877014
-2.071837 3.421621
-0.535740 -3.963961
1.657162 3.640579
-1.228207 -3.806771
1.810583 3.566762
1.855274 3.543721
-1.567046 3.680267
-2.888335 2.767222
-3.530533 -1.880250
-1.480614 3.715882
-3.849186 1.088011
2.617732 3.024480
3.085804 2.545155
3.015290 2.628313
3.915182 0.819359
-0.581088 3.957567
3.836567 1.131705
-3.738568 1.422362
-3.982877 0.369721
3.719680 -1.471048
-3.835968 -1.133734
-3.999972 -0.015092
-2.221447 3.326435
3.339015 2.202494
-3.076304 2.556630
2.656704 -2.990305
-1.554246 3.685691
3.714379 1.484381
-0.734257 -3.932031
3.999029 -0.088115
-3.258695 2.319679
-3.858330 1.055127
2.516433 3.109271
-3.198728 -2.401695
-0.247831 -3.992315
-1.487716 3.713045
-2.956330 2.694460
-3.799936 1.249195
-3.995637 0.186777
-1.247470 3.800502
-1.894142 3.523099
-1.544119 3.689945
3.625223 1.690491
2.612746 -3.028789
-0.863687 -3.905643
-1.815669 3.564176
-0.443771 3.975307
-1.208831 3.812968
-3.739442 1.420062
-3.825061 -1.170003
0.662284 3.944791
-2.283361 3.284244
-3.242427 2.342363
-3.976289 -0.434890
-3.440181 2.040871
-3.974354 -0.452226
-3.960736 -0.559083
-2.648117 2.997912
-0.416448 -3.978262
-3.592871 1.758202
-0.603451 3.954219
-3.791688 1.274012
3.442688 2.036639
-3.604629 1.733969
-0.864339 3.905498
-3.696593 1.528136
-2.155485 -3.369553
-3.722279 -1.464459
3.674685 -1.580092
-2.390241 3.207296
-1.733930 -3.604648
-3.979044 0.408911
0.900502 3.897319
0.712091 3.936105
-0.977779 -3.878653
0.896975 3.898132
-3.508622 1.920825
-1.005065 3.871672
3.677987 1.572391
0.694474 3.939252
0.145532 3.997352
-2.177162 3.355587
2.916542 -2.737478
-3.848491 -1.090466
-1.461558 3.723419
1.194984 -3.817331
-0.217897 3.994061
-0.557481 3.960961
-3.789856 -1.279449
0.375010 3.982382
-3.997802 0.132591
3.878861 0.976953
-0.079452 3.999211
0.140104 3.997546
-3.984045 0.356910
2.926183 2.727169
-3.620784 -1.699977
-3.953930 -0.605339
-2.064808 -3.425867
-2.069676 3.422929
-3.998367 -0.114293
0.078544 3.999229
-1.167586 -3.825800
3.996329 0.171323
1.373758 -3.756699
2.391162 3.206609
-3.987853 0.311498
1.853270 -3.544769
-0.875376 3.903039
-3.453956 -2.017471
-1.951995 3.491377
-1.539083 -3.692049
-2.486382 3.133354
1.625240 3.654941
-1.255787 -3.797762
0.988529 -3.875927
-3.640465 -1.657412
-1.580886 3.674343
0.445132 -3.975155
3.490812 1.953006
-1.942455 3.496694
2.254071 3.304416
-3.314716 -2.238897
-3.564013 1.815988
2.239826 3.314088
-0.552559 3.961651
-3.985548 0.339721
-3.759185 1.366942
0.263986 3.991279
-3.274241 2.297683
-3.725171 1.457087
-3.137206 2.481520
1.193352 3.817841
-3.959944 -0.564665
3.314758 2.238835
3.822789 1.177407
2.223575 -3.325014
0.308561 3.988081
-3.619873 1.701917
-1.781339 -3.581457
-2.944384 2.707508
1.659440 -3.639541
-3.858166 1.055726
3.748588 1.395738
-3.171549 -2.437474
-1.957958 -3.488037
1.702679 -3.619514
-3.883136 0.959820
-2.390863 3.206833
-3.738264 1.423160
-1.185250 3.820364
-3.557203 -1.829291
1.149103 3.831392
3.992105 -0.251189
-2.521316 -3.105313
3.939380 -0.693745
3.999999 0.002739
1.528412 3.696479
-1.716244 3.613102
0.944275 -3.886945
2.213323 3.331847
-3.365760 -2.161403
1.016253 3.868751
-1.967344 -3.482751
-0.742316 -3.930517
2.982083 2.665929
3.599890 -1.743786
-2.950783 -2.700534
-3.965926 0.520990
-2.311410 -3.264565
-0.503182 3.968225
3.271131 -2.302108
-3.577685 -1.788903
-3.817250 1.195242
-0.700276 3.938225
2.877917 2.778055
-2.019250 -3.452916
-3.996713 0.162120
-2.438365 3.170863
-2.558313 -3.074904
0.111389 3.998449
-3.872321 1.002561
3.190455 2.412675
3.910694 0.840521
-1.952112 3.491312
-0.991027 -3.875289
-2.332523 -3.249513
0.248896 3.992249
3.322233 2.227727
2.847405 2.809321
-2.667493 -2.980685
2.687973 2.962229
-3.574494 1.795269
-1.431024 3.735261
0.921092 3.892504
-3.241473 2.343684
3.640969 1.656304
0.717495 3.935124
-1.548549 3.688088
0.089352 3.999002
-3.639495 -1.659541
-3.855401 1.065778
2.819285 2.837540
-1.543579 3.690171
-3.355512 -2.177278
-3.756301 -1.374846
3.294951 2.267884
-3.879646 -0.973830
-1.877191 3.532160
-1.797130 3.573559
-1.055879 3.858124
-1.022715 3.867047
-3.215257 -2.379522
-1.777587 -3.583320
0.685003 3.940910
0.263872 -3.991287
-3.874314 -0.994834
-3.990175 0.280178
-2.001976 -3.462960
-0.801844 -3.918807
-2.522132 -3.104650
0.259893 3.991548
-2.337662 -3.245818
-2.085382 -3.413383
-1.199604 -3.815881
2.663464 2.984285
1.386017 -3.752194
3.652719 1.630228
3.566999 -1.810116
-2.677730 -2.971492
0.824962 -3.914005
-3.997074 -0.152960
0.683660 -3.941143
1.362251 -3.760887
-0.269557 3.990907
3.003818 2.641416
-3.327651 -2.219625
3.289647 2.275570
3.968162 0.503680
-0.003595 3.999998
1.999265 -3.464526
2.527128 3.100585
3.945274 -0.659403
1.095899 -3.846948
-2.073981 3.420322
-3.803161 -1.239340
-2.082144 -3.415359
-3.069685 -2.564573
3.339861 2.201210
-0.118904 -3.998232
1.884249 -3.528400
-3.999937 0.022377
-2.532547 3.096160
-2.622920 3.019982
3.363122 -2.165504
-2.990570 2.656406
3.980820 -0.391244
-3.677119 1.574418
-2.334954 -3.247767
-1.748413 -3.597645
3.583736 -1.776749
-0.504817 3.968017
-2.249799 3.307326
2.517531 -3.108382
0.010825 -3.999985
-2.195493 -3.343623
-2.477235 3.140591
-2.769588 2.886067
-1.781493 -3.581380
2.768922 -2.886706
3.872817 -1.000643
3.949588 0.633055
-1.719013 -3.611786
-1.890650 3.524974
-0.759056 -3.927319
-3.921132 -0.790397
-3.059574 -2.576627
1.802848 -3.570678
-3.375124 2.146750
-3.756311 -1.374819
-1.680313 3.629951
-2.269111 3.294106
2.877464 2.778525
3.639887 -1.658681
3.984298 -0.354072
0.403113 -3.979636
-3.294318 2.268803
-3.999466 0.065363
0.852769 3.908041
2.769519 2.886133
-1.726395 3.608263
3.711158 -1.492417
0.637942 -3.948801
-2.081209 3.415929
3.214185 -2.380970
-1.359914 3.761733
-2.072855 -3.421004
0.342492 3.985310
-1.868956 3.536524
2.200420 -3.340382
0.547453 -3.962360
1.945136 -3.495203
-3.883724 0.957439
1.892149 -3.524170
3.677539 1.573437
1.233833 3.804952
-0.336558 3.985816
-0.846882 3.909321
-0.545495 -3.962630
-1.624818 -3.655129
3.910333 -0.842198
-3.334870 2.208765
0.992012 3.875037
-0.259436 3.991578
1.899920 3.519987
1.214304 -3.811229
-3.018030 -2.625165
-1.887569 3.526625
-1.597450 3.667172
3.982379 -0.375042
-3.069265 2.565075
-3.381060 -2.137389
-3.407235 -2.095412
3.905863 -0.862688
-1.242651 -3.802081
-0.935269 3.889122
-2.473640 3.143422
0.565197 3.959868
-1.491329 3.711595
3.816866 -1.196468
0.829153 -3.913120
-0.369377 3.982909
-3.001769 2.643744
1.073375 -3.853293
0.978199 -3.878547
-3.164843 2.446174
-3.979502 -0.404432
-1.489250 3.712430
1.277554 -3.790495
0.605426 -3.953917
0.328439 -3.986493
-2.797138 2.859374
0.263146 3.991335
-1.511163 -3.703564
3.050671 -2.587162
0.329526 -3.986403
3.879915 -0.972759
2.615000 3.026843
-0.236785 3.992985
-3.707117 -1.502425
3.928492 -0.752961
1.796448 -3.573902
-2.383783 -3.212099
1.234515 3.804730
-3.668065 -1.595400
1.117946 3.840599
2.185598 -3.350099
2.804743 2.851915
-3.881874 0.964910
3.967753 0.506889
3.639781 -1.658913
1.940431 3.497818
-3.773402 -1.327191
-1.378530 -3.754951
1.289920 -3.786305
3.400908 -2.105665
-3.945471 0.658225
1.514026 -3.702394
-3.259710 2.318252
-3.998223 0.119223
1.881846 -3.529682
-2.748096 -2.906539
-1.555004 -3.685371
-3.356786 2.175313
-2.248781 3.308018
-3.823425 -1.175340
-3.887048 0.943852
-2.224858 -3.324155
-3.970965 -0.481080
-3.342952 -2.196513
-0.319658 -3.987207
-3.008511 2.636069
2.423244 -3.182434
-1.890345 3.525138
0.840811 -3.910631
3.877438 0.982585
-1.137397 3.834883
-0.393083 -3.980639
2.258891 -3.301123
-3.755622 1.376699
-3.849102 1.088310
-3.042176 2.597146
0.925228 3.891523
3.810747 1.215816
-2.319761 -3.258636
-2.392514 3.205601
-0.990545 -3.875412
2.392856 3.205345
0.140602 -3.997528
-1.354467 -3.763697
3.940562 -0.686999
0.756361 -3.927839
3.999404 -0.069041
1.777327 -3.583449
3.898667 -0.894649
2.449330 -3.162401
3.416072 2.080974
0.768533 -3.925475
2.444354 -3.166249
-0.590365 -3.956194
0.922392 -3.892196
-1.861542 -3.540432
2.589114 3.049014
-0.367480 3.983084
-1.145450 3.832486
2.103414 -3.402301
-2.330800 -3.250749
0.931974 3.889913
-0.759592 3.927215
2.982295 2.665693
-2.907076 -2.747528
-3.285271 2.281884
3.701143 -1.517082
-0.910265 3.895050
-2.686396 -2.963659
-3.898040 0.897378
-0.529111 3.964851
-1.497142 -3.709254
-2.293894 3.276896
-3.977772 0.421109
-0.615962 3.952289
1.387188 -3.751761
1.970617 -3.480901
-3.296061 -2.266270
-0.334503 -3.985989
-3.989408 -0.290906
-3.878985 0.976462
-1.484021 3.714523
0.623971 -3.951033
0.494454 3.969322
0.748933 -3.929262
1.276875 -3.790724
3.962699 -0.544989
-1.918170 3.510075
1.278022 -3.790338
0.238184 -3.992902
-2.059092 3.429306
-2.743984 2.910421
-3.552187 -1.839012
-2.238468 -3.315006
1.185412 3.820314
0.963714 -3.882172
3.996717 0.162023
-1.090449 -3.848496
-2.681728 2.967884
0.425142 -3.977343
0.464387 3.972952
3.994424 -0.211130
-3.635652 1.667944
-2.933577 -2.719214
-0.344554 -3.985133
1.463236 -3.722760
1.398569 3.747533
0.017995 -3.999960
-3.955716 -0.593559
-1.388492 3.751278
-2.204047 -3.337990
-3.066650 -2.568201
3.004580 -2.640549
-1.668829 3.635245
-0.396818 3.980268
0.181974 3.995859
2.671320 2.977256
-2.571914 -3.063537
2.190501 -3.346895
3.893434 0.917153
-2.177910 3.355102
-2.355321 -3.233027
2.168989 -3.360876
3.990796 0.271192
3.013140 -2.630777
-3.997125 0.151638
0.254849 -3.991873
-2.867114 -2.789204
0.523921 -3.965540
0.870092 3.904221
-1.029098 3.865353
3.999887 -0.030117
1.706163 3.617873
-2.022416 -3.451063
-3.179602 2.426959
2.601407 -3.038533
-3.419832 -2.074789
3.770579 -1.335191
1.909787 3.514643
-3.954886 0.599065
-3.529184 1.882780
3.849577 1.086625
-1.400218 -3.746918
-2.291129 3.278830
2.359651 3.229868
2.948880 2.702611
1.773172 -3.585507
-0.763780 3.926403
-1.161539 -3.827640
-1.326499 -3.773646
3.639058 -1.660499
3.568536 -1.807084
-2.795796 -2.860686
3.984839 -0.347937
-2.112581 3.396616
2.399165 3.200626
-2.801569 -2.855033
1.201993 3.815129
0.033188 -3.999862
3.968934 -0.497560
-3.551204 1.840910
-1.309829 -3.779464
0.721151 3.934456
3.441371 2.038865
1.508947 3.704467
-2.695766 2.955139
1.591232 -3.669875
-1.379963 -3.754424
-2.132922 -3.383880
-2.972175 -2.676972
0.642181 -3.948114
-3.054831 -2.582248
0.895356 3.898505
-1.976697 -3.477451
2.647573 2.998392
-3.993943 -0.220052
3.763659 -1.354574
0.959682 3.883170
-3.831518 1.148682
-3.925323 0.769313
-2.033693 -3.444429
2.278374 3.287706
-2.637220 3.007502
-1.966523 3.483215
-3.132504 2.487453
-3.678281 1.571703
3.973086 0.463239
2.934203 2.718539
-3.852593 -1.075883
2.020708 3.452063
0.799278 3.919331
2.784827 2.871366
-3.017050 2.626292
3.913548 -0.827131
-3.937561 0.703996
2.754171 2.900783
-2.607609 3.033212
2.390776 -3.206897
-3.965128 0.527031
-2.442680 3.167541
-3.068133 2.566430
-3.163595 -2.447788
1.259389 -3.796570
-1.565545 3.680906
-0.779840 3.923245
1.915536 -3.511513
3.024594 -2.617601
1.541424 3.691072
-3.548096 1.846893
-1.317791 -3.776695
-3.788317 -1.283998
-1.122782 -3.839188
0.770533 3.925083
-0.192153 -3.995382
1.825828 -3.558982
2.931453 -2.721503
-2.681200 2.968361
-2.593349 -3.045413
-1.296693 -3.783991
3.248930 -2.333335
-2.039695 3.440878
-0.348799 3.984763
2.234527 -3.317663
3.336623 -2.206116
-3.830756 -1.151219
-2.112693 3.396546
-3.999986 -0.010736
-3.057537 -2.579044
-3.615942 1.710253
-3.998776 -0.098964
-0.970590 3.880458
0.074072 -3.999314
-0.444219 3.975257
0.573315 -3.958701
0.978548 -3.878459
-1.310117 3.779364
-1.785037 3.579615
3.567466 -1.809195
3.997035 -0.153991
-0.006007 3.999995
0.412370 -3.978687
0.598470 -3.954976
1.238243 -3.803519
-3.519637 -1.900567
-0.358502 -3.983902
-0.992296 -3.874964
-0.424904 -3.977368
0.587580 -3.956608
3.999875 -0.031672
-0.333113 -3.986105
-0.203492 3.994821
3.384814 -2.131439
-1.514944 3.702019
0.613689 3.952643
-3.533983 1.873757
-3.998751 -0.099956
-2.975735 2.673013
0.467705 -3.972562
-2.840597 2.816205
-3.745041 1.405230
2.663103 -2.984607
-2.095911 3.406928
0.505270 3.967959
3.496868 -1.942142
-1.975986 -3.477856
-1.156035 -3.829306
0.537166 -3.963767
-0.331017 3.986280
-1.567097 3.680246
-0.558004 3.960888
3.999798 0.040235
-2.321233 -3.257587
-0.676560 -3.942368
-3.991260 -0.264280
-3.959710 -0.566302
1.968249 -3.482240
3.906588 -0.859402
-2.999288 -2.646558
0.472914 -3.971946
-0.729021 -3.933005
-2.460168 -3.153977
-2.354821 3.233391
-2.049533 -3.435028
-2.280123 -3.286494
-3.790761 -1.276765
-0.893726 -3.898878
3.340458 2.200304
1.341834 3.768220
3.964065 -0.534963
2.220427 3.327117
3.746407 -1.401584
-0.181393 3.995885
-1.999418 -3.464437
-1.817149 -3.563421
-0.500286 -3.968591
-3.146606 2.469590
3.951316 0.622173
-2.079048 3.417244
3.654990 -1.625130
1.315263 -3.777577
-3.999483 -0.064279
2.285769 -3.282569
0.931584 3.890007
0.503381 -3.968199
1.123828 3.838882
-1.102453 3.845074
-0.627973 -3.950399
-1.773580 3.585305
-3.426485 2.063784
3.430284 2.057463
-1.179171 3.822245
-3.104522 2.522290
-1.347321 -3.766262
-2.722471 2.930555
0.487863 3.970137
-3.438588 2.043553
3.934762 -0.719477
-0.378487 -3.982053
1.812144 3.565969
-2.551476 -3.080580
-0.955920 3.884098
2.447194 3.164055
-3.380014 2.139044
-2.338486 -3.245224
2.165309 3.363248
-1.534213 3.694075
-0.494073 -3.969369
1.245474 -3.801157
1.272368 -3.792239
3.400467 -2.106377
-2.223004 -3.325395
-2.176615 3.355942
-3.516486 1.906392
1.422307 3.738588
0.901216 -3.897154
3.425414 -2.065560
-3.636063 1.667048
0.275692 3.990488
3.823533 -1.174989
1.211740 3.812045
-1.010805 3.870177
-3.728966 -1.447346
-3.922070 -0.785729
-1.063806 3.855946
3.596893 -1.749960
1.935689 3.500444
3.187029 2.417198
-1.986904 3.471629
-1.109335 3.843095
3.960519 -0.560612
0.916846 3.893507
-1.183103 -3.821030
-2.240409 3.313694
3.711852 -1.490690
-3.956877 0.585766
-3.606298 -1.730495
3.317679 -2.234503
-3.690859 1.541935
1.241492 3.802459
-0.763100 -3.926535
-0.203161 -3.994837
0.421192 -3.977763
1.158160 -3.828664
-3.982497 -0.373787
-0.464425 -3.972947
-1.989496 -3.470145
-3.450253 -2.023797
-3.385658 2.130099
-3.352257 -2.182286
-2.989269 -2.657870
0.167599 -3.996487
0.056712 -3.999598
-2.619359 3.023071
-2.463397 -3.151456
3.458199 -2.010190
-2.397135 -3.202147
-0.116688 -3.998298
0.380758 -3.981837
-3.232778 -2.355663
-1.665760 -3.636653
-3.801168 -1.245442
-2.242316 3.312404
-3.524629 -1.891292
-3.994301 -0.213452
1.479343 3.716389
-3.429318 2.059071
-1.668302 -3.635487
-3.572530 -1.799175
-3.321902 -2.228221
0.211745 -3.994392
2.758487 -2.896679
0.308761 3.988066
-3.050506 -2.587356
-1.803765 -3.570214
-3.279232 -2.290554
-3.525195 1.890238
0.852735 -3.908049
2.726746 -2.926578
1.904355 -3.517589
3.820364 -1.185250
2.401024 3.199232
2.346929 -3.239124
-3.998821 0.097106
-1.524689 -3.698016
-0.953880 3.884599
-1.631821 -3.652008
-3.988302 -0.305691
-3.931196 -0.738716
-2.280179 -3.286455
1.182004 -3.821370
1.034866 -3.863813
-3.999844 -0.035376
2.034646 -3.443867
-1.244717 -3.801405
-3.946737 0.650590
-0.749167 -3.929217
-1.439760 -3.731902
2.393631 -3.204767
-0.701394 3.938026
3.964181 -0.534109
-3.779228 -1.310510
0.652773 -3.946376
3.747625 -1.398323
-0.712981 -3.935944
-2.844050 -2.812718
2.518274 -3.107780
-3.481256 -1.969990
-3.046656 -2.591888
-2.084959 -3.413641
1.633461 -3.651274
-2.764706 2.890744
1.030211 3.865057
-3.558587 -1.826597
3.998389 -0.113518
0.105506 -3.998608
2.941889 -2.710219
3.343967 -2.194968
-3.874200 -0.995275
3.191541 -2.411237
1.968747 -3.481959
-2.673344 -2.975438
-0.801875 -3.918800
0.852313 -3.908141
-0.995906 -3.874038
-3.963444 0.539545
-3.978592 -0.413289
-2.638113 -3.006719
-1.408751 -3.743718
-2.194707 -3.344139
0.898345 -3.897817
-3.960941 -0.557626
-0.231118 3.993317
-3.904020 -0.870991
-0.924093 -3.891793
-3.200308 -2.399589
3.461036 -2.005300
-3.677281 -1.574042
1.752539 3.595637
2.625349 -3.017870
-3.018360 -2.624786
-3.570405 -1.803388
-1.827501 -3.558123
0.092650 -3.998927
-1.565275 -3.681021
3.835135 -1.136546
-2.483165 -3.135904
1.348404 -3.765874
-2.962396 -2.687789
-0.885537 -3.900747
-3.497760 -1.940534
1.952047 -3.491348
3.606738 1.729579
-3.975791 -0.439411
-3.762539 1.357683
-3.371260 -2.152814
3.958119 0.577316
2.526518 -3.101082
-3.467146 -1.994717
-2.278787 -3.287420
-3.817336 -1.194966
3.370092 -2.154641
-3.786653 -1.288898
-3.046318 -2.592286
1.648148 -3.644669
1.619891 -3.657315
2.862730 2.793703
-3.409996 -2.090915
-1.315440 -3.777515
-0.651565 -3.946576
-2.357215 -3.231646
-2.651747 -2.994702
-3.288588 -2.277102
-3.381242 -2.137101
3.998843 0.096217
-1.973117 -3.479484
0.896980 -3.898131
-2.883719 -2.772032
0.521263 -3.965890
-2.014183 -3.455874
0.541889 -3.963124
-2.333558 -3.248770
-1.340263 3.768779
0.889091 -3.899938
-3.525750 1.889203
3.853798 1.071561
-2.487794 -3.132232
-3.652046 -1.631736
1.730226 3.606427
-2.845915 -2.810830
3.088443 2.541952
-3.856739 -1.060927
2.356751 -3.231985
3.957162 -0.583843
2.680585 -2.968917
-3.912802 0.830650
-3.380172 -2.138794
-3.879043 -0.976228
-2.005257 -3.461061
-1.286292 -3.787539
-2.812901 -2.843869
1.541187 3.691171
-1.116738 -3.840950
-3.100483 -2.527253
1.687035 -3.626833
-3.010071 -2.634288
-2.905701 -2.748982
-3.978517 0.414008
-3.987895 -0.310959
0.834728 -3.911934
1.033362 3.864216
-3.932754 -0.730373
-2.855686 -2.800903
-3.898147 0.896910
2.876473 2.779551
0.795723 -3.920054
-3.962749 0.544626
-3.995191 -0.196083
-2.571923 -3.063529
1.969010 3.481810
-2.378763 -3.215818
-3.895463 -0.908497
-2.532436 -3.096250
-3.740318 -1.417753
-0.983129 -3.877300
-3.409965 -2.090967
-2.615766 -3.026180
3.643517 -1.650691
2.872750 2.783398
-0.545314 -3.962655
2.512249 -3.112653
3.884434 -0.954555
-1.569566 -3.679193
0.815633 3.915960
-2.418699 -3.185890
-1.470319 -3.719968
-0.563826 -3.960063
-3.415376 -2.082116
-3.998391 0.113431
-3.986504 0.328311
-3.676612 1.575603
3.513493 -1.911902
-3.915095 -0.819777
-3.741146 -1.415565
-1.647860 -3.644799
-1.562784 -3.682079
-1.171430 -3.824625
-3.999917 0.025759
-3.389078 -2.124652
0.290296 -3.989452
-3.067993 -2.566596
-1.270219 -3.792960
-3.999975 0.014063
-1.860185 -3.541145
-3.948780 0.638069
-2.393384 -3.204951
-3.959976 -0.564440
-2.278739 -3.287453
-3.811771 1.212601
-2.532893 -3.095877
2.441306 3.168600
-3.999011 -0.088939
3.281482 2.287330
-2.042551 -3.439184
-3.352353 -2.182139
-0.977426 -3.878742
3.780205 1.307688
-1.970293 -3.481084
-3.807455 -1.226085
-3.825812 1.167545
3.454957 2.015756
-3.594623 -1.754618
-0.347919 -3.984840
-3.667453 -1.596806
-0.744395 -3.930124
-3.967039 0.512444
3.668554 -1.594273
3.566139 -1.811809
-1.515787 -3.701674
3.292966 -2.270766
-3.483226 -1.966504
-3.999995 0.006351
0.421127 -3.977770
-0.792393 -3.920729
2.975046 2.673780
0.743040 -3.930381
-3.277811 -2.292587
-3.782691 -1.300481
-2.494388 -3.126984
-2.354022 -3.233973
0.611232 3.953024
-1.130655 -3.836876
2.177045 -3.355663
-3.868843 -1.015899
1.247004 -3.800655
0.233747 -3.993164
-3.709946 -1.495427
-3.933825 0.724584
1.556270 -3.684837
-3.177251 -2.430037
0.712705 -3.935994
2.226153 3.323288
-3.031942 -2.609085
-3.228524 -2.361490
2.955672 2.695182
-1.894855 -3.522715
-3.676964 -1.574782
-0.511792 -3.967124
-2.469833 3.146414
2.833102 -2.823744
-1.707553 -3.617218
-3.160532 -2.451742
-1.383279 -3.753204
-1.619191 -3.657625
-3.141872 -2.475609
-1.682169 -3.629092
-3.648814 -1.638950
3.711822 -1.490763
-1.737483 -3.602937
3.527365 1.886186
-0.534500 -3.964128
-2.854448 -2.802165
0.069854 -3.999390
-0.744794 -3.930049
1.040329 -3.862346
-1.437604 -3.732733
2.828122 2.828732
-3.282242 -2.286238
-3.998502 0.109450
3.839870 -1.120447
-0.730046 3.932815
-3.392350 -2.119425
2.036017 -3.443056
2.824707 -2.832142
-1.505191 3.705995
-3.488597 -1.956960
3.793065 1.269903
-3.940330 0.688333
-3.991614 0.258877
-3.021435 -2.621246
-0.607976 -3.953526
-2.055547 -3.431432
-1.558674 -3.683821
-3.614194 -1.713943
-3.157789 -2.455274
-0.532763 -3.964362
-1.111820 -3.842376
-2.107197 -3.399959
1.891127 -3.524718
1.818978 -3.562488
0.690346 3.939977
1.275115 -3.791317
-1.998590 -3.464915
-1.243465 -3.801815
0.734244 -3.932033
-3.446606 -2.030002
-3.861140 -1.044795
3.807832 1.224915
-2.720611 2.932282
3.999734 -0.046162
-1.691286 -3.624852
-3.679356 -1.569185
2.639057 3.005891
0.236218 -3.993019
-3.994528 -0.209162
3.290784 2.273927
-3.970975 0.481000
3.919102 -0.800400
-1.075626 -3.852665
2.453259 -3.159355
3.329731 2.216504
-0.230111 -3.993376
-1.235418 3.804437
3.312752 -2.241802
-3.993127 0.234392
-0.974928 -0.627984
-1.690820 -3.625069
1.317034 -3.776959
2.480229 3.138227
-3.114252 -2.510266
-3.257598 -2.321218
-0.266667 -3.991101
-0.306162 -3.988266
-3.925766 0.767049
3.018702 2.624393
-3.808928 -1.221503
2.376137 -3.217759
3.860012 1.048956
-3.707959 -1.500346
2.853337 -2.803296
-3.116557 -2.507404
2.937297 -2.715196
-1.708014 -3.617000
3.008831 -2.635704
-3.629919 -1.680383
-3.854304 -1.069740
-2.693089 -2.957578
-3.542196 -1.858184
-2.010886 -3.457793
-3.812816 -1.209310
-3.798612 1.253213
-2.787450 -2.868819
-3.663300 -1.606311
1.160730 3.827885
-2.640848 -3.004318
-2.805706 -2.850968
-1.476795 -3.717402
0.377698 3.982128
-2.708952 -2.943056
-3.500600 -1.935407
-0.513563 3.966895
-3.479571 -1.972963
2.163045 3.364705
-3.868041 -1.018951
0.614291 -3.952549
-1.486214 -3.713646
-2.320509 -3.258104
-3.584269 -1.775673
2.853807 2.802818
-3.549555 -1.844087
-3.985107 0.344851
-1.167223 -3.825911
-3.272087 -2.300749
3.364910 2.162726
1.178381 -3.822488
-2.637347 -3.007391
-2.131142 -3.385001
1.531913 -3.695029
-3.928183 0.754574
-3.450957 -2.022596
-2.484448 -3.134887
3.403283 2.101824
-1.192482 -3.818113
-3.476753 -1.977925
-3.881772 -0.965320
1.584333 -3.672859
-0.599844 -3.954768
-0.318213 -3.987322
-1.005125 -3.871656
-1.810758 3.566673
-3.926956 -0.760931
2.580022 -3.056712
-3.845978 1.099298
-3.259555 -2.318469
-3.629985 -1.680241
-2.410800 -3.191871
-3.798212 -1.254426
-2.772605 -2.883169
-3.999672 -0.051245
1.520522 -3.699732
1.249458 -3.799849
-2.208522 -3.335031
-2.420153 -3.184785
-3.929184 0.749343
-0.682674 3.941314
-0.238078 -3.992909
-1.457274 -3.725098
3.775558 1.321045
-3.339157 -2.202278
-3.319235 -2.232191
-2.796634 -2.859867
2.909024 2.745466
3.354180 -2.179329
-2.606181 -3.034439
-1.710055 -3.616036
-3.742524 -1.411919
3.863898 -1.034549
3.892645 -0.920495
2.692080 -2.958497
1.863230 3.539544
-3.981928 -0.379800
-3.921410 -0.789014
-2.774162 -2.881670
-2.945531 -2.706260
-3.767570 -1.343659
-2.065252 -3.425600
0.570464 -3.959112
-1.494645 -3.710261
-3.990709 0.272480
-1.752154 -3.595825
-0.006989 3.999994
-3.944531 0.663833
2.818013 -2.838803
-3.112889 -2.511956
0.387464 3.981190
1.891922 3.524292
2.038791 3.441414
-3.702085 -1.514782
-3.456755 -2.012672
-3.975127 -0.445383
-3.408455 -2.093426
-3.962067 -0.549569
-3.124513 -2.497482
-3.772806 -1.328885
3.402465 2.103148
-0.305300 -3.988332
-2.375833 -3.217984
-2.750182 -2.904566
-1.781220 -3.581516
2.729243 -2.924249
3.928822 -0.751237
2.189626 3.347467
-3.187876 -2.416081
-2.689753 -2.960613
-3.970200 0.487351
-3.996048 0.177761
-3.561772 -1.820379
-3.299186 -2.261719
2.224370 -3.324482
1.871825 3.535007
-3.307443 -2.249626
-1.062362 -3.856344
-3.607757 -1.727452
0.346393 -3.984973
-0.042536 -3.999774
0.119896 3.998203
-3.468599 1.992189
-1.502161 -3.707224
-1.857826 -3.542384
3.673595 -1.582625
-3.605909 -1.731305
-3.999528 0.061455
-0.430168 -3.976802
-3.703157 -1.512160
-3.947718 -0.644611
-2.866221 -2.790122
-3.196211 -2.405043
-3.530017 -1.881218
3.453480 -2.018285
-1.920971 -3.508542
-3.208955 -2.388013
3.086130 -2.544760
2.049219 3.435215
-1.050387 -3.859623
2.880284 -2.775602
1.759987 -3.591998
-2.595536 -3.043550
-3.931881 -0.735062
-2.134835 -3.382674
-1.824324 -3.559753
2.673091 -2.975665
3.228032 -2.362163
