-1.217397
-0.740027
-1.139400
-1.442020
-0.238775
-1.563026
-1.279992
-1.293449
-1.449854
-1.030351
-1.027281
-1.550189
-1.056604
-0.330634
-1.632650
-1.607702
-1.328521
-0.716423
-1.153851
-1.011288
-1.489265
-0.911593
-0.998562
-1.521628
-1.360995
-1.178180
-1.866579
-1.703753
-1.914292
-1.328220
-1.195769
-0.896054
-1.523212
-1.462654
-1.638132
-0.371473
-1.310385
-1.200346
-0.945425
-1.198641
-1.193200
-1.286738
-1.863599
-0.499636
-1.564942
-0.928515
-1.278046
-1.447744
-1.391396
-1.686598
-1.450797
-0.614264
-1.331439
-1.381103
-1.208369
-0.872205
-1.324061
-1.179999
-0.992196
-0.542609
-1.198781
-1.573267
-1.620017
-1.040534
-1.481628
-1.247291
-1.625431
-1.023247
-0.938654
-0.887049
-1.181479
-1.406683
-1.697415
-0.974916
-1.284900
-1.240836
-0.008198
-1.136626
-1.300807
-1.302573
-1.349438
-1.113921
-1.797597
-0.982513
-0.934200
-1.582433
-0.478868
-0.964098
-1.682019
-1.447989
-2.062864
-1.044429
-1.072478
-1.243609
-1.320133
-1.387925
-1.733146
-0.620913
-1.125335
-0.774658
-1.083150
-1.491260
-1.630780
-1.348557
-1.741357
-1.638135
-1.575298
-1.333070
-1.367792
-1.023375
-1.724780
-0.742391
-0.829431
-1.827846
-0.999636
-1.067686
-1.425101
-1.020032
-1.127485
-0.348841
-1.288570
-1.801046
-1.357115
-1.505848
-0.727290
-0.876172
-1.002409
-0.586980
-1.910386
-1.321066
-2.071371
-1.437814
-1.365922
-1.512089
-1.441538
-1.119688
-1.801696
-1.783917
-0.865539
-1.401733
-1.429746
-0.742662
-0.779240
-1.465821
-0.961114
-0.791023
-1.611914
-0.837371
-1.179058
-1.180207
-0.976476
-1.552654
-1.998854
-2.150837
-0.821147
-1.366628
-1.331114
-1.525913
-1.122263
-1.078102
-1.697380
-1.700823
-1.150765
-1.977700
-1.588560
-1.049607
-0.509639
-0.712408
-1.474765
-1.396460
-1.593966
-1.416928
-1.276288
-1.579774
-1.777975
-1.305167
-1.333302
-0.988205
-1.793024
-1.510009
-1.370767
-1.508450
-1.541263
-1.179648
-1.516625
-1.216584
-2.075181
-2.127983
-0.796040
-0.724895
-1.544380
-0.478801
-1.157728
-0.437297
-1.482179
-1.433680
-1.720060
-1.011392
-0.650237
-0.788660
-1.321627
-1.086188
-1.200391
-0.968337
-1.726284
-1.652383
-1.353471
-1.163144
-1.389522
-1.409297
-1.694942
-1.191057
-1.612985
-1.166203
-1.343394
-1.254796
-1.103105
-1.779879
-1.447331
-1.057804
-1.082513
-1.317493
-1.139364
-1.023853
-1.332914
-1.446548
-1.674268
-1.654644
-1.536323
-1.321534
-0.996146
-0.512418
-1.587013
-1.157834
-0.913858
-0.685207
-1.195754
-1.329772
-0.801400
-1.163925
-1.768078
-1.352279
-1.185524
-1.213001
-1.058387
-1.737475
-1.317333
-1.681921
-1.905141
-1.100339
-1.908657
-1.264689
-1.480154
-1.668606
-1.173723
-2.069556
-1.474827
-1.262612
-1.408141
-1.304827
-1.084659
-1.302592
-0.774418
-0.831618
-1.049930
-1.423581
-1.434990
-1.437614
-1.112949
-1.093453
-1.044070
-1.483002
-1.576177
-1.101028
-0.939715
-0.972660
-1.485189
-0.802871
-1.429294
-1.752370
-0.546805
-1.576212
-1.067713
-0.777909
-1.407616
-1.166419
-1.027735
-1.686601
-1.467127
-0.660436
-1.126670
-1.584162
-1.247638
-0.756140
-1.735455
-1.061311
-1.057501
-0.615400
-1.651522
-1.177515
-1.113822
-1.524394
-0.876492
-1.710040
-1.173256
-1.677781
-1.459770
-1.533646
-1.281136
-1.742949
-1.218371
-1.303441
-1.369729
-1.691168
-0.970886
-1.345880
-0.973705
-1.398947
-0.998705
-1.958243
-0.742433
-0.917485
-1.215110
-1.464545
-1.622598
-0.910943
-1.642894
-0.693348
-1.224555
-1.005021
-1.446330
-1.363928
-0.974217
-1.364473
-0.980438
-1.229084
-1.477915
-1.561845
-1.675004
-1.834677
-0.764122
-1.572120
-1.321575
-1.104634
-1.126313
-1.173549
-1.294505
-1.150746
-0.952420
-1.220816
-1.103486
-1.955989
-0.889786
-1.083208
-1.148124
-1.457052
-1.302909
-0.755971
-1.259445
-1.461807
-1.256133
-1.090893
-1.405182
-1.307252
-1.234059
-1.243983
-0.994956
-1.652313
-1.530852
-1.186020
-1.707144
-1.307755
-1.662024
-1.606530
-1.862724
-1.603237
-1.283806
-0.905640
-1.216737
-1.171125
-1.241634
-1.019854
-0.962481
-0.873664
-1.449408
-1.461384
-1.490893
-1.377253
-1.324265
-1.257264
-1.937109
-1.116833
-1.500579
-1.454293
-1.197071
-1.267285
-1.018995
-1.337433
-1.667181
-1.338919
-1.244013
-1.612129
-1.339832
-1.525612
-1.535885
-1.032164
-0.992059
-1.274006
-2.130062
-1.084533
-1.960163
-1.404982
-1.798923
-0.977650
-1.857895
-2.081707
-0.668431
-0.594897
-1.988600
-1.591088
-1.968595
-0.965229
-1.910583
-1.551267
-0.728582
-1.661246
-1.493795
-2.159342
-1.165690
-1.412747
-1.609374
-1.455891
-1.728857
-1.321626
-1.211996
-1.399802
-1.823359
-1.470364
-1.687475
-1.341282
-0.527092
-1.399363
-1.018781
-1.296496
-1.334382
-1.006697
-1.348931
-1.772536
-1.397804
-1.896749
-1.544351
-1.713803
-2.663820
-1.401385
-1.529031
-2.055379
-2.527284
-1.302714
-1.446312
-1.336708
-1.594206
-1.304243
-1.837622
-1.244173
-1.638472
-1.243488
-0.917906
-1.605706
-1.483258
-1.581170
-1.024455
-0.826707
-1.379627
-1.063384
-1.935739
-1.644496
-1.825490
-1.794316
-2.131821
-1.452702
-2.073324
-1.206885
-1.889885
-1.493369
-1.119646
-2.503656
-1.185047
-1.750845
-1.040471
-1.772630
-1.825853
-1.531313
-0.999778
-1.663667
-1.768345
-1.264746
-1.301615
-1.651824
-1.230619
-1.758609
-0.915500
-1.414405
-1.958992
-1.630198
-1.634857
-1.237394
-1.352305
-1.669810
-1.122953
-0.878831
-1.438082
-1.202114
-1.417815
-1.454541
-1.957526
-0.737249
-1.358984
-1.296127
-1.411644
-1.694470
-1.178047
-1.032298
-1.871509
-1.718502
-1.525455
-0.921286
-1.001569
-1.483574
-1.211557
-1.298575
-1.645613
-1.698564
-1.507975
-1.507112
-1.530821
-1.592229
-1.919503
-1.188549
-1.290267
-1.267371
-2.104715
-1.270763
-0.996827
-0.629021
-1.293729
-1.279848
-1.063970
-1.588937
-2.051090
-0.165875
-1.313562
-1.748146
-1.629080
-1.594995
-1.642501
-1.669110
-1.709368
-0.838927
-1.729246
-0.794136
-1.561486
-1.470706
-1.205635
-1.279374
-1.220395
-1.736906
-1.554254
-0.788381
-1.248177
-2.000531
-1.235073
-1.308149
-1.288898
-1.237336
-1.581471
-1.757246
-1.572810
-1.618049
-0.754482
-1.732723
-1.982345
-1.748920
-1.717407
-1.283109
-2.062064
-1.768075
-1.490450
-0.810316
-1.752994
-1.507113
-1.674721
-1.285118
-1.946466
-1.359614
-1.817967
-1.046099
-2.219752
-1.121370
-0.929663
-2.060392
-1.098479
-2.739701
3.194033
-3.188352
-2.088147
-2.705937
-0.676603
-1.623864
-0.764930
-0.852912
-0.720162
-2.618323
-0.692619
-1.433142
-1.353482
-2.435973
-1.723608
-1.098366
-2.629657
-1.104390
-0.505007
-0.565386
-0.874038
-2.610605
-2.993193
-0.863357
-2.762960
-0.841902
-1.246115
-2.564866
-2.763928
-1.227570
-1.274396
-0.729131
2.769646
-0.745607
-0.839004
-1.306912
-0.717893
-2.866874
3.038738
-0.356896
-2.480876
-2.017421
-0.793850
-0.753945
-0.939022
-1.210099
-0.957824
-1.028355
-0.348351
0.020699
-1.077871
-0.768012
-2.853989
-0.857770
-2.374657
-2.491626
-1.723608
-1.259598
-1.716999
-0.758267
-0.899716
-0.959812
-0.319637
-2.454391
-2.520351
-0.965027
-1.052605
-1.362537
-1.186832
-0.668218
-0.935616
-0.851578
-0.840392
-1.042125
-1.597801
-1.028906
-1.081379
-0.553979
-0.650253
-0.590637
-0.702327
-3.013074
-1.658323
-0.973724
-2.332288
-0.853096
-0.475714
-0.890754
-1.651984
-1.242507
-2.010563
-2.365287
-1.324713
-2.227240
-2.719172
0.073981
-0.650257
-0.735762
-0.911514
-0.319005
-2.193708
-2.328826
-0.711879
-3.021176
-0.725942
-0.257485
-0.587718
-3.087863
-2.244430
-0.854163
-2.432289
-2.217700
3.052188
-1.713451
-2.873285
-0.609152
-1.447198
-1.975404
-0.793235
-0.174455
-2.160271
-1.571592
-0.946955
-1.165992
-0.442746
-2.439911
-3.120132
-1.114656
-1.056867
-0.956157
-0.975361
-0.643944
-2.163749
-0.479961
-0.325670
-0.423814
-2.756998
-2.537601
-0.830370
-0.534615
-2.597396
-0.929906
-1.043831
-2.631504
-0.663908
-1.999234
-0.846932
-1.887690
-0.008877
-2.846381
-1.119487
-0.358287
-0.953679
-1.532460
-0.680180
-0.786280
-1.425653
-2.554909
-1.692859
-2.781330
3.097685
-1.065661
-2.283868
-2.758930
-2.066453
-1.821736
-2.535016
-0.754012
-2.093162
-1.743466
-0.961975
-0.695117
-1.723607
-1.975568
-1.067597
-0.590532
-0.824853
-1.460587
-1.704984
-1.723507
-0.571803
-0.564355
-2.357593
-1.587037
-2.060357
-1.320413
-0.838889
-0.833158
-2.018363
-0.271281
-1.863351
-1.276982
-1.183765
-2.322784
-2.964886
-1.703596
-1.706281
-2.921097
