-1.472887
-1.737593
-1.303719
-1.706197
-1.814541
-1.211402
-1.591438
-1.228000
-1.604863
-1.434662
-1.353493
-1.670968
-0.729988
-1.518752
-1.065283
-1.512342
-2.008894
-1.530783
-1.321288
-1.985829
-1.674449
-1.281884
-0.668949
-1.969888
-1.288981
-0.764110
-1.958071
-2.304410
-1.539077
-1.104300
-1.603758
-2.119677
-1.556949
-1.816414
-1.526483
-1.741616
-1.068588
-1.496505
-1.206511
-1.132397
-1.429387
-1.393813
-1.941911
-1.837408
-0.879825
-1.570499
-1.656619
-1.721373
-1.440373
-1.450383
-1.740523
-1.736774
-1.890820
-1.278151
-1.869489
-0.957000
-2.017024
-1.970789
-1.043521
-1.203971
-1.914514
-2.211400
-1.169791
-1.059450
-1.206218
-1.153409
-1.917598
-1.943591
-1.520329
-1.485438
-1.357586
-1.968232
-1.943407
-1.742001
-1.643202
-1.340031
-1.446339
-2.362304
-1.343512
-1.413241
-1.741650
-1.381192
-1.885157
-1.615715
-2.405884
-1.418887
-0.525348
-1.368873
-2.024712
-2.181330
-1.206004
-1.890312
-2.117562
-1.985444
-1.230652
-0.932996
-1.472077
-1.436480
-1.274348
-1.524670
-1.880340
-1.384076
-1.388577
-1.659879
-1.509388
-1.046716
-1.547521
-0.930093
-1.825941
-1.818373
-1.659330
-2.310292
-1.496427
-1.331701
-1.090402
-1.038815
-1.899115
-1.640969
-1.464550
-2.211640
-1.815082
-1.939093
-1.158189
-1.202092
-1.014337
-1.409210
-1.296646
-1.816550
-2.237095
-1.445746
-0.741679
-1.821774
-1.372059
-1.181422
-1.297864
-1.761493
-2.329744
-1.826512
-1.401035
-1.132294
-1.143932
-1.285867
-0.959489
-1.870767
-2.131397
-2.187451
-1.374797
-1.613974
-2.014200
-0.899027
-2.079668
-1.228254
-1.763374
-1.578565
-1.099778
-1.506869
-1.295881
-1.901557
-1.487652
-1.499431
-1.620427
-1.426974
-1.338185
-1.717081
-1.387887
-1.287516
-1.458388
-1.358746
-1.537344
-1.354750
-1.226932
-1.913152
-1.891587
-2.019540
-1.523514
-1.128991
-1.538933
-1.393064
-1.568714
-1.074924
-1.833288
-1.633939
-1.997320
-1.722915
-1.017398
-2.073599
-2.556476
-1.764400
-1.364291
-1.843028
-1.074376
-1.233907
-1.443535
-1.392602
-1.514193
-1.130742
-1.355278
-1.232614
-0.892278
-1.458356
-1.871324
-1.685386
-2.073800
-2.316903
-1.697172
-1.828015
-1.736675
-2.055630
-1.917731
-2.106120
-1.123701
-2.125322
-2.129871
-1.799993
-2.163958
-2.105644
-2.352218
-2.280731
-1.820910
-1.981730
-1.504225
-2.074190
-2.017134
-1.850053
-2.139145
-1.575561
-1.905974
-2.023514
-1.744444
-2.200168
-1.300463
-1.676474
-1.454223
-1.876318
-1.496925
-1.495082
-1.915703
-1.895328
-2.160862
-2.154601
-1.881518
-2.018415
-1.786348
-2.308436
-1.997561
-2.007751
-1.585762
-1.763220
-1.423133
-1.177694
-1.835747
-1.650236
-1.893256
-2.211921
-1.897471
-1.509297
-1.282754
-1.645024
-2.104047
-1.967490
-1.728123
-1.749455
-1.845317
-1.635893
-2.000288
-1.888734
-2.712404
-1.890476
-1.928834
-1.552195
-1.944262
-2.026190
-1.541513
-2.019297
-1.845862
-2.342220
-2.134086
-1.935683
-2.229823
-2.074406
-2.364868
-1.803692
-1.977352
-2.052232
-1.698527
-1.782081
-2.258391
-2.181502
-1.880414
-1.880504
-1.805901
-1.822928
-2.057278
-1.817306
-2.027766
-1.670713
-1.740405
-2.194443
-2.022614
-1.931673
-1.590903
-1.936481
-2.020042
-2.066614
-2.164925
-2.039777
-2.571011
-2.041227
-1.899591
-1.644932
-2.136509
-2.080892
-1.763333
-2.062209
-1.516605
-1.522775
-1.969937
-1.708428
-1.967829
-1.996793
-2.069546
-1.832459
-1.848030
-1.352172
-1.760712
-1.242366
-1.976435
-1.823633
-1.591763
-1.870533
-1.813219
-1.964267
-1.432366
-1.789684
-2.286891
-2.171490
-1.788208
-2.147227
-2.001704
-1.553390
-1.114248
-2.247699
-2.248915
-1.992698
-1.918623
-1.395248
-1.894005
-2.109242
-1.790935
-1.764054
-2.720868
-1.836228
-2.212293
-2.180616
-2.006155
-1.978258
-2.020250
-2.117349
-1.972372
-1.294448
-2.271743
-2.034078
-1.405182
-2.197712
-1.943122
-1.853707
-1.845175
-1.450890
-2.652649
-2.093267
-1.747106
-2.046689
-1.593121
-2.206697
-2.556225
-1.490366
-2.380446
-2.241946
-2.134928
-1.723860
-1.213474
-2.018845
-2.325228
-1.392279
-1.934457
-1.588072
-2.173423
-2.439355
-1.757341
-2.042014
-1.563906
-1.468338
-1.193988
-1.951525
-1.859033
-2.407638
-1.934830
-1.732124
-2.086925
-2.052877
-1.814109
-1.529968
-1.919890
-1.241456
-1.994513
-1.641456
-0.960349
-1.877628
-0.827636
-1.435693
-1.483859
-0.961574
-2.060823
-1.943665
-1.697408
-1.655372
-1.913136
-1.393410
-1.127542
-1.709904
-1.344991
-1.059972
-0.819878
-0.752052
-1.727779
-1.438698
-1.298537
-1.746639
-0.977924
-0.722370
-1.326225
-0.886153
-0.252631
-0.947270
-1.465956
-1.850803
-1.384954
-1.707487
-1.240141
-1.585089
-2.260612
-1.974959
-1.633278
-1.598104
-1.682093
-1.806570
-1.584220
-1.525099
-0.728615
-1.304213
-1.220092
-1.666373
-1.675971
-0.877207
-1.502061
-1.588325
-1.516485
-1.858734
-1.556403
-1.208124
-1.054968
-0.766617
-1.937393
-1.803490
-1.510881
-1.461905
-1.751046
-1.552023
-1.449119
-1.483346
-2.312545
-1.920739
-1.889240
-1.716849
-1.194749
-1.326069
-1.218025
-1.801373
-1.671050
-1.455759
-0.577802
-1.369612
-0.825114
-1.027953
-1.790113
-0.831170
-1.582265
-1.340687
-0.999716
-0.814837
-1.337087
-0.803268
-1.823078
-1.503512
-2.112964
-1.619579
-0.907153
-1.060734
-1.472910
-1.260690
-1.685409
-1.669525
-1.120462
-1.142376
-1.485346
-2.222833
-1.516793
-1.827320
-2.497993
-1.924064
-1.200934
-2.014002
-0.882823
-0.898953
-0.914391
-1.611544
-1.731585
-1.187324
-1.869793
-1.270781
-1.817684
-1.145667
-1.123951
-1.367817
-1.333418
-1.586128
-1.414870
-1.483843
-0.974661
-1.586963
-1.385729
-1.134158
-1.766944
-1.450418
-1.280578
-1.579429
-1.581875
-1.170037
-0.577581
-1.167372
-1.436199
-1.750770
-1.409834
-1.207482
-1.534250
-1.593111
-2.117288
-0.618338
-0.949705
-1.672503
-1.823580
-0.642091
-1.117353
-1.152324
-1.155658
-1.076024
-1.130954
-1.617527
-1.682852
-1.173847
-1.616521
-1.634328
-1.529987
-0.834576
-1.840266
-1.851768
-1.534960
-0.746954
-1.777633
-1.126145
-1.508969
-1.049257
-1.368805
-2.349984
-0.714668
-1.123968
-0.855185
-1.421700
-0.974865
-1.239357
-0.342572
-1.126532
-1.226579
-1.867649
-1.168781
-0.970987
-1.748461
-2.020672
-1.874270
-1.465746
-0.968696
-1.281107
-0.692599
-0.964371
-1.909451
-1.462027
-1.098384
-1.588992
-1.163347
-0.534320
2.570173
-1.527618
-1.691988
-1.408165
-1.646870
-1.931731
3.184003
-1.317944
-1.121882
-0.406480
-1.083314
-1.393358
-0.906036
-0.961448
3.045955
-2.070995
-0.980279
3.080852
-1.816464
2.679022
-0.866380
-1.647279
-2.094479
-1.411753
-1.826909
-1.143600
-2.122836
-1.199270
-2.499055
-1.551143
-1.840098
-2.173337
3.021087
-0.663689
-2.049196
2.934895
2.876923
-2.296119
-2.940668
-2.038290
-1.856299
-2.027177
-1.122845
-1.577148
-2.664705
-0.542479
-1.954523
2.728364
-2.560881
-1.607314
-1.084666
-0.973642
2.870389
-1.075443
-1.647805
-0.495360
-1.544943
-2.054950
-0.911235
2.915573
-1.766432
2.796503
3.048356
-2.005995
-2.021726
-1.711313
-1.698235
-2.802556
-2.070304
2.811415
-0.721635
-1.073627
2.435682
2.867192
2.605614
-2.716081
-2.430960
-0.777360
-2.370280
-0.931120
2.848557
-3.197731
2.506420
-2.060011
-2.286078
-1.794322
-1.392615
-0.954079
-2.661953
-1.243081
-1.576940
3.039049
-0.940525
-1.738561
-0.997463
-1.422106
-1.544460
-0.639135
-0.402036
-2.238558
2.842909
-2.986914
-2.243180
-0.930625
2.881017
-1.703506
-2.388375
-1.016240
2.634360
-1.472480
-2.185475
-2.002838
-1.340227
-1.274433
-1.504816
-0.909347
-0.976157
-1.583608
-2.776001
-2.453182
2.874866
-2.783082
-2.200294
-1.432202
-0.684356
2.962913
2.689444
-1.389611
-2.088609
2.971562
-0.821054
-1.527684
-2.590753
-1.485580
-1.195489
-1.278237
-1.490297
-2.866914
-1.184383
-1.329519
2.581506
-0.737244
-2.144431
-2.737486
2.726609
-2.190474
-3.062848
-1.398813
-1.741648
-1.927870
-2.816598
-1.970109
-3.107412
-2.749006
-2.918217
-2.665239
2.805613
2.956191
-1.281862
-1.355097
-0.857965
-1.676463
-1.987086
2.472567
-1.766363
-1.480448
-2.462804
-2.176488
-2.530338
2.852715
-1.265795
-1.001021
2.915586
2.723673
-0.912577
-2.198295
3.124923
2.682900
2.756844
2.907146
-0.856796
-2.229573
-1.149507
-0.847545
-1.402055
2.873790
-2.167597
-1.298488
-2.519561
-2.075522
-2.732042
-0.836478
-2.664093
-3.151362
-0.836186
-2.467273
-1.953282
-0.884974
-0.888060
-2.135948
