-1.211088
-2.130292
-1.217375
-1.812752
-1.683641
-0.818703
-1.458089
-1.882498
-1.685574
-1.158734
-1.928434
-1.668363
-1.253587
-1.736954
-1.457982
-1.774141
-1.129642
-2.112648
-1.975787
-1.384206
-1.492431
-1.674583
-1.323448
-1.053590
-1.687162
-1.287709
-1.709339
-2.173510
-1.474540
-2.151498
-1.341959
-1.593387
-1.033350
-1.062471
-1.526483
-1.741616
-1.984886
-1.707022
-1.073282
-1.132397
-1.429387
-1.656489
-1.025613
-1.444709
-1.403424
-1.832299
-1.394820
-1.320465
-1.833072
-1.188584
-1.871423
-1.736774
-0.879117
-1.247026
-1.476790
-1.349699
-1.362526
-1.586795
-1.567120
-1.465770
-1.318962
-1.687801
-1.386073
-2.613391
-1.598917
-1.807907
-1.500572
-1.401286
-1.389429
-2.072621
-1.411701
-1.837332
-1.126950
-1.317459
-1.643202
-1.994530
-1.408533
-1.642263
-1.361793
-1.151441
-1.479851
-1.512092
-2.185045
-1.223016
-1.096888
-1.418887
-1.572545
-2.038396
-1.239314
-1.003232
-1.148946
-1.628513
-1.724863
-1.950122
-1.492452
-1.754036
-1.107467
-1.652912
-0.730634
-1.637701
-2.142140
-1.419586
-1.180728
-2.071791
-1.861108
-1.120269
-1.537467
-1.715491
-1.433241
-1.032975
-1.266631
-1.320582
-1.496427
-1.632054
-0.875780
-1.800975
-1.303371
-1.338059
-1.861842
-1.426242
-1.824529
-1.234784
-1.289089
-1.602959
-1.145237
-1.455864
-1.951145
-1.245788
-1.713496
-2.492944
-0.872579
-1.690875
-2.419257
-1.705021
-1.315794
-1.761493
-1.020747
-1.826512
-1.744050
-1.233578
-1.214603
-1.833408
-2.137587
-1.496458
-1.345999
-1.597537
-1.573372
-1.452521
-1.201231
-1.160826
-1.294270
-2.013652
-1.349432
-1.578565
-1.623377
-1.666323
-1.557680
-1.422751
-1.966697
-2.228356
-2.295644
-1.710684
-1.338185
-1.427375
-1.387887
-1.396527
-0.803889
-1.882345
-1.753751
-2.252587
-1.488732
-1.258654
-1.760688
-1.318364
-1.398929
-1.632416
-1.228135
-1.523964
-1.437815
-2.383921
-1.964187
-1.524726
-1.234782
-1.984714
-1.410097
-1.885700
-2.192729
-1.633500
-1.086274
-1.057630
-0.943476
-1.886253
-1.731948
-1.502007
-1.527602
-1.523441
-0.569880
-1.467925
-1.546777
-1.863102
-2.207500
-2.208985
-1.328579
-1.399594
-2.024174
-1.828015
-1.970932
-1.850244
-1.655931
-1.586267
-2.563598
-1.994422
-1.353640
-2.442942
-1.834359
-1.582045
-2.415442
-1.795828
-1.714016
-1.802100
-2.027824
-1.812391
-2.278934
-1.788708
-2.188660
-2.237440
-1.389666
-1.897115
-2.562816
-1.500189
-1.738238
-1.938274
-1.892194
-2.165469
-1.681585
-1.593787
-1.653903
-1.803021
-1.899063
-1.761902
-1.881518
-2.310554
-1.830698
-2.017317
-2.202179
-1.745951
-1.801974
-2.025019
-2.027456
-2.291737
-2.008536
-2.196771
-1.893256
-1.584660
-1.575552
-1.901996
-1.937252
-1.906824
-2.234947
-1.651894
-2.507576
-1.571309
-1.714417
-2.421291
-1.607589
-2.150534
-1.796106
-2.274896
-1.924419
-1.764764
-1.499921
-1.939837
-2.403024
-1.626598
-2.411214
-1.687721
-1.943337
-1.347970
-2.094599
-2.074406
-2.103069
-1.754287
-1.846452
-1.980461
-2.123782
-1.810171
0.097803
-1.788803
-2.212633
-1.960325
-2.130881
-2.346527
-2.057278
-1.949285
-1.765967
-1.602755
-1.740405
-1.801744
-1.959514
-1.735450
-2.091915
-1.863587
-1.755945
-1.601577
-2.072856
-2.170677
-1.654713
-1.566591
-1.427116
-2.561230
-2.136509
-1.949993
-2.191652
-1.800410
-2.123285
-1.944981
-2.100837
-1.184829
-2.316616
-2.127692
-2.462245
-1.439760
-2.240729
-1.875771
-1.891611
-2.137612
-1.714635
-1.885943
-1.984463
-2.530652
-2.387156
-2.338572
-1.955965
-1.578472
-1.625367
-2.302390
-1.780396
-1.518642
-2.226261
-1.684289
-2.423245
-2.292031
-1.910624
-2.314637
-2.055188
-2.573345
-2.219230
-1.585643
-2.037990
-1.664797
-1.935470
-2.174435
-2.061735
-1.986888
-1.784541
-1.454660
-1.758451
-1.855550
-2.681301
-1.755935
-2.604125
-1.493271
-1.405182
-2.598882
-1.854876
-1.841944
-2.461651
-1.883876
-2.155793
-1.981936
-2.401605
-2.046689
-1.947180
-2.206697
-1.901727
-1.554881
-1.796935
-2.280087
-1.943976
-1.854759
-1.737072
-2.411544
-1.278031
-1.991092
-1.942849
-1.788182
-1.518925
-1.784856
-2.280940
-2.042014
-1.923700
-2.066210
-1.645649
-1.428136
-2.336975
-2.014938
-1.018736
-1.980031
-2.086925
-1.448037
-1.913946
-1.660867
-1.947549
-1.052295
-1.410494
-1.689963
-1.014221
-1.746728
-1.089435
-1.697492
-1.483859
-1.217436
-1.537224
-1.023358
-0.470594
-0.924450
-1.958315
-1.524310
-1.255291
-1.300682
-1.344991
-0.826120
-1.605276
-1.013851
-1.596880
-1.438698
-1.167637
-1.223041
-1.239723
-0.996464
-1.386408
-1.540651
-1.299828
-1.339969
-2.120454
-1.327204
-1.123155
-1.183888
-1.894639
-1.977788
-1.867913
-1.997806
-1.895077
-1.336305
-1.841391
-1.393387
-1.784742
-1.263300
-2.430311
-1.776756
-0.790185
-1.966040
-1.350727
-1.531705
-1.367890
-1.385070
-0.795369
-1.941459
-1.687303
-1.653730
-1.067657
-1.539941
-1.544694
-1.803490
-1.198244
-0.934363
-1.766872
-1.329427
-2.455772
-2.026516
-1.478360
-1.821977
-1.496541
-1.847749
-1.194491
-1.256106
-0.956225
-1.408674
-1.409251
-1.102022
-1.363200
-1.369612
-0.694214
-0.963177
-1.659214
-1.354769
-1.713164
-1.864286
-1.916014
-1.731135
-1.390624
-0.279669
-2.199859
-1.634411
-1.996595
-1.095980
-0.645354
-0.904230
-1.485661
-1.082467
-1.359586
-2.062224
-1.382262
-0.980676
-0.832291
-1.306535
-0.862294
-1.827320
-1.906179
-1.531365
-1.694758
-1.752203
-1.275523
-1.062426
-1.437989
-1.873344
-1.978348
-1.679709
-1.607994
-1.401681
-1.753120
-1.276567
-1.116639
-1.104288
-1.222831
-2.109727
-1.221349
-1.352943
-0.613417
-1.979662
-1.461703
-1.265057
-1.837654
-2.075957
-1.149679
-1.504468
-1.383119
-1.426685
-1.147405
-1.298272
-1.821069
-1.619870
-1.933433
-1.469281
-1.796049
-1.724011
-1.331890
-1.760929
-1.080604
-1.319459
-1.823580
-1.296590
-1.665362
-0.921880
-0.762958
-1.106669
-0.963297
-0.726176
-1.262655
-1.304747
-1.878320
-1.078494
-2.184486
-0.772398
-1.578182
-1.720868
-0.618662
-1.139653
-2.027010
-1.387944
-1.517048
-1.004495
-1.320851
-1.040987
-1.231681
-1.810126
-1.352802
-1.814399
-1.498464
-0.715758
-1.136132
-1.320896
-0.964780
-1.317567
-1.692380
-1.932605
-1.748461
-1.497073
-1.088872
-1.989345
-1.754094
-0.888408
-1.608897
-1.749770
-1.590597
-1.613144
-1.098384
-0.934494
-1.545802
-1.450618
-2.796714
-2.847154
-2.870085
-2.802128
-1.876753
-3.061411
2.982782
-1.219275
-0.792641
-1.070774
-0.789941
-1.826173
-1.387123
-0.591238
2.738133
-2.463694
-1.028632
2.889881
-2.601863
3.125994
-0.504848
-3.074625
2.989613
-1.778540
-2.905534
-1.558977
-1.796204
-1.199270
-3.153553
-1.906276
-2.473925
2.750609
2.485756
-1.318188
-2.985978
-3.127066
2.964126
2.976958
2.818918
-2.965099
-2.755657
-3.205275
-1.777343
-1.708048
2.960666
-1.327877
2.928842
2.971844
2.875993
-2.000014
-0.989049
-0.267041
-2.962020
-0.521760
-2.513219
-1.416066
-1.572923
-3.055415
-1.739829
2.750350
-1.897332
2.731731
-2.911522
-3.184092
-3.068923
2.765784
-2.483633
-2.995130
-3.128189
2.678847
-1.166818
-0.840974
-2.946167
2.911788
2.986732
2.911458
-2.604251
-0.515560
2.981398
-1.152321
2.810933
-3.188012
2.768220
-2.893785
-2.387391
3.172405
-2.879548
-0.887253
2.835834
-1.281184
-1.543241
-2.995833
-1.185183
-2.404158
-0.604764
-1.422106
-1.561995
-0.278356
-0.771373
2.986135
2.792498
2.917696
-2.678907
-1.001769
-2.616770
-2.227105
2.986154
-1.055308
2.810763
-1.498376
-1.792776
-3.064105
-2.049475
-1.384548
-1.821711
-1.051005
-1.626102
-0.427048
3.088679
-2.453182
3.016108
3.107404
-2.069394
-2.153382
-1.132279
2.832013
-3.044022
-1.668618
-2.161753
2.966055
-1.082854
-1.396939
-3.114351
-0.569282
-2.075770
-1.043057
-3.130077
3.017684
-1.056213
-1.868523
2.843306
-1.154310
-2.013531
3.083229
2.857509
-2.780961
3.090487
-1.529712
-3.183974
-1.796970
-3.078397
-2.455069
2.139878
3.086403
2.822933
2.963448
2.877321
2.960790
-1.262164
-1.604206
-1.253560
-2.608726
-2.834696
-3.154807
-1.639966
-2.241420
-2.038879
-2.176488
-2.530338
2.972464
-1.596144
-1.428109
-3.128187
2.879764
-1.191004
-2.590994
2.778906
2.882981
2.886943
-3.129344
-1.065268
-2.938424
-0.887708
-1.026354
-2.606582
-3.136015
-2.167597
-1.560287
-3.043160
3.029566
-2.721476
-0.836478
-2.533193
2.674226
-1.108838
3.200376
-2.607780
-0.996563
-1.007035
-2.266016
