-1.117556
-1.167539
-1.466152
-1.270682
-1.482322
-1.339551
-1.258081
-1.228000
-1.392153
-1.244282
-1.197034
-1.663610
-1.446527
-1.685590
-1.208853
-1.005046
-1.617665
-1.281210
-1.742899
-1.230502
-1.420928
-1.238842
-1.430814
-1.828882
-1.832580
-1.846363
-0.884831
-1.532243
-1.379444
-1.541037
-1.525633
-1.616002
-1.714770
-1.274986
-1.642693
-1.991474
-1.289450
-1.394178
-1.495895
-0.598238
-1.782248
-0.856632
-1.405450
-1.481384
-1.839802
-1.337372
-1.616241
-1.333408
-1.397316
-1.970011
-2.036018
-1.379674
-1.559662
-1.287593
-1.232271
-1.267627
-1.493482
-1.568536
-0.714526
-1.483362
-1.552281
-1.967131
-0.688929
-1.366586
-1.400681
-1.015079
-1.429081
-1.124342
-0.875146
-1.275118
-1.124442
-1.352819
-1.291239
-1.277702
-1.494103
-1.785810
-1.833361
-1.420927
-1.952824
-1.057046
-1.743300
-0.844731
-1.861652
-1.555771
-1.597252
-1.856516
-1.569721
-1.419916
-0.700271
-1.044463
-1.323435
-1.036598
-1.019441
-0.985599
-1.596071
-1.674597
-2.131750
-1.371564
-1.583484
-1.585686
-1.451415
-1.826229
-1.380383
-1.555018
-1.388669
-1.505710
-1.599024
-0.915559
-1.456190
-0.891740
-1.133222
-1.360314
-1.720797
-1.526719
-1.655377
-0.834559
-1.394306
-1.311674
-1.965095
-0.806990
-0.908552
-0.864614
-1.914992
-1.513012
-0.814391
-1.150928
-1.334401
-1.752681
-1.651654
-1.096809
-1.220523
-1.222272
-1.448012
-1.184840
-1.306946
-0.927327
-1.679230
-1.204489
-1.898733
-1.581382
-1.731248
-2.067301
-1.738760
-1.502722
-0.485828
-0.961926
-1.045309
-1.251747
-1.125357
-1.569650
-1.710744
-1.531441
-1.102437
-1.030280
-1.278054
-1.939947
-1.056465
-1.639315
-1.265492
-1.172905
-1.236478
-1.804887
-0.853040
-1.416603
-1.752399
-1.120224
-1.699795
-1.608697
-1.284901
-1.158133
-1.482132
-1.744178
-1.347569
-1.519915
-1.198112
-1.818790
-1.688861
-1.413174
-1.154778
-0.949582
-1.408179
-1.335379
-1.464771
-1.792317
-1.441399
-1.414379
-1.827078
-0.825890
-1.593749
-2.010210
-1.571146
-0.811417
-0.738111
-1.811743
-1.446098
-1.684195
-1.534551
-1.338641
-1.860258
-1.294618
-0.542853
-1.671104
-1.388017
-0.919781
-1.771155
-0.455881
-1.798301
-1.247162
-0.979519
-0.431517
-0.970006
-1.189149
-2.053636
-1.031502
-0.386694
-1.519229
-1.684728
-1.075443
-1.542750
-2.292616
-1.279997
-1.450271
-1.406991
-0.926275
-0.804918
-1.397061
-1.389825
-1.448682
-2.035619
-1.127998
-1.119472
-1.660407
-1.437510
-1.437903
-1.155157
-1.461894
-1.523004
-0.927462
-1.258961
-1.520671
-1.653787
-1.709862
-1.682010
-1.422458
-1.136359
-1.064778
-0.933706
-1.746300
-1.270833
-1.935548
-1.783955
-1.812016
-1.076373
-2.037038
-1.457011
-1.873256
-1.610617
-1.484419
-1.649476
-0.751711
-0.739767
-1.388259
-1.090506
-1.818990
-1.197631
-1.527320
-1.551434
-1.105508
-1.005578
-1.330590
-1.779559
-1.056920
-1.396297
-1.297377
-1.186799
-1.516919
-1.027040
-1.036498
-1.796648
-1.363123
-1.704492
-0.204070
-0.927557
-1.120546
-0.970824
-1.505346
-1.203922
-1.301689
-1.437536
-1.313137
-1.159552
-1.454672
-1.120232
-1.972970
-1.410169
-0.677488
-1.243260
-1.068039
-1.216752
-0.750222
-0.995333
-1.353941
-1.460276
-1.505633
-0.906480
-0.717032
-2.470788
-1.588206
-0.691062
-0.965097
-0.748185
-1.288222
-0.317621
-1.417084
-1.416753
-1.235414
-1.980377
-1.272877
-1.639420
-1.540338
-0.950390
-2.037612
-1.663632
-1.211067
-1.164949
-1.226429
-0.951223
-1.126999
-1.262614
-1.259004
-1.980644
-1.856282
-1.662932
-1.317118
-1.227499
-1.640531
-1.686101
-1.586414
-1.880254
-1.022606
-1.371929
-1.691641
-2.079438
-1.328389
-0.639448
-1.463169
-1.158931
-1.528883
-1.596953
-1.422077
-1.487351
-0.796801
-1.449133
-1.884873
-1.039335
-1.710734
-1.477043
-1.214120
-1.404094
-1.037695
-1.515364
-1.712588
-1.405182
-1.036663
-0.705916
-1.084559
-1.627890
-0.704929
-1.524117
-2.192445
-2.017519
-1.232094
-1.894001
-1.648569
-1.273675
-1.299656
-1.405462
-0.889152
-1.691949
-1.087965
-1.250928
-1.166380
-1.637947
-1.590732
-1.760847
-1.159616
-1.137363
-1.269558
-1.028136
-1.078154
-0.990776
-0.771843
-0.943303
-1.093941
-1.856656
-1.562129
-1.071543
-1.295820
-0.886388
-0.463733
-1.628217
-1.542879
-1.574722
-1.778019
-1.994034
-1.188422
-1.232252
-1.951892
-1.484273
-1.078503
-1.738923
-1.381303
-1.226311
-1.601636
-1.796282
-1.850549
-1.350881
-1.503496
-1.763465
-1.807310
-1.217635
-1.776649
-1.681504
-1.635784
-1.411164
-1.458356
-1.758654
-1.977993
-0.879916
-1.382602
-1.582865
-1.259541
-1.595889
-1.550928
-1.277446
-2.318396
-2.128037
-2.107954
-2.132375
-1.980992
-1.748995
-1.194801
-2.206421
-0.743064
-1.670597
-1.532184
-1.528070
-1.314387
-1.158222
-1.267033
-2.374726
-1.700218
-2.663820
-1.664670
-1.326746
-1.339063
-1.878716
-1.429804
-1.781463
-1.752425
-1.122303
-2.170910
-1.694971
-1.639361
-1.956952
-1.538358
-2.042344
-1.228604
-1.404632
-1.781118
-1.642325
-1.484736
-1.457244
-1.142111
-2.217914
-1.325859
-2.021839
-1.309593
-1.608785
-0.945271
-2.082880
-1.348375
-1.512888
-1.704231
-2.284675
-1.128219
-1.306597
-2.241597
-1.407091
-2.185853
-2.042068
-1.413742
-2.100293
-1.364820
-1.105189
-2.191359
-1.144729
-2.199645
-1.371644
-1.745898
-1.504548
-1.599967
-1.780316
-1.542109
-1.623614
-1.407193
-0.925361
-1.620884
-0.964909
-1.257127
-1.114769
-1.429426
-2.365910
-1.671338
-1.533060
-1.573702
-1.224121
-1.488638
-1.215295
-2.137775
-1.441502
-1.861438
-1.954693
-1.895418
-1.648553
-1.844795
-1.407881
-2.825004
-2.250862
-1.549927
-1.830139
-2.259912
-1.143549
-1.546620
-1.659896
-1.639783
-1.386795
-1.240303
-1.830628
-2.076937
-1.830805
-1.824033
-1.505606
-1.941883
-1.733653
-1.018892
-1.332214
-1.635718
-1.520454
-1.502003
-1.165810
-1.560844
-2.207030
-2.039851
-1.915937
-2.004955
-1.875657
-1.060613
-0.925992
-2.103864
-1.234237
-2.277431
-2.056483
-1.272322
-2.054791
-1.887266
-2.159495
-1.312446
-1.411582
-1.601115
-1.402325
-1.871633
-2.182929
-1.601350
-2.011401
-2.249499
-2.172205
-1.814399
-0.819931
-1.158747
-2.245612
-1.860897
-2.053102
-1.682176
-1.736668
-1.963137
-0.596828
-0.841091
-1.881569
-0.968966
-1.982288
-1.171028
-2.030504
-1.556291
-0.728309
-1.786008
-1.920290
-1.521992
-1.807341
-1.645221
-1.207124
2.988284
-2.977495
-2.186932
-2.092763
-2.586354
-1.297451
-2.522737
-1.421043
-1.524659
-1.521622
-2.441044
-1.167102
-1.373014
-0.755509
-2.184257
-1.723608
-0.773430
-2.584250
-0.796221
-1.094056
-0.597409
-1.398858
-1.750764
-2.515652
-1.456435
-2.435711
-1.533342
-0.898713
-2.894954
-2.616442
-1.276752
-1.022025
-0.924204
-2.321314
-1.240835
-0.788934
-0.873299
-0.994307
-2.703622
-1.800694
-1.098054
-2.719735
3.029317
-1.440823
-1.443627
-1.002968
-1.105795
-1.163955
3.111406
-0.995166
-0.633081
-1.419874
-0.681919
-2.605122
-1.254072
-2.140605
-1.958155
-1.723602
-0.789718
-3.134110
-1.054960
-0.733751
-1.696006
-0.656035
-2.468128
-1.903224
-1.245153
-1.792531
-1.073846
-1.327108
-1.357061
-1.262865
-1.261734
-1.351601
-1.695377
-2.860261
-1.041359
-0.862824
-0.994247
-0.523278
-1.728162
-1.867576
-2.450997
-2.478365
-1.443076
-2.289284
-2.088352
-0.890650
-0.602646
-2.056422
-1.761269
-2.342177
-2.692536
-1.008664
-2.433069
-2.394895
-1.342257
-1.886944
-0.692811
-1.354988
-1.125340
-2.142153
-2.602373
-1.431827
-3.002029
-0.941822
-1.341414
-1.183950
-1.749816
-2.421642
-1.362966
-2.235206
-2.873214
-2.226168
-1.710755
-2.180570
-1.983599
-0.826896
-2.730722
-0.615660
-0.794431
-2.262395
-2.632890
-1.296180
-0.975353
-0.988178
-2.350949
-2.258227
-1.126241
-1.122316
-1.229576
-1.533297
-1.479245
-2.531937
-1.387353
-1.279471
-1.062289
-2.409705
-2.141640
-1.943411
-1.138634
-2.004229
-0.864456
-1.340449
-2.247630
-0.776307
-2.428472
-0.752072
3.139836
-0.859725
-2.400075
-1.327492
-1.111582
-0.740424
-0.946415
-1.007430
-1.820876
-2.931000
-2.498371
-1.190948
-2.061776
-2.454219
-0.894436
2.943937
-2.883002
-2.771242
-1.835379
-2.385623
-0.960435
2.979783
-1.721736
-1.408223
-0.853080
-1.723251
-2.593917
-0.887468
-1.267205
-1.152102
-0.780635
-1.709603
-2.683437
-1.535971
-1.809692
-2.379578
-0.842340
-1.733108
-1.842399
-0.895702
-0.741015
-3.088147
-1.945948
3.047475
-1.278328
-1.343640
-2.387827
-2.097521
-1.725806
-1.706954
-2.306476
