443.787711 546.750163
557.940082 580.031964
522.131939 623.496458
489.390431 601.965451
599.383699 610.059915
602.901482 641.500071
668.354741 691.378244
723.137163 638.239940
680.868809 475.360989
595.942184 793.432085
368.840170 709.012465
384.225239 667.047001
454.247519 758.256051
650.070831 847.368088
576.128158 540.184795
598.564348 724.394255
642.840274 418.300548
497.497451 560.601970
527.979215 703.415531
406.429196 840.695035
669.742038 871.333878
585.377241 543.242623
445.157037 616.406753
634.649806 505.754881
464.392398 661.306014
598.946473 670.590681
441.686034 572.550981
663.858117 544.885496
658.682200 504.185411
502.908076 808.708923
497.687925 572.326952
750.505057 615.423534
478.682848 505.565427
558.962348 674.288453
690.345893 769.627477
643.777426 550.416712
557.641978 606.421981
502.572522 873.154911
579.901233 600.059387
663.336797 665.517056
436.681167 681.948694
383.524473 551.278189
516.515667 492.673174
535.215210 701.275584
502.037578 687.456365
753.716581 826.526155
501.446944 647.022459
702.646092 641.307510
477.265722 619.099007
661.718581 575.282982
656.865498 620.816401
565.669383 863.927644
706.516228 583.580450
361.537888 684.733097
535.478248 647.399869
626.696117 584.201119
753.021368 664.390053
482.227544 610.156404
619.640131 796.452727
461.311290 641.022607
618.133657 526.255693
780.151276 626.796065
398.930644 571.576395
606.159265 416.345456
473.843956 739.648468
392.625169 632.263791
414.869019 544.463936
702.343953 433.952868
509.079300 478.997053
323.248910 813.082709
561.427083 734.245426
545.408709 652.045319
444.286051 607.377821
588.671989 750.066667
330.574014 746.300817
649.573265 537.266108
653.194499 597.703897
524.937742 670.008577
665.948822 695.155916
347.639932 784.200383
474.401710 579.148662
694.455682 797.372582
604.363551 457.113424
409.215477 646.014784
806.166713 668.726305
484.091409 708.284925
503.645354 735.119022
491.379004 772.063329
364.199702 573.624554
626.609186 690.356537
651.217830 798.111447
581.948270 504.424747
479.092937 736.706520
685.620990 548.260806
699.720499 705.339523
696.260842 590.550719
682.880333 493.744723
617.420927 819.926784
636.576942 727.404812
399.321814 496.277722
502.441691 819.446982
577.835365 658.693426
552.099339 554.219790
529.673198 852.182934
550.790240 795.795425
588.936322 757.445357
729.081018 745.657024
502.287289 764.424634
459.213297 640.796367
359.451589 644.491715
451.711284 531.446588
711.835741 764.125055
410.032092 756.995575
628.765893 590.481572
681.125237 724.937732
512.139214 723.843839
674.191641 407.018035
536.610608 829.862147
609.092938 556.462564
404.656290 693.076498
747.520001 794.598264
558.337408 432.340026
476.975128 592.746959
550.214191 767.903457
403.039399 586.710274
436.917044 725.334742
722.031735 817.575486
394.976050 667.445828
510.120614 450.056305
536.416189 520.790574
547.207589 736.542008
546.644136 629.283524
574.618074 637.645524
668.903901 742.981530
608.588092 631.899837
753.906570 669.739151
473.445936 493.456150
734.153347 541.922215
701.106273 732.926187
557.793485 586.952110
624.942270 529.545170
560.935773 671.985055
620.428095 686.905857
753.911107 568.677390
579.857166 459.533448
593.875680 682.843833
575.468908 636.535135
586.083669 533.891105
729.943946 594.181937
397.993068 720.541896
615.682227 560.757252
609.895071 830.833755
440.633397 484.777475
664.135251 616.352893
579.047367 713.537377
557.553301 781.812676
447.581299 519.561132
783.637250 454.672144
337.796499 594.236785
606.609411 867.212380
595.806141 572.018511
450.864832 835.564384
468.326623 791.076554
721.603556 499.846475
555.932345 502.132481
436.365371 775.739897
484.394258 517.413101
529.840952 550.443940
451.910768 807.589151
590.002483 763.924683
687.748303 662.611726
529.372321 588.749317
578.341126 831.066240
752.575299 442.725957
482.407001 487.831958
623.706201 603.786562
391.785757 817.627614
486.208345 842.039111
788.397931 668.721142
546.002166 478.301218
569.008369 706.491547
709.547754 519.318625
540.161540 521.120943
470.688165 696.237564
634.026508 660.288339
662.678680 454.088622
506.944679 522.649941
581.218323 487.713525
553.750136 802.169080
686.409290 457.836668
715.301354 714.158264
440.171754 731.497953
423.549272 645.461092
512.878285 717.655006
520.460290 762.742526
538.111754 559.563668
383.491226 776.728993
364.632707 753.557980
495.612835 662.518200
390.675809 624.141591
678.621504 1547.922122
1944.928163 720.066819
660.142171 1443.906504
1910.312296 716.290235
493.383409 1152.802602
748.856768 1052.909049
1920.222526 1091.176267
584.786834 1505.974454
569.007533 1567.116848
638.714383 1565.406463
44.594289 590.149175
115.457829 1925.912662
719.102304 1127.900757
15.599163 852.316984
598.495418 1585.013564
619.305468 1071.333041
1867.900268 1013.927544
718.477677 1175.032280
1900.954947 861.560209
19.454907 1928.363397
554.920111 1303.067834
530.975445 1238.288775
575.120806 1046.168968
1792.498339 1144.310406
139.533821 1904.448100
623.202523 1387.424076
573.329795 1371.901342
1923.349975 818.676495
626.354051 967.180208
699.960436 1489.063304
607.069410 1037.570564
556.959433 1093.240642
1873.258619 1129.444986
43.776213 624.838975
555.236119 1013.091625
623.227160 1438.073493
709.076197 1053.219024
577.231899 1613.566643
491.160550 1263.962947
510.795004 1445.419957
569.139631 1152.141526
652.823687 1228.803479
567.839291 1423.289562
511.898664 1147.902871
754.624734 1024.338328
646.487741 1022.832214
524.572435 1481.090897
1774.299909 1117.810120
85.127536 1943.014412
1882.940087 820.931865
594.209451 1279.532983
579.980554 1043.332290
620.478667 1521.164361
505.605490 1295.192806
732.158594 1528.115910
1878.004619 968.277102
696.186352 963.155491
550.601103 1391.310525
1790.315903 1067.708833
552.203219 1561.562293
1911.885953 799.090083
499.083782 1379.505825
538.716686 1520.124803
1855.395744 873.286848
685.243497 1150.242559
1810.991098 1099.461637
636.715989 1275.911998
200.396085 1938.680342
536.441059 1446.188967
602.833376 1219.878826
704.067271 1037.662750
633.839811 1531.821185
1838.055488 995.178908
662.929254 1083.607100
17.625067 758.122048
566.011773 1078.195318
1880.081279 901.664406
619.742107 1049.549509
529.531260 1263.972520
583.149917 1069.973501
1883.294954 1085.792474
466.571051 1547.065530
691.706612 1420.603916
72.756903 574.238067
1962.835794 877.414807
595.533167 1375.526287
665.215480 1000.065856
619.324437 1228.480507
527.334413 1154.749818
586.229053 1116.184443
653.203400 1378.009609
541.955081 1335.632258
585.527421 1119.646740
144.828926 1940.871798
1809.961090 1176.102305
248.451523 1937.104745
716.282215 1108.522549
31.770466 852.112421
577.504986 1525.408405
1843.487711 959.715379
741.649103 1063.272194
605.844182 1421.132059
666.639938 1399.965768
1839.807772 1035.004363
519.338298 1413.552713
685.131752 1039.985412
1850.734591 1106.897066
583.512522 1413.521246
503.735866 1532.619212
1848.273882 1066.282825
632.285441 1025.082289
567.970701 1461.550794
518.065174 1580.447471
567.671229 1231.209600
485.589166 1202.483656
629.630437 1481.993412
615.915235 1164.938921
614.053774 998.538050
565.183466 1260.563982
549.660440 1135.133433
13.765571 800.318035
751.181856 1135.413183
53.368926 884.374419
538.714554 1051.567403
1763.111610 1184.011802
602.856969 1097.942055
634.576713 1194.316700
617.501528 1140.695754
433.090123 1490.907978
1943.592243 775.468810
49.829581 1937.073424
521.132884 1363.603006
1976.682538 843.189158
654.222602 1512.671802
578.833196 1341.566430
636.213811 1191.649885
623.476935 1310.153952
548.048456 1398.300774
718.457120 1108.810951
60.823811 832.685277
1806.531109 1022.336074
1826.447304 1078.333617
580.921924 997.558464
1855.585958 769.546422
604.269050 1483.362141
1938.861278 760.780792
758.685281 1094.452276
488.242031 1115.428278
584.804109 1187.574508
1916.106091 788.383214
653.741657 1164.539006
643.570977 1134.990208
617.503545 1249.597919
83.532644 1892.323083
569.100741 1449.836297
1824.093146 1132.238675
590.122046 1319.894590
670.445503 1029.586586
1922.914496 888.382032
1913.392536 834.368641
524.156736 1022.649060
1984.404029 1936.177588
291.625489 1932.566227
655.113594 990.610963
171.838750 1918.967331
604.408577 1555.623031
648.378311 1341.446055
489.113521 1482.494211
624.229502 994.691094
545.329084 1194.078783
689.455982 1199.493056
619.560926 1356.692380
574.248971 1167.360648
552.325056 1118.295295
760.655864 988.403445
1912.100811 917.344729
722.944143 992.800940
1989.665593 805.491925
1952.114719 837.158721
673.864512 1488.301798
527.498219 1088.413000
585.996272 972.379813
470.078628 1361.260739
1886.310956 743.694912
1950.367944 805.312883
555.630128 1492.859877
695.410857 1125.360887
631.795668 1099.878585
497.221804 1055.753709
598.572075 1434.697252
480.269311 1423.067034
706.275156 1051.290256
646.052839 955.656195
460.770258 1455.078219
562.505822 1215.171235
1885.582580 1068.832421
634.574423 1070.418578
1984.057557 760.753209
630.139742 1455.448870
1847.133137 1162.335524
1923.398685 1094.908192
1896.313808 1208.982358
1768.088132 1197.163414
1683.019972 1272.542111
1761.577095 978.864171
1787.988903 999.500434
1760.559128 1242.872100
1854.294081 1057.245815
1694.611126 1221.392995
1886.798402 959.504577
1697.241240 1108.084843
1586.103510 1103.685806
1836.483592 943.298597
1786.800407 904.437331
1674.895601 1286.280726
1762.348428 1163.678004
1864.099594 1221.374384
1549.600279 1080.393116
1637.016180 1115.362843
80.030261 1179.971351
1701.914146 970.486412
1705.766892 1062.695326
1697.301904 1028.353155
1672.702444 1067.673230
1930.038048 1231.736991
1623.833565 1078.408362
1783.214727 1186.780702
1739.882189 1086.868879
1727.993136 1074.292942
1814.696885 1103.462251
1885.321897 1457.061335
1739.426419 1209.155147
1668.541983 957.774453
1752.590050 929.815918
1943.583679 1134.365463
1720.899949 1062.042498
1621.449611 990.640664
1642.709089 1286.155189
1646.252930 1193.190248
1881.990673 1097.364580
1826.766912 1140.821232
1958.947226 1213.343156
1925.047146 1192.671464
1803.742561 1107.947604
1698.723461 934.891241
1872.318748 1137.238965
1859.658137 1179.234509
1726.094017 1259.979129
1978.032530 1048.661676
1787.765465 883.673073
1574.594765 1143.910155
154.188410 1195.284082
502.843286 1558.428669
1739.975462 1212.589923
1850.641143 1095.656948
1641.167394 1130.012594
1743.658772 1018.491292
1956.132793 1172.258966
1915.875504 1307.305620
1919.918718 1450.910824
1758.723936 1093.984976
1724.377964 950.740618
70.794473 1131.311700
1766.910619 1004.885204
1736.940187 1125.881442
1793.022353 1142.851181
174.088368 1303.863169
1751.537240 903.055317
1735.112352 1063.473904
1776.330740 1042.121582
1927.725272 1272.625458
1767.118613 1104.242975
1836.224872 1005.775763
1883.154653 1051.406734
1824.477848 1326.810023
1779.925226 1291.019357
1849.105170 1078.745056
1762.643774 1041.509699
1629.987242 1000.391907
1681.900367 1198.803452
1618.527052 1249.714642
1825.793956 988.906782
1684.919196 1108.791375
1893.012650 1351.755023
1921.281847 1154.558258
1887.506043 1052.959450
1916.108987 995.393792
1699.713925 1134.114884
1896.429997 1218.880266
1500.710759 1104.767073
1736.765849 1006.330416
1884.769080 924.720662
1813.083610 1081.956006
1892.468502 990.059013
1829.957612 914.254689
1738.503899 1090.710244
1676.980067 985.693992
1603.569248 1208.090313
1868.393490 1303.603990
1588.127541 1025.322267
118.395953 1173.346673
1828.869482 1217.965613
1590.563365 1003.631808
1827.430239 1298.790600
1740.728318 1138.941129
1620.516927 1085.890297
1854.257622 998.059013
1937.515404 1044.890608
1779.641675 1143.572069
1921.296687 1029.850526
163.270250 1269.594639
1962.132058 1287.837964
1668.642967 1021.031110
1622.677356 1220.704135
1663.189850 973.039899
1803.061751 1064.143791
1730.589899 1007.567601
1989.019627 1080.630050
1740.827731 1097.565758
1749.853737 1033.805355
1907.840297 1135.142997
1663.866091 1254.027179
1784.201327 1335.268838
1745.769567 1292.277666
1723.694640 1167.936108
1894.282187 1128.025260
1862.122824 1242.048189
1651.615282 1040.817126
1543.541305 1161.775105
184.592627 1236.644068
1836.992138 1387.170961
1882.700051 1314.446488
1778.808979 1106.240025
52.988326 1233.636318
1867.643401 1277.690319
1966.026164 1250.869662
1734.724929 956.591841
1679.814654 1154.347844
1736.461132 1030.206344
1826.698473 1058.356007
1582.915119 1242.051339
17.828063 1293.157001
1983.534413 1187.050686
1868.170504 963.070278
123.079292 1212.246662
1918.885200 972.398767
1867.828139 1266.960933
1668.312171 1109.775630
1722.179585 1181.499598
1869.612314 1161.685911
1800.440965 1027.505992
1701.231350 1126.547863
1796.322591 1216.961366
1899.791214 1250.679526
1657.140622 1152.038076
1762.664263 1309.892487
1579.039155 1276.101972
189.946469 1134.501172
1830.691878 970.933962
1701.463015 1038.407904
1889.175962 1104.367253
1816.377584 936.394449
1909.879959 1071.342601
1633.547088 1164.266136
227.696985 1243.911626
1595.994894 1058.138663
1751.127355 977.295961
1770.520900 983.404953
1976.787631 1339.325441
1808.769666 1189.056150
1888.473568 1082.115546
1685.719955 1180.442557
1772.003314 1099.981108
1887.612216 1256.741471
1604.175806 1133.959019
1725.955648 1168.152776
1652.769868 1209.225754
1799.269814 1039.283278
1730.709871 982.115648
1842.650689 895.129665
1854.675203 1030.039804
1562.491986 1199.036337
1789.283998 1261.560572
1796.152819 1260.056634
1846.001199 1190.561067
1942.048972 1331.120511
1963.947793 1093.262233
1819.469838 1170.741281
1796.868200 1067.048772
1868.524488 1045.441415
1676.584580 1145.787602
1780.052941 944.289846
1857.862484 1149.647109
154.014468 1224.458540
1831.390540 1219.693005
1829.330477 1259.708057
1528.297937 1102.021542
1797.548271 1139.164092
1893.858731 1174.618622
1723.667343 1239.113795
636.569770 851.004821
739.959117 99.129533
1902.657657 1952.546142
16.042999 1798.630327
35.485285 1687.261094
84.520022 1766.282835
480.396374 1110.619402
1984.894921 1643.139017
629.562011 1089.820839
667.471140 1023.476689
523.110752 1070.421994
1902.220076 1691.649986
514.933100 1120.269352
720.745592 1038.008357
648.195571 912.378380
1860.490734 1959.465787
178.337213 1729.608240
770.668844 1044.126208
1891.569500 1995.480951
720.654291 1034.071450
664.432853 1004.263913
571.601447 837.114023
631.040831 892.172830
1958.255162 1873.165767
1977.610195 16.699657
786.763351 1079.195080
1922.364888 1848.820148
687.761383 1110.422509
657.158596 844.493317
1792.337108 1789.858402
1845.372737 43.993796
650.877991 899.061513
627.484809 934.010439
570.979958 916.720621
44.460952 1861.249501
534.079441 1139.903406
653.564122 1028.553522
742.542437 824.007106
603.482560 1148.320776
1786.097036 1851.783859
1849.893602 1846.871425
796.045849 922.447386
4.799031 1746.190472
724.474969 130.573136
694.470743 965.232073
682.411905 938.810276
649.731622 813.544155
501.107503 970.737757
711.551597 886.293657
634.870747 92.328533
680.018399 1060.538995
612.880561 959.600729
625.142407 912.713723
644.392229 1128.361958
1855.516009 1877.283332
463.013683 934.693572
39.981942 1762.644064
10.187767 1974.864577
115.947555 1776.649159
761.835929 1005.977074
599.679222 139.400028
747.502407 965.572303
788.302016 973.030507
782.049352 952.322753
639.815507 795.020540
29.464258 1815.912525
1900.394511 1871.050327
583.534848 905.303365
594.068031 1008.577120
690.955181 1000.721116
827.469329 1009.533642
668.918696 1135.921040
649.297756 1047.612234
526.144793 997.474435
720.678603 852.393000
536.677385 904.236450
1881.256390 1712.194783
720.700198 1116.121095
682.192494 810.047946
602.260329 875.868457
537.089508 854.023967
637.310643 1055.719987
683.933824 942.612100
17.220301 14.766798
1766.472456 1830.175385
589.270358 934.774457
17.600466 1899.269502
546.433455 1123.971589
512.692761 999.244018
641.044101 965.614929
1860.403598 1997.289373
643.520065 1117.113449
1765.460324 1641.479895
1875.772159 1914.047228
645.659002 979.305277
1949.812122 1940.202310
87.168530 1734.853453
704.534912 1086.782307
661.219479 1095.369648
447.104441 1002.080424
540.133439 935.497757
568.236310 1077.481050
1863.374269 1827.617637
1906.468316 37.568845
552.686813 1039.590253
1965.579844 1784.054472
657.822766 948.708824
482.485174 1147.734091
540.649689 990.529020
133.066354 1705.206948
1828.014477 1898.763756
500.781217 923.349547
56.612680 1770.362807
560.910058 136.045275
1829.124793 1725.967065
36.494073 1947.731088
1784.873451 1763.720860
619.965687 979.823993
715.429896 811.144896
510.095220 139.149111
767.072062 926.993637
604.675202 855.221275
1857.479051 1771.473349
1818.701856 1966.462557
587.304697 963.404666
672.234106 886.595769
555.570124 1114.273948
78.653782 1681.249810
1942.035238 1.262648
485.748527 1048.303877
486.499499 1010.049096
590.477166 974.256611
688.501807 896.921472
561.307330 872.526972
37.463870 1723.940217
617.733053 953.032435
566.907441 866.197696
591.565719 904.308387
77.276482 1795.697842
1986.839447 1743.293894
746.404714 957.588834
602.440558 1077.347181
1817.979773 1819.166325
690.953092 1028.115061
567.053276 1074.502126
1928.496941 1663.324762
589.945261 1019.496175
1878.228339 1816.429749
605.697500 846.742123
633.304400 126.996198
723.928472 966.559323
34.470096 1829.492081
587.697552 962.326540
555.675938 953.662024
687.902606 842.234615
754.212090 877.669931
604.117534 1032.493445
511.353849 1022.908326
2.247046 1681.173083
1849.980284 1737.148624
709.245771 1766.126613
1932.843946 1880.538348
1873.090474 16.876703
616.198330 991.073120
740.951432 1086.679510
1814.761209 1864.475929
1960.528197 1742.112637
1921.708854 1630.515770
1961.831889 1814.622697
452.658814 1049.803387
569.797371 1166.336798
80.963977 1842.138193
492.043099 1163.007321
634.493216 1078.049250
103.915638 1817.430891
1846.773363 1796.939917
720.385678 920.552372
651.517226 1010.023888
566.367642 985.066197
604.437650 1048.043711
50.398080 24.841226
1880.776278 1731.525019
588.370528 1120.325684
595.973841 1095.401709
1917.842231 1912.906194
703.058573 1006.732094
1976.696449 1837.608614
1841.748941 1780.350130
550.469306 1030.466468
750.698174 904.777065
595.255378 103.258098
737.573060 994.217823
770.558567 116.155279
489.297509 1068.268552
633.020351 1163.925717
1892.175695 1783.749473
1964.416034 1968.042110
520.558511 1824.473765
674.470819 1770.094183
91.610174 1701.012917
