603.502666 1001.887516
579.416230 988.339113
831.459490 1129.834456
601.752536 1014.810057
591.047286 1042.060262
625.793341 1058.814344
623.788502 1119.845809
702.436246 1059.084691
599.546161 897.025126
479.196315 1207.875259
362.939560 1126.133303
432.622433 1023.100031
535.434024 1184.147748
655.903361 1244.282219
690.025559 971.690861
641.800821 1130.262108
538.039497 861.024879
681.339085 986.982979
611.742151 1095.850518
420.645392 1270.347584
725.978540 1265.098037
534.707003 1043.657180
495.064409 1016.960323
681.895194 903.304696
634.301471 1066.401933
844.635168 1138.911415
469.761496 973.858533
601.523932 944.345521
529.293021 921.528252
693.991186 1208.083030
568.642621 1047.614442
649.334996 1031.009637
519.884617 917.468421
775.511913 1111.977064
604.395938 1161.915505
624.547618 975.664754
628.711374 1089.192579
620.697312 1277.258541
378.794744 1065.465916
647.880555 1102.401319
555.690552 1066.934186
353.119365 949.825886
473.339772 947.162600
520.911187 1085.149338
669.956465 1078.409893
762.798759 1241.222382
510.316032 1055.704794
754.344060 1038.021228
552.902906 1005.755999
645.579799 942.649921
691.193439 1030.261811
538.197900 1239.917407
702.245905 946.050573
342.523817 1065.494488
737.032060 1049.442055
410.276375 1067.254591
720.019782 1022.809460
464.383685 1006.398538
570.330994 1192.678221
610.668663 1069.093015
710.735731 904.388292
820.847838 1028.015480
408.627040 956.485617
640.456807 885.784420
561.132208 1141.022577
512.625852 1065.348351
549.827657 975.421470
594.363482 853.254964
584.889370 888.859146
424.889229 1225.561627
667.949712 1185.675413
553.402795 1051.368224
401.373649 992.698018
591.429726 1131.653747
442.118613 1154.299380
752.624617 1038.692483
517.246116 996.905477
426.455719 1065.669987
572.894033 1120.007589
377.104401 1183.856946
615.695319 1015.178113
655.619538 1201.602337
459.194794 907.122473
558.904633 1067.812068
717.710122 1073.314635
392.037104 1125.855879
494.963318 1115.812736
507.965543 1161.792548
379.868527 983.583854
685.755332 1122.918080
773.750803 1199.114549
668.331088 923.913026
589.713055 1165.035877
590.662319 959.114770
723.489393 1106.951566
590.549340 1038.575288
740.469907 945.506227
516.395463 1273.481645
490.248145 1127.306278
499.687513 902.692222
611.721492 1191.721202
726.104511 1060.090207
617.892398 978.670292
593.060984 1234.228975
737.173149 1181.236371
575.131772 1145.359103
808.204260 1180.547908
562.743538 1177.420196
465.088009 1066.538033
382.701640 1022.039962
435.255939 967.994475
662.560417 1148.336872
523.986258 1146.431572
726.002973 981.867664
645.372261 1117.183988
562.774406 1093.650586
563.796629 838.347012
693.551439 1257.219725
643.681062 980.156148
393.957776 1083.582863
704.588890 1179.356373
379.047091 919.974785
507.848939 992.492647
528.962159 1169.920688
364.883052 1143.954552
461.787789 1103.195365
728.687916 1213.091941
483.724076 1074.568308
549.444348 873.744921
501.395568 960.892437
525.386029 1126.226628
710.378815 1089.128519
600.206670 1132.383937
721.193838 1151.545086
662.327218 1051.069010
789.550485 1050.224909
650.768439 990.310119
767.810242 964.288114
763.291353 1149.569742
724.134277 982.429281
798.590241 1005.266982
532.570200 1087.185978
777.367242 1146.150142
806.265238 981.163209
601.931736 924.666836
655.965653 1103.047701
585.904080 1064.808830
672.933269 1020.615237
690.193109 990.144605
527.527512 1101.091018
680.177299 947.635584
670.276859 1235.820449
503.166694 867.630853
640.146762 1030.706126
587.548856 1121.928208
625.335896 1178.315052
563.993789 936.305158
706.627924 892.786456
346.806414 1008.839872
642.590493 1257.092833
550.738793 985.001444
442.204209 1208.824005
472.563143 1171.327127
495.852167 910.276818
681.800274 963.255520
395.434962 1175.735369
561.676143 951.418759
650.354937 993.099648
390.678279 1219.403842
470.207018 1174.623220
594.703714 1081.687136
703.411007 1011.302633
503.017204 1240.908942
626.974596 868.398632
593.626819 913.596580
645.730015 1005.540935
567.795630 1213.278750
466.039208 1241.779505
752.469074 1082.663173
641.650951 927.934367
435.035947 1133.790126
761.668398 973.550445
526.941835 967.591183
735.199589 1132.304321
579.484106 1096.303597
741.113138 916.947265
505.680144 939.597212
559.129959 907.545591
596.562528 1231.777336
663.819732 908.124809
635.580767 1148.033166
464.346093 1110.538020
486.309460 1081.173844
407.127942 1096.624609
686.165488 1153.402881
552.415235 1004.119041
504.365390 1196.478257
455.752903 1141.235171
744.769572 1097.744914
442.410519 1028.872499
1110.808570 24.122957
1403.617487 1342.680970
1148.664929 1893.970136
1155.347466 1409.413763
1049.572400 1674.988392
1188.039826 1547.038702
1282.066745 1708.184419
1034.351445 1943.505602
1043.278932 1998.479855
1102.731867 53.660183
1396.984575 1266.402030
1378.069935 1260.391523
1099.514771 1585.401141
950.402993 1610.291610
1069.790083 33.063045
1197.674955 1595.812001
1287.500317 1593.096759
1184.783459 1635.164706
1184.792482 1574.309344
1378.746973 1276.988344
1084.760662 1744.854949
1109.318119 1702.683188
1037.487315 1506.894525
1186.756318 1732.718021
1279.283974 1224.258383
1071.110917 1833.957650
1087.975331 1803.684643
1139.571653 1509.802241
1149.135690 1558.210993
1184.582394 1959.258489
1101.536607 1530.862289
1014.361735 1597.180323
1336.320429 1767.240852
1332.750769 1335.851977
1011.325399 1470.672082
1118.200658 1877.035524
1018.692857 1583.399841
1024.126865 29.571623
1060.698612 1726.267729
1079.662816 1933.786889
1134.201655 1630.583329
1275.570329 1795.249532
1127.383940 1919.344101
1084.694219 1619.869806
1195.367941 1522.479069
1156.229338 1614.229364
971.544331 1915.138265
1211.572109 1708.053406
1455.213615 1339.486776
1226.056749 1492.978460
1162.786660 1762.634665
1023.217659 1543.005574
1103.524127 1976.340105
1026.174637 1735.651517
1131.501812 17.967984
1243.380554 1513.640059
1135.678324 1460.673814
1081.017973 1893.541177
1109.354898 1724.238703
996.570170 16.486370
1204.538087 1451.283422
1051.341510 1855.816982
1001.203131 1971.720307
1164.153322 1555.067831
1159.966941 1702.979940
1194.469061 1689.217905
1164.891316 1769.236374
1373.310191 1225.540187
1017.771250 1902.658381
1125.434986 1683.408443
1224.917240 1577.885437
986.593836 1992.229660
1269.431588 1572.594695
1037.433397 1521.388488
1368.937006 1391.204565
1001.713004 1533.330920
1137.284748 1526.678325
1263.757674 1670.365155
1119.705205 1731.432423
1203.245351 1654.283398
1196.528272 1676.373558
948.325138 34.322217
1149.698040 1858.247265
1454.921460 1276.475414
1280.713074 1534.996558
1151.104217 1821.269403
1191.789892 1520.462918
1139.126127 1692.521210
1049.163326 1643.271912
1100.081551 1587.979991
1187.087596 1835.223214
1091.837722 1795.235343
1004.770033 1612.044161
1415.122194 1280.329735
1221.378339 1770.463951
1371.279289 1197.021497
1079.715303 1563.338190
922.906178 1644.279175
1056.985528 1976.319837
1226.110560 1625.055446
1124.244326 1585.388660
1125.413240 1855.836064
1106.007883 1824.504405
1120.279434 1663.068393
985.287259 1875.026308
1148.457912 1547.863260
1238.991345 1724.886904
1060.875673 1897.361595
961.197352 1975.850000
1268.374727 1632.064138
1148.432298 1541.659361
1053.148524 1917.349180
1010.648291 60.801715
1113.958422 1705.572109
1026.728114 1676.525542
1085.432697 1930.919133
1161.785765 1655.229686
1088.613998 1479.240837
1070.214233 1707.780920
1055.460016 1589.471550
892.543198 1544.028746
1234.637968 1628.889064
1088.760483 1669.020895
1201.014627 1628.443200
1181.525498 1770.661214
979.162477 1516.562069
1117.599739 1625.230140
1115.978159 1635.416310
952.977045 1942.679200
1277.582951 1416.158520
1390.626588 1309.177829
1037.385058 1808.266873
979.188895 1601.102559
1169.424718 6.056936
1072.233869 1766.520234
1129.278541 1666.273002
1199.313068 1794.400694
1089.005205 1856.919509
1198.940040 1591.195496
1053.482027 1559.814250
1277.241855 1616.808743
1228.527222 1669.647787
1094.350197 1536.087165
1304.022345 1366.110913
996.019749 1943.240082
1157.695880 1449.948442
1124.102512 1536.901951
1048.333929 1603.157291
1081.363739 1628.108082
1242.971160 1416.333641
1200.263214 1727.802380
1100.680937 1587.169465
1235.422463 1747.069396
1342.096230 1248.166885
1114.189110 1946.221134
1248.358897 1705.418302
1145.063902 1782.802486
1050.547782 1495.906855
1190.382632 1651.783690
1233.203143 1538.817676
987.155138 1501.251064
1343.783943 1301.429853
1416.793060 1133.399306
1063.632825 1454.233234
1332.197450 1215.358882
1082.673925 1.827076
1140.850275 1781.847014
1031.969408 1972.476382
1171.935975 1499.913159
1078.944893 1681.768329
1152.757337 1666.292083
1125.575846 1799.723165
1154.089501 1717.945926
1266.696099 1754.519809
1082.584063 1499.033408
1231.346708 1546.017541
1033.699838 1498.988169
986.889146 1556.457578
1257.606057 1483.933005
1151.668248 1946.398978
942.255545 1525.125870
1121.004352 1495.414373
1022.670148 1839.090458
1367.264803 1328.480839
1212.682399 1483.363510
1059.346432 1954.222279
1128.114558 1625.424900
1125.496887 1578.895718
1183.210124 1596.346346
1014.141246 1869.870796
950.749860 1884.364019
1119.249110 1538.039951
1130.519597 1470.641765
930.315181 1942.067282
1298.937941 1776.904371
1301.557316 1658.450328
1062.857293 1514.026392
1340.463067 1369.087286
1122.313353 1935.389848
1211.862203 1814.275883
634.291440 1761.200382
463.538025 1825.560259
539.813012 1806.816733
1835.546292 1648.701134
1741.217418 1425.442743
335.589815 1580.889342
1917.543150 1641.268447
432.654802 1659.881288
1882.506656 1628.031970
446.912238 1547.229069
1597.118320 1510.730434
1651.691979 1554.062601
365.185877 1562.078783
408.621444 1576.208010
1798.554066 1702.448291
1859.668377 1556.147252
434.266546 1740.796051
1685.935356 1544.924936
1730.396646 1560.804344
566.945178 1644.788630
1803.572251 1446.806651
1678.619076 1494.960072
1706.561685 1457.043819
1622.843843 1456.116977
495.594015 1753.463090
1820.742529 1509.457979
1785.033490 1587.164831
1763.819770 1534.650266
1602.844019 1479.607248
1730.915123 1498.340709
1787.078740 1782.667434
1770.072122 1610.644083
1727.906593 1438.569451
1811.839680 1481.843335
534.150079 1650.196325
1708.404668 1493.473517
1658.486456 1448.322829
1781.293993 1672.118186
1724.837626 1592.418915
661.317603 1794.002495
336.791463 1675.321751
479.051189 1718.924479
423.963165 1691.134104
308.426371 1634.111820
1600.908436 1446.419625
448.283285 1730.914586
355.589648 1711.587638
1889.061230 1675.414776
363.279933 1604.078437
1607.053819 1401.693766
1693.589253 1570.762512
583.767836 1688.306071
1000.311439 780.442778
1813.383550 1612.152510
388.036961 1688.491532
1692.992414 1516.017596
1774.702665 1451.970033
481.516067 1679.190693
583.382267 1854.383601
1834.460865 1774.045713
1920.197058 1510.478746
1771.429344 1394.730905
604.114100 1655.920876
259.335418 1631.897623
1915.449330 1541.654885
1774.256898 1568.902705
727.783069 1835.365847
1570.915810 1422.501958
353.476812 1658.885611
553.465236 1737.573090
502.022512 1796.563802
303.636920 1673.554839
572.762474 1638.342139
409.791744 1605.121961
1839.303016 1732.952712
1807.642598 1671.133903
1793.052437 1489.715576
390.414214 1656.390724
1574.852711 1484.192286
109.323400 1651.110315
1762.195140 1655.637234
301.866767 1573.340934
1817.434932 1511.877727
1869.128146 1708.146868
615.564428 1716.215719
1859.594423 1505.834792
466.157238 1569.540080
1720.417818 1538.426873
370.372585 1726.347507
1659.900957 1520.824258
1676.474456 1459.155279
1720.656975 1404.442438
587.693187 1758.402006
341.256213 1584.361170
412.669962 1526.355751
1786.073922 1518.141469
1769.192403 1478.858444
1755.002468 1619.908101
490.846804 1915.264414
1663.857387 1469.442523
480.701438 1597.102686
599.340159 1904.882496
1637.406289 1415.308493
1862.149453 1673.372512
1734.761920 1545.878197
1690.544193 1604.928156
370.663260 1594.604135
455.809297 1639.485600
182.600164 1611.478613
438.745203 1571.988713
559.334645 1721.027829
488.663879 1808.283189
1689.295190 1444.716999
1789.427214 1628.848902
1540.744305 1455.623894
504.752408 1718.768660
342.559815 1616.176401
468.641042 1589.500498
385.591935 1687.186495
308.912788 1732.367689
470.282760 1675.579245
1836.864145 1645.266810
1795.197727 1746.638128
1782.612638 1689.954530
433.142542 1769.254590
485.318608 1662.939305
1949.753133 1673.077841
1660.767856 1470.006399
1646.883997 1602.517149
506.533723 1667.292379
1872.230223 1769.678927
1837.787049 1706.498330
508.428170 1700.601302
463.069638 1768.095312
1830.522860 1687.000255
621.355152 1803.407185
265.107781 1594.862178
1917.351377 1577.515219
1767.787194 1446.391447
1865.119902 1518.331745
1704.055554 1629.360614
580.134009 1800.995596
546.061497 1688.117090
1670.449934 1420.010703
529.123377 1641.513757
511.149457 1585.634335
346.229526 1758.715384
1743.778615 1518.648514
1970.322394 1601.964391
434.235605 1688.051575
303.816598 1618.178172
1716.606666 1577.593229
1722.308051 1636.791625
1786.427612 1635.674685
1851.215740 1590.424935
1755.064644 1705.278685
1702.160474 1684.344689
498.414449 1617.593671
375.195367 1524.862116
1769.043239 1491.280076
406.056951 1640.788277
1669.821481 1416.554283
431.935209 1594.686406
1884.550098 1557.847297
643.890627 1711.905466
1732.074823 1486.787318
1807.918275 1413.623541
381.381945 1616.638199
639.631576 1895.332604
1836.515222 1589.813238
548.712626 1684.209688
1904.043352 1614.209490
1752.416002 1517.708518
523.613245 1793.000663
1625.707644 1542.287117
1825.303541 1573.553242
1720.992526 1613.261278
492.060087 1635.303609
341.765903 1637.315017
1644.813241 1393.167635
1730.834541 1461.089567
1616.164692 1632.156161
1726.133461 1653.894376
447.498526 1799.239134
1798.866958 1593.481667
1903.865842 1710.524036
441.622164 1593.830572
139.757780 1597.301004
1842.839765 1471.133206
429.101169 1630.506421
1789.551906 1544.582732
342.250555 1540.856051
1825.761898 1557.213429
618.004184 1748.067654
380.662601 1754.706511
393.516036 1803.288302
1644.978238 1510.344655
443.687148 1713.534498
401.970588 1745.513736
1846.570855 1614.926611
1009.459911 1323.399786
1054.893990 208.062865
987.544579 638.927723
1053.149567 516.307429
1050.952689 514.066720
1144.343838 583.612778
806.504216 1541.892670
1008.827390 371.004396
939.731385 1538.183548
1093.649507 1509.821495
775.063640 1494.064247
1092.869825 394.343297
890.340728 1574.091486
1008.085191 1501.905449
1065.760042 1364.813983
1000.530730 564.838585
1868.517009 101.077463
1019.963066 1496.817409
1037.543324 601.973052
1029.539913 1447.622210
877.146832 1441.749995
865.441569 1276.459069
931.965162 1347.967934
1072.057279 528.663763
1092.386760 654.431228
1118.326182 1540.869226
941.151700 576.122571
1032.948755 1557.405978
836.268479 1318.805389
979.678817 420.713062
1043.493994 649.425633
1020.820447 1397.768981
1084.619948 1407.376934
937.248537 1361.496020
1110.297042 589.028528
923.154376 1569.368132
814.018389 1428.690750
971.368155 1263.147132
965.357313 1577.926349
855.337518 583.243887
916.279621 544.417088
978.641426 1350.809523
1078.194122 437.525057
1039.160297 239.750277
821.777660 1388.230536
926.459483 1388.965810
1004.517040 1341.706760
793.736494 1400.908973
1038.594063 1381.708140
958.231497 188.311728
849.771012 1492.572531
929.186776 1416.768521
1094.406310 1475.562059
1053.290041 1582.096989
974.621819 492.714176
969.195714 1403.186588
1090.214189 500.894535
1112.232864 682.943202
1875.337091 145.370224
1082.868203 1447.661320
925.568722 253.278894
1016.477469 1412.833743
961.032773 1370.693467
1007.313435 1414.172132
928.722560 1246.491719
1161.956500 615.760127
882.895105 670.769138
1051.854321 1400.164660
974.821205 1500.974990
906.409406 1418.812732
1139.686597 1491.412171
1007.120409 1595.302634
1074.898147 1521.226026
855.158624 1424.600135
1051.824211 1300.804415
1007.801637 1409.503695
958.352750 444.410372
1090.518015 1581.287829
1039.664256 1336.727154
982.931791 1342.010444
934.503143 1317.927666
1004.537136 1464.437427
978.218299 1379.116079
1126.417987 626.237190
881.312837 493.249913
835.402307 1356.277545
1080.022225 628.352520
968.506699 1596.568670
753.430645 1395.404769
892.012944 1383.238364
1026.159361 581.428346
1053.669747 1534.268206
588.256102 426.490019
908.196534 637.120513
1037.030043 1470.383056
1048.809619 569.065415
1082.837213 537.625959
1006.071627 1512.942092
1068.389660 1546.771308
787.583669 1441.414984
869.387312 1340.018173
878.535692 1530.800564
1026.745983 471.397934
1072.588278 672.671022
912.881206 1474.912842
953.352098 523.668636
1060.786819 1429.415411
962.493127 1648.606456
855.796037 1473.918514
1126.654943 555.185821
975.105856 535.242522
836.300011 1334.059222
1035.511304 551.592920
874.947090 265.381212
894.030888 432.007049
1887.011499 269.409400
868.456814 456.068702
911.418205 1435.033234
1003.214442 1289.192241
824.386312 268.836691
1052.644801 1343.885155
901.539471 1301.669534
986.768702 445.393891
977.872985 598.180414
998.551058 1436.706762
958.407899 1349.634103
827.894799 1512.732305
1129.242294 516.994964
1045.399004 613.279876
951.731169 1560.531331
959.558034 1490.157875
1067.273573 1497.272551
795.580064 1368.649891
905.425151 1341.730238
1056.544320 466.393409
967.715212 1412.865541
783.275295 1324.701533
825.800120 1375.308555
1109.347432 537.924519
1028.963284 429.677362
1055.489574 1435.779100
1009.140796 1539.521057
949.994163 493.195432
968.724190 1507.806643
917.206598 1501.947704
1045.521212 404.407853
851.237492 1453.219061
1093.069894 473.119288
938.052236 1288.892396
958.020509 236.773934
848.174453 1410.998040
1083.719712 569.089831
882.572976 1400.443913
721.172397 1418.038651
1029.034697 1313.926124
971.508977 1301.470636
990.721416 1457.144908
944.020638 1468.295607
997.609639 503.739409
889.328147 458.896608
154.183755 541.974278
1028.213989 542.622247
1012.696986 631.160049
972.268847 1437.729406
1112.073333 151.225333
981.150712 491.614244
946.609272 516.531640
930.303465 418.642712
1024.402173 482.120370
892.106882 1501.841833
1037.571472 167.359061
1860.414650 210.609670
1007.416425 1647.761067
1000.077593 1565.688737
1880.943609 182.458271
941.566358 475.618714
868.008461 1343.543444
959.804677 1460.799977
863.323073 1400.351249
888.851014 1464.700180
1898.800476 368.429489
908.733794 516.630482
976.107348 1534.135675
926.039038 1536.379715
984.822789 596.163341
903.215320 1397.164308
944.641954 593.538337
867.054871 523.541949
808.617340 1465.923410
817.181529 1294.322981
921.674381 218.976421
1076.343344 1482.336061
1084.625569 225.975836
859.210575 1517.977312
1036.280127 1614.788306
993.949335 458.352559
1074.176920 594.243048
1915.897928 460.799478
1915.569175 519.754276
989.875594 556.030847
