861.715305 74.233070
788.590910 34.288585
940.749136 143.827411
867.171814 109.708226
1087.679944 219.370007
867.886491 114.173028
993.317447 156.899849
914.323297 144.027158
861.139225 1928.138592
933.177399 208.308914
663.336144 209.000863
668.609194 31.315139
1022.842327 249.572924
985.433589 425.761935
827.799318 54.129854
1066.765298 190.721310
798.896868 1910.119930
819.410116 61.182132
776.518148 184.314974
829.027851 290.643284
979.588453 224.103774
691.479638 44.043995
761.271125 170.668334
741.866738 13.578897
690.067018 157.149872
1119.814947 157.683879
855.458963 19.942604
712.241841 17.783603
873.114502 32.053379
972.611824 280.397868
884.516901 166.339342
795.584993 56.467640
949.156659 70.323207
1015.991594 113.017330
953.962693 212.444901
1086.677357 167.767878
974.827927 106.451809
1009.219353 386.129400
920.863875 96.492667
1047.518793 157.968625
818.054262 65.698371
882.706302 43.624649
820.235155 1947.311071
991.097552 210.926572
838.329331 89.638083
981.496548 259.172088
990.654343 77.052805
931.230760 34.127857
1045.561868 58.908063
690.309563 81.103220
785.937550 38.934958
789.150022 270.983493
1074.642567 64.147858
726.416114 151.272482
905.756556 61.085924
779.241456 136.483783
637.375407 110.287080
630.504001 7.283014
922.126794 268.961000
918.073562 163.890203
830.808142 1913.292271
925.861503 70.198841
809.424588 1974.534545
741.595542 1983.557179
703.357424 255.166914
829.072765 112.093257
615.859889 81.915990
777.151113 1892.357821
673.532932 15.775631
939.229694 327.820351
741.729783 189.790928
972.316246 75.699450
731.980252 39.364560
1014.623360 183.435692
869.475031 156.596368
903.580171 73.393321
1006.724449 304.362241
831.658579 100.492507
787.792131 147.219178
733.737788 232.963181
733.636079 26.105061
894.386581 188.990764
663.771511 1960.181719
963.956404 153.866067
788.908176 210.857942
644.004181 130.861708
875.832392 217.536840
1002.605268 216.566964
767.694736 34.404276
904.901843 124.152570
1133.489628 267.252116
801.484943 1962.935564
890.894181 258.716007
911.086154 27.771378
956.484613 106.915761
636.702791 40.860085
799.592306 1999.435544
904.714359 314.440082
922.877921 202.977213
796.831074 1913.038770
921.229152 293.456939
1048.899551 131.855561
744.180241 1998.282264
930.062396 211.430711
978.112360 187.900398
702.471818 185.810855
1096.214491 286.115603
1032.564794 306.498957
874.794273 94.616625
745.399159 63.669344
962.955061 30.124516
1022.040146 205.738628
749.036290 131.898675
922.992020 99.209474
896.040395 140.239228
722.434872 109.453301
732.937894 1894.460768
1059.232599 256.873150
682.273100 1999.887197
863.871949 190.675329
865.891984 236.554692
692.487996 1974.494094
853.399106 60.370073
846.019565 148.798226
759.176882 206.925497
708.366089 128.628275
904.136854 244.433703
668.864207 99.347540
854.985696 1959.997681
789.811246 1994.819405
951.560253 245.731518
760.677874 91.976713
811.515053 143.707990
1106.885491 248.535137
1075.129238 96.582898
863.285266 59.937990
745.022214 122.699925
755.761949 1946.594083
1058.880078 350.934370
760.480667 62.977019
1003.501319 30.057162
743.135275 86.537972
1005.175158 239.060441
883.667919 1953.554786
934.978031 1994.533216
836.186433 219.931798
806.596428 99.355780
1013.190296 47.030844
964.436947 1972.847205
980.017271 134.002034
761.541912 1962.134651
950.626742 247.517216
837.689403 1986.564090
730.657962 47.588610
943.869607 139.009051
974.448748 391.756998
830.648236 3.226422
781.714110 1948.326420
683.289863 59.244632
930.524369 369.298140
705.594201 74.597953
940.645778 274.890635
812.779657 196.551864
675.139665 1929.467958
882.200065 0.636988
832.321574 251.148865
795.489057 119.150617
1083.545420 96.217601
786.992960 231.700375
758.271551 221.280610
862.237346 154.730043
790.926401 42.749810
748.906654 260.072918
718.352591 1910.031676
943.203942 1985.797169
896.600834 10.445376
1051.794847 280.501724
860.517121 288.229914
882.027953 84.437536
828.439105 25.235390
892.361354 195.561756
720.034422 1950.654701
972.943041 24.585877
1016.631663 139.136524
838.956566 159.026164
905.363307 1950.311632
790.677580 1993.079350
737.782020 1921.751308
951.664595 302.702009
891.473130 1983.271732
832.191496 176.286522
972.102679 338.930064
1016.762089 158.122780
961.298216 174.546805
811.462832 137.897384
942.986437 60.511322
814.655631 223.528375
721.462540 199.327302
1099.969611 206.163597
887.200594 102.424489
1213.946125 1048.874743
1448.497709 350.255584
1298.610487 976.738875
1061.112143 574.580937
1146.635299 721.369443
912.473396 747.628147
1261.099578 802.843437
1124.869002 949.379879
1280.858577 1022.237216
1182.244552 1056.624035
1392.406020 346.195695
1422.659330 330.511642
1007.098771 606.833182
924.783555 675.966822
1157.103716 1039.691716
1089.587618 732.098936
1248.260100 730.097741
1040.401657 739.546722
1040.144261 648.735578
1423.899613 374.896673
1029.279365 845.359522
953.387575 832.348847
1103.288223 638.505870
1037.941822 862.473649
1356.452679 285.227169
1116.596375 856.320831
1190.377073 849.286479
1211.664645 638.742152
948.413010 774.469024
1314.763267 1012.444663
1079.223082 639.080812
1081.857625 782.743978
1145.819032 897.108908
1010.328318 584.133600
1120.731254 525.942052
1278.249050 928.024857
971.767630 697.122683
1179.612831 1011.992611
955.239570 810.039325
1147.697076 933.018529
1012.473624 689.636107
1251.705550 904.567160
1185.165581 923.423539
984.034883 676.010447
1131.444733 691.495235
951.501148 671.230694
1050.657557 976.909774
1069.124339 824.162849
1371.648037 359.338278
1192.852005 618.320263
1110.647565 815.177079
946.767035 645.661555
1179.078438 972.319506
900.543817 870.127883
1251.873274 998.717933
1012.936146 582.804326
1048.227452 608.258021
1130.415686 909.994620
914.819394 838.319239
1137.833618 1019.225826
1077.367958 548.041265
1174.666477 906.779188
1087.362536 968.785409
1057.901952 706.900362
1015.622639 811.070569
1082.982617 806.031150
1175.005316 825.479518
1389.573861 325.139320
1157.019501 939.557432
909.059918 766.168044
1213.322578 677.436586
1054.132791 1026.929555
1245.489428 676.940528
1031.880952 656.657729
1218.742802 576.557231
1088.718730 668.324169
1033.294369 676.490160
1190.426679 775.349866
1007.059411 794.214771
1193.165061 740.474117
1128.065638 691.012947
1143.840722 1071.823254
1366.672678 971.249199
1484.746733 354.006638
1251.012532 633.753190
1359.245554 918.600408
1306.982156 907.686765
1154.557549 801.109787
859.928385 738.511303
1225.356450 774.590599
1219.115025 870.500731
1075.024662 899.792605
923.527682 696.365566
1383.087663 318.453230
1082.079445 845.245825
1395.598949 263.082949
1160.363373 651.702498
1105.008729 758.859455
1214.723864 1022.957860
1004.696061 722.082110
1317.749453 674.790614
1214.966554 924.802325
1178.182139 879.807219
972.342297 769.990881
1064.643654 935.739889
1153.122719 622.725226
1012.600411 813.958869
1329.368547 955.441600
1150.537398 989.669615
1097.889893 736.553302
1122.160205 666.456895
1099.174398 923.318568
1217.096151 1079.072664
1213.953685 802.788046
900.208467 811.803495
1212.268830 957.502142
1108.471995 748.802550
1090.823234 581.690679
965.514457 749.575008
1043.910548 695.024657
1095.337911 675.523944
1125.582699 732.648924
931.550816 732.052105
1211.523042 670.038671
1010.768390 873.538463
1030.910809 550.483336
1071.377915 770.775239
993.973400 728.402722
1222.556434 983.722751
1104.965974 602.959551
1323.336400 344.406271
1105.588611 884.016800
1159.517131 743.082784
1304.406727 1048.672197
979.917471 886.136580
979.808589 787.095275
1142.774026 826.088552
1010.900513 918.139547
961.297954 714.229598
1198.850667 636.428987
1087.709618 698.360291
1006.420165 758.078414
1068.247167 599.944931
1457.419541 396.106223
1091.197171 954.146182
1016.843191 670.511938
1167.912645 702.537621
1083.364088 724.444438
1070.299249 755.411897
1221.715283 614.851071
987.603787 838.311746
1010.958506 758.969704
1240.345350 837.177815
1341.456763 318.766773
1212.254011 998.869744
1135.318569 771.881294
1049.934592 797.717002
1212.640177 711.052932
881.756263 762.269772
1188.932568 689.326001
876.719656 705.824839
1513.823297 368.887658
1940.383200 0.855713
973.092499 624.406023
1420.894339 294.256903
1230.655730 1046.805733
1163.034965 849.284607
1263.020482 1011.993038
1014.488272 615.586184
1116.634345 796.674681
1044.358760 827.591324
1139.011221 867.707834
1178.637877 776.697405
1045.806709 864.114538
988.505867 650.622216
1081.975165 630.118276
1135.784938 588.290292
1179.184162 640.760776
1182.770251 554.498969
1277.543484 963.123938
1038.085170 606.590864
990.529512 662.439962
1035.252961 897.327456
1355.329677 383.619107
1116.461197 641.380395
1247.101029 942.572080
1101.295790 692.364348
1041.231974 720.313493
1256.592317 641.338340
1191.491970 949.449901
1051.016887 942.315005
1154.164381 608.132180
1169.210135 513.257149
1109.678434 999.164750
1277.542954 851.369630
910.176290 723.196293
1120.416269 705.924484
1417.615844 417.988572
1294.207251 935.559746
1201.520292 897.781649
847.430498 871.872153
710.612067 843.989680
886.887055 818.818236
1701.953901 743.549796
1814.234917 496.275052
764.528473 728.904416
1955.151045 688.623602
666.963099 783.573072
1820.643655 650.920184
806.320304 637.825983
1674.739613 594.120099
1701.912770 629.769986
771.101242 637.813851
981.532729 682.801333
1906.408300 743.118002
67.312070 659.001495
707.614479 784.816455
1893.853551 687.880494
1773.467819 584.278748
932.401593 678.536788
1841.848199 478.509376
1773.039637 616.578048
1930.078458 582.160940
1802.692917 562.270341
795.186672 859.461741
1876.945256 578.366641
1772.860722 652.470225
1708.535839 616.618499
1865.698824 549.917211
1835.126307 655.729151
1868.898998 790.402328
1896.467127 655.133847
1975.121635 594.707741
1902.766015 554.922201
882.245363 761.762463
1821.216979 539.176868
1868.329285 526.857941
1829.303904 711.192975
1728.560060 592.007120
778.807131 830.833461
737.993894 814.849277
896.606143 783.100177
701.274937 787.547297
852.737054 681.296602
1713.364493 478.129521
777.518504 775.276913
814.035971 797.375349
1890.944757 720.565568
878.854795 749.866624
1824.455337 448.177101
1889.200117 638.346209
847.724307 742.669356
1919.748505 492.388975
1797.457589 637.641781
701.439595 718.167533
1781.712270 555.834263
1802.000398 556.401407
786.158612 796.003573
748.613990 849.137471
1835.124169 749.033195
1981.464804 554.853995
1851.863915 444.767639
868.450257 647.461255
843.560090 711.890261
1988.130879 626.027839
1742.829370 656.298922
875.028723 908.032538
1760.719444 486.837587
727.437074 693.144731
963.948387 780.390539
817.294794 891.176282
664.174341 738.732080
955.337174 704.358529
848.501764 807.599811
1727.982495 736.201914
1752.741439 706.407783
1894.320079 514.271671
818.295279 769.611882
1740.274705 567.676029
644.275449 758.914243
1855.809753 697.791259
716.297661 647.311511
1870.748702 580.295821
1871.572407 757.456603
921.309922 708.508539
1810.160182 598.474779
903.581532 616.446040
1706.002009 613.676667
697.590386 886.780572
1856.895437 628.779809
1704.522269 579.620677
1877.467533 541.972990
823.964772 828.852090
706.778439 683.376953
864.818681 609.297193
1702.270771 547.131732
1877.578894 654.044134
1665.702516 656.430951
754.795569 899.394153
1769.147217 592.946295
875.464723 689.529376
762.082057 870.348770
1861.008028 493.095047
1856.394241 731.009629
1948.376917 567.589567
1667.053760 627.597185
897.651964 712.566032
791.591750 768.344784
783.519613 804.014683
833.531482 616.151090
929.126657 765.499406
724.569827 863.840247
1777.940541 527.020760
1748.847039 633.620442
1732.309311 530.349244
807.864532 747.593473
786.235984 738.218219
744.465976 627.810398
892.688395 742.666041
745.097053 769.393445
830.828711 727.319357
1828.970597 667.976759
1758.425738 752.793488
1691.296537 710.555193
590.967035 841.057451
793.308903 721.946901
1924.591958 704.062866
1842.732204 594.601048
1664.844721 682.735382
869.496974 668.116280
1898.873239 766.900091
1799.861335 743.233636
976.663827 818.869115
826.787807 835.114425
1725.269983 696.913823
936.073026 792.245474
778.561343 621.324156
1933.335002 656.585168
1902.828560 462.922658
1922.285611 544.983062
1750.314477 653.463474
845.968795 801.674505
729.966609 734.546995
1669.915493 511.426271
890.484562 690.187634
835.765564 650.985373
657.558200 838.093961
1883.234157 610.144572
1904.457053 689.851940
752.872386 800.001607
829.956090 672.630895
1805.257057 688.791614
1625.002626 697.067565
1744.386036 676.979937
1794.764191 629.892313
1697.733776 775.747059
1653.766727 736.287564
763.610204 696.096687
798.691068 611.326852
1954.520237 522.298529
796.505328 715.221258
1627.249933 523.389851
857.868284 773.389099
60.946026 695.567020
857.628677 841.056288
1738.585278 570.299186
1821.161466 495.002955
903.668266 742.089723
770.903688 895.801171
1781.530102 588.632779
905.317073 655.417736
33.494125 677.636252
1842.666726 564.366765
754.062620 828.230792
1864.557015 660.003958
1979.758296 654.199972
1606.190063 650.385159
842.896206 707.019287
808.463689 679.610422
1784.818973 447.150000
1840.824809 617.216510
1694.335533 704.489607
1713.479064 664.310143
786.720607 839.488107
1934.823131 647.610969
1791.924252 709.755359
775.684749 656.939602
744.078369 667.198104
1836.510400 544.617983
791.322344 677.011985
1946.667318 626.940028
808.473472 638.647461
1864.534128 595.170277
820.762806 766.417782
701.197767 814.576971
664.036021 873.495416
1829.894197 581.806619
808.886902 698.212312
737.441180 770.845221
1827.927021 701.289930
849.556673 1570.892046
732.427701 536.562760
686.197675 1290.366868
871.355475 1209.469565
1969.842827 24.826115
790.319872 1230.582215
943.395262 1724.904061
1947.166987 1984.024205
662.691389 1024.895048
896.196603 1123.287255
670.874148 1102.187941
1928.767158 49.550833
663.399448 1140.660629
659.558512 1082.574646
865.441996 1459.226591
768.846657 629.800994
622.985995 1256.499034
810.344681 1642.051288
709.489807 1211.113060
866.398708 1599.245513
686.003218 1057.979625
694.641044 1277.189618
797.779211 1322.992372
1963.666202 109.018308
833.810959 1247.752592
871.783424 1155.851362
724.186645 527.199935
721.385362 1069.344519
739.829837 1425.440763
836.173334 1165.436250
784.257499 1215.261641
732.286499 1345.659799
805.272912 1543.797347
792.186663 1028.212418
865.967828 1240.694314
978.077366 1721.443859
843.662191 1639.946223
789.536648 1346.133247
830.243741 1674.694131
718.490010 482.333380
618.619414 1195.815842
709.536933 1411.349266
1951.439608 1998.136217
1991.321707 1959.635824
762.621132 1388.905358
881.510176 1156.450997
819.486547 1285.082541
843.879439 1707.013261
818.568954 1365.977321
1983.036980 1987.821145
739.491558 1167.468942
772.425216 1105.209721
832.080505 1447.287159
704.210421 1120.569454
743.942694 1183.215257
810.153152 1098.502803
15.490356 1998.831054
785.941185 1271.371291
564.848489 1350.335916
961.025528 1592.403602
674.458899 494.212983
928.825081 1599.564183
991.355557 1577.385816
761.291870 1355.836992
729.866065 1377.043706
706.591999 1326.291469
672.670679 1246.882504
867.824170 1504.853812
750.339545 1331.360384
814.537451 1592.436539
875.185408 1095.677613
764.826920 1136.599824
897.185023 1781.011822
881.449161 1656.542130
911.964458 1566.216198
632.870206 1381.087956
724.132504 498.580733
832.584252 1187.046110
841.247362 1312.916309
840.845694 1082.701707
830.312567 1600.690261
1002.295396 1655.639445
901.267918 1622.340710
737.140212 1278.007999
770.008131 544.105216
731.863171 1300.317566
823.529383 1216.198699
650.286564 1163.330396
806.305585 1426.522053
742.509411 1093.712390
1994.459742 74.165662
845.526193 1609.294740
348.867852 1559.839457
767.867576 1172.457016
786.327437 1062.592871
1.067751 1985.166556
41.695357 93.904506
805.624913 1210.462958
819.084938 1128.105172
738.097078 1483.898871
959.128370 1628.236602
753.736673 1573.745521
810.582657 532.849522
588.106185 1253.196748
994.513660 1626.151691
726.663073 1190.457271
684.553222 1375.989316
706.298255 1217.404368
798.231299 1647.308842
29.895940 156.614446
772.485498 584.149671
865.122228 1284.241408
1964.806911 50.470689
1932.281024 1969.337620
802.510838 1184.029978
519.405313 1349.888079
768.914471 1139.660620
651.225678 1108.961376
829.762972 1398.532680
617.176217 440.957917
837.471745 1524.929523
770.122293 1432.968844
751.414865 506.734001
1948.112285 78.452953
855.365034 1129.441242
839.520869 1535.410275
1008.616886 1737.243059
29.294514 32.284836
858.987418 561.973850
964.043319 1665.358409
812.680475 1135.382491
805.820876 1063.972011
678.415238 1442.636766
684.068543 1018.884276
1912.498514 81.400117
830.901503 1137.470151
748.314618 1264.515685
766.946395 1462.117336
11.607253 62.192863
1889.789951 30.108959
910.843054 1719.318939
736.093271 1140.970096
770.917853 465.200324
796.814009 1485.361055
880.823761 1684.634980
804.703380 485.119726
770.327099 1600.591101
43.057084 1986.869278
667.004766 1329.976117
720.411952 443.430260
781.680683 1543.458478
770.198629 1246.375439
772.135824 1704.735896
873.488509 1630.056440
796.033199 1443.607727
773.555407 1510.001392
929.109648 1647.238172
886.955170 1558.520626
1992.001803 25.039664
723.635398 1102.513202
320.758448 1580.681751
783.356313 1162.819642
736.336320 1239.900399
742.684097 1626.469665
1917.493579 8.640699
863.790986 1175.836467
784.038706 506.914556
1089.277305 94.772593
802.418020 564.853288
938.897830 1694.063770
12.832471 1945.778836
520.030312 1306.009434
1018.282556 1688.376497
879.276936 1721.424395
553.100451 1316.748458
686.652603 541.882872
862.217937 1411.773524
795.715103 1684.632047
760.607417 1658.022160
991.436256 1689.188458
455.724181 1417.358934
745.280554 449.796622
733.558318 1132.552859
695.000039 1155.383517
682.293675 1190.811905
787.024435 1584.641109
738.558473 566.291976
50.841504 1962.253058
795.569021 1400.952053
768.623751 1304.083818
687.903768 460.831551
745.812736 1059.570217
790.919674 449.255130
910.835033 1682.045986
735.576525 1212.041186
717.439876 594.666893
719.096878 1260.925757
400.283007 1486.644957
364.157708 1528.351495
765.833147 539.968790
