763.652785 1677.730217
702.414727 1629.071749
914.962055 1732.626698
762.851926 1730.925061
982.448719 1812.788764
805.302340 1708.495233
860.481407 1759.466151
892.630572 1733.876501
869.080910 1519.647791
784.057470 1818.278365
596.836502 1801.123841
574.834827 1619.596082
914.354319 1858.137046
879.339841 8.969822
740.786314 1651.776038
988.236936 1773.668235
782.778338 1507.206828
737.290001 1661.750816
669.688528 1784.583478
803.482352 1896.029626
943.215488 1828.279677
650.691075 1625.306105
732.323573 1757.949055
704.002322 1603.046969
594.291050 1755.186291
1021.764342 1754.925763
791.217647 1613.718766
608.928031 1606.016414
741.466379 1635.667122
854.098439 1870.854690
810.100085 1762.981586
770.923355 1640.734330
837.459202 1668.205069
974.965505 1704.563743
919.058821 1800.379214
988.396602 1763.221163
878.393589 1701.235908
892.854340 1973.897646
892.472851 1683.533705
928.079049 1766.343574
699.109482 1672.454923
788.209414 1646.329967
770.581808 1530.524774
923.021392 1804.224629
740.872924 1693.653648
888.914568 1855.241196
919.816111 1678.512913
870.576864 1613.043699
983.991049 1644.888551
638.381647 1675.909452
721.709670 1630.907930
713.089516 1868.417394
1006.153718 1667.040069
643.768605 1737.500727
791.503941 1672.743407
784.891675 1746.671840
611.197326 1716.243104
559.345046 1589.910653
822.210465 1869.381456
784.118293 1776.974162
837.588976 1494.963848
943.636242 1657.469038
735.543662 1566.885193
698.614280 1568.201118
643.306407 1839.997647
688.314547 1736.587524
603.471945 1666.052415
761.555410 1482.529686
600.005480 1595.645580
853.417150 1922.286591
693.288010 1781.537631
1042.975673 1682.689072
745.721522 1616.734711
941.755545 1763.597870
629.600427 1867.969749
909.849909 1658.058169
892.906158 1892.899972
769.793536 1699.842659
637.652100 1771.872762
666.219995 1814.684798
664.107386 1620.490081
794.861213 1784.570764
631.665729 1538.521043
805.549968 1766.816907
714.104182 1802.066638
535.400023 1736.991393
799.300686 1824.998858
1002.327325 1832.899214
625.188174 1654.455339
754.389335 1744.057786
957.193955 1895.705483
815.275805 1554.145949
823.795972 1867.259442
826.641386 1617.889719
924.744779 1701.011810
615.592808 1632.302791
729.594851 1599.636685
822.391558 1904.510226
883.029645 1788.156707
754.703395 1502.493610
853.623278 1885.994389
1017.118222 1726.431012
679.295509 1583.876686
851.796044 1796.186406
909.303020 1773.177154
605.834752 1787.656075
923.497072 1896.565951
955.624498 1938.512002
777.447716 1700.144086
603.622414 1700.388872
820.393206 1632.220821
969.419383 1791.444671
640.267835 1742.921222
820.303032 1703.110854
851.220836 1738.380562
649.920824 1701.826315
729.938109 1480.928655
986.263541 1882.590392
633.281734 1578.144095
753.726761 1784.336183
793.424428 1826.081018
660.349902 1558.245187
727.156227 1678.743451
822.511035 1727.911102
824.075959 1833.515035
566.761206 1736.236945
741.301909 1870.292748
665.477314 1715.040338
789.887841 1550.105161
648.027663 1601.174474
862.400703 1835.065665
704.825794 1701.895844
697.277554 1756.629632
950.209981 1861.009955
978.393900 1702.693685
691.141518 1697.427540
739.131366 1703.488874
719.924435 1531.423295
892.235067 1956.443359
691.440979 1652.093172
929.991814 1622.368705
675.648633 1677.697809
893.913816 1837.145343
836.605719 1543.326853
897.054019 1595.971713
825.013879 1826.039829
745.460029 1685.519337
877.894342 1649.881511
863.897480 1566.975981
871.818888 1733.581181
754.356150 1563.786528
859.343093 1833.975415
767.435922 1576.754925
695.533816 1649.469558
857.299529 1731.873768
857.080731 1980.038640
716.549311 1604.996790
769.967566 1530.523844
561.531415 1656.707276
830.635363 1956.465005
668.155680 1664.266411
824.493813 1873.355856
750.642938 1795.234087
681.075733 1507.055602
736.113335 1601.831831
753.620336 1841.882084
671.185368 1721.538661
953.449476 1751.667316
728.421023 1818.680830
698.823228 1810.004384
720.943350 1775.458135
838.300114 1660.980951
699.590030 1842.994530
710.932547 1485.847690
839.427604 1580.144796
791.932925 1602.255453
889.049005 1884.153489
790.228181 1870.766690
667.924259 1751.042985
782.084557 1625.667350
811.273449 1800.701540
671.217216 1536.581077
848.152496 1629.525444
949.827885 1727.420771
578.790734 1845.533935
913.047316 1533.456284
709.247062 1581.849840
743.858334 1510.459312
784.428677 1932.726429
772.376570 1582.659331
919.858086 1831.123806
919.628640 1923.325150
895.435601 1755.251993
840.240293 1766.842859
793.601119 1715.914971
800.686087 1679.654671
743.086151 1820.158370
640.356470 1794.248975
1032.077330 1793.460507
739.691499 1723.176325
1060.124307 667.315020
1205.797594 6.272497
1152.655433 583.787960
944.071383 201.162478
1109.309574 307.599553
809.658813 373.305253
1133.620635 401.822441
988.683052 551.197039
1115.049938 628.393909
997.205547 684.487691
1172.966079 3.818553
1234.034564 1964.640022
905.900830 209.786363
788.363834 272.604356
965.797729 663.138565
995.193022 325.061797
1233.978230 319.586229
968.348046 322.928288
915.545785 251.024172
1165.680021 36.741752
1006.581011 432.374339
876.321503 439.489616
980.608767 255.659141
973.747705 460.251453
1173.948896 1906.679374
941.699777 474.819206
1095.169200 455.352766
1079.266382 247.261551
989.541356 375.271726
1148.480483 621.877097
963.915197 265.572367
1022.876595 364.673434
1061.102632 489.975332
771.394638 242.260091
865.610630 184.458917
1104.750460 549.275450
942.335145 291.834380
1002.705841 626.305888
924.524278 386.625944
1063.616229 525.411562
904.465737 287.028072
1129.522253 500.681123
1095.512883 515.306539
877.655644 268.598257
1046.560019 276.830720
826.129243 272.347988
935.081260 601.219935
967.319822 426.035197
1144.711129 2.988206
1015.312700 246.251727
1043.934656 395.824242
819.032114 254.259089
1023.901080 585.755753
821.733735 488.023973
1127.527669 600.966383
800.399871 238.838041
982.897443 221.631024
1026.445657 507.016810
803.986674 437.705320
1040.746841 626.470428
837.679874 196.749573
1060.086574 502.542389
981.376205 589.761239
929.761090 308.607985
858.487051 423.445495
996.034418 392.070522
1095.412194 409.763538
1160.421226 1968.617798
1024.869419 535.394545
776.704978 401.613825
1156.257021 276.058041
987.848008 604.305736
1173.966049 269.799245
1024.459858 264.015844
1073.693363 194.711401
961.395334 282.033967
998.073679 266.615671
1065.593776 371.077108
903.812151 398.103826
1184.718437 331.448374
1121.366402 268.567497
968.745778 692.775682
1181.951651 598.320436
1235.461572 15.253862
1134.212120 244.433461
1174.340180 544.800558
1161.147392 511.863749
1021.732798 403.930519
808.279685 331.987637
1115.426497 369.767911
1123.537362 477.477813
985.793530 494.900184
813.964994 301.259202
1193.593125 1946.421002
1031.905385 439.058027
1206.094301 1892.964128
969.355557 295.545548
1095.651122 343.074083
1001.340389 657.251927
989.892240 305.160675
1194.716231 294.001549
1061.257108 540.762708
1019.230096 494.876976
886.687681 372.703732
960.897289 529.308243
988.137930 253.500300
889.772170 427.362051
1129.196698 579.651947
1065.210199 578.809345
1043.211733 333.610331
1037.239718 279.455105
1008.416767 519.677531
1051.096965 704.396888
1099.023619 398.239083
820.898511 411.170397
1048.559581 568.441050
1134.717989 344.848253
882.884695 220.778862
876.162112 353.615744
931.973969 318.275986
977.759550 285.545142
1072.228544 318.645055
833.746957 344.469864
1089.559663 264.742695
940.892034 460.567400
806.624292 205.722010
977.031610 357.855685
892.572216 316.762238
1051.785171 598.352477
1028.617363 198.287902
1124.717080 1967.677207
957.642341 494.866329
1138.139418 332.851077
1122.628032 662.488027
848.790453 499.600668
856.521263 396.140073
1060.830493 415.613591
892.602888 530.764215
862.008710 302.695456
983.763901 287.870264
845.349503 379.242404
923.416080 364.496116
940.114797 214.930550
1208.723395 47.789343
963.932847 558.829066
936.066428 256.863659
1117.924926 285.836272
1028.863657 310.695886
979.815683 356.537928
1048.014567 232.901174
916.030307 459.776579
927.261475 349.616706
1126.331878 433.377632
1147.499102 1938.459226
1089.741255 596.574780
1027.342711 359.888964
958.616391 384.791288
1162.423464 295.110211
774.963325 389.704035
1069.750564 308.090439
774.421679 303.883771
1269.657521 50.295475
11.602010 1574.766660
848.274623 234.973561
1235.618250 1922.113217
1090.228624 648.700899
981.214139 468.463411
1075.355966 633.800479
1048.147616 231.942910
982.205991 398.057314
944.214485 418.007273
1067.782663 460.483900
1063.169830 366.104590
909.975697 469.447562
1018.064533 235.301110
955.660350 246.623696
993.880346 230.948613
905.036425 327.487377
970.572558 199.999540
1103.091821 579.862541
883.391342 237.109653
842.083075 270.559737
927.083092 504.546466
1118.526186 39.289713
899.638339 301.642990
1067.770345 563.531556
1006.915771 281.869801
905.028879 339.094150
1188.282562 234.308099
1028.185239 560.668290
917.025228 565.894133
1002.531867 220.162046
907.127711 184.731407
1015.469780 583.874101
1155.282559 449.548362
846.314396 305.544981
1052.213548 288.906197
1173.166136 75.319153
1145.578151 549.957514
1094.990127 493.373534
788.562327 451.595491
701.555801 440.538525
859.196395 396.979714
1807.102821 342.505583
1919.758931 103.900862
712.345677 318.500871
194.142611 343.372534
610.429684 361.036354
1934.602353 254.631178
756.043181 220.239472
1720.712778 188.660701
1764.234446 226.179945
727.871753 218.148287
899.733194 272.647968
131.189934 387.143854
240.881863 282.116671
640.930863 367.933027
1999.149096 283.221891
1785.531413 200.396668
863.589772 265.506588
1878.639513 85.074239
1848.955602 224.770420
124.113869 269.597167
1905.912040 178.983679
756.169662 450.588921
1855.641502 160.753788
1706.058762 289.535212
1788.052498 242.118801
1966.661758 163.966995
1878.072467 255.866981
1955.750094 380.834337
160.694341 366.678337
196.393218 294.524881
1939.373331 147.123971
826.418561 343.554560
1787.742130 156.283699
1855.312286 126.117410
1881.413637 306.616402
1811.155527 189.249986
730.028937 411.353243
683.503844 409.218676
856.955874 361.367787
640.660263 375.065222
804.099119 282.346046
1824.444846 94.977769
610.320074 414.961034
763.282614 392.076511
90.375775 359.885647
791.317858 351.946000
1875.595034 50.869764
119.139764 323.200163
748.098317 340.499322
181.844879 237.379720
1925.645872 251.624938
756.353534 319.636748
1989.058559 201.574893
1959.833968 180.622451
723.019628 381.527328
738.604585 435.963526
1935.004941 341.230265
163.675233 265.821739
1917.029540 44.849239
832.205301 224.600990
851.674570 302.007697
212.946603 292.447101
1870.359098 269.719008
867.570590 492.295807
1896.426629 114.969565
749.403032 274.249769
878.407116 366.991725
824.281580 467.697742
671.161472 324.026999
864.544126 314.181225
770.477670 397.537336
1857.142714 336.955797
1889.786556 331.682265
1987.174706 123.991265
788.082619 364.869441
1892.389202 206.974790
572.132854 358.564824
1945.745819 282.628141
656.619006 238.803013
27.530658 205.270743
14.107040 360.693044
897.531406 303.288073
10.338523 233.818139
843.997250 199.012195
1749.123885 206.197594
665.380970 471.491759
1926.478688 225.980684
1764.546248 173.293928
1918.672111 119.051801
794.113155 417.398407
679.806842 282.563099
810.495883 191.454448
1839.951161 169.526829
1970.031718 256.026645
1821.419793 275.419283
776.713811 487.001765
1836.486185 202.125984
827.630027 276.424448
724.618280 463.705308
1955.936699 96.518730
1986.973307 328.814411
149.252290 243.682962
1825.477556 251.433415
784.269951 327.248938
678.981258 362.642056
728.723177 396.689961
801.259187 199.601574
819.422302 368.748116
697.014470 492.045307
1846.830774 120.973046
1857.425196 236.856332
1803.510426 125.655655
745.192688 353.586360
824.905913 333.526574
697.598614 206.988477
832.813633 329.848972
723.675898 351.452129
753.495198 340.340856
1867.609437 295.519627
1929.754278 369.505067
1818.576185 318.604588
554.963557 431.402388
776.339672 318.546363
47.646937 310.575052
56.339745 259.109589
1789.949418 278.491754
836.353090 242.361697
144.170599 421.015653
1908.485414 338.473040
892.857509 417.469762
824.618340 422.336991
1881.453484 315.100079
896.774566 414.514310
720.274657 207.742369
170.892155 323.595501
1962.703750 57.709946
1953.217375 122.327650
1896.508343 269.283457
814.462808 388.118320
705.322812 318.958312
1756.619531 143.650786
857.519256 272.327907
758.558902 245.713611
585.939935 425.208884
88.360218 306.360365
0.973739 283.814686
662.362223 394.284049
809.593206 252.125775
1968.976927 301.797022
1764.311073 306.425339
1785.535596 295.016824
1797.332036 210.774169
1845.834029 382.368136
1778.574604 338.679727
727.998558 282.382337
775.164100 191.705889
209.660875 268.080752
757.506679 302.888970
1770.627263 150.531387
780.795014 365.244640
256.428355 346.554084
856.574635 438.239663
1897.832958 211.526364
1876.497190 92.861947
919.892296 342.261894
776.551505 485.723165
1928.840508 198.562375
868.951013 230.623300
226.579749 323.912314
1890.677080 148.436821
659.906077 431.879241
1966.138751 256.713938
170.270069 295.052913
1750.882864 262.492832
799.363074 293.100356
635.230894 341.742988
1833.148068 65.216905
1845.998207 211.605560
1835.875899 307.373497
1862.475016 271.919990
788.735933 422.133273
159.580590 339.521669
1837.774491 293.470557
723.844869 240.647980
699.905011 256.849511
1926.329442 148.155545
780.836119 252.990572
145.499574 288.798488
790.224654 216.781283
1876.832901 183.988245
710.937184 362.761271
626.922126 398.371624
637.958425 457.333286
1942.097060 183.963042
716.992972 290.546111
682.044700 347.854470
1914.995771 300.554846
925.598197 1194.891233
511.036193 174.042711
994.791003 1005.833266
1220.968340 1001.322740
1858.351152 1622.117930
1179.475478 1075.163022
818.077414 1350.289514
1831.253836 1583.224319
1039.015229 883.667916
1275.375790 991.561618
1037.585301 911.147376
1829.606840 1647.731026
1025.927537 919.993863
997.181826 856.377156
1116.234333 1169.790982
569.196393 254.228178
960.132308 997.165362
740.748254 1242.559947
1038.909223 963.414664
847.350171 1212.830139
1069.064251 906.480929
1030.470172 1030.041943
1145.208100 1098.758009
1844.504302 1718.797840
1177.068601 1039.022814
1251.552806 982.006795
479.341733 183.304724
1111.152213 923.693262
985.950607 1095.565849
1212.082195 989.801326
1145.198651 1025.805571
1010.647207 1039.635719
889.369815 1167.230210
1191.246084 910.495303
1223.124244 1021.459012
853.579713 1344.234553
851.358697 1247.409537
1092.108926 1081.180252
796.394463 1286.102118
525.212373 115.517383
958.068279 964.923946
963.647364 1096.304545
1878.983711 1597.274530
1863.170228 1564.625432
1027.145977 1085.818629
1242.276270 1011.416775
1184.058111 1114.216820
734.150631 1332.099980
1142.668886 1135.826725
26.798900 1572.494161
1119.899603 993.669560
1171.569304 975.945336
1095.012906 1160.462524
1082.730087 945.995257
1127.144787 1039.052189
1189.497382 938.376478
1843.822960 1616.254590
1135.893954 1064.054481
898.156343 1080.853297
881.845098 1230.428376
490.479987 121.361235
825.905500 1269.537731
978.751699 1216.501282
1105.548883 1145.517097
976.626596 1058.765629
980.650869 1008.931971
985.941963 968.733920
1050.541469 1157.453103
1057.304302 1053.764638
911.406764 1194.277525
1258.946877 962.845389
1149.986394 979.169592
792.770237 1384.346828
765.993122 1286.873778
1018.851519 1207.228812
918.733598 1085.267951
477.876024 158.068224
1221.057350 1058.936789
1202.740096 1143.967214
1225.552264 938.225372
824.253833 1234.228377
867.012244 1286.221335
906.451316 1253.272414
1086.370506 1059.827830
551.203823 181.309482
1038.005970 1043.552305
1186.008739 1057.588361
945.209961 905.098034
1056.637582 1124.964372
1111.493800 901.195696
82.534381 1674.886095
944.634250 1221.078611
648.353182 1252.039570
1132.991724 967.589145
1157.044307 912.891520
1927.579221 1584.788880
48.939514 1684.840982
1135.648496 1102.527662
1192.704415 1012.874900
955.459369 1150.168878
878.281838 1260.802299
787.514084 1178.452402
587.656447 169.140895
920.415193 990.094422
938.133789 1270.352342
1066.922135 966.453440
949.601918 1063.575377
1028.907905 981.090330
735.163241 1240.173890
39.446617 1730.633046
542.139096 227.289947
1233.431693 1096.350224
1864.956638 1654.259783
1796.372405 1584.018295
1172.689181 1001.661984
883.907004 1124.122708
1158.582297 994.581913
988.702739 893.862729
1114.033171 1107.703185
555.189624 37.429372
1018.956363 1172.604287
1000.264661 1094.368151
527.556553 142.636372
1848.120021 1680.837899
1225.811527 966.010695
921.582577 1156.173869
887.968655 1354.351498
1894.831299 1632.068727
610.977484 216.685749
829.285125 1286.552470
1178.918474 983.144845
1192.317794 925.862110
937.963714 1119.838096
1074.882273 877.925329
1812.478226 1683.617802
1104.242203 865.499147
1081.423033 1028.852186
987.173408 1126.503730
45.574453 1650.196131
1775.305544 1652.449205
782.491621 1349.466015
1125.809925 992.905965
526.682736 134.776357
1019.605143 1136.667952
772.000716 1318.596755
592.151884 126.677942
780.320533 1230.527765
61.368743 1576.709619
954.181277 1032.122577
529.449907 66.775865
858.794350 1189.792821
1090.709879 987.257432
696.590023 1313.243932
849.731582 1256.585667
1024.734612 1122.957903
987.714461 1160.685285
788.860253 1276.382268
967.204149 1186.729535
41.046620 1604.902038
1113.380452 950.965992
619.247289 1271.135559
1177.345624 1038.431103
1096.040390 1020.447280
662.189836 1263.729402
1806.403280 1607.192267
1144.835592 926.178630
560.550770 144.069881
843.326455 1739.621668
570.819023 207.597203
809.762621 1317.412964
43.526208 1525.111169
856.153560 1041.607667
896.295528 1305.682489
721.487525 1375.516696
888.230382 1047.552110
451.664143 194.551979
1168.009041 1154.223886
683.824108 1291.893596
685.370577 1255.980598
853.341656 1324.922284
801.156195 1161.756030
535.783398 99.595578
1138.652775 1062.156245
1080.705627 991.540642
1050.942450 1010.626370
888.931972 1205.159592
525.509858 207.730642
75.532807 1541.473767
1063.581678 1094.780525
1038.875156 994.915287
504.622751 85.766062
1145.617919 935.071649
564.974917 119.675476
824.110823 1309.101684
1049.789713 940.304510
513.465854 241.375089
996.152819 953.601121
720.819451 1199.526445
673.762433 1229.018881
547.520639 177.001941
