456.152829 505.500023
557.406999 536.313353
525.963964 580.269388
516.006264 567.290122
589.065769 567.381270
612.094787 599.429258
683.244388 650.418261
736.354396 598.429633
651.049922 443.334741
615.322047 754.975732
377.966463 666.586356
386.445200 623.160715
426.420113 724.846837
649.752712 803.843181
566.438318 497.481420
594.878816 680.874892
629.007017 377.285522
499.433574 516.764532
538.656255 661.161269
411.874567 797.323051
681.729531 829.432543
585.422394 500.179087
437.350590 573.915969
641.559805 462.795545
456.910268 618.559298
612.561461 629.296950
447.232859 529.113676
681.270366 504.641715
632.770723 468.795748
504.609846 764.784697
495.183051 529.002714
751.664269 572.375579
477.179591 461.639414
560.767708 631.124254
683.801695 727.064069
658.449903 509.171085
563.578515 563.067579
500.534944 829.249191
595.374475 559.515056
663.372558 622.453511
430.866622 639.279486
380.540259 507.418524
520.945918 449.791896
530.788955 657.709243
498.835863 643.851891
768.511155 785.729285
504.075405 603.286421
690.183775 599.409160
489.883072 577.383011
651.381995 533.478375
650.866582 577.836441
561.455984 820.233877
698.225118 540.661474
353.173887 642.150149
546.499487 605.089901
622.435554 541.348840
762.980191 622.151613
502.189888 571.268284
636.607047 756.872505
465.419021 597.503559
615.061912 482.573533
788.548619 584.418100
405.498774 529.016674
587.774502 376.948905
473.508911 696.253172
391.206445 588.564954
412.474360 501.467008
690.433669 392.029521
527.403678 439.454177
316.038815 770.627029
544.280774 694.379801
539.677951 608.537828
435.385550 564.903769
582.144886 706.975847
343.313505 704.362669
651.138672 493.711873
664.803838 555.696218
499.531904 634.219849
684.590510 655.384284
348.388692 741.143333
480.421032 535.880863
682.392290 755.493035
628.733756 420.499079
429.810702 608.037896
836.216365 637.050622
472.976511 666.537273
507.224438 691.870274
478.136213 730.236339
357.445235 530.756837
650.330791 653.640512
656.767609 754.883889
602.343403 466.119361
455.886214 700.135124
690.421339 504.643995
713.206226 663.933228
688.035039 547.751677
683.768526 450.551917
629.077086 778.327009
628.510303 684.228447
399.685133 453.215694
486.807850 778.835246
578.405626 614.975284
523.594010 520.847108
529.023759 808.260902
531.813501 756.984463
578.672466 714.943024
741.465745 704.065168
517.452475 723.704511
471.836562 598.946227
356.205880 600.853291
453.110828 487.952090
721.295543 722.113362
404.174187 713.824476
615.930289 548.932760
691.686370 683.189286
497.226394 682.753830
670.500530 363.461672
521.351027 788.959158
629.591692 517.654179
409.798251 649.798535
743.056347 750.931624
576.774640 392.699355
468.410469 549.729760
538.730565 726.399281
421.227470 546.910265
445.863095 682.445210
716.100949 774.173234
408.858093 626.417692
522.242493 408.673583
539.913668 477.730442
551.820626 693.204476
524.877974 591.364725
574.085966 594.585251
651.603325 702.838397
624.697977 591.604234
750.952357 626.033290
470.091024 450.003113
735.088995 498.730411
703.637959 689.937110
566.187218 543.923413
609.046238 488.665480
558.113009 629.014109
653.733189 658.426784
764.366758 526.367802
551.901942 425.795410
603.279343 640.478339
574.293271 593.487625
572.530241 492.665281
741.225129 552.007960
415.018167 680.422476
621.378459 517.548748
612.526567 787.517024
440.416213 441.195659
695.329372 585.527363
576.857410 669.777191
560.933213 738.881960
447.090733 476.167316
778.432142 411.784917
326.315882 552.588222
596.977308 824.836373
577.528255 532.310830
437.862373 793.931135
466.414184 747.303362
720.752688 456.520428
553.809368 458.787851
437.036426 731.963872
499.867824 477.225554
539.397738 507.674392
419.754528 778.171503
594.275527 721.073647
710.821041 626.250773
536.786328 546.328772
572.581636 788.053542
734.058467 403.528755
487.537891 444.374845
610.171226 562.359200
398.816834 774.376119
465.129518 804.328497
798.791794 626.930738
560.595976 436.981640
567.351150 663.126612
694.735318 478.255040
548.211225 478.288428
465.678375 652.766325
639.701245 617.077007
678.161904 413.904795
498.436539 479.906130
596.459429 446.919422
538.169265 761.061755
705.978454 419.476297
744.321243 681.468402
429.849004 688.801261
432.152157 602.925762
525.021032 675.798399
531.544922 720.458818
545.632165 516.398946
359.838217 740.577332
376.772211 711.415108
508.277416 620.923146
397.733419 580.816917
665.738750 1505.865927
1926.142716 680.596729
673.434806 1402.228203
1893.982798 675.649393
480.501824 1110.982614
741.621241 1010.317330
1926.894017 1047.975894
588.058283 1462.384563
563.512191 1523.553916
633.308658 1522.683537
22.112603 553.029938
157.452122 1936.855395
745.303040 1093.550664
2.888198 810.493398
593.664757 1541.475139
639.358869 1032.481243
1886.631372 974.191085
733.512885 1134.678684
1900.278604 818.501961
60.222007 1912.460879
570.614324 1262.138504
554.078164 1200.844425
582.096405 1002.846796
1809.778981 1104.074277
183.194949 1901.090638
637.064100 1346.104849
565.492911 1328.786726
1941.436301 778.870892
608.311153 929.874871
714.361040 1448.125710
620.909016 996.073980
578.806621 1055.969906
1897.304589 1092.940571
12.353682 594.256150
565.980700 970.720231
640.978753 1398.482114
716.333696 1010.376989
572.509567 1570.084691
514.725781 1227.233621
513.087011 1401.767606
600.527222 1122.173491
679.646230 1194.103119
574.778537 1379.952088
527.847796 1107.103914
743.246456 982.235659
682.396227 997.666349
529.867573 1438.214692
1788.449268 1076.263937
126.846474 1953.691507
1870.685285 779.648817
616.133052 1241.715834
571.127402 1000.848344
611.412517 1478.535418
531.524028 1259.835907
714.505220 1487.840631
1893.643696 927.268642
683.700560 921.322037
549.262174 1347.618554
1808.565188 1028.446640
534.066439 1521.718340
1897.003012 758.680081
517.311719 1339.955951
528.894928 1477.587467
1868.956997 831.609102
688.411104 1106.598397
1826.218240 1059.032173
667.321453 1245.145628
244.224466 1934.798239
535.122555 1402.491406
626.597747 1183.057659
727.435860 1000.875105
610.257769 1495.210566
1856.288398 955.215643
667.462671 1040.782827
3.858863 716.351257
558.079456 1035.727851
1889.867245 858.818331
605.738533 1008.379661
550.331867 1226.107733
619.970822 1046.645840
1895.557049 1043.738096
467.127132 1504.005560
700.703362 1377.827292
52.527286 535.845013
1988.776618 843.041215
601.011669 1332.289637
689.204406 964.302724
644.037649 1192.424465
564.429048 1131.847798
605.032641 1076.619879
669.045854 1336.987409
562.555573 1296.949169
600.573752 1078.506279
188.647794 1937.384836
1828.037034 1136.105172
292.211005 1932.510428
754.624035 1088.390508
44.663683 810.742980
560.773485 1485.165658
1859.287794 918.795987
760.583471 1023.866096
609.216054 1377.540412
670.274461 1356.404647
1861.057658 996.569232
523.670235 1370.251855
677.546976 996.857255
1865.961397 1066.016110
585.601484 1369.966012
504.016432 1489.481679
1868.634911 1028.029736
657.841144 989.561131
571.381997 1418.288489
507.012319 1538.289954
596.349069 1198.391871
514.795361 1169.578496
639.184752 1439.471219
631.205992 1123.988050
626.826955 957.267562
586.316768 1222.129413
546.440505 1092.190421
0.559267 758.417295
783.114891 1105.494495
61.535242 842.092254
546.218812 1008.409370
1784.028205 1145.311967
599.695825 1054.660752
661.767034 1160.089994
625.492796 1097.672664
434.942639 1447.884282
1953.538998 732.807449
93.791145 1935.412128
535.327852 1322.177536
13.553035 819.388582
650.606232 1469.239743
596.600545 1302.780432
657.406950 1153.780176
636.724265 1268.511677
551.465690 1354.824933
713.845601 1065.400279
72.211962 790.896175
1828.555110 984.329363
1845.238667 1039.285505
590.739243 955.628875
1858.582390 725.936762
593.869647 1440.899436
1918.714561 721.935504
766.964696 1052.192112
515.720794 1081.615365
615.451643 1156.105549
1913.965508 744.545928
656.103785 1121.540279
663.126962 1095.819759
641.743930 1213.457445
126.982770 1895.203972
565.651902 1406.911063
1839.498552 1091.062182
603.085221 1278.177797
699.370387 996.812632
1955.139943 859.816480
1919.103930 791.349529
533.174092 979.876775
28.371663 1934.733975
335.385238 1927.974455
663.264858 948.184977
215.542331 1914.245151
593.653172 1513.206432
652.279716 1297.834441
490.540465 1439.315846
624.406626 951.489520
560.490681 1153.506071
690.909847 1155.569020
623.067314 1313.632973
589.126554 1126.343273
560.446385 1075.249115
747.019340 946.634758
1921.158484 874.330074
710.580291 950.731529
1990.632030 762.300799
1970.763756 798.189236
665.943713 1445.634188
536.277002 1046.253740
585.899542 929.177984
491.076571 1323.070319
1874.325214 701.431661
1972.344644 768.279184
551.657617 1449.328277
705.362679 1083.463017
660.999361 1067.891661
515.189309 1016.465338
616.020347 1394.962862
488.909615 1380.169578
724.741870 1011.505669
662.221395 914.993873
476.659932 1414.341782
590.940137 1182.387798
1903.897706 1029.056513
659.517146 1034.579440
1969.460742 719.687958
645.306730 1414.788982
1859.233467 1120.122294
1938.172892 1053.718758
1885.190971 1167.035410
1770.035589 1153.345150
1700.509869 1232.396499
1774.292277 937.041866
1797.842435 957.579340
1764.775323 1199.269882
1857.292912 1013.766753
1690.752387 1178.168302
1895.963502 917.427610
1700.745456 1065.164095
1605.710765 1064.606953
1847.591436 901.020981
1813.426346 869.757934
1674.756941 1242.568465
1773.320734 1121.117894
1858.106533 1178.590151
1570.658246 1042.535660
1634.443907 1071.921924
87.152643 1137.449289
1719.731851 930.406963
1692.062569 1021.323677
1716.250993 989.312201
1662.289592 1025.123234
1928.754016 1188.173554
1647.156478 1041.409840
1782.334558 1143.011893
1731.526133 1044.227495
1739.301318 1032.058759
1796.953959 1063.949670
1877.732891 1413.755669
1718.869081 1170.377763
1687.202718 918.159511
1750.304472 886.293533
1946.385105 1090.537406
1738.660081 1021.940902
1627.026110 947.482435
1621.717367 1248.396017
1667.645540 1155.070210
1895.638658 1056.520942
1826.393263 1097.378697
1954.754422 1169.962951
1919.121288 1149.252908
1813.600398 1065.256003
1698.442275 891.405871
1859.924112 1095.456255
1838.447487 1140.959780
1737.351245 1218.412977
1980.217812 1005.003853
1822.096210 856.187150
1577.877415 1100.174723
138.949517 1154.081089
463.770354 1538.197358
1759.622287 1173.437248
1849.881064 1051.979071
1641.442328 1086.338317
1753.422638 975.892678
1949.757963 1129.151785
1913.524805 1263.553774
1913.200483 1407.470767
1763.538332 1051.191381
1729.472598 907.457058
85.337384 1089.799862
1795.913470 972.354350
1735.807581 1082.787963
1796.391874 1099.585602
164.831188 1260.854369
1771.979040 865.152771
1746.959842 1021.497384
1769.017412 998.978079
1920.015137 1229.364759
1765.980239 1060.545319
1842.761264 963.071162
1898.718395 1010.747055
1808.002222 1286.461844
1770.813901 1248.057393
1860.022770 1036.686558
1784.383274 1003.950971
1661.140611 970.180459
1707.998907 1163.609476
1641.812897 1212.720717
1821.588903 945.527762
1686.950681 1064.955129
1886.095698 1308.303939
1925.344659 1110.941481
1900.060758 1011.418589
1933.362710 955.179918
1716.002015 1093.690635
1893.504679 1175.396196
1494.015579 1062.227153
1725.379357 963.953331
1918.360828 896.435207
1854.455842 1067.305815
1894.077353 946.887044
1864.626072 888.709277
1736.339017 1047.701134
1703.178833 951.342397
1611.235310 1165.652438
1886.769863 1263.843199
1597.616830 983.317224
113.220733 1130.496818
1823.443503 1174.909572
1596.187000 960.663854
1818.264101 1256.152738
1746.184155 1095.467187
1648.266250 1051.994800
1871.980750 957.937652
1953.229290 1004.100232
1763.385070 1102.921320
1937.110863 989.795788
153.416437 1226.719581
1951.237610 1245.523356
1680.615148 979.318632
1615.836731 1178.187361
1653.915195 930.910844
1806.983901 1020.607625
1728.825997 964.401688
8.804085 1041.488087
1778.804885 1076.318034
1785.471888 1008.465103
1910.956387 1091.336188
1667.080228 1210.749780
1778.746834 1292.029153
1727.585331 1253.241737
1750.659490 1133.543205
1910.088212 1087.300522
1862.791598 1198.688455
1667.200553 999.977435
1553.464668 1119.728295
182.583718 1192.931245
1835.712026 1343.192336
1869.324068 1272.810437
1807.722376 1073.257479
66.840062 1191.905366
1841.290105 1243.021112
1952.757390 1209.047933
1745.389077 915.518878
1710.093884 1122.833670
1752.377437 989.833888
1828.373583 1014.991759
1593.238115 1199.623024
30.037103 1250.898330
1994.244694 1145.197404
1874.280635 919.780777
108.625901 1170.775636
1942.737308 936.544239
1869.049853 1223.172383
1666.743888 1066.044782
1740.875568 1141.873723
1896.959623 1127.465239
1821.568508 989.202885
1723.772639 1089.247566
1788.526225 1174.468731
1899.841033 1206.864604
1656.432948 1108.321942
1765.201462 1266.253701
1593.841493 1235.515051
165.674969 1097.840064
1855.313368 935.603346
1712.003784 996.084347
1891.702176 1061.377854
1792.682499 899.580001
1905.894428 1028.463868
1638.463100 1121.484095
215.972569 1202.341534
1609.382252 1017.208859
1768.421575 936.937116
1793.501624 946.822256
1964.258050 1297.229140
1810.650567 1145.514400
1916.650093 1049.110282
1675.581405 1138.090934
1774.158412 1056.120884
1891.783061 1213.741338
1604.649656 1090.286446
1731.406529 1124.687646
1655.344350 1166.239218
1818.127768 999.841014
1764.148326 953.711486
1876.551874 867.104136
1866.762852 987.983468
1576.331749 1157.474448
1794.180206 1218.076394
1814.823138 1220.449431
1850.561178 1146.937227
1930.596562 1288.751504
1968.396617 1049.730009
1809.788019 1128.114488
1782.825008 1025.892421
1855.330676 1004.099096
1671.684630 1102.205384
1819.119422 924.301013
1852.068991 1106.554470
141.208598 1183.343094
1826.559845 1176.154584
1845.037440 1219.462577
1525.293256 1059.062932
1819.438188 1101.692830
1887.100567 1131.273630
1721.379732 1195.591517
653.202790 810.389401
696.093611 101.872811
1875.839081 1917.773426
17.229883 1754.943187
48.019328 1645.669229
78.570536 1723.492521
491.417136 1068.401819
1946.022190 1624.592913
647.031203 1049.760855
659.433475 980.443222
540.241503 1030.201251
1867.045015 1666.567673
526.879009 1078.124068
750.286801 1006.674873
660.101290 870.453737
1826.904517 1932.513306
161.187428 1689.559340
779.306020 1001.275534
1865.279248 1960.932466
737.519835 993.808350
670.318694 961.052998
569.964412 793.658568
620.666887 851.541173
1927.413145 1842.189146
1935.353361 4.525754
786.856204 1036.099541
1889.828712 1819.237901
677.871513 1068.509973
620.683676 820.980679
1754.106596 1768.933541
1808.460170 21.045693
653.210684 855.922599
624.337715 890.411393
577.948674 873.359537
45.419491 1818.196610
566.525092 1110.805269
626.982135 993.664687
746.115454 780.571460
613.936449 1105.780843
1767.748938 1812.261390
1825.895321 1810.714178
791.162074 879.661653
1995.803541 1704.076918
680.597129 133.130071
690.884042 921.983956
680.955264 895.771358
616.308144 785.865009
522.828561 932.546564
705.595674 843.120183
591.434457 98.805135
689.637465 1017.897998
595.754799 920.088978
605.083391 873.885759
677.012330 1099.109970
1836.244044 1837.851352
463.429112 891.632016
43.826561 1719.100982
15.043482 1931.579845
110.879528 1733.612135
786.862928 970.524101
555.820908 139.492472
742.982932 922.746557
793.311172 929.736971
777.437114 908.685649
617.039252 757.408619
53.298908 1779.647205
1861.169182 1852.485911
591.655413 863.012389
585.422279 965.766268
697.546705 957.503432
810.535755 969.033588
691.440842 1099.216501
645.990950 1004.025010
553.352377 963.202084
728.043018 809.625847
546.192488 861.895845
1848.305456 1684.254788
717.220043 1073.198389
660.087945 772.775254
597.846857 832.575832
526.878960 811.424972
663.693503 1021.264092
672.357235 900.489454
1984.109062 1985.791014
1752.678573 1788.509622
594.322658 891.672969
23.866937 1855.743263
564.063950 1083.878624
518.121256 955.776086
647.483461 922.206658
1826.077221 1970.435665
640.010314 1073.672645
1737.119634 1608.021477
1850.039915 1878.697563
657.944203 937.131345
1919.834184 1908.048471
69.645816 1694.745187
701.610697 1043.065048
672.987197 1053.246960
457.460468 959.564552
551.205195 893.165686
572.254328 1034.466368
1826.699312 1804.604990
1867.492409 17.784085
579.451165 1005.358970
1933.319682 1754.640337
689.295914 918.830656
490.604688 1104.611671
553.871232 949.036358
118.793411 1664.224670
1807.323216 1860.064357
519.916733 883.995875
37.155190 1731.572730
517.013728 139.063896
1817.851718 1683.557934
39.528249 1903.911714
1769.260165 1722.667988
607.391419 938.289047
700.474498 770.161201
466.209861 142.323267
759.731533 884.560314
599.281028 812.357418
1830.042379 1738.281494
1798.762845 1927.433401
583.772847 919.620049
666.360165 843.066559
559.840050 1070.844998
91.071749 1639.504435
1905.818759 1976.785154
479.177796 1005.732347
482.314158 966.668170
569.281850 935.909403
689.618236 853.733963
566.423231 829.432987
50.840860 1682.276050
627.356773 910.235216
559.420979 823.159485
577.348808 863.480094
84.181870 1752.487169
1964.170902 1706.070797
743.110767 913.832469
610.260964 1034.235801
1786.337442 1788.693332
703.024740 986.102487
575.763334 1031.656636
1887.081050 1649.430207
596.596756 976.612360
1863.585622 1775.232759
592.119791 805.729281
589.835499 133.191439
723.857731 923.495821
45.058388 1787.030784
584.273032 918.598911
553.054739 910.678312
694.882188 799.035865
736.673336 838.052849
628.128413 995.965938
522.502881 980.968332
1976.520865 1646.466153
1807.520296 1726.001986
665.299792 1767.821220
1897.124897 1854.986516
1834.213743 1997.323446
622.176321 947.608303
734.064369 1043.316110
1800.285739 1823.564748
1918.497017 1729.158799
1880.011003 1617.632254
1924.803333 1791.263350
455.935020 1006.864632
585.807254 1125.943306
78.997935 1798.306934
523.845743 1133.207762
634.184826 1034.291376
112.694165 1774.513911
1814.395118 1767.420448
706.008206 879.409813
644.954463 967.126404
573.850856 942.657805
613.479408 1005.542442
19.464791 1993.655306
1847.902103 1703.195661
592.326555 1076.714715
615.104511 1056.449411
1882.553363 1886.951898
704.682028 963.009466
1939.806142 1814.158960
1802.883600 1761.485014
568.818875 990.560357
738.395581 863.508234
551.518947 106.526879
735.371473 950.877114
726.718637 119.418536
508.246138 1029.443859
643.459433 1121.382148
1855.496547 1760.929631
1925.656704 1948.113833
476.916792 1818.870157
630.497390 1771.611699
89.057976 1657.691441
