523.970424 925.221972
575.786124 973.013829
545.362641 1016.846291
447.726681 984.289240
554.178718 991.797325
693.288889 1023.596139
692.106289 1070.249027
699.573106 1031.154501
679.579960 868.740318
567.285766 1168.208968
338.183465 1093.094748
402.127593 1045.648620
608.068012 1103.505881
709.741228 1231.397358
558.719703 936.049370
644.355739 1099.284926
554.553297 796.294569
441.810381 935.014561
519.355988 1088.800972
510.929427 1213.566806
757.756846 1254.992513
630.433395 909.727090
476.065587 997.667153
616.949970 887.365161
486.540933 1044.024961
614.622836 1052.296889
423.690010 960.598254
616.617971 937.737259
652.309753 895.155029
655.859055 1165.870175
392.201943 934.279545
748.165207 1011.429822
489.170824 901.419175
555.600687 1060.527329
730.477995 1150.325101
648.426066 940.592773
605.511264 984.587272
611.527042 1214.561345
546.828492 956.265307
607.600605 1042.774729
443.786182 1073.057460
459.457396 923.973747
584.322260 863.084256
558.905864 1093.063083
522.724484 1076.637852
782.804895 1213.310255
514.061938 1036.899940
539.734932 975.070823
526.760019 1004.272991
656.308374 960.208036
724.190312 995.415604
662.409476 1223.236245
692.693213 973.760861
406.579000 1069.783352
623.968023 1006.333585
649.144641 981.609339
779.363207 1037.813938
519.957493 1001.566927
698.203307 1165.947103
443.523904 1032.494105
547.666203 904.482606
792.772018 1013.495898
390.946473 968.103833
524.230529 787.299414
517.179387 1134.655541
355.387798 1020.927244
417.646362 901.221116
573.796902 796.555381
533.528684 860.539636
359.304924 1197.747851
476.913480 1105.973444
573.455505 1025.745915
478.343302 999.110091
616.108196 1128.577509
373.640741 1126.537554
689.187912 931.002122
679.998112 988.153490
579.406744 1054.937262
696.264665 1063.257585
380.108749 1172.543052
462.800235 965.740491
711.611718 1189.087711
509.594067 839.936399
410.314354 1029.488388
827.931141 1037.679686
483.924845 1079.033730
549.598155 1123.100555
502.392603 1162.107549
349.727145 973.084387
533.703208 1049.658066
643.415592 1156.427464
624.717898 898.358872
382.410868 1066.255627
687.782274 947.149342
727.012773 1090.097300
726.419310 970.424054
649.488777 859.062140
699.972600 1188.967382
667.469131 1101.754298
421.760685 882.779815
624.351635 1185.624024
634.833418 1030.924370
553.933577 944.843696
569.064295 1245.515406
520.627299 1167.369744
569.715383 1130.797688
778.423407 1133.577030
550.058844 1147.818059
478.773114 1033.761786
329.634909 1026.793164
434.820232 909.598649
718.458647 1148.886646
476.791520 1143.025549
622.648804 981.313959
702.036324 1104.612973
574.274178 1095.567306
586.968756 788.697746
632.681154 1212.019027
603.163329 954.016597
446.714667 1073.722870
764.590733 1178.280983
487.615738 800.653616
446.453067 977.892203
652.884599 1133.264301
407.369971 976.663444
422.821989 1108.959739
739.211519 1209.792806
361.309189 1047.946162
461.501850 833.552370
520.390168 906.971778
541.367365 1121.163097
581.176355 1005.953924
543.602238 1017.681514
753.250480 1124.510977
629.226650 1020.962461
591.755008 980.458907
595.595290 856.644696
721.653480 942.134695
681.261270 1123.264051
499.700605 975.052132
590.221107 913.558174
681.124577 1037.825574
628.273521 1075.409666
773.780831 961.694181
625.142178 830.121460
646.874818 1065.476827
674.046805 1000.194696
597.523382 922.078575
788.277113 978.960304
396.762521 1100.321974
577.925774 948.690321
673.071087 1195.825469
565.966695 853.797939
669.168283 1000.235247
610.011115 1090.316171
596.727516 1164.146053
446.181643 910.441744
656.434522 817.002192
323.119399 986.881139
676.175503 1227.088473
519.304457 957.673360
596.849403 1191.450362
443.256244 1187.392839
730.679628 884.052247
519.518804 891.278377
411.818005 1173.463538
580.447799 895.373397
486.807265 941.391829
532.985196 1185.332516
624.597958 1137.363067
739.012498 1045.603816
497.338600 975.215358
659.828442 1193.585933
610.240401 807.477157
448.915811 880.959724
630.393465 980.595938
470.878756 1171.060128
551.998714 1220.354454
724.132837 1047.484810
481.175240 856.129623
625.946080 1091.459628
676.050013 902.650504
551.626748 902.736695
556.655510 1075.674378
672.510983 1045.867476
531.001792 824.299063
501.058749 913.483537
539.883826 873.064553
698.127761 1161.231420
612.970791 845.440320
769.792908 1102.520812
471.253375 1112.839254
449.957860 1021.200469
491.254643 1095.364334
590.951090 1150.746735
493.646833 947.852988
421.613268 1145.778292
399.424961 1139.070535
474.720762 1053.505214
415.803029 1008.075751
682.929945 1933.860141
1910.514119 1094.156220
660.412122 1841.786005
1873.872698 1095.227081
365.911953 1513.828159
695.858902 1424.511478
1682.137383 1413.929070
616.950302 1895.589871
504.261433 1958.611869
599.771352 1939.692715
1978.319733 963.834848
1724.958910 1959.144702
569.352708 1483.071397
1874.601012 1209.306909
561.789439 1976.527201
597.882891 1456.077271
1686.247526 1372.177924
660.895029 1547.327777
1734.404710 1210.145312
1627.300429 1976.855557
573.002490 1684.280311
494.257394 1631.113785
563.156969 1441.787879
1578.005894 1475.080208
1741.190011 1924.380701
552.946271 1767.042565
557.576207 1765.376209
1753.695397 1174.015888
543.643355 1339.842201
677.636431 1879.366201
515.380092 1415.371644
514.652658 1478.188821
1629.440833 1443.669443
1954.014860 996.068303
488.575392 1403.154378
625.508565 1837.065638
641.384237 1439.597738
552.328190 10.999318
473.159723 1655.164907
475.456308 1836.319614
555.890062 1539.423071
642.802674 1619.231611
471.346055 1795.236396
430.759503 1521.464516
682.175642 1399.662963
608.181504 1400.665859
459.235213 1868.819411
1541.494582 1437.678482
1693.178218 1983.413525
1717.351183 1176.599569
585.723881 1674.243557
514.763509 1428.142014
551.200391 1910.015852
499.922896 1689.315692
720.783611 1903.382836
1694.790962 1327.346143
653.780512 1336.002287
500.565441 1782.116299
1544.642129 1380.491292
538.142282 1949.460985
1818.307029 1168.796891
461.113820 1767.892665
472.503223 1875.904889
1704.535922 1232.139214
666.623455 1502.584980
1564.464861 1411.478570
621.749098 1663.347093
1798.435547 1959.272185
545.374759 1842.444785
575.374995 1607.137371
610.113095 1417.575672
652.483947 1923.811207
1656.530384 1353.972791
588.068978 1459.347408
1918.314565 1133.194460
538.797628 1466.358016
1721.348109 1271.271699
582.295137 1435.644549
521.563537 1658.511434
455.987515 1430.217859
1647.842509 1409.379875
483.475987 1930.186231
612.233590 1802.965638
348.182262 851.164804
1799.403333 1235.735832
524.659215 1747.873536
586.220641 1379.082319
608.025669 1616.880094
406.287745 1519.631654
530.511529 1502.672817
600.423914 1748.407905
467.273315 1717.230409
532.216188 1506.880226
1750.945761 1983.385926
1595.450220 1510.691718
1846.686719 1979.542633
552.022784 1427.826118
1847.727046 1189.019182
609.056643 1902.183786
1660.882633 1319.150673
668.176465 1443.640799
567.675335 1802.749648
585.421933 1790.583999
1623.612866 1370.634827
439.849932 1798.529088
572.354842 1412.165521
1602.393772 1421.813619
524.103581 1800.594105
516.431620 1919.955400
1615.917695 1390.025431
518.489135 1398.185926
499.103211 1848.729863
461.242190 1964.882349
529.452039 1623.077201
431.126249 1575.021105
633.751105 1871.324072
512.584927 1534.054763
551.298703 1383.685035
554.514328 1655.967644
487.104654 1511.457494
1929.890551 1170.475585
715.370946 1500.842464
1836.040421 1208.825070
486.858281 1430.372966
1546.616749 1464.082170
562.361218 1488.493260
603.669310 1576.428810
612.526634 1516.990244
430.390488 1860.656142
1894.822973 1159.374553
1658.411546 1997.888742
493.901858 1755.621665
1806.623130 1193.421776
591.761455 1870.907291
496.488171 1725.783715
567.876223 1568.778401
635.906901 1700.671399
536.534717 1794.592243
672.289909 1486.380845
1878.558731 1163.113605
1592.843083 1358.096894
1580.353070 1393.353529
517.011114 1374.840953
1812.194335 1142.557652
553.306112 1872.311442
1841.141385 1130.494448
701.915641 1469.469570
441.744829 1487.883752
530.706784 1569.773417
1751.960693 1140.615574
592.308554 1544.106095
575.950811 1506.709669
601.709475 1632.130594
1694.045036 1940.791436
546.111973 1834.549712
1582.064936 1440.777012
535.579163 1702.781687
641.756026 1398.317979
1771.067450 1256.803731
1773.871904 1202.885568
459.085182 1405.783234
1592.871102 3.702070
1889.831431 1974.727046
545.789787 1349.205955
1775.190873 1936.834990
567.169689 1941.486749
574.225223 1723.824772
485.473559 1867.520932
614.756092 1370.167999
485.851315 1570.926167
639.388683 1568.520593
541.005336 1734.027470
474.906929 1530.110753
460.293168 1493.377313
665.203274 1363.357865
1752.910911 1286.174480
580.491944 1356.428832
1827.008493 1162.898751
1810.162594 1189.682996
507.634928 1819.552194
455.469160 1458.114166
503.036975 1356.282852
446.764195 1734.272505
1843.746361 1108.046660
1783.809864 1163.738462
518.906710 1878.107530
512.363560 1462.521579
635.075314 1485.389329
421.956061 1432.250736
590.107628 1827.139562
405.682326 1805.632930
607.003814 1422.959857
569.310014 1324.747389
426.254648 1837.352625
536.913879 1605.204857
1650.652628 1393.309542
633.855685 1455.988218
1880.535282 1130.424817
513.948565 1811.837345
1599.740306 1462.997113
1862.765010 1468.561764
1874.280665 1604.698618
1751.176116 1574.986933
1694.050518 1663.269138
1701.257630 1351.446799
1759.107913 1386.656628
1741.688226 1623.540604
1729.853310 1393.980968
1667.720944 1603.698488
1851.937461 1339.819128
1608.751834 1474.838930
1641.279373 1473.629026
1792.175659 1324.408059
1622.674103 1263.151643
1815.061896 1637.265226
1750.224226 1549.002075
1838.862809 1609.011942
1730.025571 1389.965984
1619.350254 1506.927953
1939.511842 1525.530759
1724.185164 1332.013975
1623.857442 1444.608417
1633.997068 1417.114001
1581.083717 1436.190993
1866.139840 1617.874060
1625.230202 1445.419692
1807.746908 1559.164054
1763.769722 1465.633343
1725.169551 1458.199112
1899.811169 1477.153758
1883.297340 1860.128973
1702.996985 1584.912482
1585.919673 1326.681385
1758.632866 1308.434665
1916.838815 1517.798662
1750.937271 1435.987218
1699.888464 1362.784562
1652.874246 1668.426518
1668.334302 1556.243125
1817.765029 1481.564742
1845.797803 1533.471309
1837.825852 1567.679506
1907.229445 1587.402839
1766.186054 1494.457245
1637.070018 1311.610251
1799.619254 1512.668040
1700.574145 1516.923124
1736.753187 1651.816679
1936.790992 1430.357255
1698.738883 1264.993641
1640.880258 1524.578361
111.120291 1576.018547
861.603846 1744.188894
1818.601804 1566.362714
1856.224100 1488.612498
1637.784551 1477.416867
1655.479605 1392.750987
1883.933555 1546.302990
1876.722406 1700.014868
1917.526734 1853.888367
1718.480897 1461.577328
1657.654579 1311.475172
1976.637455 1499.087030
1724.087714 1390.126966
1671.241855 1477.966001
1681.904589 1483.524748
78.543732 1686.402624
1586.855492 1256.830146
1757.926102 1454.477592
1724.250202 1432.069340
1930.926794 1670.738036
1776.161770 1493.966333
1783.243409 1393.842510
1889.929489 1442.163103
1794.860689 1691.669400
1779.310854 1677.128424
1823.822734 1440.738074
1703.733591 1415.673584
1632.255866 1378.250876
1715.240214 1551.263307
1681.878944 1630.344293
1700.868243 1335.658295
1662.797721 1497.808387
1862.932138 1740.029431
1839.592227 1541.379146
1764.177055 1399.126738
1887.806007 1374.404227
1678.038700 1521.945469
1806.108463 1586.038566
1509.378069 1482.756294
1724.136025 1394.652678
1752.173085 1284.913376
1753.741486 1441.929246
1795.651621 1372.992428
1657.715136 1268.957537
1736.519501 1481.885274
1672.795802 1374.220886
1729.239378 1561.075515
1832.356446 1672.625578
1553.301875 1407.319931
1978.913911 1505.132303
1779.790434 1604.606333
1620.992849 1368.786075
1857.534229 1685.822594
1706.553572 1528.889068
1550.567120 1466.208870
1855.086614 1387.060519
1906.838561 1430.492985
1734.449871 1526.713684
1824.669782 1398.308054
66.135643 1652.121289
1836.990624 1648.989743
1593.436859 1392.954199
1659.459572 1588.492956
1608.476303 1349.675672
1821.581720 1448.701721
1693.330355 1384.509083
1942.801491 1468.691640
1812.334559 1448.735094
1682.485449 1420.172698
1880.263651 1530.924083
1711.827614 1623.235936
1718.634780 1701.248028
1742.441751 1678.662177
1648.814364 1547.289236
1808.847380 1498.428993
1776.567341 1623.010515
1598.616802 1415.269377
1553.497533 1550.069396
71.821492 1617.246055
1809.164928 1789.927325
1844.582337 1706.557141
1693.740316 1474.084257
1954.425930 1601.974446
1898.045486 1672.322387
1946.195385 1635.958654
1671.540450 1337.987667
1664.447929 1515.805885
1671.892303 1420.293305
1858.443879 1445.150030
1605.674463 1613.770212
1964.423315 1681.150564
1937.652948 1556.940651
1795.846524 1349.190884
1947.092974 1554.500076
1831.858035 1355.231441
1878.876493 1656.201514
1633.976688 1493.678167
1677.463113 1559.804022
1736.767680 1494.300598
1766.448584 1409.762377
1795.327545 1512.770457
1709.039042 1604.941938
1801.388576 1623.802146
1765.387121 1519.772568
1712.928062 1686.696156
1612.491121 1653.498987
159.744748 1502.636646
1697.224303 1311.858259
1634.017080 1421.338604
1916.699344 1500.175569
1712.739993 1276.743426
1906.537181 1464.977461
1629.972486 1547.880909
111.238250 1626.041370
1564.708204 1428.413047
1746.471921 1347.484176
1759.872076 1369.166467
1939.771475 1725.561360
1746.013016 1514.900979
1841.837734 1453.059432
1754.145117 1557.657517
1740.803584 1482.266687
1908.761365 1641.811140
1579.894023 1527.531965
1781.763323 1549.381944
1629.556321 1589.992792
1882.723610 1419.580010
1653.912340 1355.424090
1731.742209 1266.894520
1795.615157 1412.496019
1580.359885 1589.365129
1807.563379 1648.636577
1848.852389 1634.141487
1787.604727 1572.837891
1910.089550 1721.084057
1940.019660 1486.076050
1842.250363 1562.986150
1784.880836 1453.992155
1811.524154 1417.662713
1735.753049 1502.420341
1675.988708 1296.536877
1808.316427 1539.006943
19.877591 1586.400328
1833.284743 1592.305993
1759.316186 1632.079403
1633.820229 1460.059334
1851.403923 1500.091154
1879.331214 1569.407036
1663.897474 1619.261486
669.391325 1245.773560
1143.072013 103.156010
152.121912 244.168216
222.843705 130.311993
110.090472 57.261065
257.287015 108.523393
405.349346 1476.245131
245.722359 1921.030788
631.064975 1487.532266
678.027512 1415.512522
468.434152 1456.773034
80.063339 21.902209
469.579211 1503.087724
695.221884 1412.455210
698.179102 1295.281204
195.732173 110.339451
217.773734 79.695316
662.219262 1407.698669
221.017902 209.171111
734.137001 1416.837783
584.850292 1376.360844
559.454141 1222.087837
624.841996 1270.761148
184.156314 179.623961
201.692068 341.522961
686.553731 1438.034131
147.423833 161.515439
697.944393 1503.809379
751.790302 1223.535616
63.436323 63.433207
147.084905 289.581056
629.237093 1286.565601
633.212747 1325.313939
496.705426 1300.992592
183.156974 219.523173
512.207198 1525.621002
592.291436 1412.535875
740.800800 1199.710924
543.086403 1544.782959
97.520430 66.053822
107.869229 139.113107
775.610374 1307.961588
172.980548 96.925753
1127.586887 134.927567
700.226499 1355.069882
529.015034 1292.706997
638.825457 1192.616940
418.504260 1346.991767
708.021293 1270.592856
1018.671336 119.649468
646.630183 1448.917502
584.591628 1310.037957
552.052450 1285.161383
570.100913 1497.750687
107.219159 171.200022
449.318362 1315.356617
147.379444 128.675618
204.903097 302.558635
315.206495 110.203865
742.762804 1391.185083
999.563871 146.231919
737.761954 1348.713327
843.576589 1342.695598
737.613762 1311.285656
699.705717 1176.216910
227.197050 147.219177
131.889983 186.963372
502.774861 1284.859043
551.061130 1400.383999
616.951717 1376.168074
777.452291 1379.476373
645.443585 1534.115910
626.144324 1431.508852
420.792006 1372.175312
784.267224 1238.538216
447.116172 1284.466925
145.481405 1990.294376
732.942542 1507.889963
673.346912 1186.630447
652.138112 1262.724399
525.360501 1246.290176
584.624492 1442.270702
668.149390 1311.294462
261.456045 334.332658
0.017273 149.369035
589.321198 1319.864437
264.168133 185.720529
542.619732 1519.494084
487.061018 1386.474050
527.038256 1318.255080
124.146122 246.751224
610.369112 1512.151436
64.458693 1894.020169
132.822163 210.783614
673.009286 1361.638426
235.741210 204.904348
170.750039 99.370434
670.651736 1479.185757
668.498982 1494.939389
417.816161 1386.738083
511.579655 1328.458008
528.011134 1465.028921
123.625167 85.101369
208.715673 267.032759
472.290979 1417.222937
138.318440 125.468992
583.210274 1317.573980
432.182386 1524.528644
524.504206 1366.471265
228.115595 75.906915
48.083264 210.098917
466.067355 1313.644903
202.031234 129.515548
964.380999 116.968753
99.903576 1980.543135
239.746738 272.871606
94.099086 0.558582
566.793459 1347.503010
706.730386 1191.623943
913.042607 110.004589
676.833208 1306.441947
609.372648 1242.582545
183.924511 1988.470302
99.500426 231.637622
534.466609 1334.651480
679.578591 1255.876314
504.699746 1484.199126
196.294110 41.591938
176.764454 319.691969
442.157435 1436.205458
450.131229 1393.991955
619.732835 1355.642232
652.722797 1280.688413
593.335136 1257.274927
192.748082 67.083512
657.853033 1348.424775
559.478017 1259.640354
557.854514 1292.590419
272.214375 125.327402
125.795764 97.934451
621.691198 1292.926849
614.252852 1449.584140
125.024001 38.467582
570.181206 1371.100953
499.036096 1463.152703
210.605171 1923.046476
518.902981 1389.598681
89.993261 119.214707
639.441832 1238.234165
1033.467070 159.621505
600.470331 1340.206487
220.489844 169.941605
542.920495 1350.729989
481.291041 1329.735824
702.712595 1235.502502
819.362213 1264.438182
623.268386 1426.244242
501.071709 1419.616967
257.392255 1958.843379
93.185912 42.209919
1109.792987 1733.483416
176.133391 180.785762
179.117667 263.067149
549.294054 1374.988851
710.166650 1464.832093
58.161777 170.073261
141.511360 73.223426
140.337606 1923.942234
176.711493 142.782884
365.406321 1406.785771
511.117839 1565.647023
275.134351 149.963422
455.831608 1554.107460
621.655356 1479.355080
256.711379 148.324883
49.304060 113.658007
591.719414 1281.658465
629.925452 1396.984164
456.867895 1358.714367
528.550908 1435.182414
295.807361 340.636269
202.172671 1956.674078
613.223511 1513.518241
536.313959 1483.853724
211.229741 135.950726
580.866035 1357.902692
166.575352 178.525606
154.114136 6.968971
562.824543 1425.051651
668.616398 1288.649450
995.334189 101.428099
709.291312 1370.094646
1173.991923 120.503107
427.982518 1451.140222
581.410042 1561.421327
159.811087 51.520286
238.905283 239.874188
921.268833 1875.925073
1076.526339 1744.422683
164.547126 76.486846
