453.627894 1875.925891
535.614146 1886.053788
767.954657 0.719356
434.127252 1899.444011
550.652398 1918.098575
509.258449 1958.217167
587.712153 1995.338282
624.265249 1944.657557
501.796122 1778.075752
553.698528 100.184627
311.719083 11.440853
366.493089 1942.651792
448.367690 68.743423
666.528499 143.493146
510.935703 1824.290002
536.434966 25.192867
430.580535 1741.390957
466.879138 1841.307001
497.388129 1982.685206
387.447581 156.089005
706.439362 168.897574
407.899708 1903.654782
400.803676 1914.076027
574.515839 1790.614818
601.606657 1961.924013
803.697479 1.378479
378.437099 1875.344958
582.599277 1849.702224
439.532537 1819.727660
498.519557 82.670263
565.123557 1878.302837
644.929267 1912.738288
426.490019 1796.810841
560.573067 1989.894988
616.385768 47.446994
522.598005 1854.793621
509.519570 1933.887184
472.678869 185.121409
590.783801 1908.228013
598.728181 1976.032279
446.614125 1962.590652
321.074882 1847.021742
358.956250 1824.807447
426.000891 1986.478040
484.174453 1958.032783
729.168933 107.585579
448.612982 1931.046701
597.477770 1938.258634
499.241701 1902.516403
620.466862 1859.063691
639.973201 1909.097479
504.453725 144.163974
649.921032 1870.673330
314.905864 1969.417379
626.524879 1938.018667
505.480474 1888.857416
704.169822 1944.839146
470.899654 1902.530512
638.664193 81.666178
556.041172 1950.392810
608.216899 1819.576722
767.782371 1917.759885
364.303223 1863.821877
390.425901 1737.653297
528.122891 36.106901
334.575624 1924.045163
408.963318 1843.601309
487.465537 1739.888072
471.967530 1764.410971
354.618858 104.229785
442.222768 42.037667
426.242274 1953.276173
342.310039 1887.528229
545.788925 41.963559
314.060944 60.303956
494.517810 1843.756646
569.029916 1888.345452
413.999079 1968.688127
568.039040 11.758491
343.041079 69.893644
491.006607 1911.053131
671.248957 73.584625
371.694862 1797.634074
432.204657 1941.927100
708.681879 1982.178456
426.667863 1990.532178
427.779803 21.988499
480.426235 61.199590
307.328572 1877.528343
619.803889 11.013095
623.673274 82.972993
521.991430 1815.723285
399.437278 39.065547
548.951860 1834.212144
733.384515 0.009469
561.925383 1940.460652
536.697122 1782.249471
530.182497 174.198082
614.575251 21.207024
325.705438 1786.487685
468.464490 95.361725
674.013057 1979.319069
521.809126 1870.675855
533.728014 119.229367
585.167750 87.264689
525.246357 38.352554
773.540844 59.288909
597.372210 71.739370
375.826714 1955.438652
291.372354 1935.673654
459.688737 1831.054332
669.898273 49.243867
399.320670 38.159333
579.503176 1870.699852
696.676595 22.294550
460.860879 1999.428383
462.724591 1731.772402
492.646927 114.694224
506.549190 1853.268612
353.060655 1983.650689
713.091013 75.002505
364.615528 1773.740304
417.695607 1892.025701
513.365653 64.887036
258.281408 9.470646
419.945571 4.569193
685.887596 97.392655
398.446274 1958.435074
442.902721 1753.326188
408.809301 1849.076887
485.997244 18.282838
524.130303 1921.235896
634.735577 3.247892
598.565055 37.010147
508.149964 1937.216230
732.757160 1954.582936
401.660940 1800.086436
648.819891 1838.513055
662.936979 14.829903
697.392327 1896.260412
721.890580 1905.881396
548.854299 1968.652909
659.919622 9.404052
689.692889 1869.866961
475.032991 1780.416220
538.166179 1985.262061
475.263607 1949.899193
450.252449 1858.507986
622.994322 1888.080426
373.680633 8.547538
615.915228 1851.872889
615.458123 126.985081
422.432943 1764.752251
672.390117 1939.076543
530.338397 16.804600
532.025858 74.321986
417.256457 1817.972641
604.718170 1765.945458
297.112891 1895.789833
622.224151 161.715770
485.459601 1868.568026
436.623045 107.451436
434.495564 82.832598
632.811532 1809.261272
474.951608 1804.508385
482.677158 57.585592
546.034619 1826.568225
445.550740 1864.718367
400.255718 92.883556
600.296192 54.356569
627.844577 1977.294613
660.352103 1912.478689
523.237800 126.771968
556.190089 1754.116813
458.888796 1774.712913
588.142104 1907.373780
394.953676 100.935388
410.153561 142.041168
763.362410 1964.210529
420.500474 1807.175172
478.324091 22.270104
600.486387 1817.362072
374.728833 1852.913009
399.485309 1979.270396
642.376321 1966.008889
524.581625 1749.405939
390.196607 1836.562062
505.742937 1803.676907
654.944328 112.355761
535.460489 1784.816535
719.803383 41.295820
352.045604 15.700167
473.974714 1973.966607
496.398711 8.078911
570.511876 57.504093
471.276049 1857.070252
396.422263 64.320671
354.773868 49.499757
539.257750 1954.902916
401.366349 1910.492105
804.050523 864.223993
1593.477358 140.812493
847.914787 752.704028
1550.791093 119.004838
711.902389 490.084985
1013.716997 410.197734
1808.304622 412.123363
720.955489 798.123691
710.899256 854.772723
816.439784 916.832674
1515.252368 91.894700
844.094580 1868.090621
898.904317 459.216421
391.592609 284.957819
767.500271 892.521260
867.772724 427.170407
1673.559978 333.716277
930.430002 495.001759
1605.649523 235.965054
748.958384 1854.548477
752.068659 596.524049
750.611660 549.460178
763.472622 358.738329
1721.665813 440.405120
866.764662 1833.367937
725.430625 676.583834
735.727136 658.267873
1608.108197 195.567822
814.988374 314.946008
871.956962 800.970145
938.819329 409.253187
794.741487 433.244903
1829.736594 440.252436
1512.736512 126.240880
852.080858 360.238793
815.660195 739.572519
699.557981 417.333216
723.767219 901.701758
723.287518 569.760709
730.921387 757.559042
842.513364 480.477999
875.567961 566.175284
756.252664 739.845608
820.619799 498.720456
959.003480 358.754078
902.023247 396.145336
696.248195 779.295412
1683.960012 424.426428
810.227732 1884.828146
1535.099651 233.843993
809.845128 584.854113
885.307816 418.753276
805.034717 840.179624
703.426470 597.141732
883.092649 876.045373
1666.805424 289.682936
886.619849 295.613116
700.565831 689.199237
1658.114625 379.986976
688.976669 881.522588
1557.939754 210.508471
655.766739 669.071752
716.578567 839.453106
1552.047246 268.763251
814.933738 460.532288
1713.218683 404.758211
860.491838 599.931781
940.672177 1864.436980
690.370279 750.305559
814.395450 523.220611
979.467000 400.778470
676.132572 836.581305
1642.962302 315.656254
783.241854 396.388785
1670.499366 153.306352
844.495669 421.854450
1646.686457 222.877757
841.350395 371.738694
776.411833 572.500624
918.445429 480.310582
1746.603933 391.817017
618.084644 857.872049
800.921302 710.592447
1547.066269 92.395749
1667.952944 251.350521
777.964731 678.848890
925.193104 359.641832
854.180295 540.913355
790.179771 505.213162
779.662161 442.891560
813.679900 675.819165
710.653696 631.959395
748.838180 466.334834
877.308149 1878.213086
1770.781800 465.346283
988.388245 1859.453936
938.114943 446.832554
461.271624 300.869545
793.895252 847.552178
1603.735187 298.162320
1036.259300 474.725535
784.768694 718.762412
761.591265 682.729401
1682.912926 357.926410
665.568716 710.638927
915.838947 393.781135
1781.024596 420.153198
738.983725 705.583781
637.343058 825.938510
1721.369895 366.089015
966.152230 389.634485
755.612221 766.524657
649.139296 904.733186
809.501123 558.108650
716.033862 542.115302
755.749040 788.817388
929.282844 522.481508
883.803841 361.318449
776.100558 562.208999
802.569234 465.309933
428.653799 249.397971
954.368053 477.881462
482.650701 327.515254
854.259765 436.654276
1737.572870 475.299932
765.544190 407.833474
856.637851 501.641104
881.786239 497.021865
670.127416 806.943872
1626.715767 166.004622
783.647043 1861.956137
686.807746 650.307552
427.609445 288.249405
837.882914 839.012269
751.250080 635.811252
854.189184 508.064046
825.180992 604.925719
688.368041 684.931051
953.264040 435.089533
493.158898 274.346907
1633.359045 349.801348
1775.833020 385.875126
886.715576 361.646461
1538.915112 180.617573
817.885112 807.464849
1583.581680 165.624135
985.639639 431.832181
778.314538 484.323182
806.101544 499.227223
1590.938327 188.296366
943.346175 527.265137
841.200530 463.196752
845.982068 569.704667
815.942183 1848.327973
793.234519 773.028571
1753.694206 428.365086
784.758196 614.295207
875.412289 377.740983
1636.287535 267.585461
1567.582834 228.940029
809.983483 369.589216
717.358810 1870.109643
1031.563062 1854.923532
913.200658 338.442634
906.336757 1853.745063
749.578026 854.682498
811.738103 637.208110
741.818091 816.659302
943.618970 360.665694
739.634489 516.829182
919.778649 538.151761
780.330319 653.801775
795.105117 528.618077
857.597769 539.962366
926.247468 323.323914
1615.280879 265.528149
876.116371 316.879296
459.317061 265.445984
1674.742660 199.392006
824.052234 791.968214
734.864955 408.245956
823.969471 327.007271
605.677572 653.345508
1562.169230 150.449709
1630.939870 203.301544
781.368012 810.971154
873.339356 450.861729
876.451948 449.861356
818.319445 414.803926
695.761912 730.096816
648.006499 735.008755
859.179873 403.965844
850.758222 296.283445
646.887676 783.598831
821.353999 554.653445
1808.864082 376.034520
863.135143 401.114979
1641.646839 136.207144
803.906834 771.994870
1800.278536 458.505545
303.676757 525.313408
1948.601643 492.644029
150.383114 602.955588
1850.477075 566.036529
1928.341301 310.354606
1983.284159 308.314027
1901.042507 542.608797
271.245682 505.478062
1851.499471 542.509237
348.677679 432.281369
1778.325884 389.116696
1797.537373 419.255689
1961.445634 260.962982
1963.822931 256.204199
1755.356004 605.641121
1878.378333 470.823416
102.422516 552.082694
1807.088802 424.414351
1766.988700 432.888549
321.116880 512.945169
1887.528343 308.599455
1739.931988 383.136278
1830.534389 333.167619
1776.923750 367.687138
159.170855 579.478618
1828.180837 393.763211
1870.536870 503.247800
1788.908382 398.074074
1835.820625 369.806023
1798.887205 384.589351
1876.421904 718.008762
1828.900638 499.163194
1847.838219 293.709888
1879.420392 308.035132
225.678045 487.837927
1871.119248 369.300727
1822.252039 300.522549
1746.145934 577.604941
1760.855292 486.045165
309.500798 598.658919
1926.189761 424.342597
136.048260 557.106515
1999.126678 483.874445
1938.952479 411.538511
1902.191289 262.583495
1968.607336 426.427114
1911.820808 480.986905
1895.376173 566.455957
280.786647 444.871292
1862.863694 226.728191
1728.664893 476.918119
360.077937 551.939708
1842.155524 1216.335583
1890.599594 514.074952
176.429230 523.576151
1735.658802 432.350448
1928.906696 341.440676
196.900511 526.700498
117.114975 624.730260
1911.387687 711.645990
1892.623649 389.688367
1925.911610 264.196016
374.614765 521.465436
1844.785639 318.662380
1894.614343 431.453233
1829.618704 452.093438
338.369901 622.012304
1896.777058 244.650186
1982.523940 401.108420
153.738456 506.152503
215.769255 618.173212
1905.410693 405.479762
283.768814 496.521995
223.667188 475.992769
1869.047823 622.388294
1796.070892 583.413047
1926.402532 363.606832
1983.952757 375.225261
1807.727882 305.391083
1818.822982 492.979027
1774.698936 553.429051
1946.649159 294.915780
1834.789389 400.873172
1908.215434 643.254054
265.116517 562.019774
1961.334830 362.505771
381.265484 450.560906
1807.207150 427.387885
70.425747 533.674178
1705.373980 424.558363
1874.877975 337.947161
1934.601745 230.716231
267.162763 596.712565
289.525447 443.726887
327.547825 423.600258
1874.649628 403.670019
1869.699688 327.058001
1783.665111 511.570594
1939.669688 594.875462
1795.661741 345.231136
344.687820 494.251427
39.130373 532.187903
1733.535044 301.827892
1879.271639 584.467582
1856.628985 425.217488
1823.072001 450.211705
136.541404 438.081187
326.456964 492.914260
1888.760085 446.844365
248.801943 440.270537
226.166688 574.934325
248.054186 631.992724
1768.361234 314.273603
1752.522632 516.854069
1788.502628 274.465834
226.640857 516.568012
1959.352431 356.026882
315.000354 452.602942
53.003155 496.798776
1930.360235 391.545636
37.051482 438.503450
1804.410123 550.982080
1807.534546 628.761422
1836.802571 599.251160
3.118771 531.285120
186.131732 485.844386
1879.420777 545.169382
1796.920584 346.064593
1640.091136 485.809925
296.979031 540.839756
1877.383956 650.281510
1883.515189 615.991448
107.237753 486.576601
320.430240 635.686347
1905.941112 589.405157
188.378537 590.000584
1850.031093 285.485353
1866.579637 463.780181
1897.642393 343.633344
1873.023827 392.659120
1655.970815 540.444830
326.594840 659.352806
258.006002 524.757844
1849.499438 258.080324
300.764825 523.858724
415.721533 469.189221
1939.874057 545.543106
1805.341005 420.142581
1857.307055 494.356796
57.106645 475.810398
1960.603768 349.530648
1858.576394 427.860242
1699.220727 548.581251
1930.015118 530.734479
1785.027435 455.117300
1718.329550 609.330867
1658.130752 589.423849
415.506999 498.183489
229.458556 416.842285
1858.693482 354.616483
95.648916 453.162559
1831.146037 258.830819
289.216892 479.172445
1759.890381 462.453594
330.559821 546.546359
1844.825862 388.219826
1902.447011 290.236633
248.913225 461.436933
127.952395 658.022405
1804.710740 471.644932
241.067700 539.126755
1767.178312 480.840155
1907.029968 404.777574
107.457743 587.536926
1739.044636 435.039780
1832.855164 488.433222
1700.769582 516.374051
175.080012 454.070343
14.476486 336.437560
1885.965275 219.964174
1945.833180 314.673127
1686.294297 493.519570
1849.669462 550.625489
1969.837156 563.918193
1918.200792 470.210062
1933.323552 627.657392
292.677759 461.597348
1932.285204 459.134220
1909.149078 371.376757
255.312040 510.099626
1838.850383 438.063946
156.958897 386.056399
1926.116466 427.383248
311.564758 572.112221
1921.900177 510.173271
1933.118125 560.258328
1741.965997 410.284824
192.946877 570.233144
1955.700404 453.807611
1812.056757 524.012568
702.356786 165.530858
1999.443323 160.349648
1487.656934 1393.430122
1591.761888 1239.818050
1663.812890 1170.478648
1858.780981 1160.715537
536.861496 392.386863
1518.085278 1123.042436
733.034384 407.394238
773.189465 330.207137
582.717234 369.998028
1490.946218 1163.764361
590.147245 398.897618
715.752728 339.996002
853.037261 241.082814
1522.700113 1319.913990
12.818893 1038.030485
866.959588 344.161375
1575.955603 1337.329877
795.270915 329.483810
687.287039 311.402400
627.671711 142.586674
669.628845 192.492999
1611.632668 1274.579268
1604.299148 1419.129470
881.828998 381.963062
1497.048482 1261.510807
789.787074 402.076615
637.413040 205.569742
1451.346257 1168.604588
1569.724262 1419.207139
708.628292 213.088395
810.468639 255.658380
751.767632 235.385199
1749.106848 1268.289731
679.502157 432.884935
587.720052 327.157620
798.430971 145.883128
765.824783 435.057096
1448.507953 1232.661215
1489.952477 1227.530221
790.683190 214.082953
1610.956654 1164.613827
1983.830035 190.187696
750.203945 271.866837
694.362623 253.908756
790.125583 200.590168
567.494453 283.968811
726.483135 194.146465
1896.494378 163.386971
819.631885 349.654982
587.249688 260.116460
824.120558 292.054622
801.503198 438.972398
1532.696969 1222.436492
664.213789 253.053771
1657.113238 1223.226097
1761.679572 1342.312979
15.658511 1082.901810
866.258128 315.906838
1865.806519 205.458788
760.833492 269.060528
832.557883 272.870758
860.178991 284.146944
729.418628 141.804839
1880.134649 1188.678132
1468.444217 1323.963707
764.628074 231.029961
674.220813 332.138464
780.102217 303.041765
815.171907 315.644267
777.221254 469.707206
790.665468 361.615021
613.955789 292.649246
837.261770 164.272825
688.118325 246.053347
1551.744267 1122.697236
840.157349 435.902265
783.991706 164.449662
637.061567 178.335774
601.619651 177.560731
756.076739 352.662164
797.145571 246.579627
1626.039338 1390.893233
1421.731541 1210.255077
726.873722 236.555593
1723.185784 1295.652795
627.752521 433.192688
615.659063 296.971696
763.599049 264.208056
1534.271578 1354.462390
757.956090 400.002686
1249.131483 1106.157387
1506.405440 1290.553555
750.110363 303.742804
1599.221553 1310.588015
1702.596242 1208.583860
713.821812 370.627907
822.552965 403.885924
555.638652 321.098143
718.464621 253.942835
606.469924 347.826469
1563.840147 1201.191063
1576.405260 1457.924189
710.759457 352.306265
1562.569487 1208.276695
805.353331 293.923796
595.399038 440.658093
697.573756 327.808243
1776.870906 1182.602352
1474.423585 1284.377601
611.282284 223.862569
1625.900808 1233.254683
1818.808166 189.151079
1452.447574 1131.368624
13.517407 1208.619524
1391.587909 1166.386714
649.425917 265.503070
753.229298 133.303764
1768.033695 192.821202
826.453377 222.881505
741.289419 180.976438
1525.572066 1178.168585
1469.745154 1362.303781
687.630783 269.599079
706.188725 190.693568
686.964151 392.772257
1727.331914 1173.637623
1596.655006 1366.059613
600.224792 335.911919
650.331286 314.719198
789.681657 366.015750
555.142624 241.586313
750.024476 194.354942
1585.246845 1216.945876
723.151926 265.266394
563.744927 199.290442
669.644185 216.459855
1703.786065 1243.436842
1569.477395 1171.733236
783.339671 261.540271
750.172826 376.894707
1489.994703 1201.547077
663.254224 352.063837
685.079632 365.213102
1482.949020 1125.787393
737.935526 314.045395
1563.172308 1171.234027
659.640016 148.011710
1895.461121 198.240375
705.521527 299.810971
1682.101256 1271.303121
626.343963 258.162853
510.578088 259.351832
825.724209 169.533335
855.971669 191.817265
745.823015 324.288114
679.911632 332.658629
1610.586934 1122.834456
1472.687962 1166.672674
152.657881 1433.892967
1540.426923 1277.788780
1562.293447 1374.903764
714.792343 302.990107
798.211522 380.281429
1408.874914 1287.102821
1462.593936 1251.134569
1495.099757 1100.708048
1543.773809 1245.939291
558.451584 343.269925
693.069437 467.792538
16.311713 1136.882667
655.776244 455.980179
654.722941 367.494396
43.535172 1115.081988
1477.498462 1212.870869
703.053295 211.382098
680.332787 290.415811
653.069115 287.339813
705.438525 334.532297
44.777516 1304.945828
1542.783426 1152.112227
714.175646 410.206137
649.046195 394.932680
1553.482275 1297.911571
733.901462 294.309351
1559.913329 1247.601534
1486.292629 1167.665659
641.588021 327.569624
792.252895 199.073204
1861.391525 169.005535
775.645920 297.374717
29.628747 178.267546
610.243684 373.691327
723.275143 445.956810
1576.068274 1139.171980
1613.749777 1336.833043
109.437303 1387.074094
117.232095 1436.421350
1628.057381 1181.756472
