-1.235121 -3.804534
1.076011 -3.852558
-2.216204 -3.329931
2.121855 -3.390830
-2.567447 -3.067282
-1.050496 -3.859593
-1.340669 -3.768635
-1.502184 -3.707215
0.127276 -3.997975
1.695558 -3.622855
1.400976 -3.746634
-0.123511 -3.998093
-0.193412 -3.995321
-1.605985 -3.663443
-0.387598 -3.981177
-0.854895 -3.907576
0.500490 -3.968565
1.004265 -3.871880
-0.813768 -3.916348
2.154603 -3.370117
-1.828066 -3.557833
1.863905 -3.539189
1.584349 -3.672852
-2.040108 -3.440634
-0.702768 -3.937781
-2.160002 -3.366659
-0.414755 -3.978439
-0.750113 -3.929037
0.357086 -3.984029
0.793650 -3.920474
-0.676363 -3.942402
-1.109783 -3.842965
-1.085700 -3.849838
0.295921 -3.989039
1.076732 -3.852356
2.882415 -2.773388
0.182246 -3.995846
1.540361 -3.691515
-1.157241 -3.828941
0.224922 -3.993671
-0.377533 -3.982144
-1.547821 -3.688394
-0.119851 -3.998204
0.715438 -3.935499
1.679852 -3.630165
-1.235708 -3.804343
-0.433744 -3.976414
0.789350 -3.921342
0.881710 -3.901613
-0.110618 -3.998470
-0.034128 -3.999854
1.699418 -3.621047
-0.362933 -3.983501
0.367171 -3.983113
1.809495 -3.567314
1.466127 -3.721622
0.014995 -3.999972
-0.353205 -3.984375
1.798986 -3.572625
-1.456564 -3.725375
-1.204165 -3.814445
-1.800254 -3.571986
0.015619 -3.999970
1.258927 -3.796723
0.026697 -3.999911
0.782341 -3.922747
-1.804690 -3.569747
2.219238 -3.327910
0.164560 -3.996614
0.638554 -3.948702
2.427367 -3.179290
-0.953271 -3.884749
-0.674871 -3.942658
0.085536 -3.999085
0.386832 -3.981251
0.943223 -3.887201
-0.207287 -3.994625
-0.338732 -3.985632
-1.201806 -3.815188
0.407153 -3.979224
-0.208426 -3.994566
-1.991118 -3.469215
1.489360 -3.712386
0.670900 -3.943335
-0.117045 -3.998287
-3.197853 -2.402860
1.607967 -3.662573
-2.267849 -3.294975
1.289369 -3.786493
1.053689 -3.858723
1.967620 -3.482596
1.602897 -3.664795
2.760618 -2.894648
1.451739 -3.727258
-2.899003 -2.756044
-1.028576 -3.865492
-0.575855 -3.958332
0.828241 -3.913313
-0.508108 -3.967597
-1.269202 -3.793300
0.365261 -3.983288
0.993227 -3.874726
2.494928 -3.126553
2.483800 -3.135401
1.032398 -3.864473
-1.042287 -3.861818
0.218963 -3.994002
-0.587159 -3.956671
0.106769 -3.998575
0.590361 -3.956194
1.304244 -3.781395
0.623602 -3.951091
1.006572 -3.871281
1.619991 -3.657271
0.083895 -3.999120
-1.319621 -3.776056
0.718821 -3.934882
3.365291 -2.162132
-0.950630 -3.885396
1.109298 -3.843105
1.559312 -3.683551
-2.828861 -2.827993
-0.881793 -3.901595
-1.314754 -3.777753
2.039444 -3.441027
-1.321592 -3.775367
-1.624110 -3.655443
1.474168 -3.718444
-2.192078 -3.345862
-0.673005 -3.942977
-1.932208 -3.502367
-1.525563 -3.697656
0.355187 -3.984199
2.398991 -3.200756
2.092700 -3.408901
-0.156723 -3.996929
3.459576 -2.007819
-2.150456 -3.372765
-0.514586 -3.966762
0.176453 -3.996106
-0.494000 -3.969378
-0.550302 -3.961965
2.446082 -3.164914
-0.427804 -3.977057
-0.368857 -3.982957
0.407781 -3.979160
1.691911 -3.624560
1.933014 -3.501922
-1.242451 -3.802146
-0.034232 -3.999854
0.486202 -3.970341
-0.630563 -3.949986
-0.925256 -3.891517
-0.274478 -3.990572
-2.905062 -2.749657
1.434635 -3.733875
-0.638213 -3.948757
-0.591876 -3.955968
1.915824 -3.511356
-1.556425 -3.684771
-1.251753 -3.799094
-0.095329 -3.998864
0.729834 -3.932854
0.467687 -3.972565
1.213860 -3.811370
-1.908068 -3.515577
-1.430498 -3.735462
1.867303 -3.537397
2.292016 -3.278210
-1.291110 -3.785900
-0.877395 -3.902586
-1.484907 -3.714169
-0.129034 -2.723040
0.595483 -3.955427
-1.417863 -3.740276
0.090729 -3.998971
0.176895 -3.996087
0.052104 -3.999661
-2.118259 -3.393078
2.732737 -2.920984
-2.443810 -3.166669
-0.626535 -3.950627
-0.568374 -3.959413
0.520253 -3.966023
-3.375374 -2.146357
1.364338 -3.760131
1.729576 -3.606739
-0.000941 -4.000000
-1.086254 -3.849682
-1.714154 -3.614094
0.516780 -3.966477
1.103921 -3.844653
0.189078 -3.995529
-0.954490 -3.884450
0.817642 -3.915541
-1.777866 -3.583182
0.330169 -3.986350
-0.776230 -3.923961
1.867976 -3.537042
-2.389957 -3.207508
-0.123805 -3.998084
-3.319867 -2.231251
1.780694 -3.581777
-3.999712 -0.047990
1.890927 -3.524826
1.653755 -3.642128
-2.540155 -3.089921
1.500978 -3.707704
2.450136 -3.161777
0.536895 -3.963804
-3.591117 -1.761784
3.931627 -0.736417
1.069295 -3.854427
2.753302 -2.901608
1.806094 -3.569037
2.433857 -3.174326
-2.756517 -2.898554
2.015718 -3.454979
-1.198196 -3.816324
3.953177 -0.610240
1.272573 -3.792171
1.851763 -3.545557
0.370241 -3.982828
-2.589995 -3.048266
3.949617 -0.632872
1.378773 -3.754861
2.077478 -3.418199
-2.076095 -3.419039
1.485158 -3.714068
1.604768 -3.663976
-0.288845 -3.989557
-0.254983 -3.991865
-2.659866 -2.987493
-2.091279 -3.409773
0.870146 -3.904209
1.785500 -3.579384
0.320225 -3.987161
0.907776 -3.895631
0.305722 -3.988300
-0.917923 -3.893253
2.178343 -3.354821
-0.333011 -3.986114
2.001243 -3.463384
1.702919 -3.619401
2.201663 -3.339563
3.569026 -1.806116
1.597281 -3.667246
-2.312164 -3.264031
3.729492 -1.445990
-2.028070 -3.447743
1.132373 -3.836370
-0.585126 -3.956972
0.515452 -3.966650
1.451495 -3.727353
-0.429615 -3.976862
-2.659984 -2.987388
3.163604 -2.447776
2.246950 -3.309262
-2.597913 -3.041521
1.516854 -3.701237
-3.465386 -1.997774
2.489803 -3.130636
1.848147 -3.547443
-2.910515 -2.743885
0.733138 -3.932240
-2.719773 -2.933059
0.056812 -3.999597
3.978176 -0.417272
0.923531 -3.891926
1.590365 -3.670251
1.030698 -3.864927
0.440375 -3.975685
-2.637338 -3.007399
2.335682 -3.247243
-3.165892 -2.444816
-0.123445 -3.998095
-3.233688 -2.354414
3.640568 -1.657186
0.019517 -3.999952
2.599238 -3.040388
-2.910653 -2.743738
1.883329 -3.528891
1.945122 -3.495211
-3.828329 -1.159266
-2.451828 -3.160465
1.490565 -3.711902
0.221016 -3.993889
1.783484 -3.580389
1.467628 -3.721031
1.153018 -3.830215
2.074979 -3.419717
1.378159 -3.755087
0.706007 -3.937201
3.990390 -0.277099
-2.375102 -3.218523
3.978159 -0.417434
0.532293 -3.964425
3.568274 -1.807600
0.838394 -3.911150
-3.381593 -2.136546
0.700365 -3.938209
2.647440 -2.998510
0.780452 -3.923123
-2.913852 -2.740341
0.880366 -3.901917
-0.264773 -3.991227
-2.844460 -2.812303
0.253606 -3.991952
1.325032 -3.774161
-2.682200 -2.967458
2.331687 -3.250113
0.658221 -3.945471
1.572081 -3.678119
0.621645 -3.951399
0.408661 -3.979070
0.594129 -3.955630
2.493327 -3.127830
2.235439 -3.317048
0.845003 -3.909728
0.497987 -3.968880
2.533576 -3.095318
2.211771 -3.332877
2.699909 -2.951354
1.267496 -3.793871
-2.521010 -3.105561
2.272557 -3.291729
0.098091 -3.998797
1.000938 -3.872741
0.632186 -3.949727
-3.754969 -1.378480
3.790383 -1.277887
1.876777 -3.532380
3.269381 -2.304593
0.849131 -3.908833
1.540186 -3.691589
2.362828 -3.227544
0.636395 -3.949051
1.193739 -3.817720
1.246112 -3.800948
3.325578 -2.222731
-2.912332 -2.741956
-1.793176 -3.575545
0.469580 -3.972341
-3.736493 -1.427802
2.532634 -3.096089
-3.224746 -2.366646
0.694193 -3.939301
1.928501 -3.504409
0.788916 -3.921430
-2.181206 -3.352960
0.613779 -3.952629
1.413774 -3.741823
0.683616 -3.941151
3.489282 -1.955737
1.071535 -3.853805
-2.740131 -2.914049
1.025805 -3.866229
1.757407 -3.593261
-2.085998 -3.413007
-3.476615 -1.978168
-0.380411 -3.981870
3.996027 0.178239
3.978159 -0.417434
1.530507 -3.695612
3.969646 -0.491845
2.038327 -3.441689
0.550014 -3.962005
1.147289 -3.831935
2.451359 -3.160829
1.836244 -3.553619
0.889135 -3.899928
1.464588 -3.722228
1.174598 -3.823653
-0.318509 -3.987299
3.422750 -2.069972
-3.012774 -2.631196
-0.532017 -3.964462
3.517110 -1.905239
-3.307078 -2.250163
1.585316 -3.672434
0.981104 -3.877813
2.635530 -3.008984
2.214750 -3.330898
-3.342660 -2.196958
-2.829638 -2.827216
0.986876 -3.876348
1.768120 -3.588001
-0.788225 -3.921569
0.876117 -3.902873
1.929271 -3.503985
-0.009645 -3.999988
1.854754 -3.543993
3.353499 -2.180378
0.713823 -3.935792
1.817882 -3.563047
-2.183333 -3.351575
0.950895 -3.885331
-3.813027 -1.208647
-0.403272 -3.979620
-2.880643 -2.775229
-0.247502 -3.992335
0.771309 -3.924931
0.520690 -3.965965
-0.754060 -3.928281
-0.409276 -3.979007
3.975683 0.440392
2.777468 -2.878484
-3.075458 -2.557647
1.078702 -3.851805
-0.000019 -4.000000
-1.419239 -3.739754
2.165340 -3.363228
3.999994 -0.007166
3.396391 -2.112944
0.399937 -3.979956
-0.606811 -3.953705
2.912607 -2.741664
-1.081482 -3.851025
-2.689338 -2.960990
2.070796 -3.422251
0.950188 -3.885504
-1.988537 -3.470694
0.377851 -3.982114
0.936508 -3.888824
2.425753 -3.180523
-1.789329 -3.577471
-2.035705 -3.443241
0.792507 -3.920706
0.470112 -3.972278
1.141711 -3.833601
-0.015353 -3.999971
1.971961 -3.480139
2.210164 -3.333943
2.268061 -3.294829
0.955174 -3.884281
-0.732501 -3.932358
-0.088416 -3.999023
-1.889815 -3.525422
0.685399 -3.940841
0.207280 -3.994626
2.514084 -3.111170
1.921236 -3.508397
2.259478 -3.300721
2.361326 -3.228643
1.478948 -3.716546
3.671661 -1.587106
1.674574 -3.632603
-2.843632 -2.813140
2.119370 -3.392384
2.378688 -3.215874
-0.595504 -3.955423
2.886540 -2.769095
-3.552085 -1.839210
-1.784877 -3.579695
3.404031 -2.100612
0.143385 -3.997429
1.068999 -3.854509
2.466950 -3.148676
2.860374 -2.796115
-0.350752 -3.984592
0.895613 -3.898446
0.749097 -3.929231
1.381121 -3.753999
2.902330 -2.752541
-1.263924 -3.795062
-1.795677 -3.574290
0.153860 -3.997040
-0.910771 -3.894932
3.739485 -1.419947
2.637194 -3.007525
1.465707 -3.721788
-0.703869 -3.937584
1.079410 -3.851607
2.196092 -3.343229
-0.342390 -3.985319
0.829342 -3.913080
1.637848 -3.649309
3.702190 -1.514525
1.738864 -3.602270
-0.146038 -3.997333
1.573185 -3.677647
-0.428540 -3.976978
-0.385455 -3.981385
-1.055821 -3.858140
0.904973 -3.896283
-3.595370 -1.753086
-0.294571 -3.989139
-1.329882 -3.772455
2.233042 -3.318663
-2.127666 -3.387187
-1.533303 -3.694453
-1.565560 -3.680900
0.676372 -3.942400
2.626030 -3.017278
0.029780 -3.999889
-1.330576 -3.772210
-1.124269 -3.838752
-0.080231 -3.999195
3.066206 -2.568732
1.139325 -3.834311
0.535517 -3.963991
2.303710 -3.270003
1.369732 -3.758169
0.172242 -3.996290
-1.006967 -3.871178
0.502325 -3.968333
1.552317 -3.686504
-0.958682 -3.883417
-0.876733 -3.902735
2.251942 -3.305867
1.266666 -3.794148
3.228819 -2.361087
0.523855 -3.965549
2.376722 -3.217327
1.057773 -3.857605
3.349195 -2.186982
3.744610 -1.406378
0.870232 -3.904190
2.975540 -2.673230
1.619672 -3.657412
3.123384 -2.498895
1.296730 -3.783978
0.443086 -3.975384
1.066315 -3.855253
3.663400 -1.606083
3.228419 -2.361633
-0.728106 -3.933175
0.219048 -3.993998
-0.711883 -3.936143
1.446195 -3.729413
0.422100 -3.977667
-0.813020 -3.916503
1.447388 -3.728950
-0.358765 -3.983878
-0.607298 -3.953630
2.433174 -3.174848
1.945350 -3.495084
-0.055193 -3.999619
-1.009160 -3.870607
0.201504 -3.994921
0.831611 -3.912598
0.517740 -3.966352
2.523917 -3.103199
-0.723008 -3.934115
0.395125 -3.980437
-0.524979 -3.965400
0.930792 -3.890196
-1.620390 -3.657094
-0.119484 -3.998215
3.462305 -2.003108
-1.154141 -3.829877
-1.760323 -3.591833
-1.153788 -3.829983
1.023121 -3.866940
1.110418 -3.842782
0.120726 -3.998178
0.984342 -3.876992
-0.526140 -3.965246
2.121865 -3.390824
2.065731 -3.425311
2.317748 -3.260068
2.537490 -3.092110
3.021533 -2.621133
-0.693394 -3.939442
3.238853 -2.347303
0.933250 -3.889607
-0.647476 -3.947249
3.220620 -2.372257
2.121979 -3.390753
-0.814273 -3.916243
2.418792 -3.185819
-0.190745 -3.995449
-1.632880 -3.651534
2.682702 -2.967004
-2.797574 -2.858947
-0.234419 -3.993125
-0.117714 -3.998268
2.097050 -3.406227
3.659863 -1.614127
2.122133 -3.390656
-1.639227 -3.648689
1.647817 -3.644818
-0.142465 -3.997462
0.157001 -3.996918
-1.805089 -3.569545
-0.326260 -3.986672
2.333958 -3.248483
1.551438 -3.686874
-0.290410 -3.989444
1.950786 -3.492053
1.461017 -3.723631
2.206331 -3.336481
1.589111 -3.670794
0.965502 -3.881727
1.473966 -3.718525
0.781993 -3.922816
0.121126 -3.998166
1.429081 -3.736004
-0.160520 -3.996778
-1.250073 -3.799647
1.422835 -3.738387
-3.983308 0.365048
-1.736269 -3.603522
-1.476481 -3.717526
-2.644402 -3.001190
-3.684922 -1.556068
-0.145661 -3.997347
-2.617485 -3.024694
-0.988554 -3.875921
-0.394759 -3.980473
-0.327777 -3.986548
-2.080352 -3.416451
1.232425 -3.805408
-0.427058 -3.977137
1.848413 -3.547305
-1.035752 -3.863576
-0.608869 -3.953388
-0.479795 -3.971120
-1.405184 -3.745058
1.072314 -3.853588
-0.610528 -3.953132
0.605626 -3.953886
1.385143 -3.752517
-3.299781 -2.260851
-1.988291 -3.470835
2.324296 -3.255403
-3.438299 -2.044040
2.564990 -3.069337
0.174662 -3.996185
-1.867278 -3.537411
-1.756672 -3.593620
3.494048 -1.947210
3.216228 -2.378209
3.109621 -2.516001
-3.306568 -2.250913
2.320097 -3.258397
0.189368 -3.995515
0.533372 -3.964280
0.837989 -3.911237
-0.774671 -3.924269
-2.031584 -3.445674
1.289439 -3.786469
-1.773724 -3.585234
-3.999094 -0.085142
-0.012832 -3.999979
1.568359 -3.679708
1.041966 -3.861905
1.730109 -3.606484
2.764619 -2.890827
-3.876907 -0.984677
0.442865 -3.975408
1.371303 -3.757596
3.722636 -1.463551
2.687978 -2.962224
-1.703118 -3.619308
2.688212 -2.962012
-2.549891 -3.081892
-3.035159 -2.605342
-0.577095 -3.958151
0.826545 -3.913671
-3.968649 0.499821
2.164481 -3.363781
1.288017 -3.786953
1.892060 -3.524218
0.011481 -3.999984
-3.582939 -1.778355
-0.761768 -3.926794
1.042695 -3.861708
1.274683 -3.791462
1.431720 -3.734994
1.264323 -3.794929
2.582476 -3.054639
1.142769 -3.833286
2.047959 -3.435966
2.061098 -3.428101
2.951971 -2.699234
-0.931268 -3.890082
0.658466 -3.945431
-1.533302 -3.694453
1.724430 -3.609202
0.863629 -3.905656
0.297371 -3.988931
1.400555 -3.746791
-1.883923 -3.528574
-2.571647 -3.063761
0.606130 -3.953809
-3.027156 -2.614637
1.348316 -3.765906
-0.957125 -3.883801
-0.996793 -3.873810
-2.760635 -2.894632
0.085416 -3.999088
-2.788504 -2.867795
-2.437480 -3.171544
0.932886 -3.889695
-3.052973 -2.584444
-3.371812 -2.151950
-0.741147 -3.930738
3.062980 -2.572577
1.366919 -3.759193
-0.450701 -3.974527
1.826296 -3.558742
-1.775569 -3.584321
-1.997812 -3.465364
0.519239 -3.966156
-2.058159 -3.429866
2.828935 -2.827919
0.069814 -3.999391
1.107537 -3.843613
-3.567852 -1.808434
0.261620 -3.991435
2.489025 -3.131254
-2.813737 -2.843041
-3.989580 0.288540
-1.912291 -3.513281
-0.407286 -3.979211
-0.189936 -3.995488
0.768953 -3.925393
2.704887 -2.946792
-3.989578 0.288560
-1.397036 -3.748105
0.345787 -3.985026
-2.127112 -3.387535
-0.986722 -3.876387
0.471036 -3.972169
2.980561 -2.667631
-1.902796 -3.518433
-3.363451 -2.164993
-3.251869 -2.329238
2.019288 -3.452894
1.425415 -3.737404
1.125163 -3.838490
1.765737 -3.589174
3.323019 -2.226555
-3.041347 -2.598116
1.589570 -3.670595
0.861452 -3.906136
3.010570 -2.633717
-2.401006 -3.199245
-1.962562 -3.485448
3.782117 -1.302150
3.110757 -2.514596
-2.001769 -3.463080
3.739688 -1.419414
-0.367920 -3.983043
-0.663072 -3.944659
-1.000108 -3.872955
-3.437827 -2.044835
1.076082 -3.852538
-3.946925 0.649447
2.610584 -3.030652
-2.617470 -3.024707
2.835873 -2.820962
-0.151139 -3.997144
-0.956877 -3.883862
-0.550953 -3.961875
-0.364023 -3.983401
1.354027 -3.763856
-3.712293 -1.489590
-2.538041 -3.091657
-1.035255 -3.863709
-3.476022 -1.979209
-3.120302 -2.502742
1.611152 -3.661173
0.827057 -3.913563
-0.385403 -3.981390
-3.707360 -1.501827
-1.794307 -3.574977
-0.822825 -3.914455
2.678911 -2.970427
2.900730 -2.754227
-0.328022 -3.986528
1.015906 -3.868841
0.678288 -3.942071
-0.957419 -3.883729
-2.677412 -2.971778
2.923584 -2.729956
2.039957 -3.440723
-0.314758 -3.987597
1.566851 -3.680350
-0.714898 -3.935597
-3.558922 -1.825944
-0.213624 -3.994292
1.075013 -3.852836
-3.472046 -1.986177
1.345888 -3.766774
-1.247542 -3.800479
-3.569259 -1.805655
1.730526 -3.606283
2.324815 -3.255032
-3.999697 0.049195
0.786949 -3.921825
-3.999492 0.063772
2.457107 -3.156363
1.126317 -3.838152
-2.003380 -3.462148
-2.370104 -3.222205
-1.149527 -3.831265
-1.300115 -3.782817
-2.744607 -2.909834
