-0.520383 -3.966006
2.468415 -3.147527
2.082856 -3.414925
0.153221 -3.997064
0.353437 -3.984355
-0.015765 -3.999969
0.203578 -3.994816
-1.005444 -3.871574
2.441978 -3.168082
-1.972341 -3.479924
0.163310 -3.996665
1.892083 -3.524205
-1.707632 -3.617180
-0.878960 -3.902234
2.499387 -3.122990
2.090776 -3.410081
0.853119 -3.907965
3.153788 -2.460411
-0.827588 -3.913451
-1.463097 -3.722814
1.775356 -3.584426
0.348174 -3.984818
2.031380 -3.445794
2.374152 -3.219224
1.839626 -3.551869
-0.661700 -3.944890
0.770742 -3.925042
0.810564 -3.917012
1.266814 -3.794098
-1.462126 -3.723196
0.180591 -3.995921
0.342357 -3.985322
1.482290 -3.715214
2.754478 -2.900492
1.076732 -3.852356
0.077094 -3.999257
0.020175 -3.999949
-0.319875 -3.987189
0.514552 -3.966766
-0.298281 -3.988863
0.721025 -3.934479
0.503745 -3.968153
3.099028 -2.529037
1.386042 -3.752184
2.562168 -3.071692
-0.969837 -3.880646
-0.674967 -3.942641
0.655608 -3.945907
1.339838 -3.768930
-0.110618 -3.998470
-0.570775 -3.959068
-0.856114 -3.907310
-0.362933 -3.983501
-2.107474 -3.399788
-0.216589 -3.994132
-3.498415 -1.939353
1.049753 -3.859795
2.442211 -3.167902
0.015041 -3.999972
0.079950 -3.999201
1.081311 -3.851074
-1.521650 -3.699267
0.385279 -3.981402
2.678327 -2.970953
0.156821 -3.996925
0.620750 -3.951540
1.570612 -3.678747
0.702697 -3.937793
2.563538 -3.070549
-0.499682 -3.968667
-0.760271 -3.927084
1.608605 -3.662293
0.885290 -3.900803
0.236639 -3.992994
1.328264 -3.773024
0.943223 -3.887201
-1.819591 -3.562175
-0.856063 -3.907321
0.042686 -3.999772
-1.122661 -3.839223
0.591959 -3.955956
-1.521260 -3.699428
1.489360 -3.712386
-0.102113 -3.998696
1.897779 -3.521141
-1.567992 -3.679864
0.083962 -3.999119
0.293449 -3.989221
2.483057 -3.135989
1.208904 -3.812945
-0.964138 -3.882066
0.042397 -3.999775
0.111011 -3.998459
0.775812 -3.924043
2.354070 -3.233938
-1.028576 -3.865492
0.373634 -3.982511
-1.166221 -3.826216
0.016906 -3.999964
-0.066096 -3.999454
0.768132 -3.925554
0.205736 -3.994706
-0.803637 -3.918440
-0.852391 -3.908124
-0.082690 -3.999145
-1.770458 -3.586848
0.564329 -3.959992
-1.098585 -3.846181
-1.047774 -3.860333
-0.282462 -3.990014
2.153386 -3.370894
-1.190453 -3.818746
0.961291 -3.882772
-0.346851 -3.984933
-1.182226 -3.821301
0.844158 -3.909910
1.677008 -3.631480
0.416319 -3.978276
2.600215 -3.039553
-1.700404 -3.620584
1.065172 -3.855568
0.521497 -3.965859
2.558541 -3.074714
-2.247710 -3.308746
-0.399130 -3.980037
-0.695803 -3.939017
0.421201 -3.977762
-0.853950 -3.907783
1.449358 -3.728185
0.370444 -3.982809
0.077842 -3.999242
1.703915 -3.618933
-0.859608 -3.906543
0.495354 -3.969210
0.530239 -3.964700
0.742077 -3.930562
0.513147 -3.966949
0.925845 -3.891377
2.256912 -3.302476
-1.383201 -3.753233
0.732681 -3.932325
-0.884021 -3.901091
-1.021815 -3.867285
0.918624 -3.893087
1.180437 -3.821854
-2.713517 -2.938848
3.178007 -2.429047
1.459384 -3.724272
-1.814605 -3.564717
1.951054 -3.491903
-0.557965 -3.960893
1.428910 -3.736070
1.571129 -3.678526
0.248745 -3.992258
-1.118196 -3.840526
-0.385460 -3.981384
1.967813 -3.482487
0.967061 -3.881339
-0.182330 -3.995842
-0.410721 -3.978858
0.289821 -3.989487
0.251648 -3.992076
1.151566 -3.830652
-0.990218 -3.875496
1.213860 -3.811370
1.610332 -3.661534
2.006583 -3.460293
0.888131 -3.900157
-2.160764 -3.366170
-1.202706 -3.814905
1.540366 -3.691513
0.353212 -3.984375
-0.822687 -3.914484
0.149681 -3.997198
1.717060 -3.612714
-1.951988 -3.491381
-1.149590 -3.831246
-0.988019 -3.876057
-1.494476 -3.710329
0.906127 -3.896015
-0.638914 -3.948644
3.108076 -2.517909
1.844878 -3.549144
2.383517 -3.212296
1.108233 -3.843413
3.095030 -2.533928
-1.327355 -3.773344
-0.000941 -4.000000
-0.808837 -3.917369
1.456775 -3.725293
-2.001211 -3.463402
-0.625103 -3.950854
-0.851484 -3.908321
-0.439302 -3.975804
0.196529 -3.995169
-0.452621 -3.974309
-1.220474 -3.809258
0.784491 -3.922317
0.967693 -3.881181
-1.258372 -3.796906
0.189389 -3.995514
0.713918 -3.935775
0.274460 -3.990573
-1.007750 -3.870974
3.400003 -2.107125
1.141042 -3.833800
-3.535439 -1.871009
0.490209 -3.969848
1.728360 -3.607322
1.490421 -3.711960
0.190534 -3.995460
1.332342 -3.771587
1.191852 -3.818310
2.603093 -3.037089
1.324789 -3.774246
0.206180 -3.994683
-1.263775 -3.795112
2.747419 -2.907179
-1.426501 -3.736990
2.070997 -3.422130
0.768514 -3.925479
2.038369 -3.441664
2.272843 -3.291532
-2.395755 -3.203179
1.954496 -3.489978
2.478872 -3.139298
1.613540 -3.660121
-1.561260 -3.682725
3.785176 -1.293229
0.001739 -4.000000
-0.288845 -3.989557
1.681969 -3.629184
-3.325024 -2.223559
0.414755 -3.978439
0.612935 -3.952760
-0.212794 -3.994336
2.169033 -3.360848
-0.027053 -3.999909
1.495332 -3.709984
1.656884 -3.640705
1.235826 -3.804305
0.943176 -3.887212
-0.520682 -3.965967
0.188207 -3.995570
-1.220765 -3.809164
-1.233783 -3.804968
1.073625 -3.853223
-3.193261 -2.408959
1.986430 -3.471901
-1.608180 -3.662480
2.297379 -3.274454
-0.063631 -3.999494
1.100290 -3.845694
2.666081 -2.981948
0.574325 -3.958554
-2.547036 -3.084252
2.412824 -3.190342
1.313887 -3.778055
-3.370575 -2.153885
1.143269 -3.833136
-2.336787 -3.246448
1.288879 -3.786660
0.349918 -3.984665
-1.480314 -3.716002
3.988002 -0.309582
-2.352134 -3.235347
-1.722083 -3.610323
1.892297 -3.524090
1.805591 -3.569292
2.634694 -3.009716
-0.717460 -3.935130
0.997663 -3.873586
-0.482255 -3.970822
-0.123775 -3.998085
-2.100204 -3.404283
1.490267 -3.712022
-1.850339 -3.546300
3.708107 -1.499982
3.210276 -2.386238
0.087409 -3.999045
-2.664115 -2.983704
-0.464656 -3.972920
1.947271 -3.494014
1.255801 -3.797758
-2.181508 -3.352763
2.291334 -3.278687
-0.655295 -3.945958
2.897450 -2.757677
2.779888 -2.876147
-0.116335 -3.998308
2.037846 -3.441974
1.092843 -3.847817
1.198195 -3.816324
1.254130 -3.798310
-3.512593 -1.913554
0.331392 -3.986249
-1.025345 -3.866351
3.489362 -1.955595
-0.330986 -3.986283
0.175315 -3.996156
-0.860034 -3.906449
2.586865 -3.050922
1.619839 -3.657338
-2.913852 -2.740341
2.867929 -2.788366
-0.264773 -3.991227
-3.475415 -1.980275
-1.324983 -3.774178
1.394618 -3.749005
-2.528210 -3.099702
0.910434 -3.895011
1.167578 -3.825802
0.192025 -3.995388
2.086461 -3.412724
2.246804 -3.309361
1.810716 -3.566694
1.246413 -3.800849
-0.335474 -3.985907
3.091655 -2.538045
0.497987 -3.968880
3.017188 -2.626134
2.054723 -3.431926
3.084849 -2.546312
3.091420 -2.538331
-3.141125 -2.476557
1.749775 -3.596983
1.089078 -3.848884
1.418814 -3.739915
-0.970149 -3.880568
-2.612624 -3.028893
2.290692 -3.279136
0.711447 -3.936222
2.381618 -3.213705
-0.215528 -3.994189
1.876868 -3.532331
-1.250723 -3.799433
1.869415 -3.536282
2.127278 -3.387431
0.622671 -3.951238
1.129968 -3.837079
-1.746047 -3.598794
-2.383216 -3.212519
0.469580 -3.972341
-0.283305 -3.989955
2.682027 -2.967613
-1.703628 -3.619068
0.426066 -3.977244
1.835420 -3.554045
2.728483 -2.924958
-1.449719 -3.728045
1.353706 -3.763971
0.994075 -3.874508
2.139792 -3.379540
1.816257 -3.563876
1.034612 -3.863881
-2.965167 -2.684732
2.069022 -3.423324
0.248551 -3.992270
-1.876273 -3.532648
1.703836 -3.618970
0.959072 -3.883321
2.495801 -3.125856
-0.339798 -3.985541
-0.554718 -3.961349
1.378579 -3.754933
1.078098 -3.851974
1.958758 -3.487588
1.781002 -3.581624
0.502336 -3.968332
2.094727 -3.407656
0.889135 -3.899928
2.573580 -3.062138
3.494362 -1.946646
1.212442 -3.811822
2.060874 -3.428235
0.253408 -3.991965
2.135378 -3.382331
1.630475 -3.652609
-2.385509 -3.210817
0.876948 -3.902687
-0.291066 -3.989396
0.046867 -3.999725
0.034492 -3.999851
-1.040083 -3.862412
-1.543414 -3.690240
1.598766 -3.666599
1.618877 -3.657764
1.761959 -3.591031
1.424117 -3.737899
1.534907 -3.693787
2.404744 -3.196436
-0.165732 -3.996565
2.348469 -3.238008
2.587886 -3.050057
1.770109 -3.587020
-3.618919 -1.703944
2.584427 -3.052988
-0.318656 -3.987287
1.150359 -3.831015
-3.466490 -1.995858
3.016663 -2.626737
3.370427 -2.154118
1.719519 -3.611544
0.288348 -3.989593
0.113590 -3.998387
-0.182485 -3.995835
-0.056904 -3.999595
2.134339 -3.382987
-0.902483 -3.896861
1.302367 -3.782042
0.704848 -3.937409
-0.847035 -3.909288
1.489426 -3.712359
-0.223058 -3.993776
2.594331 -3.044577
0.768060 -3.925568
0.355593 -3.984163
-0.037243 -3.999827
0.482548 -3.970787
-0.201857 -3.994903
0.243906 -3.992557
-2.749189 -2.905505
-1.929650 -3.503776
-1.048497 -3.860137
1.289027 -3.786609
-0.470049 -3.972286
-2.504849 -3.118610
-0.304859 -3.988366
-0.377508 -3.982146
-0.834781 -3.911923
-0.215188 -3.994208
-0.134175 -3.997749
-0.434657 -3.976314
1.248638 -3.800119
2.368916 -3.223079
0.266674 -3.991101
-2.504596 -3.118814
-0.396841 -3.980266
1.546589 -3.688911
-0.024686 -3.999924
3.025733 -2.616283
1.942409 -3.496719
1.363774 -3.760335
2.144814 -3.376355
-2.335193 -3.247595
0.125175 -3.998041
3.099557 -2.528388
-0.543474 -3.962908
2.884082 -2.771655
-3.065978 -2.569004
-0.074123 -3.999313
2.870370 -2.785853
-3.552085 -1.839210
-0.594285 -3.955607
2.341045 -3.243379
-0.641086 -3.948292
0.556739 -3.961066
1.074219 -3.853058
1.192270 -3.818179
-0.470436 -3.972240
2.258965 -3.301072
-1.315879 -3.777362
1.674621 -3.632581
2.852046 -2.804609
-0.988760 -3.875868
-1.795677 -3.574290
-0.615352 -3.952384
-2.746581 -2.907971
2.562303 -3.071580
0.725473 -3.933661
1.839347 -3.552014
2.850713 -2.805964
-0.905702 -3.896114
0.478857 -3.971234
0.150952 -3.997151
1.813862 -3.565095
0.116645 -3.998299
2.544823 -3.086078
-2.494753 -3.126693
1.823143 -3.560358
2.471425 -3.145164
2.288854 -3.280418
1.965927 -3.483552
-0.298842 -3.988821
0.904973 -3.896283
0.762801 -3.926593
1.076098 -3.852533
2.183309 -3.351591
0.417278 -3.978175
0.678074 -3.942108
-0.290026 -3.989472
0.234309 -3.993132
-0.155341 -3.996982
-0.276653 -3.990421
1.117935 -3.840602
0.733793 -3.932118
-1.615709 -3.659165
-1.435452 -3.733561
2.474507 -3.142740
-2.572892 -3.062716
0.280910 -3.990124
1.735965 -3.603669
0.368798 -3.982962
-0.278188 -3.990315
1.399488 -3.747190
-0.788662 -3.921481
0.634250 -3.949396
1.058553 -3.857391
0.970880 -3.880386
-1.574771 -3.676968
1.705948 -3.617975
-2.376753 -3.217304
-2.776296 -2.879615
-0.755312 -3.928041
1.174937 -3.823549
0.303812 -3.988446
1.991865 -3.468786
3.200220 -2.399707
-0.309422 -3.988014
2.738478 -2.915602
2.485075 -3.134390
2.297001 -3.274719
0.104158 -3.998644
-1.045146 -3.861045
1.959220 -3.487328
2.045853 -3.437221
-0.307598 -3.988155
-2.669293 -2.979073
-0.405945 -3.979348
0.533962 -3.964200
-2.086575 -3.412653
-0.811246 -3.916871
0.844856 -3.909759
0.020804 -3.999946
-1.767606 -3.588255
3.140653 -2.477155
2.369843 -3.222397
-1.581579 -3.674045
1.042879 -3.861658
1.714956 -3.613714
-0.383678 -3.981556
-0.259312 -3.991586
0.260576 -3.991503
-1.223401 -3.808319
0.395125 -3.980437
3.502021 -1.932834
3.098439 -2.529758
-0.259503 -3.991573
-0.486584 -3.970294
3.071464 -2.562441
2.473852 -3.143255
-2.047591 -3.436185
-0.935914 -3.888967
-1.047421 -3.860429
1.217787 -3.810118
-0.946605 -3.886379
1.147088 -3.831995
-1.247665 -3.800438
0.058438 -3.999573
-1.071815 -3.853727
-0.205104 -3.994738
-1.838484 -3.552461
-0.048630 -3.999704
1.848074 -3.547481
0.630421 -3.950009
-2.435943 -3.172725
-1.585331 -3.672428
-0.126724 -3.997992
2.774304 -2.881533
2.741386 -2.912868
1.179678 -3.822088
0.771906 -3.924814
-2.095532 -3.407161
1.309540 -3.779564
1.055149 -3.858323
-0.234419 -3.993125
0.173822 -3.996221
1.105409 -3.844226
1.694220 -3.623481
-2.209337 -3.334491
-2.884435 -2.771287
-0.726225 -3.933522
1.163386 -3.827079
2.577990 -3.058426
0.577522 -3.958089
-0.736030 -3.931699
-0.589392 -3.956339
1.080291 -3.851360
0.232802 -3.993220
1.926287 -3.505627
-0.075168 -3.999294
-0.683464 -3.941177
2.485034 -3.134422
0.450575 -3.974542
2.873579 -2.782542
2.686162 -2.963871
-2.084271 -3.414061
0.303638 -3.988459
3.708881 -1.498066
-0.224057 -3.993720
2.341919 -3.242748
-3.998654 0.103760
-3.305414 -2.252607
-1.469023 -3.720480
-2.982017 -2.666003
-2.012174 -3.457044
-0.608631 -3.953425
-3.022573 -2.619934
0.602118 -3.954422
2.173112 -3.358212
1.457756 -3.724909
-1.125223 -3.838473
3.271364 -2.301778
2.895299 -2.759935
-0.784594 -3.922297
-2.684614 -2.965274
-0.608869 -3.953388
-1.486396 -3.713574
-1.881990 -3.529605
-0.342121 -3.985342
1.835542 -3.553982
1.858019 -3.542282
-1.377829 -3.755208
-1.710150 -3.615991
-2.585142 -3.052383
-0.658392 -3.945443
-3.501602 -1.933593
2.913533 -2.740680
1.199747 -3.815836
-2.708197 -2.943751
-2.844089 -2.812678
-1.947210 -3.494048
0.159623 -3.996814
-2.088589 -3.411421
-2.950483 -2.700861
0.380065 -3.981903
1.773871 -3.585161
0.318151 -3.987327
0.731028 -3.932632
-2.217455 -3.329098
-3.970387 -0.485829
-0.723027 -3.934111
-3.767330 -1.344332
-3.996324 0.171443
1.110923 -3.842636
-2.501931 -3.120952
-0.541553 -3.963171
-0.234254 -3.993135
-0.968616 -3.880951
-3.914095 0.824538
1.598010 -3.666928
1.350260 -3.765209
0.076295 -3.999272
0.928957 -3.890635
-3.850058 -1.084921
1.662926 -3.637949
-1.495669 -3.709848
-2.539623 -3.090358
-0.607354 -3.953621
1.064792 -3.855674
-3.999937 -0.022467
1.220118 -3.809372
1.288017 -3.786953
1.260480 -3.796207
1.994675 -3.467171
-0.903470 -3.896632
-1.952720 -3.490972
-0.122247 -3.998132
-0.273277 -3.990654
-1.137860 -3.834746
2.620338 -3.022222
1.422159 -3.738645
2.157622 -3.368185
0.055602 -3.999614
-0.059061 -3.999564
1.801664 -3.571275
-3.577412 -1.789449
1.320065 -3.775901
2.470197 -3.146129
0.731267 -3.932588
2.301458 -3.271588
0.723152 -3.934088
1.877627 -3.531928
-2.573173 -3.062480
-2.949547 -2.701883
1.022988 -3.866975
-3.398039 -2.110292
2.387060 -3.209664
-0.366675 -3.983158
-0.168169 -3.996463
-1.934812 -3.500929
2.910485 -2.743917
-2.788504 -2.867795
-3.160203 -2.452166
2.704980 -2.946707
-2.387296 -3.209489
-0.862573 -3.905889
0.819498 -3.915153
3.243745 -2.340538
1.366919 -3.759193
-0.703878 -3.937582
3.360989 -2.168813
-3.790014 -1.278980
-1.868030 -3.537013
1.032484 -3.864450
-2.673382 -2.975404
-0.999435 -3.873129
3.782184 -1.301955
2.196596 -3.342898
-2.594737 -3.044231
-3.007354 -2.637389
0.589932 -3.956258
-2.598502 -3.041017
-3.989578 0.288558
-1.759756 -3.592111
-0.591319 -3.956051
-2.945677 -2.706101
1.758718 -3.592619
-0.623199 -3.951155
-3.989578 0.288560
0.873585 -3.903441
0.717231 -3.935172
-1.666753 -3.636198
-2.485110 -3.134363
-1.483243 -3.714834
0.363886 -3.983414
0.622040 -3.951337
-2.744008 -2.910399
-2.920022 -2.733765
1.578600 -3.675326
2.190019 -3.347210
2.374344 -3.219082
2.643088 -3.002347
2.218003 -3.328733
-2.952376 -2.698792
0.210077 -3.994480
2.325352 -3.254649
0.586936 -3.956704
-2.798050 -2.858481
-1.962562 -3.485448
1.348261 -3.765925
2.135113 -3.382498
-1.037250 -3.863174
2.767949 -2.887639
1.184331 -3.820649
-1.093215 -3.847711
-1.968425 -3.482140
-2.277587 -3.288251
0.226869 -3.993561
-3.840290 -1.119007
0.226171 -3.993601
-3.277176 -2.293495
0.448671 -3.974757
2.500485 -3.122111
1.258878 -3.796739
-1.034797 -3.863832
2.136142 -3.381848
-0.189408 -3.995513
-1.717879 -3.612325
-3.415596 -2.081755
1.483117 -3.714884
-1.552848 -3.686280
-2.271739 -3.292294
2.503834 -3.119425
3.932162 -0.733555
-0.901781 -3.897023
-1.780013 -3.582116
-2.042043 -3.439485
-2.669815 -2.978605
1.146397 -3.832202
3.833650 -1.141547
-0.559482 -3.960679
2.105040 -3.401295
3.031561 -2.609528
-0.576134 -3.958291
-2.789750 -2.866583
1.146222 -3.832255
-0.476173 -3.971556
-0.459606 -3.973508
-0.215478 -3.994192
-0.666579 -3.944068
-3.896724 -0.903074
2.702250 -2.949211
-0.004471 -3.999998
-2.486354 -3.133376
1.345888 -3.766774
-2.329510 -3.251674
-3.774409 -1.324326
-0.826253 -3.913733
-0.210973 -3.994432
-3.987089 0.321119
1.595340 -3.668091
-3.999598 0.056726
1.419417 -3.739687
3.887096 -0.943657
-0.495248 -3.969223
-2.547045 -3.084244
-0.688363 -3.940324
-2.598759 -3.040798
-2.320034 -3.258441
