0.827605
0.523289
1.808175
1.166011
0.621732
1.494842
1.089229
1.673778
1.023659
0.398346
1.440754
0.387333
1.987684
1.005836
1.582968
0.855132
0.986693
1.595471
1.861697
1.732164
1.992707
1.677530
1.076284
2.533735
1.574266
0.227850
1.639766
1.269834
1.617467
2.553924
-0.136552
2.737312
2.626979
2.431146
2.506514
0.568296
2.319981
2.677710
1.034132
0.997253
0.715418
2.567319
0.738055
1.133926
2.816566
1.366672
0.756114
1.039567
1.173793
2.608003
0.599355
0.906588
0.988891
2.651108
2.604543
0.710346
2.593469
2.682270
2.755202
2.798382
-2.182506
-1.343898
-1.473051
1.867997
-1.110320
-1.847314
-2.830639
-2.643191
1.679098
1.391730
-1.691253
-2.566497
-1.921101
-1.432274
-1.610472
1.610603
1.569148
-2.825046
1.694739
-1.603392
1.569740
-2.777646
-2.127034
1.838780
-2.828910
-1.868823
-1.933975
-1.902028
-2.891186
1.607763
1.448655
2.071184
1.255423
0.949104
1.289422
1.227782
1.767619
2.337391
1.461347
2.282188
1.516426
0.990057
0.982559
1.605219
2.220171
1.117186
1.048985
1.557914
1.806418
1.449738
1.213193
2.190050
1.117203
1.333471
1.316346
2.177930
1.084506
1.341568
1.794426
2.369825
