1.844971
2.384912
1.898573
1.979240
2.208833
2.062615
1.995224
2.001110
1.931212
2.370866
1.861439
2.393370
2.004434
1.951311
1.938451
2.266519
2.326992
1.930806
1.744746
2.009989
1.963604
1.945709
1.913807
1.908811
2.114618
2.308886
1.925419
2.026791
1.989093
2.059512
2.390790
2.297803
3.014561
2.223534
2.311108
-0.170823
2.026284
1.949606
1.601123
2.451259
2.542729
2.263853
-0.144457
2.373066
1.607490
-0.043941
2.620765
1.039567
2.505976
2.428817
2.478106
2.487980
0.018172
2.445304
2.647992
2.460216
2.468839
2.391069
2.298390
2.668770
1.305920
-1.810556
-2.000013
1.339664
-2.186779
-2.389459
-2.546671
-2.406045
1.282558
1.271839
-2.090676
-2.394839
-2.172744
-2.408997
-2.298206
1.380484
1.150941
-2.290651
1.171302
-2.404204
1.281685
-2.588481
-2.256934
1.302815
-2.289671
1.457182
-2.604553
-2.332247
-2.544025
-2.395285
0.859069
2.036845
1.850887
0.784285
1.065031
1.225755
2.024390
2.131011
1.758896
1.700490
1.268090
1.344531
1.471472
1.833472
1.816927
1.117186
1.048985
1.410796
1.720678
1.185701
1.164644
1.953871
1.119887
1.078021
1.020017
2.110804
1.060712
1.376470
1.851176
1.652844
