3.043909
-2.986905
1.473057
1.754494
-0.078507
0.999534
1.247389
0.891273
1.447458
-0.193221
1.430954
-0.116880
1.509603
1.651659
1.152420
1.385796
1.349931
1.226431
1.697631
1.093052
1.399415
1.025427
1.557375
-3.049282
1.144845
-2.676771
1.586493
0.996823
1.315017
-2.851465
-0.085502
-2.825473
-2.816062
-2.768922
2.952835
-0.338668
0.533576
3.190589
0.006765
-2.796759
0.647022
-2.777404
-0.125443
-2.897847
-3.065267
-0.581250
0.055585
1.039567
0.108443
-2.884108
0.046081
-0.247768
0.988891
-2.917379
-2.702210
-0.210972
-2.692102
-2.999539
2.937731
3.148452
-2.236006
-2.453716
-2.505499
1.529344
-2.815901
-2.338619
-1.910205
-2.124376
1.364436
1.167640
-2.435855
-2.138009
-2.514682
-2.317945
-2.624500
1.173770
1.051232
-1.812070
1.423412
-2.324089
1.511862
-1.767008
-2.852749
1.789761
-2.133891
-2.527694
-2.784823
-2.247758
1.835280
1.463885
1.992569
2.071184
1.676341
1.093355
1.229709
0.930474
2.257907
1.937255
1.925796
1.864788
1.561751
1.055507
1.048009
1.605219
2.071525
1.117186
1.048985
1.839689
1.396012
1.850931
1.085589
2.027085
1.117186
1.107586
1.787376
2.030774
1.018707
1.018717
1.664541
1.984684
