2.286830
2.662431
2.331920
2.199157
0.112306
2.316920
2.277764
2.873077
2.454247
0.207075
2.808371
0.313201
2.631743
2.711688
1.971430
2.111265
2.339626
2.515538
2.471976
2.184226
2.614975
1.969260
2.112578
2.212984
2.162552
2.364926
1.912735
1.961735
2.406447
2.043662
-0.020052
-1.651490
-1.389695
-2.205050
-1.488475
1.006514
-1.906993
-1.501970
-0.075052
-1.515896
-1.158939
-1.802101
-0.521479
2.233915
-1.799168
0.018244
-0.268207
1.039567
-0.349706
-1.793534
-0.084777
-0.441219
0.988891
-1.630335
2.336411
-0.295892
-0.968441
-0.813230
-1.830969
-0.851329
1.559965
0.940074
1.471714
1.113231
1.635604
1.397286
1.443432
1.820368
1.152412
1.426421
1.296017
1.021189
0.735082
1.102393
1.647269
1.217186
1.237061
1.301087
1.775235
1.685354
1.069424
1.263205
1.542550
1.170092
0.898196
1.372836
1.474069
1.471906
1.830013
1.035396
1.569511
2.071184
1.606912
0.937456
1.979974
1.076877
1.944132
1.916927
1.574053
2.258010
1.721361
1.095388
1.795794
1.605219
2.294940
1.117186
1.048985
1.611488
1.606133
1.795003
1.223499
2.146445
1.117186
1.243459
1.455638
2.232573
1.128808
1.176958
1.722685
1.722885
