1.460650
0.757481
0.468042
0.678500
-0.086987
0.733678
0.849692
0.918584
0.835547
-0.040421
0.662488
-0.052212
0.592892
0.488367
0.795193
0.585881
0.807491
0.587558
0.861866
0.891485
0.653697
0.337606
0.586186
0.704158
0.746663
1.510196
-0.076310
0.337213
0.713333
0.680505
0.575809
1.034145
1.583954
0.712611
0.931343
-0.104849
0.535658
0.460815
-0.336063
-0.050686
-0.464023
-0.367360
-0.173636
0.688036
-0.059455
0.966523
-0.022925
-0.711772
-0.347505
0.484360
-0.059367
0.187996
1.246135
-0.220364
-0.345480
0.276406
0.502325
-0.399572
-0.370945
0.043164
0.449393
2.142696
1.874897
1.303127
1.612091
0.307761
2.152489
1.762696
1.977552
2.015351
0.554726
1.617615
1.838398
1.880128
1.530290
2.210739
1.919702
1.812109
1.883512
1.852278
2.203055
2.128315
0.370403
2.410249
2.317351
1.923155
1.896860
1.978423
1.654270
1.978760
1.458910
1.581634
1.605218
1.875912
-2.923760
1.432183
1.625908
1.223043
-2.940115
1.745852
2.181419
2.360195
2.034884
1.605219
1.605262
2.119975
1.729884
1.605218
1.605219
-2.914894
-2.966743
1.357409
1.637679
3.026427
-3.124335
1.605225
-3.090572
1.762772
2.300023
2.623031
