-0.611685
1.305101
1.474447
-0.845142
0.999676
-0.379689
-0.873861
-0.549190
1.474751
1.460938
1.454073
1.271120
1.946516
-1.099168
-0.721530
1.778864
-0.485238
1.566295
-1.074278
-0.521468
-1.143867
-0.979489
1.518686
-0.951263
1.932205
1.392493
1.529807
-0.902298
1.270551
-0.237095
1.412523
2.169069
1.467770
1.600569
1.586675
2.070698
1.637021
1.637584
2.101301
1.774073
1.642915
-0.934105
-0.684217
1.612844
1.549493
-1.287641
1.811015
1.039567
1.249297
1.908601
1.437435
1.478836
1.878947
2.091030
1.987748
1.764298
1.677607
1.705977
2.291092
2.143493
-0.445948
-2.194325
-2.372080
-0.586572
-2.464647
-2.313847
-2.682067
-2.219261
-0.763768
2.905976
-2.035325
-2.984651
-1.596486
-1.963785
-2.945619
0.529636
2.880306
-2.843343
-0.277564
-0.730646
-0.826813
-3.068215
-2.367815
-0.864309
-0.896654
-0.757820
-1.128189
-2.616237
-0.448430
-2.777237
-0.323395
1.653714
-0.145725
0.937429
0.804908
1.294299
-0.192444
1.502674
-0.406520
-0.153309
0.402426
1.023997
0.713456
1.482418
1.431372
1.117186
0.983535
-0.617470
0.082685
-0.439672
1.191760
1.706259
1.293344
1.106361
-0.494116
1.740728
1.352305
0.888369
-0.202459
-0.290800
