-2.389547
-2.986905
1.777337
1.623595
-0.149183
1.470406
1.247389
1.938470
1.316558
-0.260727
1.692754
-0.145469
1.509603
1.258959
1.545119
1.254896
1.913089
1.909476
1.517796
1.713754
1.621646
1.646712
1.819175
-3.060140
1.374084
-2.645963
1.878928
1.167472
1.445917
-2.945389
0.176298
2.930543
-2.685163
-2.768922
-2.920165
-0.073962
0.533576
-3.092596
0.006765
2.962828
0.647022
2.720383
0.267256
-2.945338
3.077086
-0.450351
0.055585
1.039567
-0.284256
-3.022767
-0.608417
0.014032
0.988891
2.671838
2.965931
-0.341872
-2.823002
-2.682892
-2.539981
-2.727578
-2.768533
-2.836534
-2.646042
1.267544
-2.340856
-2.469519
-2.172004
-2.124376
0.840837
1.338602
-2.435855
-2.531378
-2.461958
-2.434008
-2.577354
1.435570
1.592589
-2.330486
1.422054
-2.594938
1.472223
-2.552406
-2.713455
1.527962
-2.447334
-2.500898
-2.523023
-2.417437
1.502764
1.369243
1.901930
2.071184
1.545442
1.093355
0.967910
1.170984
1.976767
1.806356
1.725002
2.135689
1.641337
1.055507
1.048009
1.605219
2.206823
1.117186
1.048985
1.515279
1.905876
1.850931
1.249885
1.896185
1.117186
1.238486
1.506692
2.165811
1.149607
1.018717
1.795441
1.722885
