-0.284436
1.335987
1.794840
-0.845142
0.999676
-1.371148
-0.885882
-0.977646
1.948005
1.483276
1.584252
1.794719
1.959035
-0.569086
-1.245129
1.909763
-0.272036
1.813229
-1.330692
-1.045067
-1.345405
-1.322088
1.900528
-1.204237
1.793787
1.392493
1.752537
-1.241780
1.376679
-0.441934
1.587348
2.169069
1.876468
1.731469
1.775461
1.872601
1.506121
2.161183
2.232201
1.904972
1.792599
-0.923277
-1.076916
1.874644
1.430847
-0.894942
1.549215
1.039567
1.540526
1.646802
1.981630
1.770537
2.271647
2.221930
2.118648
1.895198
1.547747
1.415587
2.160192
2.463709
-0.576848
-2.491891
-3.026579
0.160347
-2.857346
-2.575646
-1.885168
-1.695662
-0.364795
2.891729
-1.528130
-2.722852
-1.473476
-2.356484
-1.767522
-0.255762
2.880306
-2.712444
-0.051886
-0.992445
-0.041415
-2.448676
-2.236915
-0.567172
-1.027554
-0.528000
-1.782688
-1.824467
-0.841129
-2.118199
-0.357394
2.046413
0.051966
0.806529
0.803757
1.024651
0.035081
1.914970
-0.146833
-0.284208
0.402426
1.023997
0.844356
1.560489
1.824071
1.117186
0.983535
-0.547020
0.606284
-0.435541
1.381305
1.313560
1.204612
1.237261
0.160383
1.609828
1.352305
1.019269
0.582939
0.625498
