-0.742585
1.641037
1.559533
-0.976524
0.999676
-0.729927
-0.873861
-0.608182
2.017292
1.241816
1.451226
1.271120
1.713425
-1.099168
-0.590630
1.778864
-0.739696
1.530422
-0.608033
-0.740073
-0.988412
-0.891885
1.260259
-0.609910
1.536744
1.611456
1.462313
-0.829644
1.453129
-0.690561
1.412523
2.692668
1.958567
1.469670
1.482152
1.939798
2.029720
1.375784
2.232201
1.774073
1.488370
-0.605963
-0.815117
2.005543
1.680392
-1.156741
1.811015
1.039567
1.270631
1.777702
1.295194
1.616574
3.187944
2.091030
2.242077
1.502499
2.261990
1.836877
2.291092
2.143493
-0.415584
-3.112565
3.148419
-0.979271
-1.941048
-2.706546
-3.008608
-2.350160
-0.240169
2.905976
-3.082523
3.036734
-1.072888
-2.094685
2.944867
0.267837
2.880306
2.785344
-0.850471
-0.468847
-0.303215
-1.759218
-3.022313
-0.506828
-1.271308
-0.580290
-1.782688
-2.962424
-1.561078
-2.972249
-0.626152
1.696345
0.116074
0.937429
0.897041
0.508901
-0.294411
1.704933
0.117079
-0.065165
0.271527
0.893097
0.713456
1.397937
0.907773
1.117186
0.852636
0.429727
0.344484
-0.308773
1.235192
1.540265
1.293344
1.499061
-0.494116
1.349747
1.352305
1.120777
-0.333359
-0.204882
