1.349610
0.355899
0.618511
0.433171
-0.037969
0.602778
0.637000
0.652282
0.366398
0.021005
0.424578
0.063001
0.583371
0.546073
0.271594
0.363381
0.283892
0.456658
0.600066
0.388400
0.655196
0.730305
0.586207
0.472563
0.173635
1.396676
0.075355
0.468113
0.720404
0.569037
1.572677
1.638652
1.191255
0.991830
1.657302
0.210719
0.001809
0.912037
0.187536
-0.050686
0.321375
0.027660
0.041852
0.711094
-0.059455
1.559774
0.470582
-0.005545
0.321946
0.883642
-0.059367
-0.335603
1.638834
0.695934
-0.083680
0.000777
0.534238
0.729032
-0.370945
0.984635
0.458094
1.689573
1.920733
1.530311
1.656835
0.360547
1.380411
1.631797
2.564212
1.491753
0.356866
1.649821
1.767309
1.829896
2.497763
1.687140
1.788802
1.562530
1.676659
1.932717
1.810356
1.692607
0.370403
1.711947
1.854461
1.894108
2.027760
1.454824
1.699848
2.019981
1.781371
1.039406
1.605218
1.335403
2.966727
1.288226
1.625908
1.661110
-2.985593
1.417989
1.722885
0.988587
1.902552
1.605219
1.605268
1.858176
1.991683
1.605218
1.605219
-3.205848
3.097540
1.494310
1.559130
3.178319
3.158850
1.605232
3.159289
1.516177
1.722885
1.722885
