3.008229
1.000868
1.157540
1.019219
-0.127348
1.073373
1.433418
1.049378
1.153839
-0.334019
1.222146
0.052701
0.807766
0.817938
0.839311
0.913660
0.947866
1.074895
1.069331
1.368962
1.040238
0.987977
0.734437
1.222634
0.702084
3.093295
-0.951925
0.767401
0.947190
1.080337
-0.192192
0.286726
-0.097366
1.441919
0.636111
-0.293896
-0.293265
2.025911
-0.294209
-0.293847
0.110945
-0.383959
0.067569
1.799241
-0.820474
1.064124
-0.247390
1.039567
-0.284256
1.887593
-0.368068
0.537141
0.988891
-0.277018
-0.543960
-0.318477
0.275106
0.299418
-1.231017
0.072267
0.756516
0.823427
1.528990
1.039083
1.046555
0.990785
1.670285
0.969520
1.445762
0.278533
0.994344
1.159195
1.344574
1.121325
0.868120
1.266156
1.211891
1.202234
0.899944
1.045612
1.396673
1.527370
1.364925
0.973742
1.200357
0.928499
1.219093
1.029940
0.857525
1.394071
1.443679
1.647066
1.616137
1.264705
1.979974
1.002136
2.168483
1.587332
2.263614
1.905164
1.722755
1.053678
1.795794
1.605219
1.767117
1.117186
1.048985
1.750812
1.605381
1.733461
1.189879
1.546744
1.117186
1.308908
2.321593
1.639051
1.133708
1.057433
1.722866
1.722885
