1.966347
1.179907
-1.696844
-0.341518
1.249777
1.749275
-0.223073
-0.380436
-1.949789
1.523148
1.683309
1.400071
0.969788
1.028538
-0.435248
-1.822126
1.672843
1.062456
1.473910
1.038354
-0.232722
1.801280
1.055137
1.784511
0.047320
1.722689
0.197143
1.803295
1.511341
1.655339
0.103700
-0.138978
0.213438
-1.602751
-0.572185
-0.096384
-1.027719
0.360085
-0.602474
-0.780396
-0.896180
-0.328545
-0.007027
0.797833
-0.188496
0.188882
-1.748870
0.728749
-0.021394
1.746456
-0.690155
-1.065010
0.983041
0.097781
1.648027
-0.876158
-0.662871
1.546833
-0.112405
-0.710962
-3.012930
-1.359596
-2.170954
2.486639
0.771552
0.522705
0.136112
-0.642801
-1.096869
-0.588037
-2.508529
-2.939478
2.733649
-2.837141
-2.203190
2.774734
-0.564262
-2.832389
0.743520
0.696879
2.475852
-2.952505
-2.863266
0.859605
2.538383
0.841512
0.793172
-0.612590
2.389970
-0.561590
2.269431
-3.090131
0.550678
-2.741767
-2.420039
-2.541698
-2.611488
2.292774
3.201186
2.284674
1.042963
-3.133186
1.146887
-2.859112
0.513218
-2.673396
-2.753975
1.229049
0.726960
-2.576371
1.231184
0.411841
0.346813
1.133281
0.743525
3.066870
0.774019
0.806284
0.951297
-2.682582
