-2.455213
-2.268283
1.219582
1.415465
0.292367
1.247775
1.235189
1.329030
1.203015
0.278366
1.794712
0.091963
1.513723
1.358200
0.809498
1.208751
1.489159
1.226431
1.387097
1.528985
1.141859
0.763627
1.164676
-2.633531
1.336036
-2.512991
1.093999
1.645130
1.028419
-2.718293
-0.216402
-2.177697
-2.461336
-2.703183
-3.049657
-0.020424
0.533576
-2.231028
0.137665
1.126779
0.517211
-2.197841
-0.003750
1.133926
-2.550755
0.073248
0.111768
1.039567
0.501142
-2.924356
0.004190
0.672713
0.988891
-1.807396
-1.788673
0.038198
-2.329459
-2.345040
-2.670991
-2.630443
-1.920101
-1.930117
-1.816295
1.660244
-1.932994
-1.868162
-1.517506
-1.600778
1.652350
1.669729
-1.625803
-1.270686
-2.098367
-1.673439
-2.310894
1.435570
1.765497
-1.532705
1.563184
-1.670518
1.638609
-1.374309
-1.936451
1.789761
-1.526049
-1.719799
-1.999425
-1.755886
-2.891186
1.543428
1.255748
2.071184
1.438876
1.093355
0.968795
1.161761
2.356668
2.117985
0.958642
2.138654
1.671205
1.055507
1.048009
1.605219
1.750481
1.117186
1.048985
1.486433
1.694786
0.794802
1.264349
2.157984
1.117187
1.268021
1.746973
1.775708
1.086392
1.018717
1.830610
1.654074
