0.478615
0.600713
-1.057384
1.307395
1.628085
0.388602
-1.108495
1.188416
-0.655164
0.807803
1.797338
0.861357
1.251045
0.335574
0.730061
-0.659536
0.870004
0.872266
1.175014
0.641629
1.066358
1.034348
0.369498
0.450075
1.296229
1.567461
1.595778
0.467244
0.760041
0.412804
1.106215
1.021426
-0.364443
1.205792
-1.310553
0.865002
1.075484
1.347115
-1.862687
0.938683
-1.396130
-1.100714
1.774987
0.670385
0.528532
0.188882
-1.748870
0.902695
0.535387
1.217110
-1.121670
-0.858744
-0.447547
1.390312
1.076326
-1.292589
-1.251400
1.159692
1.088295
0.633512
-2.625800
-2.743271
-2.812807
2.624034
0.212070
2.696269
2.689939
-2.900826
-2.733115
2.750920
-2.953411
-2.996699
2.733649
-2.710509
-2.973761
2.721916
-0.403504
2.992647
-0.049151
-0.023069
2.717285
-2.835971
-2.749744
0.250284
2.628880
0.080565
2.705526
-1.070738
0.879024
2.759736
1.827753
-2.419016
1.100122
2.465307
-2.288258
2.654695
0.564876
2.292774
-2.807121
2.092988
1.512447
-3.133186
1.370836
-2.650781
1.515409
-1.781427
2.285758
1.239227
0.968089
-2.118222
2.602197
2.140269
-0.679547
2.621969
1.610634
-2.762585
2.394782
0.937421
1.047779
0.358967
