-0.808035
1.547591
1.598715
-0.558551
0.999676
-0.799860
-0.731477
-0.869981
0.786855
1.285168
1.785546
0.945759
0.968881
-0.502743
-0.627902
0.569122
-0.835106
0.591865
-0.818827
-1.067322
-0.643281
-0.756461
0.616132
-0.831073
0.663173
1.589474
0.643705
-0.805904
1.577246
-0.806332
0.844670
1.498115
1.500419
1.010247
1.301917
1.725060
1.309772
1.441234
2.558212
1.446823
1.074737
-0.530496
-0.572338
1.814176
1.730882
-0.944424
0.960167
1.039567
0.789797
2.235851
0.870088
0.682994
2.467996
2.941878
2.834205
1.044350
2.177864
2.470195
2.403574
1.881297
0.173976
2.937626
3.021983
-0.128423
-0.589268
3.033382
2.915736
-0.910264
0.087080
2.919495
3.049186
2.971285
-0.055307
-1.112937
2.944867
-1.237510
2.880306
2.803369
-0.058609
-0.647382
-0.087643
-1.170170
2.933623
-0.108523
-0.497830
-0.449141
2.602452
3.051218
-1.102929
3.139126
-0.284549
0.955861
0.312424
0.348380
0.575994
0.801303
-0.134667
0.584377
1.489680
-0.315517
0.336976
1.089447
0.804351
1.278384
1.235022
1.117186
0.852636
-0.068474
0.409934
-0.089532
1.038842
0.730306
1.055284
1.040912
-0.559566
1.276706
1.025055
0.662628
-0.137009
-0.670205
