-0.284436
1.577368
1.771954
-0.517893
0.999676
-1.099637
-0.943585
-0.926960
1.671196
1.395488
1.459344
1.467470
1.924978
-0.519324
-1.245129
1.975213
-0.116916
1.747779
-1.265242
-0.979617
-1.362023
-1.330371
1.835078
-1.190761
1.997655
1.457943
1.876366
-1.240876
1.324402
-0.376484
1.384917
2.103619
1.811018
2.058718
1.712243
1.698542
1.440672
1.964833
2.297651
1.839522
1.858049
-0.914093
-1.011466
1.547394
1.496297
-0.960392
1.745565
1.039567
1.605976
1.581352
1.785280
1.672625
2.206197
2.156480
2.053198
1.829748
1.549049
1.659497
2.225642
2.208943
-0.511398
-2.493921
-2.830229
0.094897
-3.053696
-2.379297
-1.819718
-1.892012
-0.692044
2.892514
-1.503096
-2.526503
-1.735796
-2.421934
-2.094771
-0.255762
2.880306
-3.039693
-0.117336
-0.665196
0.024035
-2.775925
-2.564164
-0.611633
-0.700304
-0.501679
-1.455439
-2.151716
-0.513880
-2.445448
-0.684643
1.719164
-0.275284
0.610179
0.981296
0.967050
0.000155
2.091723
-0.212282
-0.349658
0.206077
0.958547
1.040705
1.581321
1.758621
1.117186
1.048985
-0.219771
0.279034
-0.370092
1.201653
1.640809
1.210528
1.433611
-0.166866
1.544378
1.155955
1.084719
0.386589
0.560048
