-0.641694
1.866061
-0.694920
-0.939389
0.999676
-0.651558
-0.812739
-0.765590
0.446836
2.277019
2.688861
1.960004
0.315130
-0.831242
-0.567177
0.319891
-0.756860
0.337297
-0.618809
-0.815814
-0.719395
-0.607388
0.396549
-0.525058
0.456953
1.913954
0.270946
-0.635352
0.371402
-0.750375
0.077311
0.375698
0.407012
0.063552
-0.570162
0.469231
0.392052
0.435643
0.187740
-0.004250
0.315651
-0.863748
-0.729601
0.445143
0.981673
-1.071657
0.305668
-0.203980
-2.737017
-0.453928
0.003243
0.099922
0.583543
0.572850
0.642734
0.008544
0.954994
0.076070
0.420862
0.280905
-2.607730
-2.882355
3.012203
-0.971157
-0.437800
-3.064216
3.125884
-0.386665
-2.597072
-0.611429
3.049186
2.995071
-0.785286
-0.256128
2.944867
-0.472045
-0.611731
3.055432
-0.790318
-0.849777
-0.393708
-0.287562
-3.029199
-2.619871
-0.705599
-2.586254
3.060601
-1.921586
-0.057980
-0.612205
-0.506188
0.755568
1.291172
0.748893
0.638855
0.685015
-0.177072
2.697523
1.295711
-0.489816
1.434296
0.758829
0.969297
0.698646
1.348861
1.117186
0.656286
-0.232103
1.404258
-0.040343
0.919136
2.720533
0.982210
0.998818
-0.091036
0.941850
0.999389
0.871799
-0.088570
-0.286697
