1.421369
0.911534
0.177366
0.239503
0.376822
0.949334
0.583470
0.803946
0.462047
0.348334
0.695475
0.377231
0.525970
0.867910
0.596338
0.668457
0.679496
0.160412
0.173306
1.133528
0.619399
0.728127
0.322668
0.795211
0.728727
1.409601
0.293530
0.721138
0.761880
1.271768
1.575604
1.633941
1.191255
0.366700
1.847529
0.478012
0.482686
0.454969
0.273462
0.592158
0.563663
0.417271
0.980129
0.157013
0.559422
1.583998
0.516490
1.039567
0.916518
0.112703
0.625970
0.581071
1.638834
0.485558
0.587565
0.673791
0.727986
0.595705
0.189379
0.395586
0.377669
1.890336
1.908961
1.685542
2.472401
0.336003
1.928836
1.586063
2.413029
2.675049
0.349123
2.327235
1.923224
1.722608
2.014350
2.277721
2.065051
1.737755
2.286781
1.561531
2.189345
2.429201
0.370403
1.786865
2.286714
1.113726
2.014075
1.706874
2.267212
2.211096
1.606760
1.516166
1.605176
2.156435
1.167430
1.269006
1.777595
1.519904
2.399620
1.618795
1.722885
2.678209
1.699386
1.605219
1.605960
1.961441
1.843109
1.605228
1.605220
2.322510
1.579577
1.517439
1.704938
1.369045
2.321593
1.605530
1.613349
1.789199
1.722885
1.722885
