1.415281
0.445703
0.343223
0.582053
0.288118
-0.087656
0.163676
0.220361
0.580544
0.256238
-0.317203
0.298799
0.153758
0.225046
0.245235
-0.272792
-0.255652
0.040523
0.340295
0.192260
-0.181231
0.432965
0.520757
0.134586
0.381703
1.441803
0.244985
0.054620
0.113826
0.055758
1.619160
1.623666
1.453055
0.366700
1.612804
0.440484
0.027968
0.468620
0.174709
-0.366212
-0.625057
-0.211324
0.257231
0.569784
-0.124905
1.583998
-0.255417
0.517887
-0.354360
0.397586
0.006082
0.188372
1.377034
-0.340341
0.112669
-0.262642
0.916599
0.663582
-0.064967
0.264686
0.188743
2.675734
2.322628
2.068017
2.471140
0.550372
0.738826
1.838154
2.458276
2.129862
0.377767
2.480146
1.860017
3.162505
1.777815
1.885022
1.854252
1.546812
1.592092
1.973121
1.971980
1.912578
0.370403
1.747435
2.267915
2.087414
2.275875
2.277567
2.313350
2.198447
1.513445
1.516166
1.605211
2.002990
1.510568
1.860969
1.625908
1.517236
2.519339
1.677548
1.722885
2.023711
1.837102
1.605219
1.605406
1.502269
1.892269
1.605215
1.605219
2.471146
1.345275
1.516468
2.074146
1.404787
2.468221
1.605276
1.416945
1.989664
1.722885
1.722885
