1.700901
2.204282
2.438569
2.395507
0.153743
2.513270
2.303475
2.414928
2.388798
0.026874
2.415343
0.041735
2.042694
2.297884
2.298679
2.176715
2.332965
2.450089
2.517367
2.159653
2.680425
2.339213
2.570727
2.209125
2.178088
2.369756
2.538820
2.419884
2.340997
2.404104
0.176298
-2.120354
-2.240543
-1.877801
-2.470223
0.176790
-2.257803
-1.470096
-0.009602
-2.415234
-2.049686
-2.212502
0.329369
2.294397
-2.143074
-0.051725
0.201488
1.039567
-0.022457
-1.861300
-0.019327
0.048509
0.988891
-2.052535
2.336411
0.058626
-2.081088
-1.901167
-2.168852
-1.963976
1.765794
1.515270
1.406264
1.608456
1.046555
2.253531
0.769627
1.754918
1.348762
0.968272
1.542308
1.614512
1.193231
1.288936
1.450920
1.413536
1.171611
1.366537
1.186186
1.096306
1.003974
0.824802
1.683700
1.235542
1.174458
1.569185
1.231999
1.537356
1.240964
1.231745
1.517730
2.071184
1.608877
0.951904
2.176324
1.168283
2.315158
2.307806
1.621460
2.011477
1.721184
1.122530
1.795794
1.605219
1.904810
1.117186
1.048985
1.612074
1.606497
1.795003
1.278359
1.955915
1.117186
1.178009
1.662353
2.232573
1.034042
1.095487
1.722440
1.722885
