0.083551
1.690469
0.967401
2.012254
2.646688
1.409732
1.065627
1.830153
1.333828
2.568877
1.796113
0.791269
1.995480
1.514659
1.474328
1.929310
1.652148
1.374327
1.626292
1.900933
1.449678
1.678762
1.606606
1.755985
1.673748
-0.051467
2.498395
1.781491
1.055014
2.034396
0.609660
0.557612
0.138876
1.441919
0.793558
0.878433
0.765274
1.441727
0.811753
1.081985
1.122794
0.746255
1.537903
1.451976
0.614924
1.102250
1.334819
1.039567
0.501275
1.394361
1.268179
0.419082
0.988891
0.956124
0.465160
1.162614
1.069036
1.342672
0.420729
0.711929
0.251024
1.652127
1.613890
1.684936
1.570773
0.472414
1.552275
1.785995
1.634327
1.726273
0.220584
1.538129
1.334176
1.788058
1.576618
1.819572
1.632781
1.890095
1.786520
1.690279
1.615535
1.548996
0.370403
1.428246
1.894685
1.437383
1.686826
1.612118
1.726147
1.556670
1.613231
1.516166
1.604823
2.548546
1.459687
2.409863
1.482308
1.534981
2.278768
1.618795
1.722884
2.612759
2.548577
1.605219
1.609307
2.615939
2.779046
1.605820
1.605221
2.257060
1.531897
1.524891
2.722581
1.398461
2.387043
1.607975
1.669272
2.509147
1.722885
1.722885
