1.349610
0.617698
0.771792
0.688257
0.041303
0.733678
0.506101
0.525885
0.628198
0.045696
0.793388
0.023475
0.713362
0.488367
0.402494
0.716781
0.545691
0.718458
0.600066
0.546306
0.751412
0.468506
0.586186
0.633292
0.566334
1.255613
0.086481
0.337213
0.535978
0.611018
1.505835
1.535536
1.322155
0.886038
1.377916
-0.118520
0.656308
0.827734
-0.074263
-0.050686
-0.202223
0.033066
-0.363819
0.993421
-0.059455
1.483211
0.470582
-0.835493
-0.033752
0.911882
-0.059367
-0.073804
1.507934
-0.220364
-0.345480
0.262576
0.240525
-0.449065
-0.370945
0.130129
0.580292
1.681063
2.147608
1.695826
1.583826
0.176862
2.341192
1.369997
2.108451
2.800750
0.292926
2.066351
1.838398
2.091695
2.366864
1.818040
1.919702
2.154230
1.435805
2.244977
2.072155
1.954407
0.370403
1.755750
1.723561
1.792256
1.896860
0.800325
1.596713
2.109660
1.458910
1.167083
1.605218
1.347785
-3.185559
1.419913
1.625908
1.661110
-2.999559
1.745852
1.722885
1.119487
1.732720
1.605219
1.605262
1.858176
1.991683
1.605218
1.605219
2.975592
2.710001
1.099422
1.583845
-2.843067
-3.124335
1.605227
3.187476
1.515284
1.722885
1.722885
