1.415072
0.837581
0.387557
0.385819
-0.015793
0.239593
0.375201
-0.133117
0.464298
-0.025257
0.424578
0.220725
0.280967
0.585913
0.320020
0.625180
0.679065
0.431589
0.207367
0.174016
0.430501
0.337606
0.455307
0.105921
0.435435
1.488539
-0.293201
0.362955
0.449247
0.160913
1.636022
1.649678
1.125806
0.366700
1.782106
0.576298
-0.115514
0.293200
0.004817
0.342013
0.190476
0.055033
0.711905
0.630752
0.071445
1.583998
0.257903
0.387154
-0.164131
0.519436
-0.190267
0.598555
1.704284
0.379607
0.047219
-0.130123
1.081876
0.336333
-0.378752
0.330136
0.588993
1.993193
1.658933
1.643339
1.828915
0.229230
2.362658
1.631797
1.909714
1.802613
0.284028
2.476463
1.844225
1.669755
2.105064
1.289448
1.657903
2.217029
1.492202
1.804571
2.034312
1.663390
0.370403
1.711947
1.824261
1.585530
1.635061
1.454824
1.702064
2.123773
1.519572
1.742096
1.605217
1.392675
2.801675
1.536200
1.625908
1.645772
-2.997087
1.679788
1.722885
1.512186
1.902552
1.605219
1.605293
1.858176
1.729884
1.605216
1.605219
2.984266
2.645842
1.688889
1.684679
3.047419
-2.862536
1.605237
2.945457
1.705237
1.722885
1.722885
