0.985230
1.575630
-0.694920
-0.711045
1.532018
0.786454
-0.894593
-0.551312
0.071864
1.208938
1.036565
1.294971
-0.007575
-0.902719
-1.098262
0.282089
0.962036
-0.228034
0.924402
-1.030640
-0.486320
0.905046
0.119412
0.819285
-0.041581
1.109871
0.301625
1.133114
1.094819
0.978424
0.821925
0.006208
1.145544
-0.564269
-0.401935
-0.044224
0.297404
1.192684
-0.477412
-0.420711
-0.535197
-0.886846
-0.795051
1.360617
0.929817
-1.006207
1.127809
0.057819
-2.213418
1.034716
-0.054110
-0.265269
-0.111173
0.861980
0.851347
-0.199591
-0.600398
0.952800
0.022438
0.637162
-2.607730
2.550324
2.940455
-1.711418
-1.234156
2.843860
2.629111
-0.605076
-2.967823
-0.606047
2.984672
2.976612
-1.919878
-1.774711
2.879417
-1.832323
-0.607372
2.335075
-2.164765
-1.307925
-2.048745
-1.927278
2.217963
-2.789347
-2.035038
-2.490273
-3.157135
-0.612590
-1.822458
-0.609528
0.431841
0.903400
1.205176
0.787568
1.070088
1.395151
-0.596086
1.662720
0.975288
-0.260761
1.043855
1.447242
1.463736
0.965573
1.292819
2.381673
1.589227
0.041367
1.068975
-0.220176
1.066018
2.982333
1.046684
0.593647
0.272880
1.103833
0.618328
1.837029
-0.093113
-0.144973
