3.008229
1.403015
1.657162
1.542818
2.187809
1.308953
1.334566
1.352844
1.437523
2.252775
1.809057
1.205331
1.194982
1.568996
1.572159
1.438366
1.406240
1.427860
1.569550
1.397346
1.225556
1.087302
1.255974
1.441677
1.258326
3.011174
1.621565
1.545876
1.672127
1.475227
0.614108
0.638125
0.749282
1.441919
0.632147
1.202085
0.737544
1.355432
0.361493
0.617820
0.279720
1.032131
0.144264
1.380672
-0.463137
0.668983
1.203919
1.039567
-0.153224
1.481590
-0.368068
0.884512
0.988891
0.339879
0.132015
-0.466648
0.967594
1.045700
-0.139159
0.857487
0.193396
1.764757
1.227785
0.307646
1.683158
1.121685
1.340436
0.464399
2.247150
2.334801
0.434549
1.420995
1.865175
1.594092
1.594246
1.957431
1.430898
1.822864
1.572024
1.355566
1.631902
2.082486
0.697652
2.245973
1.652086
1.537935
1.749392
0.517560
1.717316
1.691583
1.621418
1.647066
1.606813
1.002906
1.979974
1.180365
1.643949
1.718232
2.412807
1.618795
1.722856
1.049485
1.923511
1.605219
1.579061
1.344142
1.048985
1.647619
1.605255
2.257060
0.833522
1.685806
1.269515
1.047109
2.387043
1.769950
1.040857
0.896899
1.722883
1.722885
