0.892894
1.814203
-1.827743
-3.005970
1.065923
0.695059
-1.534110
-1.119753
-1.629663
1.988981
1.068465
1.604750
1.154502
0.481585
-2.461687
-1.791880
0.504927
0.961622
1.319098
0.655682
-1.161077
0.662223
0.507987
0.783247
0.912444
1.498812
0.687274
0.663594
1.952806
0.584549
0.271827
-0.438591
0.213438
-1.830850
-1.179653
-0.397299
-1.279362
0.621884
-1.146793
-0.766072
-1.525071
-1.163121
1.697508
0.797833
0.138753
0.188882
-1.748870
1.076751
-0.153902
1.746456
-1.158517
-1.215863
0.590342
0.146765
1.663135
-1.177428
-1.601981
1.546833
-0.024352
-0.710962
-2.779508
-2.734479
3.178713
2.976004
-0.087077
2.296396
2.538004
-2.900826
-2.733115
1.418324
-2.887961
-2.808578
2.733649
-2.869552
-2.908311
2.594570
0.840043
-2.832389
-0.049151
-0.088519
2.115209
-3.181056
-2.807952
0.053935
2.595063
-0.060993
2.625767
-0.612590
0.879024
-0.447422
2.187223
-3.128307
0.903773
-2.960637
3.160202
2.925664
-2.705605
2.292774
-2.989547
2.252752
0.792499
-3.133186
1.105268
-2.894617
1.010050
-2.566825
3.168382
1.098150
1.390832
-2.576371
1.705764
0.775120
-0.679547
1.484253
1.033785
3.129123
1.347585
1.346879
1.020139
-2.854871
