-1.057743
-3.098404
2.815354
-1.071624
0.999676
-0.995376
-0.995977
-1.027389
0.655955
2.943836
-3.175283
-3.121741
0.547080
-1.035862
-1.020601
0.655957
-0.941592
0.546930
-0.988481
-0.936422
-1.243498
-1.015348
0.619296
-0.963446
0.532273
-3.075223
0.643705
-1.023253
0.461718
-0.880166
1.255409
0.551889
1.260637
0.601755
1.000634
0.569574
0.815877
0.697442
0.111534
0.691189
0.943837
-0.724296
-0.729601
0.780175
1.574083
-1.117706
0.960167
-0.203980
2.433521
0.988137
0.807657
0.946477
0.535892
0.546466
0.379831
1.142211
1.289358
0.959883
0.624174
0.804503
-1.256969
3.007802
3.018359
-0.928638
-0.181393
3.152445
2.861301
-0.386665
-1.029250
3.115903
3.049186
2.977446
-0.553343
-0.256128
2.944867
-0.135551
3.107812
2.651601
-1.690959
-0.908932
-1.184037
-0.196406
2.802723
-1.213613
-0.370523
-1.153996
3.060601
2.891630
-0.453066
3.044823
-0.157608
1.048603
1.291172
0.741079
0.688709
0.813961
-0.576794
1.964818
1.489680
-0.324916
1.310903
0.758829
0.835030
0.692522
0.665612
1.117186
0.787186
-0.449154
1.303038
-0.333225
1.059502
1.556975
1.191699
1.013978
-0.483735
0.984905
1.155955
1.055327
-0.208947
-0.417596
