1.415145
-0.682577
0.369027
0.236212
0.721263
0.370492
-0.032673
0.300495
0.595198
0.535540
-0.083606
0.436615
0.443709
0.028697
0.033192
0.185357
0.127804
0.236873
0.569726
0.435816
0.507044
-0.055093
0.324407
0.194124
0.834793
1.437010
0.491659
-0.272630
0.257256
0.228190
1.621540
1.634987
1.518505
0.366700
1.800967
0.609916
1.101143
0.256884
-0.336612
0.222836
0.321375
0.508624
0.711905
0.589936
-0.059455
1.583998
0.388802
0.387154
0.350095
0.573605
-0.059367
-0.138878
1.311585
-0.274891
0.047219
-0.197192
-0.249160
-0.187266
0.480570
0.199237
0.515993
1.170387
2.249771
2.164226
1.751192
0.299813
2.327524
2.183649
1.728195
2.718911
0.552298
2.152897
1.844225
1.918958
1.974165
2.997669
1.265204
2.093609
2.267804
2.047881
1.644730
1.978027
0.370403
1.444267
1.678866
1.836890
1.555926
2.343017
1.724302
2.004546
1.710996
1.516166
1.605214
1.544841
1.576018
2.190795
1.625908
1.516938
2.692689
1.481048
1.722885
1.958261
1.509853
1.605219
1.605349
1.539609
1.598984
1.605215
1.605219
2.686680
1.718051
1.516374
2.074146
1.868467
2.884130
1.605256
1.744194
1.815744
1.722885
1.722885
