1.416225
0.488229
0.639450
0.312504
0.549393
0.324541
0.411505
0.411247
-0.018734
0.483157
0.337295
0.444705
0.218488
0.270457
-0.169156
-0.116941
0.117948
0.138641
0.144541
0.377677
-0.112512
0.106559
0.062608
0.189137
-0.147907
1.387349
0.410662
-0.076280
0.111542
0.087751
1.498883
1.575918
1.583954
0.366700
1.437728
0.347112
0.498677
0.495740
0.460830
-0.387933
0.259434
0.392373
0.456531
0.390698
0.297623
1.583998
-0.007109
1.039567
0.654718
0.636302
0.571782
0.188372
1.246135
0.616458
0.602092
0.391856
0.262101
0.139983
-0.289168
0.264686
0.377669
2.152135
1.778062
1.991053
2.206325
0.340974
1.786024
1.971293
1.645758
2.129862
0.349802
2.583146
2.121816
2.377107
2.170514
2.015921
2.360401
2.463110
1.894082
2.284410
1.796646
1.781678
0.370403
1.721415
2.283402
2.146042
2.144975
2.017551
2.005412
2.451647
1.606014
1.516166
1.605201
2.133890
1.379668
1.550903
1.568172
1.518134
2.286320
1.618795
1.722885
1.761911
2.050020
1.605219
1.605586
1.699641
2.104908
1.605216
1.605219
2.257060
1.461093
1.516772
1.866304
1.273888
2.387043
1.605350
1.459340
2.169920
1.722885
1.722885
