3.008229
1.189215
2.276924
1.673718
0.039267
1.533268
1.855408
1.741238
2.225523
0.189580
2.252734
0.306779
2.321712
1.744713
2.001559
1.744855
1.992732
1.827784
2.100325
1.790045
1.739602
2.419173
2.118207
1.622072
1.924057
3.026845
0.172288
1.626903
2.134380
1.475984
0.421021
0.072088
0.013140
1.441919
0.108548
-0.168166
0.315992
1.533443
0.360290
0.582637
0.541519
0.270540
0.536963
1.649028
-0.335024
0.933224
0.153579
1.039567
0.370242
1.606223
-0.368068
0.627046
0.988891
-0.232621
-0.222980
-0.602428
-0.341403
0.129402
-0.262650
0.206103
1.323336
1.347664
1.563425
0.950571
1.159560
1.121685
1.864035
1.100419
0.850977
1.080516
1.237697
1.682794
1.418886
1.475009
1.391718
1.564732
1.085381
1.561065
1.741977
1.748265
1.441509
1.156465
0.972226
1.173240
1.259387
1.249907
1.225794
1.553539
1.381124
1.298884
1.621418
1.647066
1.609779
1.133805
1.979974
1.042569
1.932686
1.718232
2.345195
1.644051
1.722819
1.050763
1.795794
1.605219
1.663641
1.117186
1.048985
1.619912
1.605301
2.257060
1.189879
1.676675
1.117186
1.178009
2.387043
1.508151
1.186485
1.117022
1.722878
1.722885
