1.146191
0.142565
0.984110
0.332975
1.118599
0.239900
-0.038586
0.072149
0.432521
0.851879
0.451758
0.615283
0.561143
0.274641
0.511287
0.587881
0.508224
0.814248
0.517835
-0.042302
0.231806
0.295916
0.686669
0.246876
0.011508
1.095834
0.652083
0.246175
0.131692
0.217152
0.464019
0.299660
0.906177
0.224974
-0.095160
0.866062
0.344536
0.847419
0.586963
0.271506
-0.030043
0.244159
0.772633
-0.359473
0.625931
0.214950
0.031658
0.565590
0.973324
0.546709
-0.059367
0.435531
0.825717
0.311627
0.774066
-0.059378
-0.036679
0.333486
0.730728
0.427268
2.418933
2.185758
2.255295
1.880611
2.628152
2.586612
1.562338
1.911770
2.704856
2.580221
2.778951
2.643128
1.920021
2.613470
2.421061
2.117216
2.486914
2.739313
2.278536
2.325915
1.482558
2.397105
2.521378
2.241368
2.448832
2.743373
2.239855
2.065583
2.102959
2.351633
1.662094
2.068293
2.205703
2.124573
1.974779
1.914795
1.774212
2.259864
2.100183
1.458278
2.650574
2.083025
2.267330
2.652365
1.665903
1.753202
2.528732
1.825779
2.146289
2.000569
2.129446
2.093769
2.653328
1.809060
1.517039
1.922922
2.158392
2.157557
2.056081
2.585776
