1.883409
1.857557
2.094923
2.044690
1.556319
1.948291
1.944497
1.976530
1.595390
1.861867
1.665090
1.688730
1.756039
1.885861
1.834075
2.102416
1.999743
1.853357
2.127475
1.944539
2.297531
2.275174
2.005153
2.242286
2.034278
1.680007
1.794730
2.043628
1.767169
2.037340
2.071455
2.188686
2.114258
2.288984
2.194097
-0.111835
1.044536
2.570303
1.535673
1.457621
1.741248
1.921295
-0.031286
2.052224
2.006121
-0.109391
1.910451
1.039567
2.045135
2.230006
1.945814
2.134985
0.018172
2.110338
2.134366
2.099368
2.534289
1.976133
2.147841
2.181553
1.263544
-2.319342
-2.981761
1.274214
-2.644928
-1.931310
-2.219422
-2.162234
1.384223
1.206389
-2.109997
-2.329389
-2.369094
-2.373001
-1.982083
1.315034
1.062241
-2.225201
1.367651
-2.469654
1.478035
-2.523031
-2.517044
1.353493
-2.390170
1.260833
-2.146405
-2.528597
-2.467446
-2.386763
0.270021
2.036845
2.244527
1.635133
1.494532
1.626717
1.651353
1.842526
1.554770
1.896840
2.077357
1.251856
1.138822
1.506222
1.669948
1.117186
1.048985
1.868945
1.524328
1.111999
1.099194
2.150221
1.118869
1.143471
0.816500
1.914454
1.126162
1.554740
2.440225
1.411118
