1287.574372 1704.641478
1300.359493 1742.431170
1275.748146 1896.942880
1295.811774 1826.142472
1152.931257 404.080185
1264.793704 1814.300473
1282.192482 1832.186170
1329.409981 1768.597672
1344.544197 1862.908782
1164.000514 370.872383
1225.960953 1844.750042
1208.325931 359.823102
1317.397098 1886.328358
1270.282797 1759.637063
1296.116938 1778.048120
1372.840647 1776.226640
1313.378175 1795.903525
1311.498518 1853.708270
1250.716848 1869.554868
1232.945221 1808.447707
1270.686257 1850.072767
1298.830091 1862.615029
1323.742324 1827.443193
1310.688986 1730.142967
1272.444367 1799.128443
1396.879817 1704.927380
1336.710181 1918.356021
1241.997860 1780.502344
1348.779419 1804.301709
1271.754048 1725.475009
1300.010282 231.173332
1283.374635 344.424147
1257.249511 298.280804
1033.004357 378.009412
1248.535824 393.316205
1202.061306 616.553291
1246.934978 498.916795
1026.727330 290.659834
1315.150443 191.956873
1370.253293 465.615131
1410.505850 321.080807
1300.724789 447.097593
1339.927619 369.416124
1182.235731 1962.702771
1198.356697 300.675341
1273.007617 289.713359
1385.786004 271.159416
351.787151 919.278063
1345.668016 291.254434
1053.798621 228.541457
1224.805350 154.935355
1358.504521 219.691773
208.092823 592.794391
1307.113817 522.088312
1176.922974 19.541149
1236.858174 250.169715
1394.613019 375.079978
1380.741053 269.412718
1105.198688 260.967949
1339.801386 312.334438
335.135936 981.756796
457.323027 1181.989875
449.050014 1353.193090
225.014536 1104.467167
504.714709 1440.784423
325.771204 1055.098378
639.381922 1373.708688
320.190675 1128.045185
241.350424 1361.736315
359.112202 1411.884758
248.326241 996.568648
618.649046 1460.748163
460.201133 1256.263028
587.598926 1208.182820
311.582393 1350.656263
467.659113 1489.723071
558.784103 1505.146963
538.962400 1329.952797
198.531092 1215.044529
501.727221 1402.914416
380.696283 1251.117324
574.620644 1415.994564
380.396910 1104.915782
296.470739 1267.128763
543.827134 1276.479108
269.585441 1187.259607
422.898992 1440.895827
345.209345 1192.066112
547.289440 1477.932002
367.610363 1316.079935
55.270909 1836.240349
215.305837 292.325299
4.619402 284.408980
221.569986 1121.586408
1868.436920 1026.077037
259.313971 1033.566451
449.843223 1823.947151
335.622557 74.122141
57.549777 1971.544370
361.231837 1861.014556
1791.304256 204.138930
361.591577 1232.155249
1868.083813 1276.617852
1995.669002 532.967751
266.612493 15.473696
1021.997683 1335.659258
407.419931 1324.268448
8.491939 183.158219
0.832227 388.795662
1904.008519 1928.971903
859.898455 1064.609557
282.849546 185.780973
974.454392 1238.137712
813.792665 1146.031757
57.775395 99.307371
220.442115 113.214739
905.870847 1147.831519
316.300444 1112.918309
1776.776832 299.768146
1761.647136 398.646448
