472.127493 1870.603169
956.416905 36.227874
900.175961 1988.073418
388.743201 1440.840664
908.259394 81.677165
200.810405 1531.234825
433.725784 1392.062988
395.515241 1391.284555
557.461888 1457.948482
977.070575 64.114798
969.286622 1984.293460
1014.600843 96.552744
549.296325 1531.665610
368.983525 1347.229831
368.050620 1411.735156
617.812394 1493.459522
424.038483 1884.634238
555.769360 1496.662401
268.618801 1494.384334
438.785057 1430.546524
347.992496 1444.415837
304.623424 1458.266470
587.117756 1518.924777
221.400229 1498.348011
627.349689 1455.138713
993.860423 29.891661
586.396227 1477.477898
254.930785 1461.980798
934.549361 1978.852539
189.232662 1566.392189
1204.436691 197.082463
465.382779 1555.466824
823.400953 47.484008
827.669697 182.807472
874.470661 29.289188
512.627281 1599.077094
853.316908 132.761192
818.642999 242.103937
587.331639 1629.477110
803.573900 143.978143
1078.049691 261.942850
470.461833 1484.349393
561.446614 1440.946126
937.242382 249.775026
777.475792 168.781221
519.365485 1398.223863
1233.336159 253.879579
1709.393573 422.122053
1252.874590 194.917570
721.511201 40.283867
1175.480889 259.047314
1305.255386 109.262377
700.282665 1651.793975
555.910156 1687.257688
608.143347 1694.080580
1123.238704 272.271245
734.675114 1994.358446
784.942713 44.686684
478.380962 1644.641096
776.432958 85.747515
1607.245098 241.656256
1100.025703 1397.018609
904.601820 1496.655175
1726.399493 329.253527
856.856559 1446.296510
1003.934835 1354.355679
1154.079446 1441.093526
1015.470435 1431.191999
1675.243762 384.457468
1803.734215 443.884860
931.015263 1354.083470
860.248718 1548.223591
871.449989 1397.270960
1010.561504 1522.817745
786.712541 1482.147058
1663.502001 482.601569
1738.089335 481.134339
927.776202 1721.370516
1686.521473 235.652111
946.125412 1560.028583
1757.102377 260.722437
881.303577 1662.471705
1079.649138 1494.172850
1658.027352 302.321802
1105.421334 1571.893502
1592.012638 335.497232
939.466686 1426.144175
1233.180188 1474.831209
1220.927706 1599.454191
1282.274805 1556.355038
576.806755 1173.707778
616.990728 1674.379890
830.959545 1308.548550
1757.434482 686.796122
1674.157493 641.552498
1755.981662 593.107087
611.103713 1295.562346
791.074736 1588.803618
618.865652 1088.208371
506.420056 1264.923743
790.887170 1256.763452
1836.669010 712.297258
1693.471192 760.911384
708.763758 1499.052176
706.217161 1629.911826
736.274991 647.149071
1807.499662 802.424731
604.004466 1262.166551
744.039009 1377.424788
481.745467 1174.739016
691.626107 373.663636
713.352304 1659.119803
698.252802 546.076507
644.193339 461.532508
665.150171 1190.744591
629.117564 1577.418657
741.669824 456.797287
1866.235225 622.778870
703.501661 1291.926084
658.626436 1416.312786
