1844.473249 1077.450746
1218.812196 1427.017621
1403.595977 1627.972640
1321.807108 1574.719052
1387.041503 1662.491322
1223.030073 1457.594284
1234.825503 1474.435708
1232.758926 1394.574085
1338.771382 1544.122721
1349.713595 1653.741652
1240.887348 1522.495037
1282.012990 1679.168443
1340.193321 1614.537838
1228.944503 1504.451989
1255.608688 1444.677168
1295.455120 1476.930488
1271.668613 1504.136881
1313.631261 1515.181431
1277.783351 1596.336440
1193.885524 1479.452455
1278.248958 1516.073682
1266.416437 1556.870914
1310.220863 1610.284029
1189.627725 1445.324064
1197.226652 1518.869922
1840.845587 1042.634123
1314.172196 1653.955954
1268.387161 1412.190474
1302.530749 1546.233742
1154.857006 1447.501675
1767.827493 1435.551428
1572.645860 1580.724652
1838.996312 1215.897206
1544.368236 1626.535839
1582.362777 1649.213659
1365.074214 27.914306
1449.069848 17.913045
1531.102692 1558.191027
1442.458025 1620.924178
1529.402441 1681.312539
1490.790748 1778.775236
1333.408036 1810.082797
1400.558284 71.346554
1465.051489 1508.415859
1572.196918 1777.574686
1591.509637 1703.144940
1575.320644 11.559843
1552.801146 1715.676315
1438.111415 1684.629360
1526.707087 1492.226365
1802.637435 2.201517
1500.556363 1605.005120
1888.944286 1211.336544
1416.428651 1809.449054
1530.167167 1817.303948
1736.579189 6.184769
1455.475860 73.707212
1479.710653 1722.044731
1511.297386 1696.158874
1506.767767 14.890106
1552.078040 1612.312733
117.938554 1879.817938
59.840340 44.455669
126.165811 1650.874215
1982.371942 222.884170
1576.302557 1679.575781
153.081625 33.733275
54.215653 1632.016567
1492.859479 1730.420838
1692.311328 1662.554734
1460.663821 1602.764536
144.827827 117.524402
73.824871 1986.160810
1693.282894 1586.619764
0.017733 1982.151349
1596.541232 1755.843767
68.297040 152.633560
101.598073 3.494364
61.261698 1724.635636
1917.077327 66.384752
49.837236 1914.323727
1990.326299 87.446259
1446.761958 1671.210977
24.980860 1809.230885
158.992958 1953.644065
98.039207 1789.778276
1937.308309 156.034546
136.092680 1716.910813
65.551665 239.863142
171.522230 1804.277400
1848.000309 870.837808
3.760618 1247.608393
1804.226988 1333.055769
1878.671108 1521.765296
392.068970 825.278268
52.204298 1328.832281
17.313136 763.594795
68.218542 1041.351934
403.817694 925.399936
1934.833794 838.980317
277.701923 636.739558
37.286455 1555.955340
1998.065281 1677.408930
1761.626681 1579.089022
1828.282053 997.297923
1974.744977 1777.266626
1807.763763 1658.021999
1811.761547 1234.112941
1793.167381 1443.682459
214.585078 878.849622
292.313170 795.472033
50.548830 1156.090936
1959.160933 1418.369913
182.436138 792.510945
269.707129 960.927004
1820.175078 1118.445056
318.083049 887.661522
68.822883 1452.808272
266.530015 728.121882
174.813315 699.138055
