1897.103848 87.086493
1806.896395 1290.968296
650.295548 357.230086
157.866100 66.231880
1873.561809 1266.726787
1923.867707 1994.045047
152.684150 1994.582717
156.980770 31.275323
617.756184 367.465175
1810.752393 1245.029464
1879.803906 1232.514422
1844.398186 1242.499433
558.478399 1892.095045
517.897637 1860.429047
123.550822 21.123091
682.100472 388.364303
1895.317792 22.988065
525.334690 1898.865157
1935.191970 85.214232
535.358165 1829.558857
93.963135 4.711763
1969.544256 62.431919
559.318158 1855.375198
1921.957111 52.583726
733.301800 380.407879
1838.974760 1279.606592
746.076812 424.795856
1932.087193 27.541290
1835.365757 1318.672826
1905.307801 1963.540997
1308.124075 218.834959
567.801585 306.721986
1376.921046 177.653478
1535.193488 1312.678958
1220.396913 869.064439
616.855367 284.637796
1480.576714 1307.144891
1271.124114 275.214888
1150.467539 972.963849
1183.467683 929.312822
1207.128306 1030.142314
303.983623 1985.115984
319.291787 1920.964243
1981.036874 1623.029762
1168.235321 336.184381
279.479144 1891.343815
1393.694593 234.745774
652.609182 1984.700801
542.240487 396.420947
1808.704096 1433.231556
1269.581648 842.963506
1239.410958 923.019671
634.204815 50.604815
1246.798426 226.874809
1840.460890 1378.850118
1215.125385 972.455759
1169.527233 1073.654769
1863.463022 1439.552838
693.377839 226.410693
1371.658984 756.821093
311.797115 1714.291351
114.839750 1791.787093
11.032174 1665.154190
784.679543 1777.942111
248.950210 15.248356
88.074053 1715.449303
245.768559 1762.010309
988.050176 1224.373017
277.064206 1925.260405
1068.949488 1168.629304
1978.184010 1622.974795
1944.017729 1704.264489
690.687091 1741.670285
376.322163 1821.764095
1901.236044 1693.106704
767.436376 1701.324992
1166.225151 1103.260394
24.983077 1772.113528
310.709152 136.285948
273.701063 97.758936
842.820943 1711.330647
173.436545 1712.181735
188.575099 1813.444170
186.770553 1920.904619
927.476155 1703.625474
174.422733 18.080292
1913.227351 1764.342582
1449.699969 917.364867
876.873887 1643.819756
1307.606465 1009.803330
32.090349 955.925085
1335.246184 620.931309
1258.042799 533.045461
630.826588 228.105900
1801.141375 100.247266
739.305818 202.119734
448.822722 1894.764648
1871.053946 1140.970534
1290.260823 254.289353
1956.460788 1043.316811
1461.252348 275.882545
1910.710415 87.112542
1784.057225 191.935598
1437.060247 427.682790
1469.284407 567.983750
585.467637 125.950886
699.977367 288.230996
1593.906457 1721.612784
1344.171195 392.132865
317.704503 1815.150754
667.878748 1588.403846
663.226639 139.356715
701.485747 1722.829436
615.353038 1666.010729
1677.667914 1767.700117
1352.984675 519.789344
758.541800 1653.979287
832.959390 183.474750
1726.688018 1842.521971
600.781188 1975.211727
