192.982917 471.996157
1772.545715 1786.516811
756.321141 1988.310532
485.586578 1725.246275
1836.886085 1762.422838
209.986407 381.875927
520.331024 1672.112126
503.894561 1694.920787
724.017983 38.978883
1776.929052 1741.736369
1842.891132 1724.857632
1811.235104 1740.270355
797.643704 80.506524
506.655545 1695.194143
469.927239 1683.442096
748.010044 66.611466
194.997182 413.336532
712.606535 66.282153
232.236051 479.321973
543.779255 1707.995880
429.167960 1673.750250
256.233787 456.050306
747.918821 90.114442
213.032393 443.717263
756.889825 24.516076
1805.143093 1776.735370
752.817116 41.436691
230.487219 415.548321
1797.278343 1814.390822
174.600413 380.709703
1778.809167 50.512252
858.279233 64.369141
1834.992225 1996.557318
1622.758408 830.125624
1615.142494 572.462201
993.838592 101.920704
1568.121411 824.942734
1736.667032 96.283690
1531.402502 681.329320
1576.235515 632.045915
1589.239783 727.410963
592.613256 1596.628299
645.504313 1572.544402
1996.663471 13.237712
1621.339357 125.044495
602.593274 1530.212843
1852.398993 55.630797
1139.029200 13.252422
592.389413 1978.428160
1771.573165 1930.023472
1649.099580 517.439331
1633.139304 625.235919
1124.835172 63.472392
1711.924878 46.853583
1803.353557 1877.428970
1609.605622 675.665524
1530.114248 736.546862
1825.094676 1936.250718
1088.651028 110.698809
1750.526144 430.539504
1904.839707 1447.302087
1714.562634 1620.267658
1561.587929 1636.221063
309.922406 1781.435209
96.678505 1568.856861
1669.511452 1613.320326
1808.920125 1596.822951
1401.096012 942.606178
61.410207 1490.519870
1482.170587 887.121962
1503.211794 1585.980103
1482.892822 1676.808353
280.786654 1654.878437
108.592909 1434.144456
1440.999741 1651.256725
344.798317 1635.947242
1578.946334 821.021371
1585.436561 1704.579728
298.487938 1730.631508
216.174826 1687.066396
374.247710 1736.547752
1940.982093 1287.670392
1736.563794 1690.585793
2.670532 1464.764075
454.887612 1729.078554
24.192773 1551.913005
1440.309683 1730.534089
1858.780881 629.870854
415.585791 1663.035894
1718.976817 725.597580
1913.508317 1311.136896
1516.476294 1069.172524
1421.671486 970.951780
212.358908 293.978942
143.200402 216.480694
251.568287 181.090091
56.688724 1606.059081
1803.774512 1491.368266
1378.429047 687.825051
1863.148096 1401.895863
1462.415121 732.985311
298.034155 286.122101
145.905047 335.845523
1544.263072 870.965422
1595.493280 1008.807965
144.755565 18.180478
272.983146 353.208582
1925.742608 1363.132006
1446.665472 843.725818
1887.962172 1578.553207
1056.669605 1896.669565
248.430746 1980.772819
1065.522979 54.398031
1002.811824 1975.883183
16.063717 1412.011639
1515.358784 961.067076
1147.606265 1955.789960
359.631296 185.994950
35.226193 1469.801623
189.423420 1700.130402
