1866.526163 1768.721204
1843.197985 960.166025
901.628605 577.891834
1834.090767 128.906172
1911.173574 937.034278
1888.186307 1666.572841
1830.740090 60.436793
1832.062999 94.392252
868.302961 589.534410
1850.893841 915.265317
1924.361580 904.066860
1889.239583 911.964094
347.130750 1632.347124
302.338333 1604.701073
1804.785247 79.434500
916.463294 628.666867
1864.864294 1694.107552
313.254932 1639.790390
1904.843820 1762.892046
319.162696 1574.406896
1771.057251 62.572730
1894.462630 1749.510079
348.942818 1597.314130
1863.915094 1729.109415
854.766964 286.078290
1876.019714 948.500763
876.574157 318.215368
1899.708710 1699.445361
1867.918851 986.601351
1869.599585 1634.229359
980.700354 292.293819
766.421147 551.615011
1067.652657 291.004576
1501.121821 1642.451344
953.197778 1067.643213
829.303588 521.405544
1445.536915 1636.815814
943.995963 339.357829
907.723163 1176.396925
910.378329 1121.688386
939.530056 1218.579446
1983.377783 80.121902
12.776179 34.534182
1746.421726 1382.505890
864.435154 466.006692
0.851001 1925.344755
1093.639029 370.673116
458.525036 1717.382953
801.707054 603.548891
1833.555172 1099.668488
1013.668168 1060.688116
969.261716 1117.658922
447.681663 1771.142067
919.240455 291.111400
1865.954141 1043.818636
944.065457 1165.772302
914.305963 1268.670540
1889.303822 1106.064983
827.200213 527.564191
1117.060253 976.082321
353.535929 22.954925
172.771750 116.354583
301.750497 1817.183328
1089.261265 1641.476203
71.721657 213.001167
112.995060 7.962261
185.227643 43.045605
710.548764 1413.815313
124.600716 214.571176
789.645765 1355.404596
287.062157 1743.673350
232.422666 1854.497902
999.114387 1608.371363
380.187074 94.550367
216.775350 1770.153431
1073.504058 1568.356310
886.619819 1289.580775
215.440072 16.346882
94.109684 339.416675
29.494927 288.635404
1148.354890 1574.218143
270.936431 26.053943
308.072326 107.031195
23.252857 181.191651
1229.425066 1561.007635
1992.255626 248.555987
77.599946 1994.682835
1174.797596 1110.560843
1178.920666 1502.931740
1029.045889 1197.681500
252.344080 702.184989
1513.956597 371.017251
1363.370840 247.581712
957.850693 247.632221
1641.835198 238.138629
1061.590778 237.951806
734.824527 71.107578
93.106301 888.802432
1594.069322 315.953207
177.911808 790.620538
1447.121814 104.435474
1595.770910 15.153720
1535.079606 24.139761
1682.519472 357.751479
1441.213965 249.747709
873.198170 246.140040
1016.764100 322.952721
1317.968830 1871.923316
1529.139374 148.230422
601.446308 1995.113496
431.799976 1352.451159
984.390257 157.370528
446.005867 1514.471668
378.903583 1430.804887
1418.111418 1941.356057
1604.287938 405.394831
509.473436 1437.998087
1163.382541 160.563837
1475.026908 1.686035
882.226741 151.536632
