382.504826 698.563584
1802.481918 81.478517
986.752589 1796.213298
656.155690 1484.790844
1870.645364 56.542708
390.908451 619.720265
667.366261 1415.783906
650.646679 1451.010004
1009.600221 59.816718
1804.179840 35.909877
1866.712146 19.113094
1838.816274 35.598424
1093.651178 66.866304
633.261555 1427.316308
601.681246 1418.319395
1041.273185 91.808884
375.281501 651.667144
985.735946 119.467907
413.408840 715.559687
681.431508 1447.786315
560.160170 1420.918819
438.273330 691.620766
1036.934309 91.471731
404.544807 672.094807
1049.870337 60.137053
1833.935544 73.341479
1041.424369 54.559310
420.297788 639.591569
1866.687571 101.602777
356.689216 618.332761
1983.463640 237.378886
1158.170138 60.994815
13.797665 197.209593
1811.950910 602.166534
1841.308776 381.384695
1291.923442 70.577164
1768.155297 632.228165
1940.933585 268.833687
1778.580181 513.310765
1814.967340 459.316719
1822.183532 547.171952
772.987919 1357.217511
824.765682 1337.452961
82.596709 292.442057
1874.345030 242.156658
787.816238 1299.711302
29.938914 276.483784
1435.016335 2.720171
413.924300 1737.428414
1859.894188 185.653007
1908.008299 404.316636
1871.034719 449.659498
1421.000102 56.521465
1921.515200 214.355328
1903.944149 151.894714
1847.507198 500.687448
1771.756806 563.881566
1964.317325 180.389623
1383.303138 97.627534
7.334874 347.665605
1642.976748 1302.271498
1469.161337 1779.122409
1382.876957 1840.324300
168.867279 1574.828876
97.657614 1278.782799
1421.554720 1776.688092
1552.137457 1748.812514
1648.116058 772.368081
1895.014881 1286.433444
1729.014178 716.628121
1269.663016 1747.736373
1269.551846 1824.212120
172.557061 1377.457998
29.157039 1147.057393
1145.491849 1694.218754
245.349754 1356.776398
1825.497693 650.105124
1400.992844 1911.979455
148.648084 1473.267680
105.727024 1422.529200
223.307129 1479.394092
1836.288232 1006.531288
1489.778938 1850.258157
1768.217833 1304.122415
297.794207 1476.465508
1796.831373 1375.982949
1144.352751 1770.727994
104.229428 457.374446
304.424221 1399.115449
1965.017329 553.946630
142.286887 1176.128216
1653.021694 1333.860951
1575.470375 1224.978186
219.364968 550.286301
128.183833 498.797564
230.864960 473.255187
278.568040 1427.251335
1997.906188 1685.638988
1511.846883 953.466816
114.326273 1522.252246
1596.826111 1000.163107
309.225086 526.344946
142.425069 632.551545
1691.744046 1124.800875
1730.141256 1274.466641
1925.683180 222.778982
238.186391 643.664325
191.657656 1379.266709
1598.149671 1102.024405
73.153539 1397.566570
1295.628999 64.659683
1974.521374 1859.496120
1287.851583 247.271519
1232.622089 162.422920
248.802265 1298.229212
1668.777786 1215.369789
1331.931851 170.451425
439.434827 415.599499
311.075150 1378.610875
348.702228 1486.666232
