1779.263207 114.292456
1118.702594 1390.019409
1185.498141 1461.267168
1913.426182 1966.378514
725.644667 1813.608376
1781.668275 80.131323
1934.486620 1884.666775
1911.343090 1922.629468
805.906529 783.847216
1140.356870 1413.053672
1147.701583 1362.339879
1211.084272 1438.544566
856.151785 873.165735
1901.280727 1900.376558
1855.627990 1893.158688
851.051986 820.339098
1733.096557 127.907129
785.846856 816.937393
1825.447894 48.576049
1947.614566 1920.691588
1873.110923 1959.453257
1854.748419 1999.878007
806.750132 839.051078
1789.916097 45.224204
863.066422 782.772101
1167.875663 1393.712772
813.568844 800.525682
1814.449701 14.660094
1085.567863 1355.268465
1747.211312 87.592970
1283.254825 1518.532190
803.078140 932.062679
1201.287914 1545.958048
1186.991421 1612.492428
1199.292871 1474.792171
835.300275 964.246263
1149.733852 1576.183183
1073.477374 1590.356707
923.157226 1027.442685
1135.314934 1522.793792
1249.132274 1563.090252
17.324566 1807.570374
89.902679 1806.166153
1294.600875 1635.176290
996.983857 1511.511566
49.956761 1765.093387
1416.210733 1563.165780
1334.514116 1784.105288
1379.955523 1509.853757
826.548188 1341.825856
1353.093912 1569.466508
1419.031294 1400.013537
900.557065 1005.104036
882.182132 1068.132246
969.426149 1059.833758
1295.615840 1577.766213
938.394576 1390.096760
881.777052 1338.225869
841.723262 1028.646209
1238.773703 1651.672359
983.118735 164.602177
1523.421574 1932.294341
1386.727012 1953.988158
1108.656665 192.526400
1182.519839 57.609844
1448.762572 1910.210906
1615.189072 1940.335660
1414.628442 1985.937848
1068.392649 284.707304
119.625918 1978.037724
1276.974551 1933.828509
1276.144099 0.941858
1084.716098 57.957127
1445.791779 69.899736
1167.328468 1991.219980
1275.682434 69.526996
11.243867 1998.860520
1449.754842 1994.084643
1059.733411 134.969180
985.389825 89.157702
1134.723351 110.802954
1345.821803 40.150547
1539.091604 1998.443183
1031.207791 215.026952
1224.406518 127.160449
975.744771 282.589365
1224.182967 38.972896
1683.845200 1970.613393
1370.241337 126.577315
1845.778956 1987.001028
21.245025 954.277830
733.526102 961.470060
387.259700 960.406356
1370.803272 72.640886
1287.194940 26.153818
1381.302085 1980.141436
131.004364 958.861258
941.249876 876.674269
54.149927 826.606897
1931.106745 1043.303938
314.437601 799.191688
1440.688334 91.740246
1308.659803 146.993710
747.288736 768.829177
807.275023 914.994023
411.996848 1981.984665
1408.657359 181.828653
43.568067 1012.557887
344.789885 888.561109
1908.755529 949.996965
411.205897 1699.670588
855.168963 943.541987
419.355918 1863.765523
367.795762 1783.509234
147.293001 865.689519
730.270892 863.013770
465.411325 1778.858865
1497.224919 1992.437229
225.844431 916.515208
258.727552 1006.700310
