1530.825543 1368.224546
1576.898485 1449.117118
1566.830787 1596.375707
1583.293055 1518.055254
729.401852 372.575995
1524.057756 1485.984991
1550.294377 1507.207136
1604.360443 1461.085343
1633.637255 1562.531558
740.532257 336.797858
1537.193051 1568.806359
789.501368 353.626417
1586.907307 1565.921380
1573.884983 1476.906122
1582.839931 1479.205290
1611.712994 1436.899267
1612.851697 1497.763218
1602.673240 1547.955250
1565.248372 1589.245488
1530.604566 1522.112337
1555.180811 1548.460485
1570.950715 1543.548082
1597.336028 1508.819011
1588.987152 1411.470840
1541.915633 1472.367747
1697.774626 1400.902351
1603.264694 1596.665378
1500.652333 1451.196247
1642.964849 1502.023760
1550.555910 1429.581133
920.371043 352.910798
1269.461208 690.995054
1230.801663 643.397789
1158.026183 716.823770
1206.530855 695.987659
847.825161 481.291839
1221.591621 769.910410
1088.544529 691.292351
897.875939 249.078451
1342.392437 686.783454
1340.531048 620.693681
1272.839327 741.638599
932.613388 437.265257
1475.084769 1653.923390
1175.581945 644.220309
888.726857 403.139677
970.729415 334.854579
134.964978 550.262961
952.783722 383.075414
1110.951556 635.867276
889.038583 308.327298
945.643060 278.888685
1972.856924 235.235904
1254.421732 820.594991
1470.392931 1708.616880
841.370675 364.471294
1282.714328 623.114592
1198.843759 583.196854
1233.217686 648.806386
1149.502045 590.624089
279.852197 586.032955
341.933822 786.349472
331.047895 970.612101
153.448545 711.049761
387.159059 1040.568413
217.816273 677.332878
531.776011 978.204569
250.268721 738.014127
172.178965 959.446492
247.681900 1018.310274
186.025991 598.553658
482.576324 1085.635956
312.213880 876.061032
413.011112 857.889938
266.306987 938.281330
301.181410 1116.434139
370.571196 1142.251377
460.779298 931.267616
110.478074 812.034612
399.826430 998.239660
234.286170 861.273089
465.028189 1014.726160
314.474350 700.804057
147.213717 880.929239
371.880957 894.867711
186.251763 777.362170
322.854455 1032.618155
266.995293 782.387075
418.987706 1103.453589
249.504073 936.152778
60.254355 1408.545568
420.645421 1916.799461
20.302791 1856.696663
12.751929 754.846496
7.964554 633.661096
70.416205 653.343061
671.353727 1462.281671
565.763082 1717.369240
88.873137 1545.098576
578.767146 1493.831647
1855.689055 1781.009472
167.660221 850.726929
1963.572394 859.405758
10.399138 105.221304
490.133390 1654.331999
834.442217 950.942548
194.082915 953.227591
25.364617 1755.491860
16.021397 1961.065311
1999.166831 1511.684357
689.023612 676.494453
508.935421 1825.878878
786.898926 853.421002
637.330010 760.757964
73.381490 1673.613575
445.806681 1753.307832
736.465299 759.109609
133.837457 733.474554
1841.513031 1876.692242
1826.490447 1975.586943
