1062.959654 1972.883251
1103.275467 50.026228
1258.072035 263.567546
1202.526932 139.346305
1494.200845 240.807254
1030.219812 96.101683
1155.663067 138.727956
1136.152805 75.830676
1261.778106 189.627458
1507.203004 208.217486
1189.415476 194.698472
1547.968865 186.777728
1283.292939 236.226257
1065.105171 72.320260
1100.164290 91.089566
1181.150099 88.874915
1178.224399 121.362230
1206.890874 163.857274
1243.941030 230.100180
1113.509650 128.762363
1159.424674 156.444250
1226.068520 194.064383
1237.112767 148.478293
1080.616907 1994.998380
1139.709513 124.890484
1128.266748 1975.950731
1350.075251 220.141729
1029.447765 74.961178
1239.617093 109.608676
1055.658449 24.398096
1659.022263 168.105836
1630.016461 278.000360
1579.647752 130.026574
1188.018779 408.651693
1605.857696 346.655222
1549.752695 466.910925
1600.035860 439.943296
1238.482381 357.782115
1678.080541 103.722901
1738.930152 377.608117
1781.667012 281.720966
1666.247179 363.755593
1702.703379 331.688494
1168.509299 320.894189
1481.506445 65.055887
1628.572278 175.694030
1755.090288 240.233686
546.319193 1250.357033
1686.760913 278.264756
1269.544571 276.260235
1573.600879 11.297722
1720.622582 125.829747
419.145592 913.594529
1662.355406 418.751568
1426.218188 39.007846
1549.451746 60.818120
1749.111474 327.788912
1734.727100 195.131339
1395.195053 111.754936
1690.060546 226.932807
554.524586 1274.067198
647.760180 1496.120182
565.986973 1700.425030
460.478420 1393.234140
566.143358 1792.327877
542.565198 1350.061729
808.057430 1669.422159
529.137356 1424.976975
426.606949 1656.165553
426.364990 1769.576892
473.980216 1305.331342
824.690992 1762.230504
650.917482 1575.947934
735.931898 1554.988801
492.867299 1668.328146
636.717208 1810.297501
762.929019 1809.692158
666.583541 1685.903590
422.850745 1518.573306
630.712385 1742.570575
583.985718 1550.314070
722.562684 1716.566846
624.433294 1367.570976
512.048526 1565.739926
698.253667 1620.188543
495.656036 1490.513909
496.402151 1806.441763
576.798758 1464.946447
713.928001 1804.275014
580.631179 1624.174214
37.061919 216.122953
90.784989 650.736689
1995.306418 659.633369
361.207242 1477.207767
1715.660425 1378.377112
397.063199 1389.644366
245.509898 143.129895
135.874344 389.791637
1934.900406 312.321559
160.626324 184.979004
1733.220473 583.720638
548.981944 1567.323308
1782.411814 1650.938982
1982.453180 916.740264
63.972209 327.448841
1190.271747 1680.825652
598.825104 1657.164918
36.780265 562.872503
1987.490628 772.563820
1808.117338 300.168404
990.334754 1421.879458
122.815956 523.391939
1142.728455 1583.304106
944.143820 1504.388042
1881.999304 396.889278
62.554104 450.544966
1039.310937 1504.454591
455.258331 1468.666949
1718.618556 679.338449
1703.469961 778.213855
