1946.383840 1166.889693
1852.651131 352.441572
1142.579668 1099.252016
1272.558383 315.503286
1918.405011 329.510785
1950.701609 1064.347743
1239.253167 202.282504
1239.597548 238.074049
1112.225862 1116.750749
1855.190597 307.320304
1938.006672 298.008048
1902.290281 298.633177
24.423223 1109.646022
11.721044 1064.294674
1243.617082 274.389350
1144.482889 1178.952986
1940.102394 1102.009026
1998.762197 1114.935304
1979.415816 1162.288156
37.614874 1031.329047
1201.856417 243.657100
1977.559213 1144.758441
55.678093 1064.779973
1917.456845 1131.830932
257.122510 151.475689
1885.487542 340.539698
273.808472 180.307839
1953.898072 1101.158849
1882.412011 373.362212
1956.345758 1027.142972
376.381516 203.133815
292.280415 737.743416
461.477510 220.669429
1268.908946 143.349491
480.565500 1451.900226
366.699829 693.708148
1118.512915 71.402852
340.144519 244.380162
460.654686 1589.398007
438.035114 1505.536355
495.138709 1637.619452
1396.584246 232.750747
1409.133518 160.921421
1313.500919 938.682080
381.592300 642.044969
1395.899807 1796.515466
1076.605855 941.952246
80.988093 1236.368892
352.282048 748.218913
1879.974072 486.708982
534.276596 1453.794698
520.520474 1523.444083
64.230166 1289.523082
312.956907 192.170989
1913.668303 425.666256
470.979826 1545.071779
479.919270 1686.999898
1936.045562 493.130011
358.243005 696.817129
647.264975 1380.671491
955.862528 141.461098
200.919679 442.682870
842.302559 66.501126
1644.248596 1378.906658
1632.897975 1858.637019
1735.109484 1856.392037
1778.878082 1918.592800
215.119091 1784.920739
105.048866 401.366207
270.173779 1689.563261
814.656523 1995.268523
774.801751 98.895408
1568.236185 1362.403113
980.190992 215.817867
746.255153 28.515339
1627.984087 1304.562909
362.299284 1620.397211
787.198738 168.545732
1688.611249 1930.666599
1610.913416 1935.228401
1709.904402 1325.122193
864.763425 139.621603
905.459419 202.328029
1580.394570 1804.069118
1763.054315 1272.169933
1536.271011 1880.824760
1688.805001 1794.347221
667.537265 1467.053419
1484.332682 1073.605525
502.749835 1525.165999
649.355804 226.033923
108.142646 489.231571
902.708786 1871.458752
1503.940983 528.853833
194.850440 328.052228
1604.011430 532.687114
1270.989579 382.274525
502.845765 423.492244
167.552986 427.946506
583.214557 321.449679
989.774303 1780.650441
37.868550 1881.961566
1097.036046 1642.015656
248.271492 482.628039
997.855962 1874.838473
1409.213972 552.547237
1559.680915 616.509506
903.400729 1781.308421
1081.479280 1736.870319
1125.017495 327.187602
172.976446 806.314526
808.450443 1877.651626
1934.034546 1448.293175
116.982268 883.426817
915.197178 1684.438054
156.834861 580.516176
121.143254 1010.120510
792.789837 1772.988592
1004.192458 1775.614313
1418.014566 458.209062
