1909.288032 1021.042781
1890.743544 206.580323
1171.030983 1247.426041
1240.168416 463.213054
1964.059149 185.364248
1915.930736 917.479475
1137.838915 312.673682
1142.392739 351.075559
1142.257052 1264.678436
1894.326595 172.887782
1981.212244 154.601135
1939.825208 153.857914
1989.612185 963.044053
1981.638350 919.487602
1193.700209 415.752702
1176.326497 1327.553610
1895.715706 962.290111
1955.388548 969.882950
1942.153810 1017.312406
1996.664284 886.786501
1109.470647 361.642757
1936.284446 999.967503
1966.687348 948.668131
1924.024873 987.912610
120.088544 89.228191
1931.149897 195.914189
133.625876 121.843484
1936.332541 957.253720
1916.342105 227.044699
1932.083430 877.645013
233.118919 154.366196
145.564228 776.323397
312.926613 188.472674
1166.868602 255.158231
359.305696 1540.767271
216.519816 693.400438
1067.194093 214.262434
197.212275 194.741373
342.444215 1681.026226
294.690250 1552.659321
402.899653 1752.456679
1267.476253 301.022728
1321.021299 72.097875
1207.365495 829.873663
231.569477 640.612949
1246.603150 1767.975874
1103.530224 1091.548631
1994.183615 1113.899333
203.096717 754.240529
1889.530454 336.888790
413.210921 1545.696268
392.020249 1597.734016
1958.671149 1183.717564
169.235177 142.728849
1926.229672 274.186385
343.551697 1623.987329
402.345982 1814.756374
1949.239050 343.586217
209.748921 695.145088
532.089359 1479.861094
1098.621627 192.216916
340.459955 502.953187
987.224196 106.048100
1784.433048 1327.120605
1481.637984 1856.798497
1831.665718 1743.880315
1873.591901 1805.610706
185.034188 1900.237936
244.543336 461.742468
128.461363 1735.729629
959.451066 36.292726
921.168896 136.053652
1707.762819 1302.101220
1121.032241 272.683103
892.489532 69.442900
1767.918234 1251.876986
231.774157 1698.288436
931.985031 211.249656
1581.325235 1857.231178
1460.928871 1930.804404
1854.658166 1278.771902
1010.293068 175.759637
1049.478000 247.369915
1429.744965 1801.409829
1900.485566 1207.276280
1386.163386 1867.322646
1788.045261 1683.372676
543.176667 1554.451598
1387.371456 956.547759
369.083201 1597.518508
741.813433 105.393323
257.781046 488.482316
793.801409 1767.077763
1640.998992 594.457304
339.746431 324.124323
1745.110243 586.422557
1406.082793 451.930941
603.298021 309.416197
312.914601 409.984858
680.778660 204.894857
877.302238 1685.567085
189.863178 1883.239381
989.664514 1545.456486
399.353632 496.670146
888.604992 1770.413155
1531.473903 642.030177
1699.444069 673.464058
776.755135 1702.109794
966.662624 1641.678030
1253.376882 408.599319
153.577321 657.204212
698.757073 1775.523101
1815.800207 1543.816162
96.317585 732.846705
798.065601 1595.467125
306.502033 570.937587
87.496093 861.891402
690.344230 1674.531342
886.445766 1697.974003
1541.674406 545.747233
