668.733327 8.684754
513.427616 353.371317
519.452845 1957.900438
498.568971 1945.092131
494.383374 432.274825
396.592639 1902.279607
573.466754 1907.092145
547.756871 1860.472706
477.705599 1951.073439
533.850919 381.983444
612.542247 1944.910782
565.353027 395.205830
720.280286 1997.639540
452.736261 1841.474982
498.692578 1900.808683
772.252778 1951.041892
772.971673 1965.236534
655.734186 1977.288652
428.244903 1935.916341
544.241728 1931.504710
529.962547 1917.721496
465.308047 1925.521733
746.938430 1986.800776
384.986121 1871.255819
713.637796 1917.332459
548.192855 348.541235
608.281434 1984.179966
436.597018 1887.451195
579.294141 1953.954224
393.037962 1936.425775
775.443798 491.062830
324.258808 71.079143
439.172266 425.596684
435.703691 539.460593
357.652458 169.097033
955.878900 1724.824190
445.578558 475.031446
442.840275 589.286098
570.951039 77.250945
394.892508 500.678783
646.744943 580.205305
297.685165 1974.696189
1046.605798 1564.630281
549.088216 629.633982
387.197149 516.436462
1017.088530 1516.913584
813.402124 541.203359
1991.059759 901.496812
830.563422 485.762389
329.379523 424.819942
750.129157 546.642987
883.635367 441.687348
1108.666241 1646.420759
411.037888 113.522170
467.547416 111.522917
701.860791 576.395628
332.829691 266.864794
366.585844 381.919778
353.244867 126.232555
378.587596 451.182238
1763.766928 751.974700
723.460101 1016.308745
586.278252 1071.081611
1863.510090 853.527494
522.439683 1014.023572
660.614678 937.499293
800.388341 1051.088815
652.088896 1032.052830
1815.556168 911.838677
1882.489535 988.601672
590.047768 921.571812
539.678977 1120.924910
522.364563 971.520673
633.457410 1124.901374
450.771542 1053.223353
1745.498862 1026.898836
1820.001153 1027.249461
674.561540 1232.313364
1836.456337 742.957924
576.632542 1161.779778
1904.882030 783.153250
564.924821 1235.131328
719.686994 1085.921254
1813.896195 816.038716
725.484807 1176.155921
1747.236174 850.075898
599.145023 1004.184942
793.627618 1145.491598
812.879941 1226.488094
874.292347 1183.424936
539.294387 1653.088155
381.588897 173.095750
690.947382 1832.130455
13.408987 1155.637968
1955.046849 1101.163675
47.827104 1053.314430
493.686409 1820.647721
518.212364 56.968183
634.800750 1593.730281
406.026872 1780.958395
685.809546 1787.878060
110.100108 1193.874490
1980.740204 1224.731781
477.549050 1999.691941
385.817274 17.484980
979.921811 1146.921246
84.638403 1284.431078
482.168904 1713.878377
558.062611 1882.558249
347.232458 1610.967092
915.920074 880.016497
470.724998 148.945205
935.101430 1048.080838
873.138643 964.898473
623.891026 1690.996300
418.009764 71.300089
969.201706 958.775089
135.129520 1100.772225
597.181611 1825.266557
455.525286 1914.639412
