1189.053413 1743.446035
1233.570113 1823.777510
1245.575265 2.862103
1222.330825 1909.451165
1259.915754 372.260487
1188.383182 1893.986661
1223.459602 1925.740893
1261.756329 1854.720692
1280.860935 1954.492984
1270.857349 338.168377
1198.911848 1952.155292
1314.674012 325.726873
1249.933757 1974.820016
1199.605475 1844.744943
1237.022429 1870.802825
1303.966419 1862.357432
1270.453265 1893.029303
1247.672001 1945.179265
1222.799173 1977.044390
1154.748386 1887.925486
1187.341376 1921.578090
1227.766432 1947.344403
1252.311874 1907.308161
1266.053396 1829.144093
1201.956530 1884.545602
1321.704494 1787.944798
1274.962993 9.339007
1152.103029 1842.855445
1289.560167 1895.270283
1189.525523 1797.489293
1404.171422 212.726870
1391.003801 315.719193
1334.421119 221.741083
1029.666004 273.132225
1359.782159 383.199941
1308.594161 582.247539
1353.986546 531.412154
1069.799897 198.128753
1417.253386 150.834103
1478.596033 438.073151
1516.234426 287.200643
1412.336207 439.401483
1442.857095 394.023768
1134.328529 58.115869
1265.608993 211.182721
1379.629917 261.749826
1488.019234 228.392808
408.525663 1015.842763
1443.581798 341.983517
1109.852440 132.738000
1330.150904 126.499071
1461.950682 179.228911
269.649881 686.361098
1413.318643 500.885675
1223.852424 105.651124
1311.931106 169.205424
1497.414427 341.702451
1483.913847 242.171387
1156.084705 163.098128
1445.572608 283.986720
417.815783 1051.371676
493.272636 1286.128703
447.108482 1463.229034
292.689666 1190.211046
510.146058 1544.053038
384.449927 1144.638284
711.285152 1443.283686
356.182074 1229.960876
267.501211 1457.470699
362.060690 1521.764759
311.330613 1088.981720
710.706087 1524.258437
494.155654 1361.705554
644.623368 1301.782295
369.138129 1443.684678
497.495607 1594.608317
650.717269 1568.889014
553.668268 1440.658878
252.122787 1311.781120
500.379223 1513.432648
421.551248 1353.443838
624.096242 1510.655102
444.153328 1190.182152
347.438537 1364.362175
588.314492 1373.937574
325.162824 1282.600802
434.741489 1550.649229
417.074561 1268.890904
572.905996 1583.314462
436.901198 1400.804307
50.074488 1948.119707
169.411736 394.225027
19.147812 394.779005
270.570093 1221.578778
1823.877109 1128.831226
308.194143 1133.458891
391.094507 1918.480966
272.603355 164.762165
58.952779 83.291573
304.522466 1957.596373
1774.372789 314.851736
415.643338 1330.248839
1843.096146 1385.794848
1991.814387 644.901401
200.894999 104.484369
1071.077618 1436.332789
463.246439 1421.363252
22.975220 293.177634
1996.923738 500.727443
1879.107278 38.168644
910.250591 1163.139355
219.296352 277.511820
1023.534327 1338.811244
862.861884 1245.512106
67.674618 209.031229
157.429877 205.329257
955.798943 1246.790934
363.113340 1213.514885
1759.816915 410.476598
1744.678793 509.353609
