477.020980 825.212594
1866.023570 224.430585
1109.649362 1693.761440
748.853479 1358.144299
1935.413817 196.822279
487.452235 746.667340
756.923418 1283.988628
738.764851 1321.391097
1161.861345 87.619514
1856.791360 185.447448
1920.294456 168.435198
1891.260088 186.200192
1253.540374 68.945410
717.759813 1292.567998
685.286621 1284.148780
1199.173728 104.366060
472.046577 778.341943
1140.394004 126.458823
509.474058 841.158801
772.840131 1317.614209
652.492987 1295.701821
535.123175 816.615851
1194.905635 106.772655
501.850076 797.711484
1207.808358 69.232551
1906.055027 212.199967
1199.117039 68.890608
515.728125 764.975372
1924.683100 249.550600
451.665273 746.485946
78.056260 360.529131
1316.831591 74.874121
109.360333 320.963098
1962.751648 556.755378
1990.297414 408.338960
1449.292129 87.492832
1911.899543 583.663990
17.842342 397.625529
1911.709627 433.701226
1966.181663 463.326281
1973.962594 507.180651
872.389541 1232.043996
924.480574 1213.529910
163.046618 424.560148
1987.457700 353.409638
885.685309 1174.325390
114.061943 401.832888
1591.732004 1976.572041
318.036885 1609.344052
1960.573044 309.017008
64.661830 426.681838
27.880458 438.657523
1575.460889 83.060114
19.537089 337.969411
3.399014 276.369211
4.565064 478.461905
1918.833497 508.962521
61.292836 301.269405
1535.971862 122.058055
114.474189 461.383926
1505.241037 1220.853601
1331.244091 1842.612696
1224.070130 1846.246221
148.580616 1416.404364
94.803161 1126.022633
1263.965630 1782.256635
1402.037992 1799.122504
1781.615020 684.740221
1737.038636 1263.158239
1860.490473 625.447076
1110.894721 1754.438079
1110.602464 1830.667225
144.510801 1220.709790
1996.756386 990.372366
989.070106 1717.490401
217.945059 1200.139535
1956.872488 558.777893
1259.595884 1905.969063
101.550841 1322.570863
86.509006 1268.028844
176.895329 1328.366320
1797.365903 854.788848
1353.224756 1915.044747
1619.737360 1244.594211
251.439674 1325.325377
1652.938777 1312.141598
987.544317 1791.232779
235.135320 365.376362
276.328095 1244.574902
96.114919 462.221974
281.305820 1254.423732
1726.529951 1474.751088
1634.851493 1371.413447
249.890937 699.074723
171.950162 648.678214
313.469287 588.682514
424.004588 1412.288860
1899.031414 1801.105720
1580.105321 1097.077142
265.949426 1491.438109
1661.628331 1145.986685
359.232162 668.117969
165.869969 787.033582
1754.653909 1268.843449
1801.328456 1416.543653
1809.700613 332.997148
263.969576 798.231925
327.714147 1440.930870
1662.832649 1247.951215
231.389242 1395.113796
1394.468544 187.554566
1826.641330 1917.850673
1398.528324 358.534960
1344.536193 273.372239
403.110132 1290.789105
1729.102720 1361.393966
1444.442225 280.881175
448.740275 572.392283
469.048653 1364.899041
503.193179 1455.307920
