1003.535717 1981.119550
1133.422520 101.772834
1288.674413 314.700404
1243.101552 183.081632
1549.477622 218.973090
1062.054423 146.555982
1171.526699 195.156419
1164.656349 128.609876
1289.945447 242.297202
1562.552980 185.891163
1219.867027 246.105125
1604.614930 172.190235
1314.666279 286.461672
1093.055133 123.469550
1126.928824 142.939146
1214.425035 138.391148
1209.149149 171.903640
1237.360748 215.324464
1274.863220 281.392252
1124.637940 187.040212
1192.373778 206.517663
1255.553537 246.046699
1277.853645 192.256757
1081.822011 52.615357
1175.204176 171.547448
1070.086641 1986.849695
1395.024447 182.891648
1055.862720 126.180495
1273.534494 158.763152
1069.245906 81.450326
1717.164758 173.633381
1677.120819 311.201982
1639.244527 123.943761
1196.501729 468.010950
1660.760255 364.173135
1606.337772 447.218338
1656.753359 420.428571
1211.636745 411.412336
1733.301662 81.852988
1796.743846 379.056267
1841.431398 286.145502
1722.084783 342.041898
1760.270620 321.186907
1158.267670 379.946418
1520.723594 19.800587
1671.724254 214.196332
1813.715963 244.418470
576.714825 1302.088122
1744.494674 265.409587
1256.693713 334.694982
1629.321233 1989.067188
1777.101359 137.685410
452.122588 963.719551
1718.560691 398.104575
1467.350298 1996.946999
1605.549415 39.753878
1806.887878 325.257612
1793.952412 197.098538
1418.200309 56.596105
1747.969214 217.158017
584.603996 1324.316700
671.694798 1549.087713
587.481692 1754.876034
496.456280 1441.023671
596.514776 1843.295744
577.142372 1398.576911
800.088554 1728.866222
565.276313 1472.583487
442.716801 1712.783266
478.634762 1797.373895
506.349649 1355.831854
846.324191 1817.630226
663.324784 1634.388116
759.341713 1610.131848
524.906338 1718.185665
663.664833 1863.296470
785.991756 1864.512178
689.886753 1741.158667
460.717547 1564.816407
652.857928 1797.870871
611.684191 1600.850818
729.310920 1776.034162
641.883398 1424.044343
536.337577 1619.304920
722.595688 1674.926474
530.376006 1539.097734
516.107116 1862.404795
598.378765 1520.278326
743.209170 1855.782656
602.444542 1679.293614
46.950829 275.257924
86.213246 710.562261
1992.542150 719.569645
384.401116 1532.417233
1691.789098 1433.423999
422.088262 1443.996466
227.273510 198.500001
130.971944 449.453606
1895.030773 357.126951
143.957802 242.577013
1724.138400 643.029288
578.626001 1619.488713
1769.025565 1709.426659
1980.388207 976.704720
57.724308 386.902444
1216.564569 1734.757901
628.732162 1709.179991
31.494154 622.522297
1985.415437 832.527923
1795.888762 358.879951
1011.358081 1477.847945
118.772395 583.138827
1169.021277 1637.236356
964.887449 1560.600537
1839.876869 439.481030
57.691213 510.189576
1060.271089 1560.598421
479.327680 1523.504617
1709.529581 738.646042
1694.379777 837.521262
