1539.122770 1113.567262
1674.975378 456.024631
1887.399114 511.641573
1776.947268 488.423622
1489.875223 1719.867288
1628.057750 480.154659
1615.463558 539.304548
1662.776895 488.091188
1796.724408 462.910940
1447.828394 1717.427140
1661.467355 555.632434
1375.440391 1694.233174
1825.082912 533.820667
1690.408397 488.117255
1646.611514 519.877876
1737.464605 459.215447
1681.449201 523.008564
1785.329638 504.821601
1763.529193 533.502481
1600.176788 501.968676
1719.325051 528.063290
1711.520076 566.809769
1819.161491 498.743637
1627.153085 444.942721
1649.107871 515.156939
1546.838235 1079.368088
1412.222989 1710.399426
1707.381102 440.242819
1734.110858 497.216194
1600.391501 452.158313
890.644787 1909.819270
900.501736 1978.701904
1536.788833 1271.509355
31.737436 604.592147
914.268581 41.996541
1514.826965 1803.278181
1572.688279 1805.031165
6.737077 558.146332
1645.431998 1598.381270
1703.918957 1909.212484
1671.715380 1853.892341
1537.851485 1752.578581
1557.193269 1875.477738
1952.649004 546.662066
1812.434752 1972.634151
878.346693 83.411009
1647.073784 1906.404686
1910.069867 1571.358563
1608.349915 1759.255685
1984.983178 506.036635
1835.264066 44.509873
1657.084041 1698.089664
1589.686880 1266.567112
1632.334890 1806.615083
1770.253244 30.135082
1789.782914 79.115971
1608.741484 1857.475661
1669.119311 1803.781097
1728.604008 1962.307019
1657.376891 1752.842631
715.822656 555.707767
639.964188 69.004443
529.948662 192.075758
598.202819 1783.580594
472.501416 355.886542
698.584830 628.589438
648.714697 234.066151
542.149721 1875.479034
405.378450 120.164270
459.784555 229.169716
644.341170 576.943248
681.671721 323.431227
560.009460 102.214604
579.772540 25.555857
477.705092 134.861769
456.318582 315.781909
627.458622 380.899860
593.178142 170.793350
515.803741 5.564697
554.634237 296.201385
483.394853 47.709558
542.594953 256.425810
806.218413 649.339170
400.646563 1998.300956
642.272711 112.725594
656.801459 1991.783366
379.190374 310.079615
586.745479 1936.534267
543.990048 365.547391
728.822650 21.116781
1914.605402 897.746116
81.602310 1337.039360
1898.658490 1349.835532
435.504472 1691.846093
1699.240351 1948.101691
443.179767 1470.837478
69.614336 790.850303
68.131986 1073.250193
105.467886 276.934317
11.344098 866.622296
1325.432718 1244.655275
527.458628 1739.579665
584.055318 1801.085164
1889.804754 1607.145488
1910.484386 1011.364374
518.042557 1889.222243
441.209385 1833.114917
1902.118408 1249.465533
1894.769859 1462.966550
10.524355 284.322688
1595.268456 1947.871493
74.765991 1207.172236
525.015222 1560.782750
1568.210415 36.069157
57.802167 366.652305
1906.182949 1132.986057
1657.995384 40.342971
637.396578 1630.052389
1310.778436 1340.265062
1295.623718 1439.139529
