844.956489 2.394611
1206.925578 242.723645
1312.468984 452.694597
1273.538349 332.215435
1708.473723 212.722333
1146.476670 278.514190
1191.827287 350.657574
1228.008323 272.913394
1312.509317 385.018256
1721.465023 181.179544
1235.582107 398.640439
1761.882131 193.099782
1353.169022 406.971382
1175.016866 257.982104
1194.502522 283.995724
1260.520648 286.096482
1238.168611 322.496567
1265.074979 369.804497
1291.614734 423.191296
1154.848654 339.052001
1231.085841 358.550764
1267.857346 397.167325
1305.135805 340.558734
1155.884443 190.685438
1206.117877 315.793749
910.605892 1999.552352
1535.217819 132.827134
1148.769697 237.745614
1295.604157 294.410817
1111.077639 221.732333
1873.828641 176.243366
1829.497295 274.937494
1796.667872 98.820239
1217.065011 626.684047
1815.857217 381.982102
1749.216703 482.987851
1808.299201 433.725170
1173.927917 565.280753
1885.722848 126.584210
1952.642425 385.334760
1999.489735 272.113436
1877.649104 309.854429
1907.248088 358.205082
1127.290719 536.134564
1665.206084 1958.945326
1818.213974 227.568468
1965.992182 288.654404
657.769843 1440.037693
1901.695459 278.397537
1209.982160 487.219918
1778.605141 1931.497101
1927.142053 178.699704
540.061242 1097.386275
1868.042805 395.055411
1604.296042 1927.570773
1754.010138 1980.554832
1963.783514 321.667598
1944.957321 241.429780
1546.352924 1971.125238
1902.875647 231.826692
624.053720 1472.886931
699.407552 1704.220675
645.699051 1899.735910
536.087485 1590.018336
651.181902 1990.809056
617.142723 1551.139722
829.569443 1878.732191
595.160125 1619.986193
514.450237 1852.308824
571.433735 1919.999421
556.149385 1504.055164
882.657863 1971.615737
723.044262 1775.549154
817.692984 1757.032691
584.106887 1862.995809
722.217104 6.369275
809.115173 18.290256
734.610666 1891.977496
534.145731 1705.818031
689.782787 1949.451639
643.381727 1754.867967
762.582417 1930.225670
689.020738 1575.943093
564.984662 1771.957674
773.017160 1823.881860
606.491827 1679.024639
572.263990 8.210829
675.905754 1654.228154
812.077710 1997.855404
658.541058 1825.586552
41.511059 433.010465
74.021930 870.097122
1985.713721 879.423748
451.956144 1677.040692
1628.132225 1580.215697
487.560367 1589.287578
216.129337 355.393748
121.555717 608.635518
1789.085785 476.351139
132.211208 401.354794
1699.914462 801.184910
657.899170 1758.469850
1733.328899 1865.393796
1974.881614 1136.609933
48.229342 545.814132
1286.678762 1878.577232
708.484317 1847.886854
20.034305 781.398662
1979.888104 992.432421
1694.293038 481.205890
1070.255133 1626.319563
105.564548 741.879089
1239.135470 1781.055686
1024.130794 1709.058693
1741.828667 563.776293
46.891512 668.318254
1119.275130 1709.180472
546.443113 1668.372738
1685.291272 896.799462
1670.139287 995.674349
