126.275499 370.508459
1785.125281 1663.532744
665.142384 72.147322
420.300049 1830.634821
1851.861687 1639.999557
149.691312 274.499749
444.069692 1766.162361
442.121078 1801.024654
605.660647 71.654535
1788.560501 1618.652331
1855.821246 1602.658651
1823.257907 1617.128012
688.700326 135.335010
442.133191 1800.198718
409.287108 1790.670026
628.457949 95.640212
125.783646 310.921867
645.829621 168.192694
154.843428 383.663762
474.966467 1809.142887
359.883490 1767.333983
183.552856 356.764891
656.526341 150.121445
145.434285 340.492338
668.735240 107.119718
1818.784497 1653.697860
691.920861 142.717752
163.774266 311.568970
1814.904648 1692.552474
104.833852 278.369089
1662.759472 94.088552
734.746900 67.215762
1722.504733 44.482049
1570.833175 942.043480
1511.610806 637.912855
870.982554 118.060202
1515.941443 936.306033
1621.733822 142.030477
1425.855009 745.954797
1472.078578 697.682454
1485.550757 792.626752
520.733321 1697.659302
569.175091 1668.038704
73.156485 1915.653065
1507.714418 174.693635
533.486276 1631.064685
1737.209443 96.325176
1016.157568 14.973792
548.535008 84.513274
1781.257274 1806.983452
1555.050753 598.252808
1532.812825 695.199747
1001.972596 65.750164
1596.725549 91.926032
1811.965236 1753.768773
1505.928583 742.231293
1424.512836 801.155644
1834.115011 1813.160256
966.184499 107.898414
1656.567088 511.457338
13.096420 1503.003057
1836.263013 1607.856736
1676.392846 1599.977942
424.959279 1825.540296
126.656185 1688.432038
1786.152941 1571.863838
1929.016089 1578.111191
1298.810261 1012.703408
96.682524 1605.940042
1379.936532 957.294555
1622.129615 1563.954520
1586.866939 1629.069942
343.693842 1760.208629
142.800963 1552.348199
1555.399588 1607.776858
414.388173 1737.375817
1476.852675 891.398072
1699.113306 1662.755816
352.554297 1838.267190
279.530139 1785.974083
480.413522 1795.698529
1984.255556 1403.874555
1858.838186 1682.731424
22.788688 1585.391890
564.708511 1783.177569
53.861278 1671.073416
1556.103398 1690.859396
1757.328815 701.169369
515.107263 1727.282921
1617.161895 796.376950
1816.502726 1253.959300
1460.647479 960.126718
1349.136513 870.928859
267.473632 197.300161
168.146101 114.486077
368.771734 170.894086
130.356099 1694.877674
1700.120842 1436.596649
1319.863458 579.034983
1761.863679 1342.068262
1407.649173 621.884756
228.552495 188.399659
147.374891 214.463079
1472.487485 771.006694
1539.772534 899.706898
242.776864 68.346849
343.059833 256.699680
1833.550396 1444.455277
1378.520275 740.365623
0.183912 1613.763877
960.933858 1818.647202
332.933732 61.989117
982.737823 1964.554547
905.830378 1899.414748
1920.686060 1487.161285
1443.564852 860.502927
1044.901505 1889.631317
463.240614 145.458448
1968.285974 1573.002528
278.653260 1781.289091
