1816.148032 83.973903
1108.312723 1435.793751
1191.760356 1508.704415
1937.418064 1925.089608
751.592272 1853.990572
1818.276998 49.271304
1968.558103 1851.623626
1946.158085 1890.204538
792.848424 828.772047
1146.740969 1460.303358
1153.352028 1410.005763
1219.635941 1485.622976
848.620512 920.513253
1923.034498 1857.723488
1896.599664 1868.902044
849.466913 867.251009
1768.784124 95.844462
783.095594 864.251760
1863.370496 19.321619
1979.300330 1885.446289
1901.570663 1921.046444
1885.390395 1963.020055
822.519667 884.210518
1828.274287 16.845144
872.254452 828.645128
1173.953580 1441.055720
822.429917 847.355668
1848.722694 1981.265117
1091.388466 1402.913432
1783.799167 56.983134
1292.362209 1565.634090
763.561634 958.556183
1192.298191 1592.258153
1180.957239 1659.501017
1204.566259 1522.466210
809.087474 1003.775530
1137.475280 1621.727033
1081.228847 1637.700641
891.354146 1063.212640
1132.440164 1569.771581
1248.902638 1610.878694
57.851780 1782.650402
115.819169 1766.974796
1277.338521 1679.763137
987.254715 1558.379293
75.799012 1725.786925
1407.920964 1610.114678
1358.830621 1825.490159
1394.272312 1555.645678
810.791148 1386.713632
1363.560962 1616.051332
1416.739929 1447.955358
853.949335 1013.702775
853.657997 1106.421652
934.971707 1091.710572
1304.965293 1623.995020
906.168657 1425.625983
866.072489 1383.298179
814.300388 1067.784093
1215.544179 1693.608629
1028.048938 149.841875
1476.970961 1922.985853
1338.824246 1953.810635
1139.835743 156.366062
1165.296128 13.264150
1403.676173 1897.241452
1567.657191 1934.251745
1387.928709 1947.332613
1112.284278 267.069148
72.951808 1989.241624
1229.207845 1935.697386
1228.355538 0.738297
1110.635248 18.204645
1429.299374 26.118974
1120.254297 0.602006
1322.725537 72.912466
1964.873059 11.260041
1403.591052 2.578426
1091.210906 99.101843
1029.891206 73.755821
1176.501356 89.747007
1341.563737 1992.947923
1492.179538 0.023677
1075.549589 199.181609
1236.332080 80.977347
1018.534549 263.663711
1207.792830 1994.600121
1636.336816 1964.890444
1381.438514 80.524714
1798.109540 1981.964815
63.113426 933.402209
738.410546 1008.611984
434.825070 966.479160
1401.473301 109.141140
1317.905614 62.900992
1423.098308 3.727509
176.083332 942.776676
932.380764 923.805693
101.314790 833.922815
1978.171795 1035.017258
360.143178 813.543272
1471.545095 128.410971
1342.589369 180.485557
755.684860 816.069313
827.214420 957.989828
433.031106 25.130465
1439.397911 218.596850
89.668352 1023.006046
390.386425 903.255440
1955.595198 940.518919
431.138008 1742.669772
859.755338 991.167614
432.388446 1909.962122
381.313107 1828.884632
192.049428 848.678545
738.150382 909.932569
476.234548 1825.257312
1523.810269 31.261995
271.818836 903.894853
304.671239 993.968584
