760.178411 1557.363106
750.421060 1712.798608
186.678485 143.048181
186.444551 54.335713
881.367955 210.859994
132.942442 46.517890
175.218387 46.279532
258.869900 25.074955
228.636801 92.975868
890.791638 179.216836
151.939718 102.352718
916.581619 208.504828
192.318996 118.617429
228.275929 14.179848
172.501982 38.556236
257.840611 1989.449037
220.796465 43.853787
253.566051 122.800595
149.126561 127.149449
115.738180 93.641549
117.262149 70.368045
180.165130 86.327361
219.499962 64.646433
910.073356 1497.121307
225.091650 1986.619849
805.718080 1742.297242
232.368802 147.087339
191.656986 6.189391
185.804328 122.203403
878.003058 1510.924262
1110.123816 134.400315
781.296246 1418.698038
740.502642 1496.590501
637.056585 1585.883331
747.553279 1590.114826
1002.414308 346.266797
1231.975940 292.950798
600.937635 1537.328120
1127.345062 1993.051170
501.176963 528.208000
935.508636 296.003945
849.836136 1417.176910
1085.813455 340.912093
541.864428 604.414860
682.987926 1542.092943
1054.983240 297.957780
1112.465029 297.335761
1170.410267 908.663068
1100.104837 239.048387
560.561285 1500.802988
1039.488499 248.793373
1181.186504 3.370516
926.386942 644.601887
796.328673 1495.703694
877.716524 1465.681174
991.681042 288.083222
732.015112 1443.929781
679.831190 1456.017900
736.431592 1522.211731
640.187466 1500.849606
1382.725079 1245.279301
1415.294759 1348.817045
1218.478354 1392.289781
380.114917 980.477845
1255.388117 1460.548409
1474.657425 1117.125839
1250.559531 1720.056262
1274.986490 1341.167212
225.349184 1132.421463
283.357521 1197.848721
1424.412416 1064.449917
1243.943952 1584.362820
1359.758388 1104.737120
1325.862902 1433.852311
1322.413110 1170.962050
177.391445 1249.653720
250.936526 1265.897708
1176.253369 1712.259621
255.741654 970.155575
1319.201406 1500.995091
314.029015 1017.418060
1097.700155 1724.130872
1340.343660 1363.850624
250.747375 1053.926949
1319.005819 1587.708008
1314.132556 1276.113806
1238.535942 1273.746204
1398.896400 1462.657226
979.833133 1996.666263
296.409389 1111.511255
316.379815 1597.850756
1334.118713 246.235920
159.126892 1974.838748
1088.349352 1124.716573
1010.736708 1030.999076
1106.710324 1032.314615
1714.568611 1901.372778
1341.840710 3.217027
288.429017 1713.422489
1393.001155 1786.821398
59.846832 1906.799589
1246.879455 1194.014968
1150.343502 1199.963316
75.927594 202.349258
1273.056137 1936.964295
0.083320 1239.492510
1245.032265 1302.615927
147.711020 1867.835069
174.091689 81.547399
196.766073 1700.707769
1898.646428 969.670444
1339.010416 130.750262
1952.540981 1141.970500
1858.139052 1055.506734
212.891493 1801.171108
1278.846333 59.482745
1953.737024 1047.233405
1179.199250 1102.585212
74.428574 1.787638
74.767757 99.563522
