1224.798392 490.461112
1412.775431 1661.808505
986.058414 1823.862743
1009.146229 1854.191306
1733.272441 1332.155188
1137.012610 491.388221
666.362238 1067.594320
653.765364 143.548284
968.863450 1763.247507
1479.199492 1621.911612
1733.002420 1298.594949
1447.908183 1605.593604
1492.143725 244.244599
1300.118510 330.847388
960.669339 1876.205019
961.472113 1849.285247
1206.779427 461.247600
1456.664914 244.437634
1462.687165 281.181748
1319.706516 302.940122
614.819092 150.568946
1349.912482 321.293936
1281.943324 362.748326
1235.669807 442.445091
1800.415567 1283.203144
1698.537562 1339.453279
1773.645798 1321.680792
1258.760846 394.459548
1500.466155 1650.212440
1167.863095 403.104643
1775.269360 1422.100032
1455.100464 404.597465
1420.749401 231.799462
687.058418 199.282836
13.850408 377.847986
1548.269085 368.482537
617.999151 197.561849
1791.135659 1484.177767
1958.602146 447.344866
1854.173823 1406.717803
22.667759 505.205148
719.928505 945.515058
1712.812763 1310.300022
561.128114 263.140765
1382.696912 366.445018
335.107773 1593.734153
1426.443081 1861.916917
1417.148876 442.179396
1345.618142 610.844468
1540.960332 1593.282103
7.521898 345.091623
56.322650 395.695380
1129.646867 1364.029756
1686.037243 1464.192355
1704.344878 1400.453434
15.211925 439.548822
1901.670767 503.244656
1740.860082 1466.566121
1493.592851 364.123465
1821.351085 1315.450695
1950.137850 511.217517
1194.838744 865.146482
1842.235724 352.461310
622.319706 957.117237
562.436156 1844.752313
621.554061 1301.178754
661.007289 1363.340403
1084.885276 125.178634
1096.193783 830.355428
660.672986 1238.128146
1820.728481 270.438891
1793.396339 404.503216
554.540481 924.148102
1951.311076 616.708503
1770.422617 322.581027
511.298711 788.142936
1569.326582 1601.173513
1781.252035 499.063010
654.445934 1902.824599
548.268201 1970.336346
659.629168 868.679250
1862.896194 460.485066
1883.148948 577.221914
518.669980 1783.835222
709.176832 773.980605
463.155853 1845.125264
574.792444 1241.477009
32.877028 311.085581
795.397653 241.879292
741.013414 1245.899177
1012.139821 1268.863783
1087.944494 805.051290
366.293970 961.639575
234.986991 70.410248
1164.614825 638.900389
446.047314 116.322860
1396.142141 242.282622
1225.460028 1649.214366
1141.320431 726.910882
1099.695111 1448.645216
576.028322 831.035670
1117.830386 1891.040782
779.291163 683.597472
1233.973742 874.709766
458.739296 967.435249
32.093641 1008.003280
44.071457 108.148445
473.243735 862.700782
733.515543 769.945274
1866.318205 1074.023187
617.748782 1970.680403
440.832045 1272.632203
1093.948453 127.009136
529.993739 38.770329
640.216512 741.987320
1112.383229 896.302347
332.244081 116.139883
384.138254 828.861129
499.612109 888.652190
1442.478892 147.638893
