1540.349135 1121.472705
1682.553535 458.574735
1895.264064 513.104755
1784.915174 489.089924
1497.121386 1723.257440
1635.849482 481.949203
1623.445166 539.779333
1670.640301 489.539747
1804.543898 464.580391
1455.051083 1720.866985
1669.304319 554.026349
1382.688627 1697.618804
1833.074945 533.578007
1698.325660 489.234589
1654.348624 521.908006
1744.700844 462.616674
1689.420343 522.331562
1793.273841 505.727760
1771.290545 535.424173
1607.808695 504.353099
1727.293258 527.400591
1719.509105 567.136734
1827.120901 499.504737
1634.815918 447.225805
1656.797660 517.347517
1548.006741 1087.277961
1419.520960 1713.676468
1714.428205 444.020361
1742.100686 497.523029
1606.785323 456.959409
891.246785 1917.796587
900.803198 1986.696222
1538.501856 1279.319415
39.205562 607.460438
913.399822 49.944921
1522.042996 1806.722071
1580.240717 1807.669275
14.407125 560.405061
1651.630718 1603.431751
1711.556091 1906.830437
1678.515326 1858.098552
1545.082705 1755.996964
1563.700090 1880.124541
1959.708125 550.417103
1820.083043 1974.980137
878.241079 91.410312
1654.576855 1909.167910
1914.122618 1578.256041
1616.306958 1760.041152
1992.516426 508.716496
1841.531497 49.474830
1663.907489 1702.257642
1590.450005 1274.526329
1639.738129 1809.635604
1777.901667 32.465986
1797.672929 80.411790
1615.791940 1861.246941
1676.278836 1807.340968
1736.314633 1960.178123
1664.154653 1757.084497
722.930099 559.370516
637.205475 76.509174
528.048135 199.842320
595.083550 1790.947417
467.547142 362.162421
706.346021 630.511777
644.730239 240.998364
538.184482 1882.426441
400.359458 126.388514
455.067963 235.626127
651.758990 579.927780
682.685514 331.362413
552.679347 105.408493
574.185894 31.276073
472.723410 141.115914
451.746295 322.341305
629.220095 388.699135
588.678022 177.402466
510.361104 11.422101
549.619290 302.428888
475.557843 49.294725
539.670017 263.867331
813.675866 652.235097
393.021891 0.722601
636.209774 117.938298
650.615218 1996.849125
375.999145 317.410887
583.056918 1943.628349
540.862449 372.906033
725.108993 28.197758
1914.322491 905.741112
82.039133 1345.027425
1898.383344 1357.830799
432.832748 1699.382232
1699.961082 1956.064858
443.960197 1478.799310
68.253778 798.729413
68.550159 1081.239257
99.571260 282.340762
10.960256 874.613082
1324.220695 1252.562929
524.681347 1747.077545
581.573556 1808.685976
1889.529425 1615.140749
1910.205517 1019.359512
514.287898 1896.281565
439.824055 1840.989709
1901.843096 1257.460794
1894.494528 1470.961810
4.875957 289.981937
1597.876492 1955.429908
75.196923 1215.160621
523.036340 1568.534138
1570.298267 43.787471
52.541513 372.673684
1905.906307 1140.981273
1659.144226 48.255723
633.387172 1636.975148
1309.566412 1348.172716
1294.411693 1447.047183
