899.542595 904.295360
589.924033 1722.387732
286.963789 1675.299261
579.799559 1948.819585
1461.839447 1300.265827
903.205017 988.975206
134.374470 1513.652367
649.942633 47.085785
212.728367 1649.831239
972.927447 1508.376191
1214.356934 761.773435
993.089562 1429.847654
1715.764318 1628.309352
578.722818 712.326797
540.935782 1920.952454
227.404304 1753.815193
580.065536 941.975503
1760.295247 1709.584651
1821.590529 459.921116
1024.208310 36.623417
1973.857708 73.109403
1059.036110 481.340798
956.432515 739.300125
735.484089 917.479257
188.545281 678.636476
1415.266476 1696.416035
80.359300 712.845790
863.021452 814.299765
777.969485 1726.437102
601.947371 905.381203
37.557618 715.101768
862.923373 1771.156037
785.738123 362.559154
644.774168 627.927731
1378.707259 963.842685
1852.731049 440.500466
517.183426 1925.673187
106.654410 794.473864
106.279575 327.171604
63.079738 1375.087459
1643.223342 1009.154227
296.117559 1435.272490
1095.141262 985.549341
12.121486 10.690186
750.576017 500.837485
1472.423643 1448.480959
1762.024207 1715.181555
810.529239 1838.152950
1256.937694 226.474912
840.598493 1623.350933
1367.946526 912.112154
167.994405 928.836290
316.949026 1659.468572
1288.620272 1580.470676
1148.977761 897.506706
246.002122 360.396169
85.751933 813.094349
1426.996746 1535.707869
903.366989 1740.167005
208.337116 908.983981
617.855310 394.765529
28.204699 1062.332937
463.298580 375.740708
1338.754223 468.631192
1929.498412 1991.946017
1451.961993 1079.523833
1487.823151 1140.657396
1935.048692 305.189606
1878.284775 1190.528737
1246.965412 897.836402
400.109870 419.883486
459.141305 555.217443
1246.118661 397.036740
590.369364 482.981672
378.875528 944.345273
278.311692 35.877683
759.998539 1946.699372
484.177557 886.306504
65.691350 330.251979
1827.967836 377.015992
1317.176824 291.858830
532.380372 558.200755
518.651850 413.887547
1701.516731 1648.384635
705.367250 33.357457
1850.172069 1882.585884
1155.705649 1028.188827
534.776090 729.768777
234.043186 1564.176436
1385.682752 843.256309
392.430137 688.329829
1816.849780 948.852807
210.905027 179.803854
758.335016 1380.734072
1872.246454 668.320542
982.802461 1588.523363
644.250295 532.030831
1844.952087 1527.296031
1875.611430 863.060758
646.456531 1040.031564
798.119653 165.459299
1996.001026 1907.608869
1525.370098 575.381171
1907.628419 702.255267
260.694239 170.814367
389.545283 1568.512708
620.989273 1443.644244
634.701682 106.627871
1460.521191 1000.431978
1994.317183 1879.610702
1213.202783 52.680880
479.020850 1212.983125
397.259837 642.083123
424.342036 1908.967764
1362.792017 868.735514
1873.247424 1173.888500
889.085744 1570.326857
389.689022 6.740047
534.939418 154.026709
1400.224632 1969.689693
