383.074242 516.433360
149.199922 804.312978
314.840349 509.065172
301.068271 476.260274
191.481546 895.407251
135.795697 442.096743
303.785870 427.380919
314.584597 392.958562
260.380762 497.022819
169.869764 833.591360
329.685261 450.452430
201.831208 845.181226
392.951218 473.585782
280.800496 401.581496
226.370855 416.415611
397.946556 383.042634
459.054988 435.531065
358.796200 481.731540
175.572168 475.756117
277.744271 455.663409
256.482589 432.839145
173.429738 441.328740
423.658192 457.334824
127.605438 405.983237
352.596634 381.438637
193.322780 804.469243
348.802572 515.887250
162.819361 410.869600
323.546579 487.085341
137.616817 476.645078
348.665525 903.216299
1930.802719 503.358289
1929.230615 684.620394
115.496188 1016.494677
1957.852223 610.053699
1554.484376 1650.646687
175.244788 950.277205
56.832476 999.068860
429.810932 634.933366
209.152749 996.053688
267.953895 1022.483528
1944.905232 438.694214
1623.329523 1647.041843
158.662694 1063.308959
72.042004 963.813881
1592.073188 1601.299479
394.618010 951.330362
297.042451 1422.256442
403.251007 895.997349
1920.134809 852.862559
339.075932 961.117373
443.505406 846.523767
1712.370097 1653.770623
1997.782979 538.095177
52.441140 532.979587
324.842400 1013.320679
1883.728921 630.804811
1926.027286 752.664158
1943.960358 556.928059
1977.271656 880.717298
1860.269248 1328.251788
371.803959 562.711503
181.126304 648.814804
1994.505144 1440.474624
135.293641 569.590902
266.929885 501.368490
362.340802 648.174633
278.107525 591.658211
1947.432370 1499.521948
65.303050 1561.102251
195.874019 488.307929
126.264944 714.181586
135.104964 531.079235
228.172916 696.048802
61.601089 613.039536
1929.078538 1598.356124
3.671129 1600.147865
259.011730 800.392928
1935.137837 1321.577444
185.175227 760.969693
1992.598328 1360.802524
158.864621 831.192548
289.376675 667.901458
1929.112521 1400.149364
308.085834 743.368139
1859.857668 1430.195052
203.038130 575.745055
377.087076 714.917671
364.735046 823.942858
425.866816 781.296457
783.693717 92.091195
128.960120 719.085052
556.245512 387.967329
302.004488 1648.457191
192.726044 1622.108796
308.247353 1552.418715
317.663567 386.510868
268.224083 596.624954
676.601243 174.954588
232.120509 347.423995
483.205783 327.299717
378.281206 1714.206396
283.451815 1719.166594
341.821397 546.735359
212.221556 523.585050
1244.602890 1689.839220
385.702789 1808.049484
612.765080 278.569638
502.103398 462.481860
580.212937 155.409474
1174.029689 1424.015408
221.155132 689.180544
1197.413261 1592.145406
1131.451634 1509.441140
742.320467 252.976848
163.988783 610.106001
1227.544688 1502.200800
388.704189 1616.744115
411.073067 385.423555
413.469244 483.490936
