790.042467 762.362880
866.375135 1801.441150
498.154375 1592.307381
505.655950 1717.444957
1342.177441 1411.342977
715.731993 842.886374
390.151157 1500.324138
491.940893 1846.060406
468.451968 1599.338959
970.997683 1766.656076
1245.066384 1041.012583
960.875990 1701.637190
1817.018726 1902.052392
817.545515 548.031685
467.056019 1732.570668
467.029160 1630.355322
712.323263 687.020263
1846.479537 1988.576170
1905.455400 247.603450
1180.161364 236.021733
198.343390 1937.957472
907.179653 496.790959
823.928494 632.141206
748.495122 648.733901
217.267403 947.109983
1313.878374 1425.629000
171.471393 974.963866
786.968029 649.912551
1010.153496 1896.257539
707.817130 641.590639
1878.259014 958.501886
1071.462712 1974.765697
980.444835 426.429964
816.694393 494.331755
1605.907987 781.716217
1901.579537 240.212013
467.169120 1726.540154
1980.595140 1032.565235
76.950714 610.793678
85.296786 1094.201008
1656.939848 739.760453
453.588298 1469.735331
1297.293563 1185.064584
287.303291 1913.022516
955.523351 494.945758
1757.565443 1483.330994
1848.208497 1994.173075
1027.194910 23.148550
1173.948957 506.433604
1021.841473 1830.047615
1593.880684 728.253265
194.134031 712.410168
599.558088 1618.489747
1262.230098 1299.907055
1320.673885 1129.624332
139.218266 626.411981
211.833576 766.050809
1326.302632 1274.459164
1109.976715 1937.103762
1996.565773 876.619250
485.959502 647.094257
1751.102423 1053.929950
361.121247 564.706555
1087.587030 606.782569
88.701249 92.226801
1198.287134 1207.919175
1238.149274 1273.354116
1655.924642 265.385774
1635.817127 1063.916227
1222.399002 1106.362082
297.803199 593.152516
278.216633 678.190139
1023.206469 577.901638
471.809614 731.868197
184.835578 732.145013
371.765279 283.444235
1028.548299 1832.047610
233.995448 742.935135
123.193127 114.839403
20.431391 207.004531
1115.356779 502.450265
355.995172 671.992574
406.089406 664.670369
1963.179724 1777.985863
851.249006 286.305106
36.193612 71.968826
1151.675244 1148.119095
285.459277 683.587194
420.310805 1789.050566
1297.810409 1060.630802
612.034282 837.981482
1591.660061 1084.168879
176.273575 446.110665
577.402226 1603.852374
1653.641714 813.956296
766.091860 1640.494394
888.707612 416.466407
1639.393359 1567.750751
1647.793200 978.426214
796.849332 1175.617003
534.309978 278.166743
1705.809608 1895.983910
1300.995266 736.766635
1699.215613 896.796572
276.826841 438.863376
263.201232 1467.014085
429.557452 1664.138820
418.595474 292.389600
1210.791839 850.116311
14.682229 1621.467068
956.059680 1983.696138
466.349110 1232.775773
636.568246 496.532270
712.210950 1957.911489
1090.388687 763.566955
1595.057308 1184.498647
663.279056 1640.199498
328.664975 260.120186
351.107877 361.346650
1394.925185 2.514784
