689.057280 1083.176801
1929.234354 544.743959
1370.805004 1476.051240
965.229616 1099.471880
1989.936331 519.166439
688.284552 1018.842076
973.991767 1025.287662
961.126179 1066.063685
1498.669151 112.012422
1906.876858 509.653781
1971.732948 493.198210
1942.116587 512.302370
1586.227409 137.044899
938.924614 1037.001111
903.785760 1027.972898
1527.885816 155.736748
671.443554 1051.143111
1475.839214 139.201770
738.729178 1057.587667
989.120770 1058.564816
892.236582 1069.377357
768.658787 1009.717971
1521.797573 158.406716
716.963647 1051.505917
1536.342203 121.638449
1962.603634 537.569138
1525.302918 124.666532
724.482606 1015.907953
24.920449 571.029164
652.005125 1019.009282
292.456718 613.498477
1646.580936 157.297482
340.967374 549.792769
199.621320 754.297398
249.372447 606.082545
1774.680289 185.860025
190.183361 678.976858
135.716326 654.201123
142.465945 574.816898
251.094876 593.020946
252.366575 664.607339
1081.831015 965.044045
1133.957891 948.418571
315.269958 704.273149
216.406907 557.708262
1095.937085 909.827829
353.806962 621.260758
1924.683138 1907.698661
114.276128 1337.164784
201.572657 517.525525
307.782360 650.294566
298.339719 580.455457
1892.564635 193.590356
280.329947 529.563826
266.381032 455.097403
256.173135 681.513697
192.131643 636.134652
321.176512 483.884916
1852.677601 233.745898
263.673118 750.669881
1212.552652 1047.840570
995.213170 1799.092393
886.740057 1809.987339
140.436638 1076.650400
161.640449 827.826007
926.746526 1746.199221
1066.505920 1775.142304
100.692290 599.823625
1423.731972 1138.865161
139.475884 431.110244
772.684213 1760.249751
772.276930 1833.540847
134.485133 882.445406
137.986779 708.238336
653.819612 1763.072298
216.008868 863.062282
235.557455 364.009980
933.340818 1865.312130
88.937772 984.731142
76.242798 931.558768
162.855378 989.537893
70.483590 667.379622
1017.224835 1871.447835
1315.095807 1093.816941
236.834882 986.554402
1352.154375 1159.205804
652.642570 1839.310040
513.310340 169.880434
274.861483 908.590915
374.498854 267.023668
591.099748 1352.548086
1877.830647 1775.282974
1790.234140 1665.749600
375.125654 999.886791
293.675042 955.338136
405.242878 882.718119
702.711604 1397.446495
1613.610567 1985.617156
1723.215144 1401.407190
534.817476 1544.654500
1803.885379 1452.425971
472.708852 970.333503
303.211502 1084.115828
1903.399474 1564.664773
1956.396953 1715.148871
1749.417724 622.891989
397.777414 1083.294177
626.104409 1469.089152
1807.359401 1551.260524
542.033408 1421.307207
1634.326773 424.662533
1516.338149 56.818064
1641.723760 588.751117
1587.768862 507.117894
723.578575 1270.034309
1884.345143 1657.523229
1690.733545 507.782221
513.812140 894.836528
801.987282 1323.160907
835.634848 1410.179341
