641.161736 1732.583502
540.785552 1949.877357
151.097136 1751.732436
267.402408 1679.207802
542.734184 7.522324
164.737671 1659.874352
219.049207 1654.371556
274.402117 1633.463005
208.607646 1718.675511
550.748835 1982.970264
199.895043 1711.312233
586.145254 1985.707166
248.849311 1731.236759
219.653139 1620.397358
199.692054 1649.483743
287.922327 1605.056235
235.403260 1652.063182
216.446734 1743.271358
121.738550 1742.425927
150.574708 1699.589882
184.886209 1686.901940
233.955060 1693.044277
307.265947 1682.806601
1272.655966 1383.583486
244.875989 1589.322730
578.001441 1951.161040
190.992591 1760.538267
172.845568 1613.601421
179.058946 1732.794687
1244.189828 1407.449616
796.501882 1933.345273
1105.258297 1439.319352
1036.227681 1569.181209
980.180667 1644.481366
1115.675307 1542.106824
726.603758 77.466829
1389.725405 1984.474395
924.818221 1640.933524
754.776875 1854.872546
311.629514 171.571119
640.265507 28.976535
1163.036319 1425.195420
800.077661 84.781276
370.929559 238.358484
1014.448874 1599.032889
759.652357 43.724964
821.478417 36.374801
965.746348 560.340401
812.557574 1990.549828
888.743468 1603.385957
758.096739 1976.004330
800.226234 1887.076756
704.341841 307.093408
1147.467010 1478.654739
1204.017208 1462.639238
699.919664 13.552243
1051.902201 1541.300741
998.112497 1529.957092
1089.599169 1491.979616
966.899531 1590.176067
1540.608946 1615.051429
1564.957315 1719.360752
1335.482013 1767.539348
401.473721 581.440492
1259.936574 1850.636844
1593.828489 1492.914540
1347.627349 28.653940
1399.620040 1721.001929
247.198698 730.190559
295.937311 798.321049
1528.033540 1452.381210
1165.286645 1970.436036
1463.970513 1492.486096
1402.130232 1819.637008
1416.780593 1551.928244
184.816140 846.750917
258.887689 863.004951
1248.508390 39.892489
276.007579 568.387559
1324.841310 1890.434013
336.221530 615.136573
1166.545811 55.954922
1480.093502 1739.284740
269.084129 653.132958
1302.599139 1981.578743
1472.202368 1645.971677
1396.769980 1642.559260
1484.226097 1840.580057
1370.150937 100.005750
320.239096 709.353706
314.434594 1244.741088
1527.943928 1891.767605
213.258544 1583.841959
895.231069 791.096605
836.527056 729.336390
926.564216 692.315521
0.374881 1615.836832
1590.361524 1686.601941
284.708394 1332.134867
1644.723583 1471.589506
148.340551 1516.543073
1043.300014 847.240151
949.088690 851.771683
89.831741 1798.588593
1520.586129 1619.562143
1823.044983 876.348700
1043.658072 952.381099
238.224806 1478.705794
174.203932 1686.286666
189.272955 1311.143244
1741.921821 599.544304
1534.546356 1780.082490
1775.505419 778.825336
1702.216829 685.340265
306.260280 1413.145431
1472.649756 1708.697339
1795.455140 678.222842
999.458664 756.388746
111.948355 1615.024661
59.433529 1703.688537
