1703.243084 1079.864514
1794.680635 1171.735883
1814.483724 1332.984541
1843.633228 1263.574613
365.526876 326.806860
1763.998792 1223.102808
1813.917751 1257.848388
1868.061043 1206.375378
1903.022547 1319.554395
376.461551 292.493027
1756.608910 1295.351788
425.103640 305.101550
1825.608050 1298.900512
1834.841835 1227.444363
1838.349675 1227.911960
1862.484589 1171.078664
1872.537399 1240.793310
1873.528773 1305.041408
1786.396068 1311.919654
1758.817398 1255.383334
1794.304394 1283.688944
1776.491862 1251.324096
1862.237283 1270.113633
1765.662691 1089.859115
1804.786805 1224.346431
1968.721592 1152.431557
1852.510993 1342.146309
1739.521554 1195.280576
1913.091436 1259.948708
1698.004366 1115.172794
582.763514 287.046958
1493.989380 956.377768
1440.896995 935.689489
1294.316572 1049.520495
1370.610019 1016.224009
491.086712 409.294845
1536.017284 942.791157
1243.696635 1013.203199
541.279837 245.255017
1620.375890 872.181159
1604.937691 824.920041
1578.910350 917.310289
583.849382 393.181226
1724.676409 1387.290667
1345.351071 965.877473
538.871431 350.603294
615.125269 286.827160
1948.538438 232.978948
594.154555 334.754927
1266.568828 963.991294
526.749090 297.720379
595.553366 237.354198
1770.598020 1927.802439
1549.343106 1002.288815
1725.409556 1443.304760
487.926461 336.525628
1500.615094 903.675649
1357.240604 912.499612
1400.822884 968.260378
1302.599489 923.177993
413.745631 256.075475
472.749397 454.438129
351.434131 611.506745
210.183100 368.902539
353.666778 695.227600
301.424660 352.101157
604.813586 638.331422
346.211239 391.566859
214.363645 613.413808
244.623929 682.091593
287.278923 280.280979
455.046807 730.850973
321.460079 529.354825
387.367639 536.463676
342.084331 626.987828
265.005487 752.011823
335.403089 777.597562
532.214223 617.781447
193.855862 469.118625
419.628891 637.787210
247.094477 525.972301
470.423029 656.081051
413.882851 357.099640
177.109285 551.112151
471.417474 574.081748
273.846428 428.996985
296.233623 681.130134
419.986563 509.597249
389.810201 749.275834
279.527273 586.609681
106.239864 1043.436382
597.199083 1593.917432
35.123660 1488.995655
1865.351997 442.203510
1786.500105 345.650324
1882.419217 347.559919
839.842712 1138.667553
736.843232 1394.311760
127.595404 1180.291318
751.709270 1170.237590
1910.534976 1417.119561
20.648165 515.355879
1928.292887 519.169326
23.064302 1737.439312
665.122093 1333.398740
673.179573 620.158087
10.652957 634.201807
43.096745 1387.922252
29.775554 1593.322519
38.543286 1146.947131
526.733493 349.493117
692.633707 1511.324124
625.636285 522.636539
478.951880 433.554515
93.080983 1307.214248
632.182461 1440.238324
574.701044 433.550393
1956.966129 419.593302
1896.889041 1512.882572
1882.243574 1611.834845
