1563.472404 1248.667587
1629.684990 1337.918928
1635.143260 1494.137870
1668.637290 1430.400964
607.359436 353.717394
1598.923374 1389.802237
1632.612825 1415.742203
1691.513243 1373.503738
1718.971672 1472.936229
617.990372 321.586804
1575.567923 1451.589181
666.327214 340.845610
1665.172603 1472.587247
1662.157431 1392.004267
1660.773553 1389.239287
1685.408771 1337.971886
1695.941075 1406.935741
1687.536699 1457.870651
1609.080962 1474.637609
1608.792728 1427.829732
1628.718313 1450.315715
1645.651455 1446.594957
1675.563629 1417.665814
1655.716434 1307.640160
1629.341771 1386.604071
1784.562730 1312.357415
1678.024011 1499.902032
1574.107876 1358.536386
1730.149659 1414.723913
1584.127953 1310.406102
797.839266 362.634366
1342.666759 786.007803
1288.114132 752.977146
1203.188690 826.878610
1261.541599 804.447757
728.749537 448.975497
1311.156564 852.851014
1144.577623 795.034305
779.917185 271.543177
1395.557989 792.889230
1404.174811 720.274501
1356.184249 831.998401
810.224860 433.391304
1561.412851 1565.624274
1240.247980 748.857241
768.287701 407.512808
847.777094 333.742497
72.147340 443.352044
830.105572 379.877033
1166.011509 745.401291
766.869895 323.431923
826.970719 282.899620
1904.704467 131.644193
1330.089630 908.992416
1556.322446 1619.218231
721.838418 391.363520
1340.260582 730.411164
1255.478843 691.928555
1293.112863 756.217539
1202.085588 701.809898
302.205524 464.686801
349.368338 663.502184
318.897375 849.194106
134.127350 590.825747
364.816628 923.934613
204.599504 555.922477
524.365953 854.912623
256.559045 614.849472
146.316492 841.706207
195.269168 907.527754
204.072948 483.938914
465.599133 966.658720
268.688124 764.185842
342.599193 767.947178
232.038303 825.410091
285.710093 993.952403
354.415600 1019.676990
448.538923 817.614654
136.253412 692.747886
387.472092 876.266728
195.037402 751.532354
460.144773 891.693990
326.790625 578.789308
109.966055 773.466900
347.717157 775.152494
195.703710 654.090629
283.103318 916.550035
269.667847 658.886962
407.155724 984.681394
242.180046 816.424182
74.982630 1285.423470
480.136329 1808.002255
25.098342 1732.789433
4.650298 640.628636
1916.654404 549.825174
16.273206 548.877425
727.663136 1352.886289
625.074360 1609.558806
102.354539 1422.368709
640.076994 1386.486708
1874.255930 1658.407389
119.353243 736.536753
1991.237310 738.531227
14.666748 1981.294763
553.888678 1549.089277
780.103717 839.482566
132.274994 845.729772
30.812565 1631.611641
20.572482 1837.148857
11.969997 1388.881884
635.175915 566.249240
571.592175 1720.435743
732.560427 741.961020
583.023426 650.977502
79.565569 1550.132505
506.801127 1646.861138
682.304917 649.516859
54.206927 640.007473
1860.223364 1754.111969
1845.276827 1853.018301
