1716.639865 837.572774
1870.042554 1946.494451
1207.635212 1515.566297
1330.468479 404.762569
1933.743237 1927.597882
1703.021513 756.735693
1023.872588 546.115449
981.112789 550.460285
1176.710893 1533.157340
1893.766430 1921.087870
1914.299362 1899.327926
1853.841046 1909.007452
1800.923940 796.640109
1770.443928 756.401941
1303.115682 417.078658
1233.768356 1593.163423
1693.846880 813.076319
1769.046548 790.683326
1793.558111 831.319742
1788.302488 725.567662
945.820054 555.586670
1748.267865 823.517005
1753.600773 787.962173
1728.342539 808.724258
1946.230980 1896.263218
1907.632350 1933.979965
1945.214117 1932.805010
1745.652508 775.736991
1930.501329 1964.329976
1714.753004 721.024931
1994.792118 28.081191
1886.316679 842.026215
47.098693 130.857428
1095.927163 486.610334
232.440361 1771.568273
1960.070313 767.514850
987.438259 472.790002
1964.993837 73.001557
246.021814 1930.469068
161.656795 1778.079759
349.651561 1.834660
1157.874950 544.806037
1355.394627 1802.278538
1001.764769 670.460348
1964.671092 649.600691
979.440712 1716.905025
1151.710673 1359.247425
1818.834313 932.823609
1945.094812 822.273670
1892.383731 77.415858
285.995452 1780.817342
321.271997 1857.575322
1723.078751 1087.011903
1945.356294 29.322396
1940.527111 4.680377
270.427034 1881.164138
297.643415 25.539090
1943.266420 78.628838
1941.231350 703.602915
325.506618 1656.736509
1363.253007 250.053582
590.258521 610.585253
1244.361554 173.815618
24.572005 1211.428904
1211.974137 1884.337712
38.140192 1570.714784
80.730380 1632.928758
447.807343 1968.757063
494.165019 569.784197
95.893971 1522.662074
1220.091150 106.563669
1180.905944 212.671079
1957.442059 1194.192568
1384.072518 323.835038
1152.724038 146.314062
11.979035 1144.034218
129.702702 1522.771789
1191.368498 287.018246
1309.653716 1870.594767
1191.241466 1956.335468
83.733542 1170.321458
1268.485965 246.821659
1310.443407 305.315657
1163.716010 1823.967411
152.760759 1112.583607
1115.028693 1887.383031
1994.074688 1510.939968
347.413506 1735.409627
1213.861893 747.075967
176.448510 1535.218748
885.151420 1874.863280
528.481477 501.754357
627.069741 1554.444774
1881.978856 565.043501
607.180465 340.974149
1964.732700 509.533132
1654.087361 563.456431
783.054689 105.280115
579.566247 436.263479
850.504520 1992.390079
771.245198 1443.472920
461.853567 1885.525999
885.003484 1310.366926
661.389503 561.097986
721.433006 1559.993065
1762.367430 665.769859
1936.627575 663.990306
664.220443 1462.712358
853.753580 1401.394989
1483.072629 554.283443
136.714387 388.708346
532.094258 1564.760821
1604.222969 1714.752034
77.558424 461.616885
667.438687 1357.771529
566.824078 599.204704
27.285385 596.639313
562.145459 1442.672757
768.240058 1463.224783
1778.697669 584.828605
