182.992464 1244.634864
254.535616 1293.941433
359.549412 785.422227
329.143025 699.724287
1530.920692 368.952830
245.514694 685.660884
285.498565 693.166421
409.437456 670.260833
372.023623 736.044467
1541.685640 333.023791
275.173537 757.092394
1581.355718 314.687254
348.023714 752.423821
305.841907 678.033297
347.089791 673.962270
362.732588 647.438485
379.499168 694.276029
431.884895 762.371392
316.532806 768.930198
236.609053 726.018726
311.783111 714.037311
314.135103 732.723581
359.687724 718.677819
280.365194 1243.830469
272.357607 653.213941
249.613717 1372.744762
394.609124 790.419449
181.043643 663.725460
416.654937 718.158681
240.488024 1261.563319
1753.665866 248.864788
281.215305 988.095292
228.424213 1059.417665
13.355969 1355.786542
92.505860 1423.721578
1674.314289 361.413298
1824.339809 642.878001
14.422894 1302.479157
1718.383480 182.306240
418.765094 936.410930
1511.121128 666.316527
377.870347 976.349685
1761.121593 363.269289
428.004060 1002.442406
92.401413 1284.754966
1720.175007 324.970418
1786.490890 293.190898
1518.946844 1501.846223
1767.273492 310.600334
31.918687 1270.259056
1710.521431 282.305627
1771.819992 194.550392
1304.523154 1219.368800
369.200301 1031.563803
443.170669 1059.959561
1664.071749 308.827416
221.533683 1004.701125
105.161796 1190.360800
156.053262 1213.053474
67.488472 1229.685833
1129.115921 665.018860
1224.794205 705.602810
989.164936 774.401606
328.187750 1657.837574
994.082033 857.968027
1043.370066 633.150887
1251.232343 1037.441377
1064.176777 700.844064
177.700948 1802.379342
228.565491 1867.219245
1027.281556 562.858780
1102.522892 955.896439
958.746800 596.901132
1090.931746 796.451975
923.622995 663.168685
186.447884 1928.892049
264.823040 1943.292574
1176.561496 1028.209616
207.864532 1651.604593
1103.900194 881.985427
265.229706 1699.146911
1102.446974 1043.793919
1129.890084 738.819539
195.120618 1731.733476
1173.677850 932.403206
1015.952881 702.634056
913.375209 739.097608
1159.339968 831.771006
350.969536 1925.702986
252.045154 1791.314121
302.693439 220.747216
1004.040129 849.884930
116.038712 650.375077
1426.269957 1722.181080
1357.231300 1620.375710
1451.960406 1622.583000
1242.046235 400.271106
1106.844206 637.293467
270.319927 352.888775
1129.294283 413.869640
21.429113 582.472138
1586.257018 1789.045355
1490.558034 1794.515554
52.249244 889.941678
1032.228282 574.996960
301.574350 1857.915633
1587.966533 1899.055436
108.775393 548.118150
105.796080 756.676711
180.247561 319.713343
202.146857 1575.262096
1068.722312 759.446289
254.031142 1760.394046
159.925282 1660.083267
166.548342 470.329671
1005.497763 686.847796
254.108242 1664.126289
1517.150872 1700.032175
23.143302 677.776333
8.257314 774.358895
