0.597470 3.955127
2.559351 3.074040
3.331766 2.213445
2.337467 3.245959
3.941596 -0.681045
1.116239 3.841095
2.164586 3.363714
2.515488 3.110036
3.413113 2.085823
3.895743 -0.907296
2.086164 3.412905
3.864366 -1.032798
3.158595 2.454237
2.967547 2.682100
1.501448 3.707513
1.591240 3.669871
2.015428 3.455148
2.217117 3.329323
3.636880 1.665264
2.152777 3.371283
2.602807 3.037334
2.739154 2.914967
3.272996 2.299456
1.814013 3.565019
2.265448 3.296626
0.508590 3.967535
3.910836 -0.839860
0.808791 3.917379
2.937450 2.715030
1.760509 3.591742
3.434469 2.050468
3.955112 0.597571
1.690650 3.625149
3.492763 1.949515
3.790648 1.277100
3.989951 0.283351
3.960400 0.561453
3.969216 0.495302
3.929866 0.745756
3.962978 -0.542963
3.607725 1.727519
3.070587 2.563493
3.818414 1.191519
3.977770 0.421123
3.746273 -1.401940
3.746000 1.402671
3.996187 -0.174614
3.405436 2.098334
3.736290 1.428334
3.998861 0.095448
3.992953 -0.237330
3.955756 -0.593292
-0.568163 3.959443
2.500539 3.122067
3.988215 -0.306826
3.992668 -0.242079
3.980876 -0.390679
3.816030 1.199131
3.999054 0.087008
3.995784 -0.183596
-3.605843 1.731444
-0.960938 3.882860
-1.057005 3.857815
0.705561 3.937281
-0.564161 3.960015
-2.844637 2.812124
-0.343941 3.985186
-0.468106 3.972515
-3.506129 1.925373
-3.950008 0.630425
-3.689123 1.546082
-1.558595 3.683854
0.074016 3.999315
-3.615395 1.711408
-1.013520 3.869467
-3.995339 0.193048
-2.826445 2.830408
-0.832777 3.912350
-0.996861 3.873792
-0.092327 3.998934
0.610168 3.953188
-0.506127 3.967850
-3.400097 2.106974
-0.996025 3.874007
-0.778144 3.923581
1.444588 3.730036
0.496150 3.969110
0.277269 3.990379
-0.342675 3.985295
-0.773386 3.924522
-0.680226 3.941737
-1.918546 3.509869
-0.841173 3.910553
-0.955426 3.884220
-1.907260 3.516015
-1.002606 3.872310
0.302864 3.988518
-0.654142 3.946150
-3.165371 2.445491
0.315021 3.987576
-2.678808 2.970520
-1.218306 3.809951
-0.938501 3.888344
-1.718330 3.612111
-0.320330 3.987153
-1.133760 3.835960
-3.414143 2.084137
-0.598299 3.955002
-1.197625 3.816503
-3.507626 1.922644
-3.169649 2.439944
-1.021402 3.867394
-1.696608 3.622364
-3.608256 1.726409
-3.721383 1.466733
-0.430869 3.976726
-3.104461 2.522364
-1.493307 3.710800
-2.610268 3.030924
-3.744337 1.407102
