-0.295026 3.989105
0.771750 3.924844
-0.967735 3.881171
-2.880554 2.775321
1.400063 3.746975
-1.489706 3.712247
-1.048425 3.860156
-1.030437 3.864997
-1.557947 3.684128
0.765825 3.926005
-2.099071 3.404982
1.380385 3.754269
-0.614825 3.952466
-0.247408 3.992341
-1.919710 3.509233
-1.074874 3.852875
-2.227431 3.322432
-1.383736 3.753036
-0.762038 3.926741
-1.334644 3.770773
-2.456525 3.156816
-0.974992 3.879354
-0.751875 3.928700
-2.688099 2.962114
-1.403499 3.745689
0.561193 3.960437
-0.204441 3.994772
-0.580276 3.957686
-2.596727 3.042533
-3.539725 1.862888
2.366850 3.224597
-2.775010 2.880854
-1.229301 3.806418
-3.733590 1.435378
-1.540492 3.691461
3.997152 -0.150917
-1.395931 3.748516
-3.701369 1.516532
1.397969 3.747757
-0.279013 3.990257
-1.903972 3.517796
-1.490717 3.711841
3.970510 -0.484820
1.258811 3.796761
-0.442993 3.975394
3.984886 0.347397
0.525637 3.965313
2.026375 3.448739
2.474048 3.143101
-3.078104 2.554462
-0.748423 3.929359
1.664305 3.637319
3.999340 0.072685
-2.020823 3.451996
0.622969 3.951191
-1.963785 3.484760
-1.001672 3.872551
-1.472415 3.719139
-1.508755 3.704546
-1.859819 3.541338
0.907973 3.895585
-3.646652 -1.643755
-2.250639 -3.306754
1.552935 3.686244
-3.998872 -0.095008
-1.216144 -3.810642
-3.035937 -2.604436
-1.903273 -3.518175
0.906369 3.895959
2.344300 3.241027
-2.683982 -2.965845
-2.224629 -3.324309
-3.001950 -2.643539
-2.687552 -2.962611
-3.810963 -1.215137
1.262867 3.795414
0.721260 3.934436
-1.865275 -3.538467
0.818525 3.915357
-3.009109 -2.635387
1.178553 3.822435
-3.100177 -2.527628
-2.283062 -3.284452
0.573436 3.958683
-3.009633 -2.634789
1.939825 3.498154
-2.405948 -3.195530
-3.114196 -2.510336
-3.170255 -2.439156
-2.833679 -2.823166
-1.678637 3.630727
-1.797439 3.573404
-2.386596 3.210009
2.438576 3.170702
2.838079 2.818742
2.482054 3.136783
-1.050810 3.859507
-1.790564 3.576853
-0.809729 3.917185
-0.871651 3.903873
-3.705997 1.505187
2.408594 3.193537
1.908655 3.515258
-1.599003 3.666495
-1.654385 3.641842
1.752855 3.595483
1.993804 3.467672
-2.763091 2.892288
-0.309439 3.988013
-0.568585 3.959383
2.046421 3.436883
-1.966568 3.483189
1.750340 3.596708
1.416115 3.740938
-2.324632 3.255163
-1.098532 3.846197
1.480652 3.715867
2.275393 3.289770
-2.064478 3.426066
-1.580960 3.674311
