-3.346582 -2.190979
-3.998868 -0.095143
-1.324293 3.774420
0.829932 3.912955
3.844130 -1.105740
-1.152655 3.830325
1.755360 3.594261
0.100089 3.998748
-0.552076 3.961718
3.966337 -0.517853
-0.486621 3.970290
3.959926 -0.564790
1.753869 3.594989
0.719806 3.934702
1.625111 3.654998
1.242689 3.802068
-0.683959 3.941091
-1.777270 3.583477
0.897959 3.897906
0.988613 3.875906
-0.723002 3.934116
-0.723301 3.934061
0.575281 3.958415
-3.996605 -0.164768
1.146308 3.832229
-3.518562 -1.902556
-1.227557 3.806981
1.833756 3.554904
1.508459 3.704666
-3.832829 -1.144299
3.985388 -0.341591
-3.768412 1.341295
-3.789925 -1.279245
-3.999198 0.080109
-3.542001 -1.858555
3.749098 -1.394368
3.443976 2.034460
-3.616113 -1.709891
3.962157 0.548921
-3.908813 -0.849224
3.191530 2.411251
-3.998374 0.114026
3.999940 0.021826
-3.991411 0.261993
-3.971483 -0.476781
3.993354 -0.230479
3.993822 0.222225
2.026375 3.448739
3.998991 -0.089820
-3.875921 -0.988552
2.157450 -3.368295
3.848797 1.089387
2.198466 3.341668
-3.918677 0.802480
-3.906159 -0.861351
3.987184 -0.319946
-3.602674 -1.738028
-3.787010 -1.287848
-3.614417 -1.713473
-3.953750 -0.606514
-3.874571 -0.993832
-3.800759 -1.246688
-3.240455 -2.345092
1.194501 3.817482
-1.965251 -3.483933
-2.778282 -2.877698
-0.828005 -3.913363
-2.529080 -3.098993
1.323612 3.774659
1.120227 3.839934
-3.612268 -1.717998
-3.278100 -2.292174
-3.617705 -1.706521
-3.803328 -1.238830
-2.969913 -2.679480
0.539260 3.963483
0.153640 3.997048
-1.435234 -3.733645
-0.451267 3.974463
-3.116432 -2.507559
0.382554 3.981665
-2.221822 -3.326185
-2.750908 -2.903877
0.691447 3.939784
-3.079758 -2.552467
-3.399447 -2.108023
-2.928203 -2.725001
-3.428006 -2.061255
0.790492 3.921112
2.239558 3.314269
-1.566063 3.680686
-1.919062 3.509587
-0.936991 3.888708
1.838034 3.552694
1.338048 3.769566
2.389814 3.207614
-2.596022 3.043135
-2.350946 3.236209
-1.637039 3.649672
-1.363589 3.760402
-0.281928 3.990052
1.971148 3.480600
1.997190 3.465722
-0.137665 3.997630
-0.963734 3.882167
1.752855 3.595483
1.993804 3.467672
0.221956 3.993837
0.230348 3.993362
-0.594728 3.955540
1.379030 3.754767
-2.216089 3.330007
1.752854 3.595484
1.787289 3.578491
0.256240 3.991784
-1.300967 3.782523
1.635384 3.650414
2.097835 3.405744
0.148586 3.997239
-1.116906 3.840901
