2.818561 2.838259
0.761389 3.926867
3.072419 -2.561296
1.724883 -3.608986
-0.106673 3.998577
2.217384 3.329145
1.295061 -3.784550
1.813654 -3.565201
3.999918 0.025656
-0.384569 3.981470
-0.181614 3.995875
0.317783 3.987357
3.989871 0.284483
1.030718 -3.864922
2.049623 -3.434974
3.962259 0.548181
2.528449 3.099508
2.996184 2.650072
2.195254 3.343779
1.317707 -3.776725
-0.146535 -3.997315
2.671055 2.977493
3.998570 -0.106948
2.681885 2.967742
3.978808 0.411198
0.229376 3.993418
3.792588 1.271328
3.052523 2.584976
-0.014201 3.999975
2.416607 3.187477
3.413513 2.085169
3.999583 0.057751
1.827205 3.558275
2.414997 -3.188697
3.577516 -1.789240
3.990539 -0.274959
2.438376 -3.170855
3.672512 1.585135
3.484863 -1.963601
2.932310 -2.720580
2.587712 -3.050204
2.432860 -3.175089
1.734445 -3.604400
1.592224 3.669444
3.731262 1.441418
3.112910 -2.511930
2.242209 3.312476
3.999884 -0.030523
-2.397185 -3.202109
0.344134 3.985169
3.032817 -2.608068
2.921413 -2.732279
3.975483 -0.442191
2.790223 2.866122
0.032384 3.999869
3.398150 -2.110113
3.366765 -2.159836
1.854606 3.544071
3.833923 1.140629
3.030937 -2.610253
-3.443393 -2.035447
-3.168000 2.442084
-3.012066 2.632007
-2.803177 -2.853454
-1.128184 -3.837604
-3.083052 2.548488
-3.402963 2.102342
3.294993 -2.267823
-1.950915 -3.491981
3.292613 -2.271277
-2.999475 2.646347
-3.038822 2.601069
-1.183399 -3.820938
-0.552090 -3.961716
-3.991337 0.263112
-0.779291 -3.923354
3.288435 -2.277321
-0.466982 3.972647
-2.450629 -3.161395
-2.757662 -2.897464
-1.812332 -3.565873
-1.395918 -3.748521
-3.398176 2.110070
-2.651555 -2.994872
-1.448072 -3.728685
-3.031361 -2.609760
-3.910539 0.841238
3.272647 -2.299952
0.298197 -3.988869
3.280992 -2.288032
2.041266 -3.439947
1.334503 3.770822
1.671372 3.634077
0.252950 3.991994
-0.268200 3.990998
0.306149 3.988267
3.156199 -2.457318
3.752359 1.385570
1.907478 3.515896
3.999998 0.004152
1.508929 3.704475
1.069838 3.854276
-0.000492 4.000000
0.953130 3.884784
2.275794 3.289493
-2.899564 2.755454
-2.283198 3.284358
3.731308 1.441299
1.957323 3.488393
3.271990 -2.300887
3.596131 1.751526
-3.636216 -1.666714
2.298988 3.273324
2.215481 3.330412
2.401104 -3.199172
2.853248 2.803386
3.618968 1.703840
3.204000 2.394658
3.305141 -2.253008
1.669416 -3.634976
