0.596249 3.955311
2.921002 2.732718
2.541700 3.088651
2.439066 3.170325
3.643269 -1.651239
3.308567 2.247973
3.506816 1.924122
3.885809 0.948942
2.683088 2.966654
3.675907 -1.577247
2.513790 3.111408
3.742578 -1.411776
2.603374 3.036847
2.204837 3.337469
2.610462 3.030757
3.127296 2.493996
3.242037 2.342904
3.344912 2.193528
2.639328 3.005652
3.163559 2.447835
3.093450 2.535857
3.568976 1.806214
1.994849 3.467070
3.507331 1.923182
3.212840 2.382784
0.428412 3.976992
3.653033 -1.629524
3.957443 0.581929
2.685047 2.964882
3.254044 2.326199
2.798936 2.857614
0.573823 3.958627
0.984349 3.876991
1.795430 3.574414
0.459894 3.973474
3.870165 -1.010854
3.873791 -0.996865
1.328234 3.773035
3.916111 -0.814906
3.994863 -0.202659
3.022418 -2.620112
3.746688 -1.400832
3.797762 -1.255788
0.937952 3.888476
3.992932 -0.237680
1.465724 3.721781
3.999332 -0.073104
2.510306 -3.114219
2.777424 -2.878527
1.633488 3.651262
3.992953 -0.237330
2.985222 -2.662414
0.251283 3.992099
3.260668 -2.316903
2.342895 -3.242043
3.988046 -0.309016
3.980787 -0.391576
3.546254 -1.850427
3.885309 -0.950988
3.984906 -0.347167
3.058366 2.578061
-1.616057 3.659011
0.675239 3.942595
-1.155887 3.829351
-0.194431 3.995272
3.030841 2.610365
-0.861169 3.906199
-1.586093 3.672099
-0.994376 3.874431
2.244206 3.311123
2.989540 2.657565
0.492144 3.969609
-1.057676 3.857632
-0.475909 3.971588
-2.377172 3.216995
0.795454 3.920109
-0.865133 3.905323
-1.623721 3.655616
0.587779 3.956579
0.443955 3.975287
-0.433784 3.976409
-1.340089 3.768841
1.749060 3.597331
-1.493164 3.710857
-1.813175 3.565445
0.037928 3.999820
-0.256881 3.991743
-0.540362 3.963333
-0.047260 3.999721
-1.959969 3.486907
0.464836 3.972899
-1.483310 3.714807
-0.137663 3.997630
-1.454244 3.726282
-3.997924 0.128841
-0.505125 3.967978
0.302864 3.988518
-0.121153 3.998165
-3.981007 -0.389332
-0.650883 3.946689
-3.658585 1.617021
-2.514063 3.111187
-1.659711 3.639417
-0.137665 3.997630
-0.137711 3.997629
-1.624754 3.655157
-1.143759 3.832990
-0.137663 3.997630
-0.137665 3.997630
-3.976388 0.433981
-3.986557 0.327658
-0.918945 3.893012
-1.602312 3.665051
-3.932135 0.733698
-3.974199 0.453590
-0.137674 3.997630
-3.512341 1.914018
-1.269180 3.793308
-3.915975 0.815563
-3.895968 0.906330
