2.645465 3.000252
-0.708074 3.936830
-0.761315 -3.926882
-2.994870 -2.651557
-0.336302 3.985838
3.032871 2.608006
1.075287 -3.852760
1.274931 -3.791378
-0.521434 -3.965868
-2.689823 2.960549
-0.346433 3.984970
1.646350 3.645481
1.374762 3.756332
2.360013 3.229604
-1.189116 -3.819162
-0.846874 -3.909323
2.283991 3.283807
1.604795 3.663964
0.740693 3.930824
3.323245 2.226217
1.829955 -3.556862
1.741390 3.601050
3.048166 2.590113
2.229432 3.321089
3.726777 1.452974
0.026137 3.999915
3.350855 2.184438
1.346528 3.766545
-0.841843 3.910409
3.184337 2.420743
3.719281 1.472056
3.658844 -1.616435
3.909234 0.847283
0.353444 -3.984354
1.763571 -3.590239
3.926689 0.762309
0.896262 -3.898296
3.643273 1.651231
1.401281 -3.746520
0.856030 -3.907328
0.074990 -3.999297
1.640222 -3.648242
-0.505490 3.967931
2.793037 2.863379
3.601274 -1.740927
3.928859 0.751042
-0.708536 -3.936747
1.069543 3.854358
3.904155 -0.870386
0.082755 3.999144
2.354670 -3.233501
1.254183 -3.798292
2.824767 2.832082
3.766845 1.345688
-0.357592 3.983984
0.443868 -3.975296
-0.076045 -3.999277
-0.686136 3.940713
3.996622 0.164344
3.030937 -2.610253
-3.930733 -0.741173
-3.672813 -1.584438
-3.241115 -2.344179
-3.523974 1.892513
3.953561 -0.607743
-3.475350 1.980390
-2.787004 2.869253
-3.884622 -0.953790
-3.670907 -1.588849
2.701642 2.949768
-3.601822 -1.739794
-3.857671 -1.057533
-3.671754 1.586892
-3.991533 -0.260118
-3.943797 -0.668180
-3.903787 0.872035
3.874663 0.993471
-3.881756 -0.965388
3.995169 -0.196523
3.998936 -0.092269
-3.623533 1.694109
-3.854678 -1.068391
-3.969035 0.496749
3.959505 -0.567735
-3.458056 2.010435
3.990545 -0.274858
-2.660681 2.986767
3.272647 -2.299952
2.551611 3.080468
3.579991 -1.784283
-2.343133 3.241871
-3.999490 -0.063868
2.674843 2.974090
-3.594633 -1.754597
-3.907941 -0.853229
-3.977316 -0.425391
-3.609339 -1.724143
-2.643480 3.002001
-3.996075 0.177158
-2.533130 3.095683
2.615962 3.026011
-3.999859 -0.033627
1.557963 3.684122
-3.886146 -0.947558
2.344267 3.241051
-1.852589 -3.545126
-3.293268 -2.270327
2.050010 3.434743
2.533579 3.095316
-3.377879 -2.142414
1.346328 3.766617
1.805935 3.569117
3.111430 -2.513763
0.394803 3.980469
2.099005 3.405023
-3.994388 -0.211820
0.885452 3.900766
1.632018 3.651920
0.886218 3.900592
-3.509132 -1.919894
