3.502079 -1.932730
-3.870687 -1.008850
-3.959402 -0.568453
1.685851 -3.627383
2.162300 3.365183
2.906210 -2.748443
2.796826 -2.859679
1.839866 -3.551745
3.785844 1.291274
-3.982260 -0.376302
-3.997983 -0.127016
-3.989966 -0.283143
3.489779 1.954850
2.383397 -3.212385
2.716427 -2.936158
3.785842 1.291280
2.958666 -2.691894
3.627592 1.685401
2.518208 -3.107834
2.544706 -3.086174
2.470684 -3.145747
2.648641 -2.997449
3.615987 1.710157
2.793374 -2.863051
3.776425 1.318566
-3.978606 -0.413150
3.606377 1.730331
2.831305 -2.825546
3.961691 0.552273
3.139037 -2.479202
3.440136 2.040948
3.453071 2.018984
3.234651 2.353090
3.331644 2.213627
3.126860 2.494543
3.399162 2.108483
3.914476 0.822727
3.729030 1.447182
3.965575 -0.523656
3.904972 0.866714
3.263398 2.313057
2.622567 -3.020288
2.404301 -3.196769
2.978797 2.669601
3.601372 1.740723
2.563043 -3.070963
2.888804 2.766733
3.917072 -0.810275
-3.959299 -0.569167
3.455629 2.014603
3.581734 1.780781
3.257307 2.321627
3.298310 2.262996
3.670238 -1.590393
3.997141 -0.151212
2.999512 2.646305
3.763771 1.354264
3.507000 1.923785
3.391729 2.120418
2.956426 2.694355
-2.402348 -3.198238
-3.908378 0.851224
-3.999513 0.062400
3.959101 -0.570542
2.051584 -3.433803
-3.998687 0.102495
-3.837183 1.129612
3.795410 -1.262879
-3.602514 -1.738358
2.763733 -2.891674
-3.950266 0.628808
-3.982740 0.371188
3.801200 -1.245343
3.794952 -1.264255
-3.965583 0.523595
1.344899 -3.767127
-3.375607 -2.145990
-3.841435 1.115070
3.931294 -0.738193
3.956182 -0.590446
3.312621 -2.241995
3.476653 -1.978101
-3.948843 0.637683
-2.945571 -2.706217
2.235284 -3.317153
-3.253680 -2.326708
-3.957186 0.583676
-3.998961 0.091152
3.968382 -0.501939
-3.996033 -0.178092
3.752033 -1.386453
2.633153 3.011064
1.103977 3.844637
1.452308 3.727036
2.759780 2.895447
1.983714 3.473453
3.316691 -2.235970
-3.639183 1.660225
0.841725 3.910435
3.847821 -1.092828
0.881042 3.901764
3.076363 2.556558
2.872812 2.783335
2.851331 2.805337
2.561066 3.072611
1.752855 3.595483
3.321900 2.228223
3.651033 -1.634000
1.004547 3.871806
3.804609 -1.234890
1.853298 3.544755
-3.650626 1.634910
2.469045 3.147033
1.350978 3.764951
3.835953 -1.133782
3.147322 2.468677
1.369304 3.758325
2.612847 3.028701
3.979382 -0.405607
3.269525 -2.304388
