-1.850979 3.545966
-3.106067 2.520387
-2.224035 3.324706
-1.230545 3.806016
-3.084069 2.547257
-1.546780 3.688831
-1.157323 3.828917
0.849808 3.908686
-1.583817 3.673081
-2.664479 2.983379
-2.099071 3.404982
-3.054823 2.582258
-2.487997 3.132071
-0.853607 3.907858
-2.468924 3.147128
-3.182725 2.422863
-2.691625 2.958911
-2.139192 3.379920
-2.305356 3.268843
-2.539881 3.090146
-1.216066 3.810667
-1.680853 3.629701
-2.717527 2.935140
-2.445712 3.165200
-2.278959 3.287300
-2.978029 2.670457
-1.795237 3.574511
-0.812320 3.916649
-1.597138 3.667308
-1.633257 3.651366
-2.832828 2.824019
-1.794433 3.574914
-3.876385 0.986733
-1.993896 3.467618
-3.060439 2.575600
3.915584 -0.817437
-2.237658 3.315552
-2.723637 2.929472
-1.353752 3.763955
-0.379687 3.981939
-2.718732 2.934024
-3.264921 2.310906
3.999632 -0.054227
-2.058156 3.429868
-3.487606 1.958726
3.996139 -0.175707
-2.836253 2.820579
2.026375 3.448739
-3.062677 2.572938
-2.173095 3.358223
-2.764015 2.891405
-2.919438 2.734389
3.999340 0.072685
-2.954033 2.696977
-2.803305 2.853328
-3.002488 2.642927
-2.600049 3.039695
-3.746643 1.400951
-2.582093 3.054962
-3.428441 2.060532
1.812165 3.565958
-2.765406 -2.890074
-1.664635 -3.637168
1.416703 3.740716
-2.311043 -3.264825
-3.252644 -2.328155
-3.034679 -2.605901
-2.965853 -2.683974
1.007947 3.870923
1.666962 3.636102
-3.859826 -1.049638
-2.919473 -2.734352
-1.480198 -3.716048
-2.973763 -2.675208
-3.342368 -2.197402
1.747464 3.598107
1.100552 3.845619
-3.007112 -2.637665
-0.692439 3.939610
-2.163942 -3.364128
1.631081 3.652338
-3.831471 -1.148838
-3.068593 -2.565880
1.672136 3.633726
-3.004527 -2.640610
0.968338 3.881021
-1.953262 -3.490669
-2.759889 -2.895343
-3.179949 -2.426504
-3.065018 -2.570148
0.505481 3.967933
-1.797439 3.573404
0.403293 3.979617
1.739494 3.601966
2.992052 2.654736
1.467192 3.721203
-0.689783 3.940076
-2.064012 3.426347
1.209286 3.812824
-2.431217 3.176347
-3.071175 2.562788
3.520347 1.899252
1.889642 3.525515
-0.003503 3.999998
-1.472646 3.719048
1.752855 3.595483
1.993804 3.467672
2.384740 3.211388
-1.108424 3.843357
2.343803 3.241387
1.087160 3.849426
-1.495097 3.710079
1.738277 3.602554
1.892290 3.524094
-0.773217 3.924555
-0.534544 3.964122
1.953003 3.490814
1.898910 3.520531
-1.599131 3.666440
-1.127063 3.837933
