-1.255205 3.797955
-2.148509 3.374005
-2.482780 3.136209
-2.753542 2.901380
3.933027 0.728905
-2.762763 2.892601
-3.204154 2.394451
-2.413679 3.189695
-2.734013 2.919789
3.986692 0.326019
-1.104450 3.844501
3.995794 0.183390
-1.581398 3.674123
-3.074828 2.558404
-2.850779 2.805897
-2.751277 2.903528
-2.021031 3.451874
-2.524314 3.102876
-1.399815 3.747068
-1.999333 3.464486
-2.819875 2.836954
-2.962141 2.688070
-3.130494 2.489981
-1.803968 3.570112
-2.492531 3.128464
-2.805192 2.851473
-2.789344 2.866977
-2.823444 2.833401
-2.966933 2.682780
-1.465680 3.721798
3.842169 -1.112538
-2.864264 -2.792131
-1.823650 -3.560099
-1.455611 -3.725748
-2.962436 -2.687744
3.898968 0.893334
-3.091493 -2.538242
-3.541605 -1.859310
3.993764 0.223274
-3.134298 -2.485191
-0.604239 -3.954099
-2.179554 -3.354034
3.861501 1.043462
-2.808392 2.848321
-2.381484 -3.213804
3.987958 0.310153
3.963044 0.542475
2.026375 3.448739
3.984555 -0.351174
-1.393937 -3.749259
3.985634 -0.338703
3.720919 1.467910
2.198466 3.341668
-1.707450 -3.617266
-2.771920 2.883827
3.997988 0.126853
-1.235242 -3.804494
-2.010804 -3.457841
-1.563956 -3.681581
-1.770880 -3.586640
-0.236063 3.993028
0.619865 3.951679
0.911842 3.894682
1.632828 3.651558
2.224418 3.324450
0.148819 3.997231
0.842134 3.910347
0.570558 3.959099
1.625137 3.654987
1.261582 3.795841
0.779356 3.923341
1.117675 3.840677
2.171696 3.359128
3.938005 0.701508
2.185485 3.350172
0.883495 3.901210
0.287497 3.989655
-0.346856 3.984933
-2.484505 3.134842
0.586840 3.956718
2.622789 3.020096
0.104173 3.998643
-0.136004 3.997687
2.791948 2.864441
1.514358 3.702259
-0.774039 3.924393
1.578184 3.675505
0.283040 3.989974
0.010332 3.999987
0.417050 3.978199
-0.467255 3.972615
-1.919062 3.509587
-0.153207 3.997065
0.066309 3.999450
2.781435 2.874651
0.818827 3.915293
-1.713190 3.614551
-1.053417 3.858797
-0.218028 3.994054
-2.371912 3.220874
-0.599870 3.954764
1.635623 3.650307
-0.892417 3.899178
-0.137665 3.997630
-2.817649 2.839164
1.752855 3.595483
1.993804 3.467672
-0.170738 3.996354
-0.146779 3.997306
-0.632361 3.949699
1.884388 3.528326
-1.257010 3.797358
1.752855 3.595483
1.286093 3.787607
-0.114831 3.998351
-2.659202 2.988084
2.265842 3.296355
1.515242 3.701897
-0.604032 3.954130
-0.606012 3.953827
