0.614143 3.952572
3.997498 -0.141450
3.674155 1.581323
3.806267 1.229768
3.625827 1.689194
3.791188 1.275496
3.955260 0.596589
3.843837 1.106759
3.999298 -0.074931
3.623996 1.693119
3.988606 0.301697
3.634652 1.670122
3.999989 0.009486
3.999949 -0.020237
3.900472 0.886745
3.848876 1.089106
3.876787 0.985150
3.910659 0.840682
3.958288 0.576155
3.878818 0.977122
3.847524 1.093875
3.837363 -1.129004
3.992163 0.250268
3.928667 0.752046
3.214365 2.380726
0.720084 3.934651
3.657560 1.619338
3.380161 2.138811
3.997546 0.140086
2.569666 3.065422
0.287407 3.989661
0.134348 3.997743
-0.052631 3.999654
3.734063 1.434146
0.479669 3.971136
3.551645 1.840059
3.786268 1.290030
3.954651 0.600615
3.792256 1.272319
3.991632 -0.258603
3.699128 1.521990
3.808153 1.223916
3.789796 1.279627
3.178280 2.428691
3.824145 1.172993
-0.052807 3.999651
3.478232 1.975324
2.026375 3.448739
3.863476 1.036126
3.881901 0.964801
3.721396 1.466700
3.343501 2.195677
1.275952 3.791035
3.537658 1.866809
3.991095 0.266762
3.465786 1.997080
3.695057 1.531847
3.858417 1.054807
3.840563 -1.118066
3.458313 2.009993
3.878826 0.977091
-2.614118 3.027604
-2.258453 3.301423
-1.371474 3.757534
-1.933930 3.501416
3.562872 1.818226
-3.056609 2.580143
-1.315254 3.777579
-2.407616 3.194274
-1.070581 3.854070
3.546682 1.849607
-0.922967 3.892060
-2.869161 2.787098
-1.607675 3.662701
-1.230340 3.806082
-1.722282 3.610228
-0.549656 3.962055
-0.942318 3.887420
-3.317044 2.235446
-3.445423 2.032009
-3.389980 2.123214
-2.680806 2.968717
3.728727 1.447963
-3.220810 2.372000
-3.193165 2.409086
-2.964342 2.685642
-2.172581 3.358555
-1.728162 3.607417
-2.143405 3.377250
-2.986553 2.660921
-0.141251 3.997505
0.218412 3.994033
-0.137579 3.997633
-0.157937 3.996881
-0.282449 3.990015
0.323081 3.986931
0.010499 3.999986
0.209574 3.994506
-2.568218 3.066636
-0.191921 3.995393
-0.606012 3.953827
-2.621605 3.021124
-0.345668 3.985036
-0.137665 3.997630
-0.139333 3.997573
-0.513956 3.966844
-2.036307 3.442884
-0.137654 3.997631
-0.137665 3.997630
-2.534605 3.094476
1.452063 3.727132
0.215643 3.994183
-1.000281 3.872911
-0.382576 3.981662
-2.914321 2.739842
-0.138275 3.997609
1.932272 3.502331
-2.054401 3.432118
-0.606012 3.953827
-0.606012 3.953827
