-0.409051 3.979030
0.226825 3.993564
-0.967735 3.881171
-2.413704 3.189676
0.549586 3.962065
-2.208041 3.335350
-2.012512 3.456848
-0.958148 3.883549
-3.379521 2.139822
-0.794887 3.920224
-2.099071 3.404982
0.414267 3.978490
-1.045729 3.860887
-1.486390 3.713576
-0.786164 3.921983
-1.927480 3.504971
-1.422178 3.738637
-1.199918 3.815782
-2.126751 3.387762
-0.924293 3.891746
-1.555777 3.685045
-1.945821 3.494822
-0.796070 3.919984
-1.829853 3.556914
-1.639898 3.648388
0.270364 3.990852
-0.711033 3.936297
-2.050646 3.434363
-0.522195 3.965768
-1.983885 3.473356
-1.198538 3.816216
-0.947174 3.886240
-0.962736 3.882414
-3.692817 1.537239
-1.058858 3.857307
3.990215 -0.279621
-0.805692 3.918017
-2.472846 3.144048
0.140462 3.997533
-2.192058 3.345875
-1.286616 3.787429
-0.661038 3.945001
3.973156 -0.462637
-3.509717 1.918825
-3.998958 0.091290
3.984886 0.347397
-2.042817 3.439026
2.026375 3.448739
-1.690747 3.625103
-1.387619 3.751601
-0.191003 3.995437
-1.819614 3.562163
3.999340 0.072685
-1.902954 3.518347
-2.136829 3.381414
-0.614216 3.952561
0.824792 3.914041
-1.395275 3.748761
-1.125945 3.838261
-3.151016 2.463959
1.456534 3.725387
-2.524789 -3.102490
-2.125139 -3.388773
0.916321 3.893630
-2.311043 -3.264825
-2.114105 -3.395668
-2.202709 -3.338873
-3.745409 -1.404246
0.563032 3.960176
2.344300 3.241027
-1.824911 -3.559452
-3.751899 -1.386816
-3.041129 -2.598372
-2.687552 -2.962611
-3.055858 -2.581033
1.262867 3.795414
0.721260 3.934436
-2.637102 -3.007606
0.549042 3.962140
-3.327352 -2.220073
1.140401 3.833991
-2.340343 -3.243886
-2.691335 -2.959175
1.004525 3.871812
-2.975013 -2.673817
1.939825 3.498154
-3.436909 -2.046377
-3.415218 -2.082375
-3.016579 -2.626833
-2.750109 -2.904634
0.228789 3.993452
-1.797439 3.573404
-0.285717 3.989783
1.534845 3.693812
1.570607 3.678749
1.132344 3.836378
-0.581953 3.957440
-1.790564 3.576853
-0.009580 3.999989
-2.019937 3.452514
-0.713408 3.935867
2.408594 3.193537
2.351159 3.236055
1.031892 3.864609
-1.164876 3.826626
1.752855 3.595483
1.993804 3.467672
-1.024657 3.866533
0.961755 3.882657
0.224885 3.993673
1.580310 3.674591
-1.966568 3.483189
1.748172 3.597763
1.892290 3.524094
-1.402924 3.745905
-1.591163 3.669905
1.953003 3.490814
1.346406 3.766589
1.071211 3.853895
-0.146651 3.997311
