2.411331 -3.191471
3.938641 -0.697932
3.973988 0.455433
3.571991 1.800245
3.656563 -1.621588
2.111614 -3.397218
3.358425 -2.172782
3.339826 2.201264
3.989390 0.291148
3.964955 -0.528329
3.762650 1.357375
3.999996 -0.005447
-2.949452 2.701987
3.743575 -1.409129
3.864540 -1.032150
3.899086 -0.892819
3.030127 -2.611194
-3.812326 1.210857
-3.559858 1.824120
-3.305195 2.252928
3.999517 -0.062142
3.986206 0.331909
3.438212 -2.044186
2.513475 -3.111662
-3.731118 1.441791
3.601189 -1.741103
-3.671213 1.588142
3.380938 -2.137583
2.024879 -3.449618
2.401911 -3.198566
-3.824311 1.172454
1.510814 3.703706
0.133752 -3.997763
-1.180379 -3.821872
2.943296 -2.708691
-3.957257 0.583194
1.486518 3.713524
-3.021511 2.621158
-3.570680 1.802844
-3.790195 1.278446
2.147538 -3.374623
1.811838 -3.566124
3.545260 1.852331
3.270256 2.303352
0.295060 -3.989103
3.928859 0.751042
-3.834732 -1.137905
3.066172 2.568772
-1.673909 -3.632909
3.406070 -2.097305
2.137163 -3.381203
-3.514568 -1.909925
3.606046 -1.731020
3.835845 1.134150
3.955147 0.597336
-3.908631 0.850061
-3.417477 -2.078666
3.870761 -1.008569
2.709830 2.942248
-2.928301 2.724895
-3.730998 -1.442100
-3.815827 -1.199777
-3.385889 -2.129731
-2.565859 3.068610
2.309780 -3.265718
-3.972919 0.464669
-3.928127 0.754864
-3.884622 -0.953790
-3.670907 -1.588849
-3.719561 1.471349
-3.248558 -2.333854
-3.999781 0.041828
-3.559743 1.824343
-3.678986 1.570052
-3.098509 -2.529672
1.280186 3.391323
3.678764 -1.570572
-2.371782 -3.220971
3.830674 -1.151495
3.441321 -2.038947
-3.224547 2.366917
-2.307705 -3.267185
-3.906330 -0.860575
3.968301 0.502581
0.778527 3.923506
3.532506 -1.876540
-3.939415 0.693546
-3.377267 -2.143378
2.551611 3.080468
-3.698275 1.524060
2.721806 2.931172
-3.898760 -0.894243
0.114946 3.998348
-2.561885 3.071929
-2.983088 -2.664805
-1.951271 3.491782
3.348730 -1.583074
-2.815873 0.554174
-3.574619 -1.795020
2.060175 1.857335
0.752484 3.928583
-3.999859 -0.033627
-3.881181 -0.967694
-2.179810 3.353868
0.414235 3.978493
-2.496005 -3.125694
-2.622354 3.020474
-0.182059 3.995855
-3.653187 -1.629178
-0.377113 -3.982184
0.781549 -3.922905
-0.173585 0.271132
3.111430 -2.513763
-0.632687 -3.949646
-3.731552 -1.440665
-3.479273 -1.973489
-1.866595 3.537771
0.878401 3.902360
0.269526 3.990909
-0.072595 0.449659
