2.041336 -3.439905
0.131215 -3.997847
-0.952530 3.884931
-0.272887 3.990681
3.992816 -0.239624
-0.631733 3.949799
-0.795426 3.920114
-2.018295 3.453474
-3.191735 2.410981
3.720156 -1.469844
-1.424801 3.737639
3.977384 -0.424756
-1.784408 3.579928
-0.081941 3.999161
-1.689214 3.625818
-1.368802 3.758508
0.759925 3.927151
0.272805 3.990686
-0.829141 3.913122
-0.784600 3.922296
-0.723002 3.934116
-0.843395 3.910075
-2.790213 2.866132
0.153468 -3.997055
-0.838917 3.911038
-0.525450 -3.965338
-2.158297 3.367752
-0.536632 3.963840
-2.750462 2.904300
-0.588117 -3.956529
3.985388 -0.341591
-3.898061 -0.897287
-3.329693 -2.216561
-3.725433 -1.456416
-3.462885 -2.002106
3.978151 0.417506
3.443976 2.034460
-3.935449 -0.715709
3.999908 0.027060
-3.053269 2.584095
3.191530 2.411251
-3.844696 1.103771
3.999940 0.021826
-3.007108 2.637670
-3.875956 -0.988414
3.963610 0.538325
3.988661 -0.300975
2.026375 3.448739
3.998991 -0.089820
-3.971794 -0.474186
3.937519 0.704233
3.999606 0.056125
2.198466 3.341668
-3.586317 1.771534
-3.071456 2.562452
3.934132 0.722915
-3.602674 -1.738028
-3.934804 0.719247
-2.833214 -2.823632
-3.662052 -1.609153
-3.971975 -0.472669
-3.052652 -2.584824
-3.240455 -2.345092
0.732097 3.932434
-3.847369 -1.094417
-3.668046 -1.595444
-3.177390 -2.429854
-3.402591 2.102944
1.280486 3.789506
-0.172994 3.996257
-3.357121 -2.174796
-3.759659 -1.365636
-3.422109 -2.071031
-3.402073 -2.103782
-3.147499 -2.468451
0.017308 3.999963
0.000822 4.000000
-3.302125 -2.257425
1.165220 3.826521
-3.659246 -1.615524
-0.227700 3.993514
-3.004408 -2.640745
-2.127221 -3.387467
-1.849827 3.546567
-3.219516 -2.373756
-3.431183 -2.055963
-2.928203 -2.725001
-3.723740 -1.460739
-0.770226 3.925144
2.239558 3.314269
-0.894547 3.898690
-1.919062 3.509587
-1.750046 3.596851
1.358590 3.762211
2.268090 3.294809
1.578500 3.675369
-2.045797 3.437254
-1.433247 3.734408
-0.210175 3.994474
-2.119469 3.392322
-1.305023 3.781126
1.971148 3.480600
1.997190 3.465722
-0.137665 3.997630
-1.941312 3.497329
1.752855 3.595483
1.993804 3.467672
0.926161 3.891301
-0.229493 3.993411
-0.594728 3.955540
1.870809 3.535544
-2.216089 3.330007
1.752854 3.595484
1.787289 3.578491
-0.362485 3.983542
-1.320952 3.775591
2.156956 3.368611
2.524426 3.102785
-0.603477 3.954215
-0.606012 3.953827
