3.839280 -1.122464
-3.021873 2.620741
-3.968991 0.497106
3.762878 -1.356743
-3.664073 1.604546
3.421664 -2.071767
3.999833 -0.036517
3.594718 -1.754424
-2.959965 2.690466
-3.417301 2.078955
-3.901762 0.881052
-3.064844 2.570356
-0.874575 3.903219
2.906275 -2.748375
3.904068 -0.870778
-2.690080 2.960315
3.839588 -1.121411
-2.532892 3.095878
3.466323 -1.996147
3.991917 0.254166
3.912598 -0.831610
3.663449 -1.605970
-2.423985 3.181870
3.639175 -1.660242
-3.190647 2.412420
-3.480189 1.971874
-2.714996 2.937481
3.582233 -1.779777
-3.911048 0.838870
3.099459 -2.528509
-0.823125 3.914392
-1.233058 3.805203
-3.260939 2.316523
-3.101133 2.526455
-3.984359 0.353384
1.050570 3.859573
-3.248391 2.334086
-0.696269 3.938935
2.464313 3.150740
-3.205762 2.392298
0.680214 3.941739
0.861309 3.906168
2.102049 3.403144
-2.650290 2.995991
-1.360117 3.761659
2.344944 3.240561
-0.607615 3.953581
2.026375 3.448739
-2.190251 3.347059
-2.968220 2.681356
-2.069207 3.423212
-1.896267 3.521956
-0.034236 3.999853
1.180897 3.821712
-1.458148 3.724756
-1.262494 3.795538
-3.898238 -0.896516
-1.503431 3.706710
0.278285 3.990308
-1.300797 3.782582
2.742174 2.912127
-0.936572 -3.888809
-2.347670 -3.238587
1.950262 3.492346
-2.311043 -3.264825
-2.337354 -3.246040
-3.112537 -2.512392
-2.415853 -3.188049
2.391813 3.206124
0.148596 3.997239
-2.535761 -3.093528
-3.149105 -2.466402
-2.197211 -3.342493
-2.087848 -3.411875
-1.795874 -3.574190
0.756662 3.927781
0.628458 3.950322
-1.647650 -3.644894
2.971311 2.677931
-1.571938 -3.678180
2.564348 3.069873
-1.275852 -3.791069
-1.872926 -3.534423
2.470061 3.146235
-0.878857 -3.902257
2.584879 3.052605
-3.047985 -2.590326
-1.300833 -3.782570
-2.412059 -3.190920
-1.651282 -3.643250
1.488311 3.712806
-0.331291 3.986257
-0.640450 3.948395
1.452308 3.727036
1.432257 3.734788
2.248003 3.308547
-0.727147 3.933352
0.194024 3.995292
2.491110 3.129596
2.002970 3.462385
0.483505 3.970670
2.079824 3.416772
2.243826 3.311381
-0.615965 3.952289
-1.002302 3.872388
1.752855 3.595483
1.993804 3.467672
2.230988 3.320044
-0.915402 3.893846
2.142023 3.378126
1.239537 3.803097
-1.547581 3.688495
1.609131 3.662062
2.739914 2.914253
1.833653 3.554956
-1.045226 3.861023
0.736556 3.931601
2.522714 3.104176
0.539667 3.963428
-0.232636 3.993229
