0.521426 3.965869
3.827355 1.162477
3.970857 0.481970
3.999990 0.008916
3.919894 0.796513
3.371843 2.151901
3.538676 1.864879
3.693867 1.534713
3.985408 -0.341351
3.993822 -0.222237
3.788696 1.282882
3.936134 -0.711933
3.978401 -0.415124
3.927122 0.760072
3.483074 1.966773
3.999949 0.020210
3.945174 0.660004
3.996104 0.176511
3.946542 0.651769
3.273550 2.298667
3.727910 1.450065
3.693526 1.535534
3.960068 -0.563794
3.812576 1.210067
3.357008 2.174971
0.502840 3.968268
3.995635 -0.186810
3.566636 1.810831
3.862882 1.038337
3.193561 2.408561
2.498959 3.123332
3.553131 1.837187
0.906621 3.895900
3.805982 1.230651
3.217756 2.376141
3.999813 -0.038717
3.882121 -0.963916
3.939756 0.691606
3.899550 0.890790
3.990004 -0.282609
3.712986 1.487863
3.999387 0.070006
3.860834 -1.045924
3.994198 -0.215370
3.763592 1.354761
3.394557 2.115889
3.994595 -0.207877
3.990302 0.278364
3.867588 1.020669
3.978288 0.416201
3.992953 -0.237330
3.936532 0.709730
0.578544 3.957940
3.998377 0.113922
3.200803 2.398929
3.992927 -0.237768
3.997904 -0.129481
3.886287 0.946983
3.548159 1.846771
3.994714 -0.205582
-3.778794 1.311762
0.094665 3.998880
-2.586829 3.050953
1.245455 3.801163
-2.857013 2.799550
-3.552194 1.838999
-0.850509 3.908533
-0.035599 3.999842
-3.372697 2.150562
-3.533820 1.874064
-3.916520 0.812941
-1.153898 3.829950
-0.707634 3.936909
-3.748667 1.395527
-2.391023 3.206713
-3.701736 1.515635
-3.754745 1.379092
0.469002 3.972409
-0.318254 3.987319
-3.426577 2.063631
-1.053607 3.858745
-2.675281 2.973696
-3.530620 1.880086
-1.735932 3.603684
0.677611 3.942188
-1.032298 3.864500
-3.098806 2.529308
-1.529272 3.696123
-3.846037 1.099091
-1.028406 3.865538
-0.577482 3.958095
-2.298547 3.273634
-2.244984 3.310596
-1.019457 3.867907
-3.785965 1.290918
-0.755273 3.928048
0.553340 3.961542
-0.556719 3.961069
-3.910601 0.840951
0.300585 3.988690
-3.784626 1.294838
-3.047476 2.590924
-2.731347 2.922284
0.549667 3.962053
-0.302525 3.988543
-2.918440 2.735453
-0.777693 3.923671
-0.615980 3.952286
-0.566057 3.959745
-3.678846 1.570380
-3.584754 1.774693
-0.533901 3.964209
-1.299259 3.783111
-3.416076 2.080967
-3.758794 1.368016
-0.395129 3.980436
-3.899920 0.889171
-1.111699 3.842411
-3.854250 1.069934
-3.828349 1.159198
