-1.306354 3.780667
-3.119026 2.504332
-1.755369 3.594257
-3.266665 2.308442
3.998956 0.091365
-1.686347 3.627152
-2.675453 2.973542
-0.234801 3.993103
-3.251103 2.330307
3.930242 0.743773
-2.892326 2.763051
3.996637 0.163981
-3.356118 2.176344
-2.799834 2.856734
-2.661161 2.986339
-2.555487 3.077253
-2.761966 2.893362
-2.721847 2.931134
-2.529982 3.098256
-3.325451 2.222921
-1.274316 3.791585
-2.779991 2.876048
-1.834090 3.554731
-2.033602 3.444483
-2.282583 3.284785
-2.790615 2.865740
-2.176428 3.356063
-2.216423 3.329785
-1.947127 3.494094
-3.555909 1.831806
3.995879 0.181529
-2.701912 -2.949521
-2.483149 -3.135916
-3.280211 -2.289152
-0.969945 -3.880619
3.840644 1.117791
-2.918864 -2.735001
-1.436791 -3.733046
3.999816 -0.038409
-3.217730 -2.376176
-3.061409 -2.574446
-2.394252 -3.204303
3.921478 0.788674
-2.988668 2.658545
-2.166192 -3.362679
3.840232 -1.119203
3.919080 0.800509
2.026375 3.448739
3.998991 -0.089820
-2.098597 -3.405274
3.999253 -0.077305
3.995295 0.193958
2.198466 3.341668
-1.898318 -3.520850
-2.771920 2.883827
3.989558 -0.288842
-1.953727 -3.490408
-2.232652 -3.318925
-2.664363 -2.983483
-1.037134 -3.863205
-0.522373 3.965744
-0.024697 3.999924
1.164614 3.826705
-1.180014 3.821985
2.437085 3.171848
0.409931 3.978939
1.588823 3.670918
-0.212787 3.994336
0.880858 3.901806
1.507140 3.705203
0.440139 3.975711
0.864090 3.905554
1.947348 3.493971
3.503524 1.930109
-0.565787 3.959783
0.105430 3.998610
1.060316 3.856907
-0.330556 3.986318
0.198996 3.995047
0.844365 3.909865
0.953362 3.884727
1.861984 3.540200
-0.448314 3.974797
2.383271 3.212479
1.544173 3.689923
0.006445 3.999995
1.323060 3.774853
0.526581 3.965188
0.271921 3.990747
1.185144 3.820397
0.219947 3.993948
-1.919062 3.509587
-0.152288 3.997100
2.686874 2.963226
0.195805 3.995205
1.566930 3.680317
-1.973050 3.479522
-2.278698 3.287482
0.105159 3.998617
-1.673160 3.633254
-0.598295 3.955002
1.686094 3.627270
-0.892417 3.899178
-0.137665 3.997630
-1.793382 3.575442
1.752855 3.595483
1.993804 3.467672
-0.167542 3.996490
-0.146779 3.997306
-0.889330 3.899884
2.338424 3.245269
-1.502677 3.707015
1.752855 3.595483
1.531061 3.695383
0.169969 3.996387
-2.458079 3.155606
2.045399 3.437491
0.756955 3.927724
-0.604251 3.954097
-0.606012 3.953827
