0.605904 3.953844
0.420178 3.977870
2.432473 3.175386
1.738677 3.602361
3.765086 -1.350601
1.182515 3.821212
1.491351 3.711586
1.053464 3.858784
1.126193 3.838188
3.603106 -1.737131
1.858482 3.542040
3.588602 -1.766901
1.377071 3.755486
1.518269 3.700657
1.876447 3.532555
2.580652 3.056180
1.785136 3.579566
2.130486 3.385414
2.002241 3.462807
2.170989 3.359584
0.790146 3.921182
1.656802 3.640743
2.918385 2.735512
1.795251 3.574503
0.835517 3.911766
0.501618 3.968423
3.582991 -1.778250
1.436466 3.733171
1.433691 3.734237
2.273902 3.290801
3.434469 2.050468
3.762535 1.357693
1.449934 3.727961
3.987219 -0.319513
3.966962 0.513042
3.989526 -0.289273
3.993836 -0.221971
3.989577 -0.288571
3.854429 -1.069288
3.927193 0.759710
3.851463 -1.079921
3.414457 -2.083623
3.998136 -0.122095
3.930766 -0.740999
3.318874 -2.232728
3.577391 1.789490
3.996657 -0.163511
3.982312 0.375752
3.992011 0.252689
3.996542 -0.166294
3.992953 -0.237330
3.986089 -0.333303
-0.307987 3.988125
3.760152 -1.364280
3.875187 0.991427
3.992516 -0.244580
3.997209 0.149394
3.886287 0.946983
3.939187 -0.694840
3.995859 -0.181961
-2.034760 3.443799
0.334173 3.986017
-0.188525 3.995555
-0.129179 3.997914
-1.080494 3.851303
-2.118517 3.392917
-0.082561 3.999148
0.648993 3.947000
-3.063138 2.572389
-2.680346 2.969132
-3.580106 1.784052
-0.291745 3.989346
-1.215450 3.810864
-2.834313 2.822528
0.284066 3.989901
-3.774532 1.323974
0.157490 3.996898
-0.645490 3.947574
0.558777 3.960779
1.197988 3.816389
-0.172785 3.996266
0.675522 3.942546
-3.065005 2.570164
-0.740521 3.930856
0.002260 3.999999
-1.851906 3.545482
-1.792586 3.575841
1.398185 3.747676
-0.342675 3.985295
1.497514 3.709104
0.622903 3.951201
-1.538112 3.692453
-0.137664 3.997630
-0.699340 3.938391
-3.265663 2.309859
-1.549465 3.687704
0.302864 3.988518
-0.632223 3.949721
-3.318536 2.233230
-0.983462 3.877216
-2.566095 3.068412
-1.520991 3.699539
-0.878417 3.902356
-0.137665 3.997630
-0.137679 3.997630
-1.133760 3.835960
-1.634279 3.650908
-0.137664 3.997630
-0.137665 3.997630
-3.625863 1.689118
-3.297643 2.263968
-0.990749 3.875360
-1.456061 3.725572
-3.875730 0.989301
-3.363733 2.164556
-0.137667 3.997630
-3.262785 2.313922
-2.307538 3.267303
-1.497483 3.709116
-3.946903 0.649581
