0.617475 3.952053
2.606875 3.033843
0.992658 3.874872
0.632842 3.949622
-1.636129 3.650080
0.295522 3.989068
-0.613410 3.952686
0.599969 3.954749
1.208055 3.813214
-2.100460 3.404125
1.630027 3.652809
3.774634 1.323683
0.969893 3.880632
1.140435 3.833981
0.630564 3.949986
0.528174 3.964976
1.798093 3.573074
1.579482 3.674947
1.662629 3.638085
1.541484 3.691047
1.646313 3.645498
0.091730 3.998948
1.238589 3.803406
0.993248 3.874721
2.592652 3.046007
-0.346820 3.984936
-2.081206 3.415930
1.811114 3.566492
0.764661 3.926231
-1.171107 3.824723
3.754314 1.380264
3.999301 0.074753
2.897675 2.757441
0.514082 3.966827
3.507936 1.922079
3.763695 1.354473
3.407004 2.095788
0.603415 3.954224
3.893300 0.917722
2.378231 3.216212
0.846543 3.909394
3.478108 1.975542
1.040310 3.862351
0.739799 3.930992
3.706167 -1.504767
3.292239 2.271820
2.352300 3.235226
2.026375 3.448739
2.505277 3.118267
1.151775 3.830589
3.732098 -1.439252
3.474845 1.981275
2.198466 3.341668
2.664791 2.983100
3.675425 -1.578370
3.611911 -1.718750
3.119483 2.503763
2.832661 2.824187
3.723161 -1.462216
3.311052 2.244311
3.582546 1.779148
-2.192789 3.345396
0.270495 3.990844
1.238746 3.803355
2.063869 3.426433
2.447479 3.163834
0.462667 3.973152
-0.789682 3.921276
-1.137052 3.834985
-0.074231 3.999311
2.918519 2.735370
-0.915326 3.893864
-0.047481 3.999718
0.338361 3.985663
1.080852 3.851202
1.578733 3.675269
1.829154 3.557274
-0.229869 3.993390
0.420760 3.977809
2.750466 2.904297
-2.733144 2.920603
1.659916 3.639324
3.728727 1.447963
1.345227 3.767010
-0.324800 3.986791
-0.267237 3.991063
3.166514 2.444011
-1.458484 3.724624
1.945648 3.494918
0.672330 3.943092
0.320768 3.987118
-0.304783 3.988372
-0.140402 3.997535
2.151420 3.372150
1.408700 3.743737
2.333953 3.248486
-0.772932 3.924612
-0.410328 3.978898
-2.802455 2.854162
-0.711783 3.936161
-0.605952 3.953836
1.993128 3.468060
-0.318257 3.987319
-0.137665 3.997630
-0.265048 3.991209
-1.528882 3.696285
1.993804 3.467672
-0.203682 3.994811
-0.137737 3.997628
-2.916831 2.737170
2.553115 3.079221
-0.378995 3.982005
-0.935796 3.888996
1.645965 3.645655
-2.531767 3.096797
-0.308024 3.988123
1.580952 3.674315
1.955631 3.489342
-0.606009 3.953828
-0.606012 3.953827
