-3.306298 2.251309
-3.181501 2.424469
-0.414496 3.978466
-3.258585 2.319833
-3.543882 1.854966
-2.164062 3.364051
-0.745766 3.929864
-1.911974 3.513453
-1.759046 3.592459
-2.725868 2.927396
-0.999246 3.873178
-2.935955 2.716647
-2.478299 3.139751
-0.654514 3.946088
-1.879009 3.531193
0.432415 3.976558
-0.301405 3.988628
-3.240470 2.345070
-2.243355 3.311700
-0.750687 3.928927
-1.838891 3.552250
-3.134206 2.485307
-0.408047 3.979133
-2.620949 3.021693
-2.483058 3.135988
-2.884778 2.770931
-2.528932 3.099113
-1.919487 3.509355
-1.790579 3.576846
-2.487964 3.132098
-3.064747 2.570471
-1.724124 3.609348
-3.996002 0.178803
-2.429453 3.177697
-2.701683 2.949731
3.940375 -0.688075
-3.279540 2.290112
-2.776583 2.879338
-3.493875 1.947520
-2.725277 2.927946
-2.901918 2.752975
-2.366608 3.224774
3.645167 1.647045
-3.757819 1.370692
-3.084999 2.546130
3.634940 1.669494
-3.628647 1.683128
2.026375 3.448739
-3.142419 2.474914
-3.292814 2.270986
-3.381020 2.137453
-3.264570 2.311403
3.985836 -0.336316
-3.016884 2.626482
-3.275660 2.295659
-3.098747 2.529381
-3.050361 2.587527
-3.424694 2.066754
-3.535214 1.871434
-2.714135 2.938277
-1.421921 3.738735
-2.331600 -3.250176
-2.549282 -3.082395
0.916321 3.893630
-3.384520 -2.131907
-1.475877 -3.717767
-3.581689 -1.780871
-2.170131 -3.360139
0.617403 3.952064
1.178095 3.822577
-3.158143 -2.454818
-3.251401 -2.329891
-1.869995 -3.535975
-1.277844 -3.790398
-1.313985 -3.778021
0.756662 3.927781
0.781041 3.923006
-2.221970 -3.326086
-1.155771 3.829386
-3.556092 -1.831449
-1.428153 3.736359
-2.333097 -3.249101
-3.382661 -2.134855
-1.071490 3.853817
-2.516822 -3.108956
-0.017887 3.999960
-2.392175 -3.205854
-2.969488 -2.679952
-2.610132 -3.031041
-2.879311 -2.776611
-0.538720 3.963557
-1.848479 3.547270
-1.150340 3.831021
1.040678 3.862252
1.621099 3.656780
1.772523 3.585828
-0.320512 3.987138
-2.249682 3.307406
-0.572058 3.958882
-0.256799 3.991748
-2.033601 3.444484
2.554649 3.077949
2.022447 3.451044
-2.471432 3.145158
-3.964052 -0.535060
1.752855 3.595483
1.993804 3.467672
0.547610 3.962338
-0.409472 3.978986
1.214834 3.811060
1.580310 3.674591
-0.513472 3.966906
1.718204 3.612170
1.416115 3.740938
0.813138 3.916479
-1.667615 3.635802
1.480652 3.715867
2.310804 3.264994
-1.106884 3.843801
-0.500785 3.968528
