-3.919804 0.796953
-1.986656 3.471771
-3.408363 2.093576
-2.978430 2.670010
3.999490 0.063846
-3.631767 1.676385
-3.006154 2.638757
-3.463738 2.000629
-3.898111 0.897068
3.887361 0.942563
-3.554537 1.834466
3.987272 0.318840
-2.862554 2.793883
-3.456873 2.012469
-2.805583 2.851088
-3.280959 2.288080
-3.570507 1.803186
-2.469787 3.146451
-3.590639 1.762757
-3.857829 1.056955
-3.690880 1.541884
-2.672962 2.975781
-3.738311 1.423037
-3.187604 2.416439
-3.454388 2.016730
-2.215399 3.330467
-2.925295 2.728122
-2.588925 3.049174
-3.760012 1.364665
-3.881535 0.966273
3.725467 1.456328
-3.999998 -0.003832
-3.644945 -1.647535
0.228975 -3.993441
-2.377827 -3.216510
3.962557 0.546021
-3.827510 -1.161967
-3.268617 -2.305676
3.930453 0.742654
-3.513915 -1.911125
-3.944011 0.666914
-3.123379 -2.498900
3.773130 1.327966
-2.738692 2.915401
-1.273927 -3.791716
3.918101 0.805286
3.811803 1.212502
2.026375 3.448739
3.904629 -0.868259
-2.722609 -2.930427
3.937490 0.704396
3.720919 1.467910
2.198466 3.341668
-3.946802 -0.650194
-2.771920 2.883827
3.999999 -0.002406
-3.854593 -1.068695
-3.180999 -2.425128
-2.723971 -2.929161
-2.667261 -2.980892
-3.787283 -1.287045
-3.957600 0.580865
-2.113892 3.395800
-3.974907 -0.447345
-3.469020 1.991456
-3.618029 1.705833
-3.279578 2.290058
-3.851131 1.081106
-1.910375 3.514323
-2.207448 3.335742
-3.848602 1.090075
0.461719 3.973263
-1.732609 3.605283
-2.108763 3.398988
-2.986295 2.661210
0.366726 3.983154
0.287497 3.989655
-3.349530 2.186470
-1.942944 3.496422
-1.329380 3.772632
-2.023258 3.450569
-3.344575 2.194041
-3.971334 0.478022
-2.215325 3.330516
-3.813550 1.206993
-3.993985 0.219286
-0.243091 3.992606
-3.948405 0.640391
0.010332 3.999987
-1.429748 3.735749
-0.561912 3.960335
-1.919062 3.509587
-0.177316 3.996068
2.141973 3.378158
2.184587 3.350758
1.996307 3.466231
-1.438061 3.732557
-1.548079 3.688286
0.305166 3.988342
-2.126301 3.388044
-0.589543 3.956316
2.194570 3.344229
2.122378 3.390503
-0.137665 3.997630
-2.019926 3.452521
1.752855 3.595483
1.993804 3.467672
-0.235505 3.993061
-0.157163 3.996911
-1.142490 3.833369
1.446203 3.729410
-0.898214 3.897847
1.752855 3.595483
0.827120 3.913550
-0.703031 3.937734
-2.523453 3.103576
2.355004 3.233258
2.097835 3.405744
-0.597428 3.955133
-0.606012 3.953827
