2.748304 2.906343
3.454467 2.016596
-0.164069 3.996634
2.262316 3.298776
3.643524 1.650676
1.075804 3.852616
1.125466 3.838401
0.372928 3.982578
1.374551 3.756409
3.313277 2.241025
0.258189 3.991659
3.927272 0.759297
-0.875019 3.903119
1.441279 3.731316
0.732554 3.932349
1.985142 3.472637
1.512439 3.703043
-0.360010 3.983766
-1.395427 3.748704
-1.400549 3.746794
-0.894614 3.898675
0.357986 3.983949
1.175057 3.823511
-3.262014 2.315008
-0.060709 3.999539
3.645473 1.646367
-0.536059 3.963917
1.185416 3.820313
0.075111 3.999295
-3.308105 2.248653
3.992851 0.239047
-3.772576 1.329537
-3.603241 1.736851
-3.196408 2.404782
-3.621170 1.699156
3.395710 2.114037
-2.724168 2.928978
-3.857704 1.057411
2.151105 3.372350
2.191509 3.346235
3.473127 1.984285
-3.466813 1.995296
2.959115 2.691401
1.692424 3.624321
-3.698911 1.522517
1.559418 3.683506
2.724307 2.928848
2.026375 3.448739
1.784580 3.579843
-2.980861 2.667296
2.799127 2.857426
3.032826 2.608058
2.198466 3.341668
-3.468051 1.993144
-3.295686 2.266816
2.855456 2.801138
-2.941781 2.710337
-3.461751 2.004066
-3.339831 2.201256
-3.956941 0.585334
-1.614079 -3.659884
0.122174 -3.998134
0.539988 -3.963384
-1.594891 3.668286
1.482718 -3.715043
-1.821763 -3.561065
-3.880060 -0.972178
-3.072853 -2.560777
-0.171355 3.996328
-0.069131 3.999403
-1.246133 -3.800941
-3.356561 -2.175660
-0.906890 -3.895837
-0.231179 -3.993314
0.103087 -3.998671
0.102560 3.998685
-0.255033 3.991862
-3.706327 -1.504374
-0.233837 3.993159
-0.907803 -3.895625
-0.257398 3.991710
-3.388390 -2.125749
-1.408677 -3.743745
-0.286292 3.989741
-3.935598 -0.714893
-1.897932 -3.521059
-2.123145 -3.390023
-1.385430 -3.752410
-3.802122 -1.242524
-0.408949 3.979040
-0.296559 3.988991
-1.919062 3.509587
0.474970 3.971700
2.111996 3.396980
0.339688 3.985550
1.503129 3.706832
-0.001893 4.000000
-2.159355 3.367074
1.204219 3.814427
-2.953257 2.697828
0.747873 3.929464
2.408594 3.193537
1.997190 3.465722
-0.137665 3.997630
-2.993806 2.652758
1.752855 3.595483
1.993804 3.467672
-0.210174 3.994475
-1.674647 3.632569
-0.300880 3.988668
1.143711 3.833005
-2.103705 3.402121
1.752789 3.595515
1.680833 3.629711
0.232272 3.993251
-2.492037 3.128858
1.143581 3.833043
1.161727 3.827583
-0.109106 3.998512
-3.355859 2.176744
