-0.610985 3.953062
2.154516 3.370172
0.805283 3.918101
1.142957 3.833230
-1.719402 3.611601
-0.227684 3.993515
0.936156 3.888909
1.111034 3.842604
2.442573 3.167623
-2.177132 3.355607
0.108079 3.998540
3.731842 1.439914
0.455072 3.974029
1.140435 3.833981
0.630564 3.949986
2.005300 3.461036
1.798093 3.573074
2.007554 3.459729
0.574161 3.958578
1.046518 3.860674
1.156396 3.829197
0.879533 3.902105
1.238589 3.803406
1.079143 3.851681
2.172888 3.358357
-1.536781 3.693007
-1.617533 3.658358
1.131228 3.836707
1.754790 3.594539
1.876390 3.532585
2.940330 2.711911
3.999301 0.074753
2.085261 3.413457
0.514082 3.966827
3.507936 1.922079
3.919247 0.799689
3.952111 0.617105
0.638235 3.948754
2.979120 2.669241
1.894134 3.523103
3.628559 1.683317
3.969360 0.494148
3.865049 1.030241
1.262153 3.795651
3.700354 -1.519007
3.432226 2.054222
1.434809 3.733808
2.026375 3.448739
2.505277 3.118267
0.656651 3.945733
3.732098 -1.439252
3.968540 0.500693
2.198466 3.341668
3.406185 2.097117
3.663118 -1.606725
3.611911 -1.718750
1.923878 3.506949
3.999996 -0.005992
3.722659 -1.463492
3.779101 1.310875
3.265585 2.309968
0.815016 3.916088
1.294184 3.784850
3.374972 2.146990
0.595527 3.955420
3.471923 1.986392
-0.059892 3.999552
-3.339702 2.201451
0.417086 3.978195
1.935369 3.500621
3.895196 0.909640
1.114519 3.841594
-1.544189 3.689916
-0.264645 3.991236
-1.517247 3.701076
1.553115 3.686168
0.846137 3.909482
-0.501241 3.968470
0.178546 3.996013
-0.629756 3.950115
1.162745 3.827274
1.101183 3.845438
3.728727 1.447963
1.156665 3.829116
-0.842402 3.910289
0.267423 3.991051
-0.190713 3.995451
-0.761725 3.926802
-0.583985 3.957141
-0.371126 3.982746
-0.722104 3.934281
-0.304783 3.988372
-0.141023 3.997513
2.573168 3.062484
1.408700 3.743737
1.854415 3.544171
-1.278584 3.790148
-0.425060 3.977351
-2.402751 3.197935
0.331224 3.986263
-0.605942 3.953838
1.992954 3.468160
-1.580614 3.674460
-0.137665 3.997630
-0.276152 3.990456
-0.190922 3.995441
1.993804 3.467672
-0.220660 3.993909
-0.137750 3.997627
-2.916831 2.737170
1.669159 3.635094
-0.393440 3.980604
0.244875 3.992497
2.533445 3.095425
-2.531767 3.096797
-0.341383 3.985406
1.672730 3.633452
2.176984 3.355702
-0.606008 3.953828
-0.606012 3.953827
