0.858450 3.906797
0.502930 3.968257
-3.309932 -2.245963
3.561883 -1.820161
-0.884707 3.900935
1.538294 3.692377
3.900889 -0.884912
3.480461 -1.971393
-2.448431 -3.163097
-1.643962 3.646559
-1.127478 3.837811
0.271101 3.990802
2.251495 3.306172
2.216684 3.329611
3.985816 -0.336557
-2.784954 -2.871243
1.355839 3.763203
2.784942 2.871253
0.906526 3.895922
2.586273 3.051424
3.999386 0.070103
1.722330 3.610205
2.715151 2.937338
1.270969 3.792708
-3.738567 -1.422362
-0.762632 3.926626
-3.600516 -1.742494
0.743258 3.930339
0.081938 3.999161
1.217502 3.810209
3.846388 -1.097861
-2.854676 -2.801933
3.909945 -0.843995
0.823549 -3.914303
3.051405 -2.586296
-1.233859 -3.804943
0.005891 -3.999996
3.694567 -1.533028
2.177431 -3.355413
3.474062 -1.982648
3.392335 -2.119448
3.988441 -0.303871
2.412687 -3.190446
2.793037 2.863379
3.535860 -1.870212
3.449069 -2.025814
3.434390 -2.050602
3.027397 2.614358
-3.254623 -2.325388
-0.178979 3.995994
3.041890 -2.597480
2.839093 -2.817721
2.217978 3.328749
3.832886 -1.144110
-0.303258 3.988488
2.854818 -2.801788
2.839914 -2.816893
-0.426932 3.977151
-1.696542 -3.622395
3.030937 -2.610253
0.148945 -3.997226
-1.235293 -3.804478
-3.402552 -2.103008
-3.863231 1.037036
-1.038029 -3.862965
-1.897034 -3.521543
-2.398329 -3.201253
3.308547 -2.248003
2.691146 -2.959347
3.319681 -2.231529
-3.988496 -0.303147
-3.439828 -2.041466
-3.671754 1.586892
0.512048 -3.967090
-3.895639 0.907741
-3.461511 2.004481
3.318827 -2.232798
-2.966617 -2.683129
-0.005118 -3.999997
3.717031 -1.477729
-3.640410 1.657532
-1.835178 -3.554170
-1.956046 -3.489110
1.181212 -3.821615
-3.613411 1.715593
1.555775 -3.685046
-3.621661 -1.698108
3.272647 -2.299952
-3.842810 1.110321
3.305837 -2.251987
-2.626946 3.016480
-0.134028 3.997754
-2.520076 3.106319
-3.939237 -0.694559
3.897466 0.899866
-3.770455 -1.335542
-3.395004 -2.115170
-2.643480 3.002001
-3.795185 -1.263553
-2.639201 3.005764
-3.259262 2.318882
3.993619 0.225855
3.871335 -1.006364
-2.778185 2.877792
-0.210449 3.994460
-3.995287 0.194121
-3.946859 -0.649852
3.993748 -0.223562
-2.101378 3.403559
-3.377879 -2.142414
2.683022 2.966714
-3.984786 0.348539
2.079980 3.416677
3.279321 2.290427
3.834709 -1.137985
-3.221283 2.371357
3.722656 1.463500
-3.998780 -0.098796
2.585463 -3.052111
-3.806046 -1.230454
