2.915152 -2.738957
-1.840571 3.551380
3.072419 -2.561296
2.945663 -2.706118
2.162300 3.365183
3.348082 -2.188686
2.554183 -3.078336
3.059009 -2.577298
3.712599 1.488829
-1.479868 3.716179
-1.056192 3.858038
-0.766658 3.925842
3.789246 1.281256
2.522943 -3.103991
3.274581 -2.297197
3.706682 1.503499
2.813416 -2.843359
3.679951 1.567788
3.266908 -2.308097
2.925763 -2.727620
3.190491 -2.412626
3.440764 -2.039888
3.782743 1.300330
3.003506 -2.641770
3.697346 1.526314
-1.205939 3.813884
3.717600 1.476296
3.503921 -1.929387
3.755446 1.377179
3.181921 -2.423918
3.677102 1.574459
3.809031 1.221179
3.768931 1.339836
2.833789 2.823056
3.425713 2.065065
3.586834 1.770487
0.782898 3.922636
3.227408 2.363014
3.999852 -0.034436
3.999983 -0.011828
3.999731 -0.046392
1.482936 -3.714956
2.800994 -2.855596
3.972234 0.470484
2.828640 2.828214
2.140274 -3.379235
3.767792 1.343036
3.917072 -0.810275
-2.397185 -3.202109
3.999964 0.016883
3.992263 -0.248666
3.825726 1.167826
3.186772 2.417537
3.431251 -2.055849
3.988082 -0.308552
3.993525 -0.227502
3.834626 -1.138262
3.999774 0.042478
3.750012 1.391908
3.907517 0.855167
-3.443393 -2.035447
-3.992093 -0.251388
-3.992429 0.245987
1.296337 -3.784113
3.222302 -2.369972
-3.997418 0.143702
-3.934915 -0.718642
3.795410 -1.262879
-3.450098 -2.024062
3.275620 -2.295717
-3.834395 1.139041
-3.995035 -0.199228
3.256922 -2.322166
3.794952 -1.264255
-3.965583 0.523595
1.648651 -3.644441
3.274816 -2.296863
-3.954116 0.604122
1.267107 -3.794000
1.534692 -3.693876
1.584256 -3.672892
3.540727 -1.860982
-3.984506 -0.351726
-3.474666 -1.981589
1.698997 -3.621244
-3.675650 -1.577845
-3.957186 0.583676
3.115216 -2.509069
2.396405 -3.202693
3.273531 -2.298694
3.935481 -0.715532
1.334503 3.770822
1.103977 3.844637
2.745387 2.909098
3.379121 2.140454
3.552966 1.837507
3.803778 -1.237448
-3.601555 1.740345
1.102910 3.844943
3.172086 -2.436775
0.504149 3.968102
2.716347 2.936232
3.391125 2.121384
1.913284 3.512740
2.275794 3.289493
1.752855 3.595483
3.321900 2.228223
3.629196 -1.681944
0.554337 3.961403
3.044408 -2.594528
2.595132 3.043894
-3.650626 1.634910
1.529027 3.696225
1.940578 3.497736
3.655148 -1.624775
2.755239 2.899769
2.778093 2.877881
2.368029 3.223731
3.998937 -0.092227
3.754538 -1.379653
