-3.660453 -1.612787
-3.999737 -0.045850
1.650710 3.643509
-0.205967 3.994694
3.999659 -0.052227
0.660245 3.945133
-1.499793 3.708183
2.155212 3.369727
0.682373 3.941366
3.978205 0.416995
0.297294 3.988937
3.994534 -0.209036
0.382077 3.981710
-0.583162 3.957262
-0.874673 3.903197
2.108930 3.398884
0.586228 3.956809
0.589905 3.956262
0.135303 3.997711
2.067493 3.424248
0.938493 3.888346
1.846832 3.548128
0.315157 3.987565
-3.765142 -1.350446
0.240361 3.992772
-3.801995 -1.242912
2.739237 2.914889
1.497843 3.708971
2.418204 3.186266
-3.798796 -1.252657
3.954514 -0.601516
-3.911615 -0.836224
-3.054583 -2.582542
-3.954701 0.600280
-3.451082 -2.022384
3.999739 -0.045672
3.443976 2.034460
-3.744071 -1.407812
3.989575 0.288609
-3.942337 0.676741
3.191530 2.411251
-3.024335 -2.617899
3.918825 0.801757
-3.999935 0.022717
-3.981923 0.379850
3.969730 -0.491163
3.960436 -0.561201
2.026375 3.448739
3.757894 -1.370487
-3.629273 -1.681779
3.999250 -0.077470
3.933704 -0.725238
2.198466 3.341668
-3.675279 -1.578710
-3.678774 -1.570549
3.904563 -0.868557
-3.078617 -2.553844
-3.988269 -0.306117
-3.731605 -1.440529
-3.991774 0.256403
-3.547216 -1.848582
0.394668 -3.980482
-1.087876 -3.849224
-0.095980 3.998848
-1.169648 -3.825170
-2.163487 -3.364420
-0.570286 -3.959138
-1.875901 -3.532845
0.208412 3.994567
-0.194923 3.995248
-3.492172 -1.950573
-0.380868 -3.981826
-3.734919 -1.431915
-0.901464 -3.897097
-3.420958 -2.072931
-0.763379 3.926481
0.528641 3.964913
0.356986 -3.984038
-0.176078 3.996123
-0.976185 -3.879054
-0.304688 3.988379
-1.034743 -3.863846
-1.182863 -3.821104
0.432293 3.976572
-0.419012 -3.977993
-3.625619 -1.689641
-3.100157 -2.527652
-1.183479 -3.820913
-3.875247 -0.991193
-0.443481 3.975340
-1.876194 3.532690
-1.919062 3.509587
-0.257539 3.991701
2.066456 3.424874
2.475945 3.141607
1.347462 3.766211
-2.315828 3.261433
-1.374744 3.756339
-1.197904 3.816415
-0.435049 3.976271
-1.486538 3.713517
1.739285 3.602067
2.219583 3.327680
-0.137665 3.997630
-1.495141 3.710061
1.752855 3.595483
1.993804 3.467672
0.052775 3.999652
-0.086253 3.999070
-1.834633 3.554451
2.903916 2.750867
-1.993552 3.467817
1.752853 3.595484
2.017507 3.453935
0.546048 3.962554
-1.166490 3.826134
1.870631 3.535638
1.870597 3.535657
-0.289245 3.989528
-0.863307 3.905727
