-0.899574 0.799102
3.999478 -0.064614
-1.272359 3.792242
-1.714529 -3.613916
3.051012 2.586760
-2.325649 -3.254437
3.478176 -1.975422
-1.998095 -0.864817
0.694267 3.939288
-3.990710 -0.272461
-2.133034 3.383810
-3.690916 1.541798
2.860557 2.795928
2.345124 -3.104943
2.486980 -3.132879
0.969390 -3.880758
-2.209848 -3.334152
2.558541 3.074714
3.986510 -0.328238
2.136343 2.731484
0.070588 -0.187129
-1.971098 3.480628
-3.730344 1.443791
-3.984299 -0.354067
-3.556743 1.830185
-0.099530 -3.998762
-2.571585 3.063813
-3.913104 -0.829228
3.999527 0.061489
-3.671236 -1.588090
-0.992400 3.874938
3.510770 1.916897
-2.334875 3.247824
0.398980 3.657923
3.497684 -1.940672
2.282913 -1.634428
0.212332 -0.945434
3.278159 -2.292089
-0.161138 3.837024
3.582869 -1.778496
-2.325073 -3.055137
-3.430980 2.056301
-3.998181 -0.120624
2.108450 2.338319
-3.253420 2.327070
1.503093 -3.706846
1.180607 3.821802
3.592199 1.759576
-1.136832 3.835051
-3.984453 0.352332
3.972891 0.464907
-2.754483 2.900486
0.282970 -3.989978
3.164491 -2.446630
-3.889429 0.933994
-2.742613 2.911713
-1.747955 3.597868
-1.796264 -3.573994
3.472735 1.984971
0.868546 3.904565
-3.270295 2.303295
-2.990049 1.929546
1.276656 3.790798
-1.704892 -1.651029
0.911009 3.798757
-2.109349 3.398624
-3.599900 1.743766
-0.228405 3.273907
-1.514217 -2.039194
2.489617 -2.748049
3.083108 2.548421
-3.954807 0.599584
-3.096570 1.422395
-3.901144 0.883784
-1.120813 -2.118424
1.280186 3.391323
2.400617 -3.199537
-3.176198 1.705318
-0.243780 -3.144753
0.151285 -3.964238
-3.180287 2.426062
-3.280771 2.288349
-2.053361 3.432741
3.584425 1.775359
0.845719 2.495240
1.708755 3.616650
2.866855 -2.789470
0.574989 3.958458
2.551611 3.080468
0.179922 3.703621
-1.819724 -2.954573
-1.028040 3.865635
1.790171 3.577050
-0.359401 3.983821
-1.773316 3.585436
-3.294186 -2.268994
3.348730 -1.583074
-2.815873 0.554174
-2.754956 2.900037
2.060175 1.857335
-2.898575 -2.756494
-3.152831 -2.461638
-2.790984 2.865381
-3.498350 -1.939471
-1.745150 -2.354702
-1.730740 -1.390392
-2.622354 3.020474
-3.846826 1.096326
0.928825 -3.890666
0.036168 -1.799468
-3.522508 -0.944996
-0.173585 0.271132
2.242536 3.180745
3.576396 1.791478
-2.073676 0.186515
-3.479405 1.466647
-2.483894 -3.135326
3.976329 -0.434516
-3.997007 0.154700
-0.072595 0.449659
