0.604399 3.954074
3.644388 1.648768
2.014152 3.455892
1.773700 3.585246
3.678823 -1.570433
3.264358 2.311702
3.373464 2.149359
2.703728 2.947856
2.052768 3.433096
3.669787 -1.591433
3.380513 2.138255
3.734337 -1.433433
2.134883 3.382643
2.813579 2.843198
3.151574 2.463246
3.553761 1.835970
3.625879 1.689083
2.462311 3.152304
1.533124 3.694527
3.314330 2.239468
2.681005 2.968537
2.798982 2.857568
1.803997 3.570097
2.603662 3.036601
2.686248 2.963793
0.708840 3.936692
3.724547 -1.458680
1.903866 3.517854
3.106317 2.520078
3.137102 2.481651
2.593101 3.045624
-0.154007 3.997034
1.235809 3.804310
1.557808 3.684187
1.712719 3.614774
3.924404 -0.773987
3.993836 -0.221971
0.566629 3.959663
3.151830 -2.462919
3.702933 -1.512709
3.968705 -0.499378
3.886234 -0.947197
3.874362 -0.994645
0.681625 3.941496
3.992932 -0.237680
1.706002 3.617949
3.999012 -0.088899
3.984030 0.357076
3.974921 -0.447216
0.921526 3.892402
3.992953 -0.237330
3.447273 -2.028869
-0.010351 3.999987
3.636291 -1.666549
2.892110 -2.763277
3.989568 -0.288700
3.897376 -0.900257
3.117114 -2.506712
3.548159 1.846771
3.989905 -0.283997
2.067368 3.424323
-1.043858 3.861393
0.056134 3.999606
-0.962459 3.882483
-0.455318 3.974001
1.501806 3.707368
-1.114803 3.841512
-0.839225 3.910972
-0.870948 3.904030
0.026428 3.999913
2.096613 3.406496
-0.291745 3.989346
-0.284767 3.989851
-0.306577 3.988234
-0.189280 3.995519
-1.020399 3.867659
-1.118701 3.840379
-1.155230 3.829549
0.845293 3.909665
0.183008 3.995811
-0.692925 3.939525
-0.559938 3.960615
0.347952 3.984837
1.805459 3.569358
1.485134 3.714078
-0.223754 3.993737
-1.526353 3.697330
-0.969910 3.880628
-0.556409 3.961112
0.958594 3.883439
0.382203 3.981698
1.498696 3.708627
-0.137664 3.997630
-2.574842 3.061077
-3.744340 1.407094
1.079444 3.851597
0.302864 3.988518
1.013565 3.869455
-3.526388 1.888011
-0.704299 3.937507
-3.756510 1.374275
-1.380584 3.754196
-0.621770 3.951380
-0.137665 3.997630
-0.137704 3.997629
-0.880449 3.901898
-1.869561 3.536204
-0.137663 3.997630
-0.137665 3.997630
-3.984648 -0.350112
-3.956592 0.587689
1.134276 3.835807
-0.128795 3.997926
-3.971702 0.474953
-3.809345 1.220202
-0.137672 3.997630
-3.941182 0.683436
2.448902 3.162733
-3.854250 1.069934
-3.828349 1.159198
