0.613412 3.952686
2.331749 3.250069
0.565062 3.959887
3.275591 2.295758
3.662037 -1.609187
3.538169 1.865841
2.294150 3.276717
3.815425 1.201054
2.867750 2.788550
3.663114 -1.606735
2.711903 2.940337
3.694810 -1.532441
0.465681 3.972800
1.988313 3.470823
2.726801 2.926526
2.159662 3.366877
2.237091 3.315935
3.481214 1.970064
1.533124 3.694527
3.124753 2.497182
1.924286 3.506725
1.964016 3.484629
0.883181 3.901281
2.977743 2.670776
3.356836 2.175236
0.732182 3.932418
3.713896 -1.485590
3.407723 2.094618
3.106317 2.520078
3.023455 2.618915
3.434469 2.050468
3.180722 2.425491
0.728674 3.933069
2.025363 3.449334
1.712719 3.614774
3.999842 0.035516
3.988642 0.301228
2.575861 3.060219
3.961024 -0.557036
3.990004 -0.282609
3.999934 0.022914
3.683050 -1.560493
3.994517 -0.209372
2.138085 3.380620
1.552861 -3.686275
1.484230 3.714439
3.998243 -0.118556
3.918254 -0.804540
3.966901 -0.513516
1.833216 3.555182
3.992953 -0.237330
1.499809 -3.708177
0.511841 3.967117
3.941346 -0.682487
2.788239 -2.868052
3.991299 -0.263689
3.982512 -0.373624
3.117114 -2.506712
2.702175 -2.949279
3.994290 -0.213650
-1.541785 3.690921
0.011512 3.999983
1.532239 3.694894
-1.345658 3.766856
-1.080494 3.851303
-0.658841 3.945368
-0.082561 3.999148
-3.806614 1.228695
-2.704264 2.947364
1.359669 3.761821
-1.901805 3.518968
-0.291745 3.989346
-0.689202 3.940178
1.242991 3.801970
0.802423 3.918688
-1.733852 3.604686
-0.607860 3.953543
0.914316 3.894102
-2.365124 3.225863
-0.340116 3.985514
-1.688938 3.625947
-0.488965 3.970002
-1.953208 3.490699
0.820122 3.915022
-0.519864 3.966074
-2.298841 3.273428
-2.431283 3.176297
-1.575120 3.676819
-0.279208 3.990243
0.958594 3.883439
-0.420968 3.977787
-0.697812 3.938662
-0.137664 3.997630
-1.694841 3.623191
-3.894372 0.913161
-1.190956 3.818589
0.302864 3.988518
-0.083895 3.999120
-3.971963 0.472772
0.053546 3.999642
-3.756510 1.374275
-1.269857 3.793081
-1.628695 3.653403
-0.137665 3.997630
-0.137693 3.997629
-1.382216 3.753595
-1.391999 3.749978
-0.137664 3.997630
-0.137665 3.997630
-3.996258 0.172984
-3.956592 0.587689
-0.442507 3.975448
-1.292665 3.785369
-3.875730 0.989301
-3.809345 1.220202
-0.137670 3.997630
-3.750495 1.390606
-3.047965 2.590350
-3.854250 1.069934
-3.946903 0.649581
