1.948683 -3.493227
-3.965970 -0.520655
-3.959300 -0.569163
1.124125 -3.838795
2.162300 3.365183
2.088008 -3.411777
0.960404 -3.882992
0.857915 -3.906915
3.322638 2.227123
-3.965336 -0.525461
-3.947201 -0.647771
-3.883394 -0.958776
3.437840 2.044812
1.412636 -3.742253
0.884416 -3.901001
3.584907 1.774384
2.280763 -3.286050
3.594087 1.755716
1.712035 -3.615098
0.505465 -3.967935
1.245755 -3.801065
1.720698 -3.610983
3.416229 2.080715
2.091636 -3.409554
3.572010 1.800208
-3.971057 -0.480322
3.349670 2.186255
1.927090 -3.505185
3.712916 1.488037
2.172213 -3.358793
3.440136 2.040948
3.421140 2.072632
2.515409 3.110100
2.230920 3.320090
3.425713 2.065065
3.377337 2.143267
3.531911 1.877660
3.508233 1.921537
3.994019 0.218658
2.098784 3.405159
2.933596 2.719193
2.652172 -2.994325
2.800994 -2.855596
2.458512 3.155268
3.581658 1.780934
2.140274 -3.379235
2.888804 2.766733
3.917072 -0.810275
-3.959299 -0.569167
2.862170 2.794277
1.273466 3.791871
3.257307 2.321627
3.771629 1.332221
3.496043 1.943626
2.423956 3.181892
2.999512 2.646305
3.368877 2.156540
3.507000 1.923785
2.727354 2.926011
2.956426 2.694355
1.178370 -3.822492
-3.990663 0.273152
-3.913021 0.829617
2.793642 -2.862789
2.051584 -3.433803
-3.951099 0.623552
-3.923853 0.776773
3.927778 -0.756675
-0.012445 -3.999981
-3.976574 -0.432277
-3.950266 0.628808
-3.980534 0.394145
1.664454 -3.637251
3.597467 -1.748780
-3.965583 0.523595
3.986555 -0.327686
-3.999920 -0.025288
-3.999142 0.082838
2.669522 -2.978868
0.809235 -3.917287
2.202488 -3.339019
3.695431 -1.530944
-3.677482 1.573572
1.336416 -3.770145
2.519060 -3.107142
-0.655468 -3.945930
-3.957186 0.583676
-3.987595 0.314785
3.868916 -1.015623
-3.999723 0.047068
3.752033 -1.386453
2.633153 3.011064
1.103977 3.844637
3.121254 2.501554
3.232397 2.356186
3.164987 2.445988
3.958458 -0.574989
-3.643129 1.651547
0.324110 3.986847
3.454874 -2.015898
1.007279 3.871097
3.076363 2.556558
2.054543 3.432033
3.045878 2.592803
2.561066 3.072611
1.752855 3.595483
3.584322 1.775565
3.766421 -1.346876
1.042482 3.861765
3.962589 -0.545793
2.370445 3.221955
-3.650626 1.634910
1.556988 3.684534
2.054069 3.432317
3.655148 -1.624775
3.147322 2.468677
2.295372 3.275861
2.612847 3.028701
3.850355 -1.083868
3.754538 -1.379653
