-1.690708 3.625121
3.903794 0.872006
0.661564 3.944912
2.594529 -3.044408
3.051012 2.586760
-2.823857 -2.832990
3.976532 -0.432659
-3.999502 -0.063106
3.381418 2.136824
-3.700962 -1.517525
-2.807578 2.849124
-3.928562 0.752596
1.937166 3.499627
2.345124 -3.104943
2.286448 -3.282096
2.841394 -2.815400
-3.047328 -2.591099
1.180608 3.821801
3.682807 -1.561068
2.136343 2.731484
0.654497 -3.946091
-1.971098 3.480628
-2.153513 3.370813
-3.920663 -0.792718
-3.519151 1.901467
-0.590413 -3.956187
-1.531459 3.695218
-2.263587 3.297904
3.766005 1.348037
-2.760135 -2.895108
-1.503003 3.706883
3.886864 0.944610
-2.097731 3.405807
-0.089018 3.999009
3.214452 -2.380608
2.282913 -1.634428
0.212332 -0.945434
-2.292089 -3.278159
-0.145677 3.997346
0.770137 -3.925161
-2.325073 -3.055137
-3.430980 2.056301
-0.120624 3.998181
3.206719 2.391015
-2.332750 3.249351
1.503093 -3.706846
1.180607 3.821802
3.759443 1.366231
-1.136832 3.835051
0.352332 3.984453
2.953002 -2.698107
2.900486 2.754483
3.968517 -0.500874
1.517214 -3.701089
-1.255918 3.797719
-2.310158 3.265451
2.561125 3.072562
-0.509608 -3.967405
2.997537 2.648542
3.904565 -0.868546
-1.880873 3.530201
-2.990049 1.929546
1.132710 3.836270
-3.689268 1.545736
0.911009 3.798757
-3.044544 2.594369
-3.165630 2.445155
-0.228405 3.273907
-1.514217 -2.039194
2.489617 -2.748049
0.423525 3.977515
0.599584 3.954807
-2.269242 3.294016
-2.370086 3.222218
-2.449221 -3.162486
1.280186 3.391323
3.678764 -1.570572
-3.739396 -1.420181
-0.243780 -3.144753
0.151285 -3.964238
-2.364430 3.226371
-0.466921 3.972655
-0.502304 3.968336
3.584425 1.775359
3.463166 2.001619
1.579216 3.675061
2.461796 -3.152707
0.574989 3.958458
2.551611 3.080468
0.179922 3.703621
-1.635166 -3.650511
-1.028040 3.865635
0.023466 3.999931
-3.129374 2.491389
-3.193641 2.408455
-2.876535 -2.779486
3.348730 -1.583074
-2.815873 0.554174
-1.631466 3.652166
2.060175 1.857335
-3.999835 -0.036278
-3.152831 -2.461638
-2.790984 2.865381
-2.489850 -3.130598
-3.362515 2.166447
-1.730740 -1.390392
-2.622354 3.020474
-3.899593 0.890603
-3.292480 -2.271469
0.036168 -1.799468
-3.522508 -0.944996
-0.173585 0.271132
1.858452 3.542056
3.246889 2.336174
-3.731552 -1.440665
-3.479405 1.466647
-2.483894 -3.135326
3.996093 0.176759
-3.997007 0.154700
-0.072595 0.449659
