-3.780094 1.308011
-3.822193 1.179339
-3.571796 1.800632
-3.796333 1.260100
3.977647 0.422288
-3.819509 1.188003
-3.867652 1.020426
-3.302599 2.256732
-2.966034 2.683774
3.968250 0.502984
-3.828079 1.160093
3.989214 0.293545
-2.431095 3.176441
-2.423596 3.182167
-3.422121 2.071012
-1.805565 3.569305
-2.411885 3.191052
-3.684697 1.556602
-2.585736 3.051879
-3.331803 2.213389
-3.458047 2.010450
-3.802744 1.240621
-1.212411 3.811832
-3.911137 0.838455
-3.688072 1.548589
-2.069126 3.423261
-3.249042 2.333179
-3.848254 1.091304
-3.393815 2.117078
-3.761920 1.359397
3.999196 -0.080203
-3.999007 0.089117
-3.987169 0.320136
-3.937983 -0.701635
-3.856517 -1.061734
3.158665 2.454147
-3.521206 1.897658
-3.720203 -1.469725
3.799892 1.249328
-3.977790 -0.420932
-3.131752 2.488399
-3.987358 -0.317762
3.801839 -1.243390
-3.063093 2.572442
-3.806287 -1.229707
3.919916 0.796405
3.682520 1.561744
2.026375 3.448739
3.815637 1.200381
-3.608589 -1.725712
3.965982 0.520565
3.999426 -0.067762
2.198466 3.341668
-3.926040 -0.765642
-3.423858 2.068138
3.245755 2.337750
-3.221680 2.370818
-3.123246 -2.499067
-3.968144 -0.503815
-3.906202 -0.861156
-3.586890 -1.770374
-3.719271 -1.472081
-3.895941 0.906446
-0.658994 3.945343
-3.179405 2.427217
-3.995417 0.191425
-3.591344 -1.761319
-3.713443 -1.486721
-0.420083 3.977880
0.048954 3.999700
-3.878024 -0.980269
-3.871481 -1.005801
-3.465579 1.997438
-3.747131 -1.399647
-0.749145 3.929221
-0.244339 3.992530
0.110916 3.998462
-3.350713 -2.184657
-1.128377 3.837547
-3.718210 -1.474760
-0.172680 3.996271
-3.393849 -2.117024
-3.441672 -2.038355
0.269954 3.990880
-3.326269 -2.221696
-3.773878 -1.325838
-2.206826 3.336153
-3.908246 -0.851829
-0.511860 3.967115
-0.414147 3.978502
-0.743687 3.930258
-1.919062 3.509587
-0.196393 3.995176
1.682710 3.628841
2.184587 3.350758
1.567534 3.680059
-1.448886 3.728368
-1.053417 3.858797
-1.194856 3.817371
-2.067335 3.424343
-0.582091 3.957420
1.971148 3.480600
2.219583 3.327680
-0.137665 3.997630
-2.453290 3.159331
1.752855 3.595483
1.993804 3.467672
-0.288106 3.989611
-0.166326 3.996540
-0.034019 3.999855
1.439468 3.732015
-1.876445 3.532556
1.752855 3.595483
1.811837 3.566125
-0.730440 3.932742
-1.624607 3.655222
1.401800 3.746326
2.524426 3.102785
-0.591024 3.956095
-0.606012 3.953827
