-0.967772 3.881162
-3.940469 0.687533
-2.140096 3.379347
-3.410650 2.089849
3.990326 0.278024
-2.307010 3.267676
-3.242960 2.341626
-2.809368 2.847359
-3.396551 2.112685
3.949857 0.631372
-1.703252 3.619245
3.929143 0.749558
-3.206592 2.391185
-3.164619 2.446464
-2.535935 3.093385
-3.106726 2.519574
-3.304598 2.253804
-2.478478 3.139609
-3.087966 2.542532
-1.034533 3.863902
-3.166047 2.444616
-1.330713 3.772162
-2.946977 2.704686
-1.846341 3.548384
-3.217306 2.376750
-3.123357 2.498928
-2.036059 3.443031
-2.168780 3.361011
-3.390879 2.121778
-1.173978 3.823843
3.221600 2.370927
-1.852854 -3.544987
-3.359376 -2.171311
-2.157169 -3.368475
-1.501134 -3.707640
3.962557 0.546021
-3.827510 -1.161967
-1.677868 -3.631082
3.988740 -0.299927
-3.733305 -1.436117
-2.653851 -2.992837
-3.770963 -1.334105
3.964664 0.530508
-3.124378 2.497652
-1.941625 -3.497155
3.565702 1.812669
3.811803 1.212502
2.026375 3.448739
3.984555 -0.351174
-1.393937 -3.749259
3.985634 -0.338703
3.497485 1.941030
2.198466 3.341668
-3.407145 -2.095558
-2.771920 2.883827
3.174878 2.433136
-2.138547 -3.380328
-1.047332 -3.860453
-0.215046 -3.994215
-2.002504 -3.462655
-1.304893 3.781171
-1.886217 3.527348
-0.498019 3.968876
-1.576449 3.676249
-0.777840 3.923642
-1.099860 3.845817
-1.182109 3.821337
-1.485432 3.713959
-1.435320 3.733612
-1.839186 3.552097
-0.315015 3.987576
-0.582370 3.957379
-0.839641 3.910883
-1.393566 3.749396
-0.451688 3.974415
0.883495 3.901210
-0.235717 3.993049
0.273002 3.990673
1.181933 3.821392
0.065364 3.999466
0.733627 3.932148
-1.317782 3.776698
-1.933593 3.501602
0.352697 3.984420
-1.363970 3.760264
-1.451717 3.727267
1.084932 3.850055
-0.403352 3.979611
1.045252 3.861016
0.725536 3.933649
-0.494189 3.969355
-1.919062 3.509587
-0.159473 3.996820
2.277109 3.288582
1.942646 3.496588
1.996307 3.466231
-1.172109 3.824416
-2.016253 3.454667
-0.737491 3.931425
-1.605723 3.663557
-0.596712 3.955241
2.576454 3.059719
-1.635961 3.650155
-0.137665 3.997630
-1.705423 3.618222
1.752855 3.595483
1.993804 3.467672
-0.188795 3.995542
-0.148494 3.997243
-0.111412 3.998448
1.435163 3.733672
-1.876445 3.532556
1.752855 3.595483
2.261810 3.299124
-0.136104 3.997684
-2.246429 3.309616
0.824743 3.914051
0.546085 3.962549
-0.602345 3.954387
-0.606012 3.953827
