2.937538 2.714935
-0.964039 3.882091
-1.016515 -3.868681
-3.702706 1.513264
-0.074896 3.999299
3.650340 1.635548
0.073788 -3.999319
1.522522 -3.698909
-0.235330 -3.993071
0.420875 3.977796
0.952878 3.884845
1.106108 3.844025
3.229979 2.359499
3.272889 2.299608
-3.951235 -0.622686
-0.909504 -3.895228
3.500839 1.934974
3.622368 1.696599
1.791163 3.576553
3.461731 2.004100
0.675829 -3.942494
2.948577 2.702941
3.211041 2.385208
3.178645 2.428212
3.527391 1.886137
1.792559 3.575854
2.823522 2.833323
2.802585 2.854035
-1.437609 3.732731
3.019195 2.623825
3.679984 1.567712
3.784914 -1.293997
3.909234 0.847283
-0.678902 -3.941965
1.994608 -3.467209
3.688439 -1.547715
0.639383 -3.948568
3.527476 1.885977
1.403154 -3.745819
1.601864 -3.665247
-0.271512 -3.990775
0.745993 -3.929821
-0.505490 3.967931
2.793037 2.863379
3.969757 -0.490945
3.928859 0.751042
-0.708536 -3.936747
1.979350 3.475942
3.952722 -0.613179
0.932709 3.889737
1.110727 -3.842693
0.548032 -3.962280
3.323002 2.226580
3.134382 2.485085
-0.321297 3.987075
0.894508 -3.898699
-0.179057 -3.995990
-1.406660 3.744504
3.887767 0.940889
3.030937 -2.610253
-3.740642 -1.416897
-3.673326 -1.583248
-3.997244 -0.148447
-3.392653 2.118940
3.979014 -0.409206
-3.338385 2.203449
-2.593378 3.045388
-3.884622 -0.953790
-3.670907 -1.588849
0.086285 3.999069
-3.872030 -1.003683
-3.577232 -1.789807
-3.671754 1.586892
-3.749755 -1.392602
-3.737663 -1.424738
-3.910231 0.842670
0.822703 3.914481
-3.936584 -0.709442
3.995169 -0.196523
3.984339 -0.353614
-2.071661 3.421728
-3.636733 -1.665586
-3.733028 -1.436838
3.772664 -1.329287
-3.904217 0.870108
3.979163 -0.407749
-2.850328 2.806355
3.272647 -2.299952
2.551611 3.080468
3.989050 0.295769
-2.135097 3.382508
-3.995151 -0.196889
2.043231 3.438780
-3.932087 0.733958
-3.999988 -0.009947
-3.825540 1.168437
-3.641002 -1.656231
-2.643480 3.002001
-3.953853 -0.605842
-2.509628 3.114766
1.504454 3.706294
-3.999859 -0.033627
0.291060 3.989396
-3.939890 -0.690844
2.551222 3.080790
-3.994765 -0.204585
-3.950371 -0.628145
0.319450 3.987224
1.710140 3.615995
-3.377879 -2.142414
1.019550 3.867883
2.035500 3.443362
3.111430 -2.513763
0.299093 3.988802
1.590112 3.670360
-3.876313 -0.987016
0.885452 3.900766
2.505044 3.118454
1.139431 3.834279
-3.983543 -0.362470
