-1.105684 3.844146
-0.022292 3.999938
-0.263718 3.991297
-1.588727 3.670960
1.207388 3.813425
-1.514093 3.702367
-1.049239 3.859935
-1.485213 3.714047
-1.856840 3.542901
-0.378318 3.982069
-1.636674 3.649836
-0.235084 3.993086
-1.336588 3.770084
-1.486390 3.713576
-1.291359 3.785814
-1.884839 3.528084
0.116793 3.998295
-0.954496 3.884448
-2.092134 3.409249
-1.974381 3.478767
-1.061472 3.856589
-2.385340 3.210943
0.095158 3.998868
-1.829853 3.556914
-1.674804 3.632497
-0.371141 3.982745
-0.838951 3.911031
-2.050646 3.434363
-1.035364 3.863680
-2.015047 3.455371
-1.686400 3.627127
-2.099061 3.404988
-1.793709 3.575277
-3.169120 2.440631
-1.980120 3.475504
3.978247 -0.416592
0.272234 3.990725
-3.796686 1.259036
0.140462 3.997533
-0.744787 3.930050
-0.958151 3.883548
-1.391813 3.750048
3.910028 -0.843614
-2.893497 2.761824
-3.117013 2.506836
3.984886 0.347397
-1.576458 3.676246
2.026375 3.448739
-1.659524 3.639502
-2.449970 3.161905
-1.218590 3.809861
-2.040586 3.440350
3.999340 0.072685
-1.345978 3.766742
-2.353409 3.234419
-0.281458 3.990085
-1.936432 3.500033
-1.647988 3.644741
-1.958272 3.487860
-2.658705 2.988526
0.957812 3.883632
-1.145329 -3.832522
-3.748941 -1.394791
0.916321 3.893630
-2.717417 -2.935242
-2.539243 -3.090671
-2.991818 -2.655000
-3.468870 -1.991718
0.997456 3.873639
1.425581 3.737341
-2.683982 -2.965845
-3.751899 -1.386816
-2.264997 -3.296936
-3.616716 -1.708614
-2.692823 -2.957821
1.262867 3.795414
1.714990 3.613697
-3.007112 -2.637665
1.061507 3.856579
-2.224488 -3.324403
1.140401 3.833991
-3.648739 -1.639116
-2.320879 -3.257840
0.605084 3.953969
-3.267380 -2.307429
-0.590575 3.956162
-3.140400 -2.477477
-1.916478 -3.510999
-2.999935 -2.645825
-2.778461 -2.877526
2.985575 2.662018
-1.797439 3.573404
-1.837818 3.552805
1.534845 3.693812
-1.490681 3.711855
0.038114 3.999818
-2.052101 3.433494
-0.819279 3.915199
1.826418 3.558679
-0.186962 3.995628
-2.585763 3.051857
2.408594 3.193537
1.908655 3.515258
-0.003503 3.999998
-2.115587 3.394744
1.752855 3.595483
1.993804 3.467672
-1.266614 3.794165
0.961755 3.882657
0.491636 3.969672
1.580310 3.674591
-1.966568 3.483189
1.747347 3.598163
1.892290 3.524094
1.656738 3.640772
-1.591163 3.669905
1.480652 3.715867
1.346406 3.766589
-1.599131 3.666440
-0.146651 3.997311
