3.782958 1.299704
1.078588 3.851837
0.505894 3.967880
0.409010 3.979034
-0.773123 3.924574
1.984180 3.473187
1.618391 3.657979
0.854592 3.907643
1.986480 3.471872
-0.945131 3.886737
1.664507 3.637227
-0.152883 3.997077
2.061654 3.427766
2.191214 3.346428
0.493182 3.969480
0.646489 3.947411
0.542066 3.963100
2.928226 2.724975
1.886911 3.526977
1.845070 3.549044
1.744033 3.599771
2.892546 2.762820
1.436340 3.733219
-1.368832 3.758497
0.753283 3.928430
3.634583 1.670272
-1.097897 3.846378
1.717511 3.612500
2.018130 3.453571
-0.760111 3.927115
-0.018632 3.999957
-0.762571 3.926638
2.164718 3.363628
2.631295 3.012688
0.028895 3.999896
2.052109 3.433489
3.607523 1.727940
1.856226 3.543222
3.214466 2.380590
3.229581 2.360044
2.197876 3.342057
2.952798 2.698330
3.121943 2.500695
1.485982 3.713739
3.753186 1.383326
-0.018416 3.999958
3.822829 1.177275
2.026375 3.448739
3.728767 1.447859
1.033490 3.864181
1.971236 3.480550
1.023405 3.866865
0.301106 3.988651
3.631640 1.676661
3.562528 1.818899
3.272811 2.299719
-0.087348 3.999046
1.431258 3.735171
3.774002 1.325485
1.463764 3.722552
3.754152 1.380704
-1.502196 3.707210
-0.814709 3.916152
-1.103558 3.844757
-1.220134 3.809366
3.753300 1.383018
-0.509413 3.967430
-1.628882 3.653320
-1.278485 3.790182
0.424488 3.977412
3.231337 2.357639
-0.392296 3.980716
0.937676 3.888543
-0.862227 3.905965
-1.552221 3.686544
-1.482475 3.715141
-0.607167 3.953650
0.398764 3.980074
-1.026851 3.865951
-0.993975 3.874534
-1.639071 3.648760
0.608431 3.953456
3.728727 1.447963
-0.322661 3.986965
-1.098065 3.846330
-2.379954 3.214937
0.059478 3.999558
-0.877338 3.902599
-0.291149 3.989390
-2.226866 3.322810
-0.153855 3.997040
0.218412 3.994033
-0.137042 3.997652
-1.377691 3.755259
0.238616 3.992876
-3.999742 0.045424
0.689930 3.940050
0.179981 3.995949
-2.787581 2.868691
-0.191921 3.995393
-0.606010 3.953827
-2.418401 3.186117
-2.645313 3.000387
-0.137665 3.997630
-0.145823 3.997341
-2.822610 2.834232
-1.735367 3.603956
-0.138238 3.997611
-0.137668 3.997630
-2.534605 3.094476
1.491263 3.711622
0.202914 3.994850
-3.978143 -0.417587
-0.357377 3.984003
-2.914321 2.739842
-0.142110 3.997475
0.650395 3.946769
-2.504431 3.118946
-0.606012 3.953827
-0.606012 3.953827
