3.550535 1.842199
3.859318 1.051506
3.679734 -1.568298
2.253341 3.304914
-0.097384 3.998814
3.815942 1.199412
1.774062 -3.585067
1.115248 3.841383
3.999999 -0.002662
3.579573 1.785121
0.141003 3.997514
3.120462 2.502542
2.524649 3.102603
3.307265 2.249889
3.262252 2.314674
3.999949 -0.020150
2.956289 2.694505
1.707889 3.617059
1.872463 3.534668
3.979456 0.404885
0.446028 3.975055
2.044344 3.438118
3.229051 2.360769
3.343711 2.195357
1.577791 3.675673
0.497159 3.968984
0.065688 3.999461
3.775870 1.320154
3.226744 2.363921
3.760372 1.363673
1.792195 3.576037
1.782995 3.580632
3.737290 -1.425715
1.903308 3.518155
1.029264 -3.865309
0.903963 3.896518
2.747301 2.907290
1.388790 3.751168
1.418855 -3.739900
2.363403 3.227124
0.573211 -3.958716
1.811838 -3.566124
-1.186034 3.820121
2.384325 3.211696
3.338889 2.202685
3.928859 0.751042
-1.216323 -3.810585
2.046936 3.436576
3.397419 2.111290
1.863368 3.539472
1.736715 -3.603307
0.230090 -3.993377
3.606046 -1.731020
1.712017 3.615107
1.727266 3.607846
0.035758 -3.999840
1.227718 -3.806929
1.106210 3.843995
2.302607 3.270780
3.126731 2.494705
-3.479608 -1.972898
-3.689223 -1.545844
-3.921937 -0.786389
-3.704696 1.508385
3.981669 0.382504
-3.747788 1.397886
-3.795991 1.261130
-3.884622 -0.953790
-3.670907 -1.588849
-3.902652 0.877100
-3.993439 -0.229002
-3.958085 -0.577550
-3.671754 1.586892
-3.255710 -2.323866
-3.822842 -1.177233
-3.978420 -0.414940
3.678764 -1.570572
-3.955712 0.593582
3.995169 -0.196523
3.976768 0.430487
-3.793890 1.267438
-3.788328 -1.283968
-3.549081 -1.844999
3.959505 -0.567735
-3.668516 1.594361
3.999189 0.080519
-3.625680 1.689510
1.917905 -3.510219
2.551611 3.080468
-3.829590 1.155093
-0.897652 3.897976
-3.990734 -0.272102
1.333098 3.771319
-2.365334 3.225709
-3.921188 -0.790115
-3.570434 1.803330
3.629204 1.681927
-2.643480 3.002001
-2.198201 -3.341843
-1.933979 3.501389
2.198608 3.341575
-3.999859 -0.033627
0.615038 3.952433
-3.541699 -1.859132
0.740846 3.930795
-0.836307 -3.911597
-2.622354 3.020474
3.018725 2.624366
0.324890 3.986784
-2.081962 -3.415470
-3.451619 2.021467
-0.173585 0.271132
3.111430 -2.513763
-3.489734 1.954932
-2.559503 3.073913
-3.793667 -1.268104
-3.538679 1.864873
1.170097 3.825032
1.033029 3.864305
3.529581 1.882035
