3.756007 1.375649
0.185422 3.995700
-0.009993 3.999988
-1.407859 3.744053
-2.316787 3.260751
-1.188462 3.819366
1.198078 3.816361
1.359974 3.761711
0.162430 3.996701
-2.575825 3.060249
1.423057 3.738303
2.123490 3.389807
1.628181 3.653632
-0.312121 3.987804
-0.663906 3.944519
-1.056432 3.857972
-0.301109 3.988651
-0.661314 3.944954
1.940321 3.497878
-1.046428 3.860698
-1.165880 3.826320
-0.170010 3.996385
0.987182 3.876270
0.504703 3.968032
0.667160 3.943970
3.768394 1.341345
-2.300163 3.272499
0.372562 3.982612
2.153930 3.370547
0.516728 3.966484
3.401194 2.105203
2.700467 2.950844
3.961489 0.553719
0.514082 3.966827
3.065553 2.569511
1.247504 3.800491
3.429016 2.059575
0.520280 3.966019
1.646399 3.645459
3.054180 2.583019
2.402721 3.197958
2.245661 3.310137
3.606250 1.730595
0.384330 3.981494
3.786267 -1.290033
2.088350 3.411567
2.135669 3.382147
2.026375 3.448739
2.703858 2.947737
0.390897 3.980854
3.732098 -1.439252
1.512971 3.702826
2.198466 3.341668
2.324617 3.255173
3.763766 -1.354276
3.945880 -0.655767
2.149124 3.373613
1.694241 3.623472
3.772125 -1.330816
2.738889 2.915217
3.863083 1.037587
1.395084 3.748832
0.240681 3.992753
-0.421415 3.977739
-0.187580 3.995599
3.777553 1.315329
-1.293343 3.785137
0.352850 3.984407
0.537854 3.963674
-0.686911 3.940578
3.801975 1.242973
-1.161358 3.827695
0.853864 3.907802
-0.083643 3.999125
0.997899 3.873525
0.313574 3.987690
-0.791227 3.920964
0.031803 3.999874
0.338157 3.985681
1.300340 3.782739
0.206074 3.994688
0.780886 3.923037
3.728727 1.447963
-0.419594 3.977932
2.292119 3.278138
0.540130 3.963365
-0.202233 3.994884
-0.182372 3.995840
0.176475 3.996105
2.342214 3.242535
-0.245469 3.992461
0.218412 3.994033
-0.132092 3.997818
0.038425 3.999815
-0.392387 3.980707
0.639784 3.948503
-0.764690 3.926226
-0.018142 3.999959
-2.179387 3.354143
-0.191921 3.995393
-0.605984 3.953831
-1.750351 3.596703
-3.332541 2.212277
-0.137665 3.997630
-0.190520 3.995460
-2.806692 2.849997
-2.770730 2.884971
-0.155514 3.996976
-0.137683 3.997630
-3.089605 2.540539
0.214444 3.994248
0.078177 3.999236
-2.951462 2.699791
0.426730 3.977173
-2.323806 3.255752
-0.181470 3.995881
-0.132079 3.997819
1.201922 3.815152
-0.606012 3.953827
-0.606012 3.953827
