3.619594 1.702510
-0.799315 3.919323
2.711818 -2.940415
1.903810 -3.517884
-0.627679 3.950445
1.445932 3.729515
2.286358 -3.282159
2.248582 -3.308153
3.812160 -1.211377
0.138407 3.997605
-0.578640 3.957926
-0.322191 3.987003
3.772930 -1.328532
1.079158 -3.851677
2.049623 -3.434974
3.085281 -2.545789
2.547849 3.083580
3.662008 -1.609253
1.740022 3.601711
0.920129 -3.892732
3.269703 -2.304135
3.036844 2.603378
3.323388 2.226004
2.320127 3.258376
2.717717 -2.934965
0.070811 3.999373
3.932818 -0.730027
1.278443 3.790196
-0.214438 3.994248
2.411018 3.191707
3.742694 -1.411469
3.910289 -0.842400
3.670161 -1.590571
0.515825 -3.966601
2.792159 -2.864236
3.925408 -0.768875
0.479198 -3.971192
3.503847 -1.929523
3.316037 -2.236940
2.906002 -2.748664
2.773023 -2.882767
2.261707 -3.299194
2.049113 -3.435278
-2.474318 3.142889
3.650494 -1.635205
2.620399 -3.022170
3.768451 -1.341184
3.999884 -0.030523
2.604014 -3.036299
-0.439946 3.975732
3.034564 -2.606035
3.622183 -1.696995
3.998759 -0.099649
3.877246 -0.983343
-0.303114 3.988499
3.546977 -1.849042
3.106308 -2.520090
-0.165900 3.996558
3.996410 -0.169424
3.030937 -2.610253
-2.690168 -2.960235
-3.966929 -0.513300
-3.391041 2.121519
-3.854349 -1.069575
-1.456156 -3.725535
-3.955498 0.595007
-3.880676 -0.969720
3.302007 -2.257598
-0.466087 -3.972753
3.301064 -2.258977
-3.990637 0.273523
-3.994290 0.213649
-3.578743 -1.786785
-1.796242 -3.574005
-3.923434 -0.778887
-3.641221 -1.655751
3.296479 -2.265663
-3.938906 -0.696432
-2.096945 -3.406292
-1.563365 -3.681833
-3.990147 -0.280579
-1.395918 -3.748521
-3.999992 0.008215
-1.414704 -3.741472
-3.999987 -0.010019
-0.601069 -3.954582
-3.913685 0.826481
3.272647 -2.299952
-3.998961 0.091177
3.286625 -2.279933
-0.388949 3.981045
1.334503 3.770822
2.934848 2.717843
-3.991994 0.252950
3.608612 1.725665
-3.993065 -0.235438
-3.384443 -2.132029
2.215527 3.330381
2.217093 3.329339
1.031265 3.864776
1.564286 3.681441
0.035824 3.999840
3.194815 2.406898
1.926109 3.505725
2.275794 3.289493
-2.665624 -2.982357
-3.987401 -0.317229
2.357921 -3.231131
2.548714 3.082865
-3.377879 -2.142414
3.631533 1.676893
-3.241187 -2.344079
3.067851 2.566767
2.426789 3.179732
1.978264 -3.476560
2.567218 3.067473
3.054669 2.582441
-3.986862 -0.323928
3.150710 -2.464351
-3.412403 -2.086984
