-0.048559
1.769315
-2.098704
0.439432
-0.621871
-0.664613
-3.027933
-0.089338
-2.415390
3.047710
0.295177
-0.850610
2.804420
1.831077
-1.729429
1.491614
2.153173
2.828381
1.953465
-1.082590
2.065891
-1.065300
-1.415295
-0.429630
-2.901059
-0.126490
-1.201898
2.572280
-1.386076
-1.872290
-0.834318
-1.450191
-1.209955
-2.742608
2.999727
-2.254084
0.148710
-2.368117
-3.136325
-1.880379
0.946999
2.922655
0.419625
-1.870132
-2.608808
-2.577228
-0.967749
0.887010
2.078240
-1.450497
0.651304
-3.065607
0.430188
1.979247
-0.132679
-0.513258
-0.801548
-2.808378
-2.700661
2.442406
2.634531
2.746998
2.840396
-0.726482
0.077098
-0.586508
0.535616
2.533272
-1.698196
1.938062
2.324022
0.741534
-0.296686
-0.041230
-3.075421
2.431725
-2.386080
2.157587
2.426040
-1.079386
-0.916139
-0.876064
2.536004
-2.785298
-1.016118
0.884121
-1.155630
-1.729884
-0.679258
0.881648
2.148427
-2.245470
-0.923001
0.925799
1.097457
-3.029017
-0.626623
-0.206271
-2.696269
-2.272913
-0.635373
-0.381145
2.851032
2.933520
-1.449061
2.003413
-0.118742
-1.189978
1.244955
1.714646
2.228036
2.087612
2.438536
-2.388639
-0.072192
-2.837211
-1.740445
-0.952979
1.936620
-0.546009
-1.804211
-2.889579
-1.914959
2.610274
-0.112626
-1.838581
0.797012
2.059996
-2.097653
-1.248653
2.430285
-2.572648
2.762115
2.522925
0.001948
2.655841
-0.288612
-2.796960
1.756749
-2.311404
-0.798691
1.056392
-3.092458
1.643438
1.954453
0.150046
2.589062
-2.617033
2.911830
0.340208
-1.001301
2.342046
-0.501515
0.924620
-2.231674
0.634984
1.732120
2.157828
2.654843
-0.890286
2.208342
1.428441
-1.656400
-1.495345
-2.686478
0.110309
-0.740740
-1.991845
1.930851
-0.575704
-1.667519
1.291126
-0.159054
-0.399050
2.138907
-0.172556
-0.320052
0.978386
2.353597
-1.797587
-1.532826
0.584419
-1.200343
-0.778459
0.036051
0.426608
-1.372945
2.209238
-2.332161
0.863880
1.237627
1.657161
1.120084
0.133883
-0.693138
3.095993
-0.373410
0.407743
-2.607671
-0.452486
2.719526
1.199128
-1.046392
2.690234
-2.985513
2.549023
1.629801
1.728043
-3.055682
-0.727489
-2.717176
-0.244960
-0.712412
-0.657439
2.117395
3.130870
2.010354
-2.749618
-1.134947
1.355792
0.851815
-2.952617
-0.015816
-0.793109
1.045042
-0.251310
0.214280
-1.450272
0.516491
0.877329
-0.212927
2.593750
-0.727923
-0.289971
1.939004
0.385592
-0.502655
2.520702
-1.784774
1.548569
1.967555
-0.813570
2.823311
-0.450308
2.968728
-2.036717
-0.722300
-2.534097
2.873507
-0.495712
-2.796998
0.072364
-1.244887
1.967393
2.845672
1.801052
-0.090748
-0.891409
2.144150
-0.132967
2.952657
-0.277616
1.827556
2.642557
0.741569
-0.446489
-0.651385
2.829366
-0.512044
-0.860924
-0.427484
2.409898
-0.962145
2.805413
1.560834
-0.754327
-0.862781
-2.753016
-0.186367
-0.184180
1.397409
-1.357333
0.964177
2.493173
-1.665432
-1.655523
-0.777963
-2.935391
-1.724326
-1.510115
-2.922137
1.704842
0.102864
0.069761
1.354651
0.549023
-0.942355
-1.805264
-2.683266
-1.090145
-2.321872
2.330192
-2.918349
0.875189
-2.757918
2.663762
-0.269345
-2.405278
-0.993300
-0.702975
3.110325
-1.035378
1.362457
-2.481459
-0.791233
2.905656
-0.612869
-2.152211
-0.514714
-0.233487
-1.142669
0.447071
1.786404
2.638809
2.911480
-1.890530
0.146224
-2.618192
1.148487
0.249618
1.472320
2.349127
-1.965226
3.065135
1.242546
-0.200202
-2.286830
-0.209981
-1.403818
0.088567
1.977406
2.398364
-0.752891
-0.315745
-0.715220
2.362390
1.262319
-1.802619
-2.244377
-1.169998
-1.150726
2.868813
-0.625791
2.892134
0.762085
2.152046
-1.949330
-2.688761
2.371949
-2.614121
1.803040
2.844059
-3.059421
2.578210
-0.884768
3.041085
-2.265636
-1.290662
1.291326
-1.116959
0.450664
-2.024406
-1.813436
2.225429
-1.592224
-0.057599
0.691788
2.016905
-1.681054
-2.780547
-0.586911
1.330531
1.649091
-0.341309
2.368252
-3.110089
-0.307079
-1.271962
-0.223358
0.351498
-1.749186
-2.697921
-0.095497
-1.131755
0.053745
-0.149336
-0.051213
1.667314
1.748392
-3.112990
-0.756994
-1.719258
2.498010
-2.202864
1.719587
-1.568590
-1.201069
-2.677248
2.576863
2.699113
-2.781884
-0.146247
1.968116
-1.217657
-2.983730
1.904586
2.910806
-0.406619
-2.376712
1.794283
-0.177065
1.967304
-0.557133
-2.333433
-0.855342
-1.061323
1.804835
0.567499
-0.881535
1.952958
3.032853
0.384769
1.956689
-0.352584
2.672481
-1.201599
-1.903153
1.088280
2.111782
-0.090144
-2.878959
-2.473493
1.064864
1.351129
-0.000528
0.826849
2.326742
-1.045149
-1.112241
-1.999366
-2.414979
2.203505
-3.039429
2.758973
-1.167977
-0.805634
-3.031476
-0.540842
-3.122319
0.153998
1.351630
2.017745
2.606395
-1.823360
-1.914805
-1.260471
-1.997970
0.072285
1.758453
1.026571
-3.052005
-1.443163
1.396535
0.951626
1.711848
-1.634739
0.142872
1.838488
0.482838
-0.134398
1.286997
-2.934180
2.205558
0.316660
-0.285602
-0.894524
-0.536247
1.646478
2.972903
-2.954784
0.658664
1.854148
-2.506493
-2.506849
2.739548
-2.372358
-2.383028
-0.625062
1.350091
-0.790734
2.154867
-1.570775
0.311824
-2.494900
-0.367510
-1.838963
0.675893
2.866741
1.709076
-0.284841
1.053990
-0.828171
-0.354214
-0.009687
-0.864084
-3.135721
3.065996
-0.724045
-1.034671
-1.147122
-1.858038
2.726147
1.992133
-1.386481
-2.968143
0.637962
-1.286727
-0.671468
-2.601587
-0.272619
-0.602211
-2.147081
-0.880851
-1.368709
-2.843724
-1.685034
1.341433
-2.711600
-2.697603
-0.051009
-0.072341
-2.684284
-0.644484
-0.135282
1.021956
0.201305
-1.616705
-3.202846
-1.724473
-0.023899
-2.190860
-1.763796
2.218242
-0.313310
-2.289040
2.445702
-0.845477
-0.495873
-1.264310
-1.152286
-2.879748
-1.231195
-0.590113
2.128804
-1.644110
1.674698
-1.582200
1.956642
-0.362526
-2.961964
-2.646068
-1.002558
1.229501
2.608811
2.940861
-0.423486
-1.972428
2.379495
2.381316
2.200718
-0.072903
-1.671396
0.250906
0.806563
1.570483
-1.174383
-2.073982
-1.928879
-1.941343
-2.075593
2.069491
-0.819896
-1.639917
2.329227
-0.158007
-1.173827
0.278331
-2.881109
-2.311400
2.618905
2.993154
-0.981694
-0.085184
1.788488
2.554300
2.915925
2.497719
2.266846
1.977977
-1.985393
2.496004
1.920830
-0.970094
-1.668465
1.032071
-0.575354
0.157300
-2.752780
-0.207201
0.282833
-0.729821
-1.325830
1.646899
-0.499411
-0.593098
-2.273657
-1.160158
-1.325566
0.153344
1.782507
2.896202
1.376171
-3.039536
1.828078
2.444836
-0.626273
-2.880816
-1.358522
-2.932097
2.290229
-0.746852
2.913866
-0.466319
2.525629
0.313047
1.534172
2.701388
-0.712571
2.446153
-1.873679
0.598873
3.133688
-1.397700
-3.098613
0.950184
-1.224444
-1.523863
-1.635643
-2.345501
3.162219
0.191763
-1.405472
3.074554
-1.437489
2.668703
-0.671133
-3.009480
-2.323148
-2.158094
-2.691223
-1.701814
-0.515513
0.040508
-1.230785
2.266912
-2.025161
-0.633599
-0.549049
2.206134
-0.443758
-2.316940
2.829273
-1.902627
-1.472192
-1.323558
-0.476020
1.609176
-2.991876
-1.002701
-0.281779
2.810206
-0.566475
-0.591076
0.063888
-2.791735
-1.214114
1.253198
-1.414964
-2.346578
-0.606215
2.456892
0.002687
-0.448744
2.115450
-2.034409
-1.736763
2.579408
-2.009780
0.273413
-1.555725
-2.177444
-0.553051
-1.246391
-0.562044
-2.062530
1.340878
-1.462951
0.191970
1.491610
-0.628654
2.219609
-2.254280
-0.950859
1.071453
2.159556
-1.201743
-3.085776
-0.263254
-2.385923
-2.010060
0.608804
-0.963088
-2.033851
1.192545
-2.126173
-1.292459
-0.089743
1.938908
-2.109833
-0.121277
0.427911
2.559568
-0.683997
-2.338933
2.295015
1.555412
-1.147028
1.972182
0.405445
-0.240921
0.426824
1.715236
-2.652718
1.741103
-1.537653
2.800072
-2.083601
1.900899
0.838480
-2.521194
-2.104672
2.049341
-2.704957
1.994207
-1.493347
-2.036865
2.647720
2.670662
-0.172749
-2.615349
2.299368
-1.418254
0.217472
0.619957
-1.027719
-2.186292
-0.874094
-3.107704
1.614848
-0.821008
1.687543
0.088597
1.659136
-1.915364
-0.535714
2.301833
-0.327949
-1.515102
-0.565939
1.080861
-0.643665
0.977109
-1.943258
3.025304
-0.975405
2.411191
-0.704446
-2.460618
2.635283
-0.077715
-0.615274
-0.394919
0.679116
1.879646
-1.116928
-2.934982
-0.116677
-0.873594
2.538651
-1.776634
-2.125646
-0.711217
-1.771583
-0.902785
-0.699946
2.984658
-2.331555
2.195704
-0.916716
0.799808
-0.488933
0.962838
2.798327
-0.458667
-1.857741
2.362814
2.062530
2.987866
-1.089150
-1.176956
-1.382980
2.817234
-1.131207
0.663661
2.052698
-0.511849
1.052808
-0.800298
1.490884
-0.786468
-0.988107
3.198950
-0.806058
-1.752603
-3.082888
0.880487
-0.728914
-2.953535
0.578590
-0.463243
-0.126479
-0.184575
0.967943
-0.041202
-1.122008
-2.661336
-2.462486
0.432929
0.739127
-2.386902
-0.224028
-1.596676
-1.161136
2.231151
2.707150
-1.984872
-0.107472
-1.259400
-2.718320
-1.534893
2.002104
-1.052738
2.459971
-1.792963
-0.623930
-0.953058
-1.866590
-2.279453
-2.971300
-0.750131
-1.265566
-0.324534
1.695842
-1.884778
-2.820467
1.954472
-2.493374
-0.233682
2.748663
-0.351886
2.998883
2.174907
0.610753
0.596568
2.012761
-2.840425
-0.613477
-2.083035
-1.344074
2.057599
-1.342382
-1.508384
-1.658020
-2.239221
-0.161474
0.948476
2.785905
-1.622337
-2.600370
2.654583
-1.299734
-2.738797
-1.040491
1.790756
2.804255
-3.052155
2.909129
2.708159
0.359085
-0.717894
-0.383648
-0.476091
-2.069381
1.505917
0.842832
0.242267
-2.145747
1.751493
-0.141174
-0.079495
1.770644
-1.923788
-1.313682
-1.428313
-1.016798
0.783050
-1.600190
-2.020112
-0.952026
0.390184
2.543590
-2.878951
-0.872934
-1.066820
-0.465928
2.726361
-1.513346
0.067232
-0.485445
-2.266420
0.378718
2.538295
1.363584
1.758084
0.175880
1.565810
-3.184433
-0.692406
0.537109
-1.673094
0.896249
-1.923952
-1.683464
1.198507
-0.075527
2.841011
1.586885
2.919105
1.571418
1.983503
-1.606676
-0.409108
1.685496
-1.342444
-1.486579
-2.759021
-2.220816
-2.611817
2.460197
-1.254834
-0.808362
-0.375390
1.386539
0.236986
3.044506
0.026261
-0.924214
3.025736
0.656297
-0.573311
-3.006133
-1.341508
1.069898
2.386632
-2.702307
-0.636355
-1.364977
-0.228797
-1.598816
-0.321907
2.567690
0.349547
0.305656
-1.916219
0.881589
2.782480
-0.871149
0.704600
-0.459320
-2.036945
-0.519380
1.804923
-1.635326
-2.379292
1.225061
-0.529526
-1.700394
1.374682
-0.293193
-1.080801
1.885107
1.216319
2.449368
2.754735
-1.899301
0.324196
-0.998521
-2.153242
-0.135637
-0.945398
1.966396
-1.297310
1.129928
-1.962846
-1.711276
-2.593857
-2.654617
2.617121
-1.920133
2.042056
1.382988
2.630046
0.127199
-2.262191
-2.072827
2.805798
1.932205
2.148088
1.229786
-1.257766
-2.076013
-2.271447
2.115457
2.557283
-2.377069
0.582434
-2.672313
-0.615514
-2.512954
-2.888683
-1.278383
0.458355
2.967359
2.638838
-2.675848
1.241754
-1.173545
2.467739
1.724636
2.686103
1.974437
1.787023
0.034215
1.439740
-0.909433
-0.603345
2.740824
1.344545
1.742755
2.167317
2.064638
1.569365
0.327298
2.576242
2.088095
1.843554
-2.419365
2.747150
2.469067
0.947032
2.527421
-3.124757
-2.633251
2.823048
0.876879
-2.426345
1.600158
-1.646026
-2.196183
-1.423813
2.709166
-2.372278
-1.771117
-1.342022
-2.945653
1.261130
-2.437280
3.155748
-2.498922
-2.263378
1.058085
-2.423094
-1.728294
-1.369449
1.017718
-1.598076
-1.513295
1.260638
-2.728568
2.216983
2.839786
-0.515633
1.882167
1.858635
-3.194427
-1.342669
-1.481553
0.446643
-1.209034
3.051644
-1.572887
1.428542
-0.050131
-0.687418
-1.657059
-2.526029
-1.579654
-1.563369
2.676055
-2.842985
1.249184
-0.255016
0.667847
2.255823
-2.966652
-1.228596
-0.294356
1.049402
-2.202068
1.967332
1.303680
3.022742
0.993619
-2.282211
-1.714843
-1.638598
1.787178
1.062332
0.979050
2.550151
2.256517
-2.305837
1.630940
-0.441936
-2.089044
0.878176
2.386015
1.902307
-2.144016
-2.070419
1.998084
-1.435121
-2.594843
2.025142
-2.728357
0.630383
2.290194
-1.443746
3.129214
-1.961366
2.340454
2.062429
-2.165909
-2.549709
-2.991783
1.155472
3.123987
1.714746
3.057647
0.616117
-1.978303
2.841241
2.462991
1.134337
2.006237
-1.856507
1.706492
-1.375900
0.481704
-1.566300
-2.132174
-2.195557
-1.431257
-1.182765
2.344124
-2.524758
1.446908
1.630238
-2.853677
1.745865
-0.553328
1.726617
2.656942
-0.539762
-0.582544
1.328180
-1.822990
1.051442
1.216412
2.832361
2.697692
0.716547
2.258668
1.437540
1.828519
1.838773
2.162473
-1.920172
-0.868581
-1.426940
0.576647
2.264972
2.527090
-2.348705
0.912997
2.286062
-2.905904
-1.393654
2.028725
0.136519
0.250943
-1.608438
1.983369
-2.478777
-1.302498
1.289911
-1.985720
2.930154
2.123744
-0.759451
0.894959
1.800725
-0.194600
-2.483137
-1.759394
-2.826375
-2.579988
1.772308
0.645008
-2.089544
-0.277472
-2.296948
1.490257
2.235204
-1.365093
0.238791
1.729108
-1.634996
2.214970
-2.539928
-3.004407
-3.031759
-1.926156
-1.493235
-2.041016
0.796921
-2.401325
0.364496
2.411645
-1.642250
0.816012
2.490152
-0.704896
-1.143256
2.833692
-1.032975
0.971610
-2.321929
1.564319
-2.990702
1.172902
1.899833
2.754632
-2.243563
-1.735907
1.519784
1.404949
-2.687866
-2.498526
2.765978
2.169808
-2.099805
-2.954717
1.673254
-2.024093
-2.325756
-0.714235
-1.832611
-2.498237
-1.606015
-2.139115
-3.000558
-2.636062
-2.675028
-2.227111
-1.614048
0.543029
1.707659
-1.674487
-2.317948
-1.612649
-2.324039
-1.177258
-1.232994
-2.192268
-1.669603
1.122341
-0.888854
-0.925828
1.798313
-1.062601
-2.635377
2.414340
1.763164
1.450509
-3.046643
1.944755
0.344479
-1.821349
-1.765105
-0.488609
-0.543340
1.123656
1.944959
-2.073502
2.965144
-2.754538
2.435716
3.032990
0.733241
-1.268925
1.673433
-1.857182
-1.604899
-1.185110
2.975712
1.529831
-0.651413
3.039911
0.923753
1.624191
2.064201
1.501704
1.141218
-2.440585
-1.506414
-2.112890
-2.669020
1.918724
-2.740050
2.637716
-1.740477
3.157512
2.710094
0.328230
-2.174499
-2.417586
-0.447286
-2.241164
1.783059
2.142284
-2.704407
1.416673
-2.832361
2.418488
-2.125136
0.874190
2.539241
1.971579
1.318176
-1.448671
-1.728621
-0.848774
2.324252
0.575667
-1.461685
2.236684
1.647735
-1.180178
-3.070268
1.385637
1.782207
0.860157
-2.399302
-2.406910
-0.507233
-2.716554
-1.277447
2.873162
1.076190
2.566562
1.837254
-1.880517
-1.763174
-2.921362
-1.476827
1.951048
0.990460
-2.854659
1.837755
1.255794
-2.856144
0.307209
1.250083
-0.581537
-1.835212
2.181382
-2.447998
-2.652552
0.448686
2.621741
-1.889176
1.388122
-2.297809
0.886593
-1.806619
-2.213097
-1.318938
3.021175
-1.170740
2.875105
1.951308
-0.159574
2.262740
-0.495457
2.352700
2.893717
0.297332
-2.341740
0.750435
3.179317
1.296690
1.262651
-1.449572
-1.163981
-1.149603
-1.607722
1.278335
0.541631
-1.224667
2.931254
1.674000
-0.600484
-1.806120
2.485157
-0.752881
2.721131
1.889797
-0.662107
0.537797
0.267462
1.468118
1.640404
-3.005829
3.021485
-1.954672
1.390565
2.276895
-2.750011
2.439028
-1.396586
-2.628728
-1.792166
-2.664069
2.689476
1.336125
-1.253925
-1.468716
-2.208915
1.294366
2.960448
-2.169921
2.300122
2.386591
1.567643
-1.565276
1.649702
1.978522
-0.744649
3.020683
-1.938854
2.230765
2.223559
-2.890896
2.891954
-1.838712
1.629614
-2.484110
1.670125
-1.781154
2.232444
0.407210
-1.585473
2.790480
-2.782233
2.219899
2.130352
1.630084
1.092335
1.008484
-0.308720
2.688756
-2.436197
1.325988
-2.718279
-3.076312
2.234434
-1.161110
1.191655
1.260507
-1.919790
-2.123881
-2.186879
-1.425727
-0.209226
0.896219
-0.968954
1.687579
-1.636137
0.929155
-1.121934
-1.900380
-2.096060
1.377978
1.939629
1.285728
-1.347870
2.253302
1.475057
-3.085612
-0.913949
-2.343362
-2.025559
-3.077179
-2.464310
1.392451
2.560059
-1.996614
3.164844
-0.347962
1.348134
2.068251
-2.441482
-0.139021
0.865763
-2.455965
2.824625
-2.921559
-1.687690
2.280159
2.218093
2.003697
-2.456845
1.481207
-3.000192
2.192749
-1.487828
2.480039
1.292176
3.083288
-2.127406
-0.620830
2.399218
-1.218648
1.544415
1.194071
-2.321312
1.958492
-2.103760
-0.527230
1.268074
-0.099701
0.056921
1.632471
-2.043932
-2.885814
-0.322083
-1.652730
0.540410
-2.922747
1.987147
0.291024
2.647166
1.952037
2.585880
1.831393
-2.029342
-2.123859
-0.680218
-1.907954
1.676015
-2.260159
1.811895
0.262825
-0.743482
2.471202
0.477226
1.266305
-0.591764
-0.959364
1.322564
-2.477313
2.179538
0.222440
-1.831985
0.774336
3.203691
1.015819
1.356544
1.747518
2.233828
-0.695912
-0.871512
-2.571658
-1.331440
-1.039626
1.353893
-1.306823
0.039497
2.654675
1.688403
-1.944890
1.430979
-0.388477
-3.114810
3.024823
1.959929
2.572344
-1.964231
0.633990
-0.267570
2.678145
2.209732
1.221404
0.349265
-1.612628
1.685491
-1.473266
3.050245
2.950384
-0.901829
-1.725471
1.314989
2.028932
-1.956184
1.237190
2.148416
-2.144971
-1.278720
1.483640
2.578864
-2.305756
-0.500684
-2.664356
2.265797
2.861238
1.956297
2.990461
-2.312470
2.134767
1.287617
-0.798785
-1.643711
-1.179992
-2.143100
3.049108
0.618500
-2.728119
-2.191619
-2.121965
0.046583
1.038059
-0.807748
-2.973359
-1.567508
-3.125961
2.180735
2.241294
2.527457
0.696702
-2.018983
-2.312143
1.413405
-0.083008
-1.240982
2.436427
2.347218
1.921874
2.772351
-1.375440
0.917816
1.389360
1.999785
2.168596
0.994464
-2.498638
-1.794188
-2.916624
2.412597
1.304362
2.281206
-2.387905
-2.076974
1.472607
2.606854
0.825220
1.087577
-2.504771
-2.448722
2.240867
-2.620108
1.634164
-1.462901
0.319335
1.441289
-1.647324
-1.071052
-2.577420
1.708927
2.586671
2.314305
-0.031792
1.173663
1.729382
1.259948
0.897481
-1.105634
-0.793253
2.405987
-1.960699
2.269276
1.789463
0.344390
-0.237767
1.746421
1.159679
0.548323
-2.565579
1.170535
-2.144258
-0.728242
1.404115
1.525927
-2.282496
0.058514
1.051129
-2.896606
2.377450
2.043990
1.563305
-0.455479
-2.523063
0.098848
3.100492
2.196539
-2.237509
1.873073
2.754050
-2.581488
-2.268949
3.036213
-2.630140
2.572169
-2.204060
-0.614023
-1.080792
-0.339018
2.137181
-2.239517
1.886992
-1.253984
-2.596717
0.453835
-1.665686
-0.405154
1.693401
1.907541
-1.605173
-2.142972
-3.128109
-2.931033
-1.943581
0.164092
2.270903
2.210658
-2.577690
2.478646
1.911572
1.315248
-2.129483
0.782654
1.398780
-2.410213
2.355647
0.241483
-2.851926
2.148761
1.184486
-0.466092
-2.776089
-2.699698
-1.868385
2.827257
-1.119114
1.210079
2.102741
-1.780345
0.239106
1.389606
2.226609
-1.148391
2.629268
-0.808097
1.033568
1.966830
1.726026
-1.806805
1.590830
-2.422093
-1.310483
1.855152
-2.111870
1.951895
0.851301
2.351319
-3.001162
1.085918
2.007548
0.361628
1.437151
1.571238
0.347716
-2.437075
-0.966485
0.619388
-2.480607
-2.933489
2.122767
1.107965
2.730807
-2.672022
1.357127
3.119116
1.721191
0.585242
-2.665380
-2.572159
1.294508
-1.310939
1.633454
0.729330
-0.829137
-2.575837
2.416773
0.996345
0.430693
-2.192460
-0.386711
2.319508
-1.976532
-2.342319
1.176342
-2.060687
-0.168631
-2.152136
-2.210377
-2.105148
-1.286577
-1.631664
1.874667
-2.875822
-2.959006
2.859218
1.621191
2.834512
0.522811
2.058887
2.528600
2.380569
-2.836615
-2.483611
1.829523
2.654156
0.759573
-2.454536
-2.355115
1.811263
0.850597
1.729669
2.629382
-2.192826
-2.826011
0.575850
2.693782
-0.749384
-0.075008
-2.113590
-1.013372
1.765584
-1.551225
1.869838
-0.117240
-0.256974
1.584838
2.579838
1.307589
-2.759014
1.205508
-2.387714
0.248439
-2.570708
-2.825548
-1.945522
1.865764
1.221022
1.754016
0.911371
1.360703
-2.754447
-0.237978
-1.534931
2.591224
2.531827
0.603294
-2.770603
-2.133408
1.707695
-2.020035
-1.292003
1.753921
-2.030473
0.512004
-1.900854
-2.641164
-0.349078
-2.361627
2.336479
0.402858
1.299217
-0.103033
-1.943463
-0.369829
1.060673
1.530516
-1.841540
-1.840632
1.649113
2.596079
-2.702888
2.729995
0.808869
0.889948
1.439425
2.101150
-1.139313
0.747652
1.784178
1.961207
1.408410
-1.581045
2.770144
0.392234
-1.738685
-2.331991
-1.624854
-2.050132
-2.330013
1.510225
-1.979825
-2.126942
2.778147
-0.289450
-1.328911
-0.787232
-1.085724
-2.874086
2.264903
2.228313
1.772924
2.081107
2.769183
2.664644
-1.395802
1.493793
-2.981300
2.447415
-2.478818
2.492126
-0.391469
2.050566
0.864553
-0.731452
0.299568
3.174416
-0.245586
-2.091098
0.604663
-2.619803
0.107155
1.925694
2.916041
3.070825
0.210901
1.980756
1.406714
-0.363230
2.505153
2.578263
-2.504318
2.493695
0.986009
2.818067
2.567943
-2.884616
2.529238
-0.167318
2.631752
1.055442
-0.314382
-0.134534
0.694536
-2.809407
0.658657
2.779854
2.416325
0.013316
-1.497590
2.813044
-2.002461
-2.309856
-2.872356
1.890690
2.554256
1.266169
-2.910809
2.108643
2.168995
0.970062
-1.914324
3.081440
0.417594
0.236584
-3.117635
0.185326
-1.366589
1.098139
-0.871346
-2.622601
-2.260602
-3.030297
-0.484067
2.014143
-2.354515
1.273103
-1.613983
-2.672114
-2.645186
1.215036
-3.016592
2.077943
1.853748
-1.405874
-0.798722
2.681901
-0.909921
0.556769
0.828666
0.313482
-0.805882
-1.466813
-1.316918
-2.665251
-2.771227
2.056846
-2.761095
-2.585123
-0.775273
-3.007504
2.143313
2.466834
-2.703157
2.690483
3.016887
1.145198
0.626307
1.625826
-1.405534
-1.076132
0.736897
1.862705
2.010236
-1.121982
-2.818650
2.917018
-3.009171
2.304657
2.627104
3.047326
-2.668847
1.934518
-1.196435
2.730631
2.678654
-2.781893
2.482917
-0.330713
1.627462
1.778360
1.316551
-0.858661
-2.764957
2.581811
0.134669
2.059971
-0.332708
0.732124
-0.216284
-0.141429
-2.813938
-1.108560
2.333909
-0.631439
1.078593
0.108618
3.005163
-2.877533
-0.664247
0.685432
2.942072
0.422706
1.005931
2.508994
2.757533
1.864163
2.382846
-2.507407
-2.454180
-0.901697
-1.918570
-2.156399
2.369336
-0.962592
0.291390
2.412933
0.782944
0.345675
-2.993215
-1.652425
1.234339
0.128386
1.135711
0.054245
2.810348
2.440017
0.338513
-0.922232
-0.663825
-2.398392
2.082173
0.427957
-0.031250
-0.377852
-2.041116
-3.007882
2.523905
0.561438
-2.411957
-3.071913
-0.017138
2.876764
-2.819961
-0.284111
1.876185
-3.053834
-1.867309
-2.207450
-2.038640
-2.335518
2.916549
-0.842515
-2.342026
-0.517480
0.528956
-0.298677
1.036149
2.495881
0.421888
2.966501
2.215502
0.212723
-2.806717
2.886841
1.483197
1.573071
-0.737798
-0.247709
-2.673158
1.897049
1.063414
-1.497732
-1.800097
2.447288
2.238398
-0.695207
0.831291
-1.859158
0.060147
-1.100885
-1.676112
1.815425
-2.710958
-0.868289
1.212070
-0.083194
0.850446
-1.288359
-0.359966
1.079991
-0.897373
2.391939
-0.382478
-0.289248
-2.696924
2.590175
1.048594
-2.717431
1.698029
-1.355508
-0.433438
2.017710
-2.200103
2.983360
0.033618
2.988612
1.294317
0.265998
1.077962
-1.547813
2.946139
2.257488
-0.134337
3.004923
0.251573
-2.977165
-0.294519
1.255528
-1.361135
-1.130918
1.371392
2.058142
-1.721599
0.969619
2.217228
-1.777414
0.428674
-0.286505
-0.397448
0.195584
0.201723
-1.708218
-2.848205
0.169066
-0.058558
2.656681
-1.965694
3.168003
-0.376248
2.092069
-0.674711
-2.466709
0.422226
2.257612
-0.096703
2.724388
1.820669
1.125034
0.332787
1.013277
-1.284541
2.675238
2.402246
-0.712292
-1.679695
2.789399
2.938892
2.387069
-2.218603
-0.487832
-0.075480
3.077934
-0.865854
-0.432941
2.367271
-2.061724
-1.828275
-0.666979
2.798360
2.849729
1.167892
-0.799206
2.314368
1.127397
2.007921
-2.649646
2.152637
2.543904
2.748320
-3.006501
0.079728
1.368089
-1.114099
-2.233870
-0.470203
2.392673
0.419928
2.984829
0.414989
-0.978473
2.676936
1.653496
2.343694
0.729131
2.464405
-2.638480
-1.730733
2.757687
2.296841
0.873902
1.837050
-2.237836
2.247479
2.864473
-0.913353
1.223487
-1.119215
0.162156
1.916297
1.998714
-2.562271
2.855712
2.724485
-2.811843
-2.760636
2.697253
-0.213148
0.957644
-1.361784
3.177828
-0.496278
-1.251275
-2.629074
2.858486
0.882781
-0.863932
-0.254480
1.922107
2.838129
2.292486
1.213632
3.046356
-1.671790
0.933941
2.605780
0.025356
2.804286
-2.567486
-1.372129
2.133198
-0.961310
0.656740
-2.161611
1.627177
3.128578
-0.196976
-2.846867
-3.107174
2.156051
1.796470
2.275443
3.157494
2.198245
-2.979645
2.764174
0.206354
-0.208136
2.859266
0.566881
1.765564
0.578943
-0.869026
1.935489
0.720730
-1.547553
-0.683792
-1.866226
-0.187556
0.504635
-1.587485
-0.560355
0.832978
2.743182
0.885545
2.935961
-2.172224
-2.946753
-0.140135
2.209647
2.668676
2.045262
-0.682145
-0.230346
3.083952
2.032420
-2.309069
2.537702
-1.507653
-0.423157
-1.604728
0.336149
-2.086202
-0.166835
2.380814
2.535075
2.280858
-2.359433
2.559080
-2.905784
0.507356
0.128007
2.863325
1.744339
-0.339592
1.426268
-3.008184
0.269353
2.122292
-2.598968
1.938386
-2.999915
-2.540738
-1.615524
3.026179
-1.975067
0.737457
2.022238
-0.622521
-2.583281
2.396849
-1.383675
-0.069387
-0.895477
2.571685
-1.442911
2.575970
0.403927
-3.130092
-0.990729
-0.647428
0.650091
2.475827
-2.904673
-1.058512
2.980586
-2.908631
0.688762
-2.613622
-3.007354
-2.999386
1.154967
-1.416200
-1.426305
2.400244
-1.438046
0.211861
-1.133965
0.348917
-2.693090
0.167180
-1.244531
-2.002022
-2.674880
0.637766
2.892349
3.057318
1.551633
1.803239
2.904252
2.791061
-1.436105
-3.127385
1.986163
-0.396867
2.240589
0.906083
2.238344
-1.596830
-2.363508
0.352988
-0.946863
2.245865
0.040403
2.629882
-0.091857
2.036205
-0.213767
0.384544
-3.000782
2.683408
-0.477684
2.435164
-0.645933
2.661758
-2.369479
0.139405
1.680029
-1.609908
-0.364651
1.994304
-2.762199
-2.094538
2.420311
-0.980281
-2.485076
-2.445398
3.048963
2.617737
-2.444081
-0.235349
-2.597252
0.839533
0.610626
-2.793851
-2.070153
0.697077
-2.028029
0.867216
-1.859714
-0.678417
1.604600
-3.009821
-1.327398
0.359866
-1.923551
-3.185674
-2.507665
0.523365
-3.130980
-1.999923
0.783194
-1.437531
1.805450
-2.245134
-1.229587
1.365624
0.664708
-2.307492
0.200048
-2.906270
-3.049640
-1.563512
1.513138
0.077829
-1.865796
0.371866
2.997971
-2.288652
-0.816331
-1.074774
2.645030
2.901063
2.504851
-2.934607
0.008189
1.020967
-2.253684
-0.142350
0.035228
2.658734
-2.826126
-1.263328
-2.696071
0.168155
-1.965784
0.650853
-0.006880
0.299437
-1.371790
-3.119180
1.683714
1.546983
-0.206910
-2.437258
-1.130459
1.414395
-1.553396
2.247226
2.644619
0.901285
-0.293864
-0.473309
1.661168
-2.799351
2.367151
1.435652
-0.077719
-0.760767
0.327117
-2.019210
-2.916762
-0.591201
-1.590379
0.810892
2.185475
2.344307
0.610799
1.477090
2.056394
0.671682
1.128784
2.136939
-2.633572
0.519775
2.362797
0.504727
3.095057
-2.271448
-0.459542
-2.979172
-1.937662
-0.030271
2.077522
-1.618050
2.293043
0.199129
0.920531
1.269552
2.097684
-1.849921
2.296191
2.614674
2.087196
1.324566
-1.907723
-0.034065
-2.767186
2.576014
-2.363586
-1.702044
-1.183801
2.426623
-0.127465
0.086585
0.304310
-1.538598
-3.088831
1.973601
2.866860
2.465018
2.833069
-0.345312
-1.245567
1.205639
2.141096
1.889738
0.029955
-1.792604
-2.524665
2.965801
2.798616
-1.430460
2.409990
2.469082
2.650204
-2.279976
1.456741
2.224090
1.503718
1.919517
-0.010890
2.269549
1.554313
2.775552
2.225953
1.498913
-0.144790
3.045305
-1.787312
-3.139371
-0.251230
2.851404
-2.305701
0.021599
-3.082332
1.959168
2.828783
0.956706
1.742330
2.162217
1.075078
2.471684
0.272953
-1.992880
0.083280
0.968089
-2.118213
-2.935038
-0.550927
2.692135
2.059416
1.135406
0.386602
-3.018875
-0.604978
-0.466211
-2.893914
-0.320127
-1.300719
2.763467
0.343482
-0.409685
-0.001750
-0.791008
-2.273898
-1.598454
1.908517
3.145001
-1.473801
1.340408
1.012590
1.173763
-1.046324
-2.837143
2.057478
-1.853772
-1.143998
-2.739766
2.986841
0.424223
2.957129
-2.049346
1.068256
2.915228
2.278972
0.369942
-2.253578
3.068970
1.852702
2.434230
-2.105828
-3.086637
2.085184
-3.123968
-1.091143
2.741948
-0.074001
-1.436316
0.842996
0.758441
-2.339473
-1.241748
-1.222640
3.175896
-2.899225
-1.508304
1.747952
0.771907
-2.692299
2.489608
2.264185
-0.184114
1.632004
2.147041
2.956359
-2.460008
-0.651852
2.955102
1.228124
-2.579855
1.127607
1.893052
-0.980615
1.435866
2.165739
-0.248957
-2.678675
-1.481324
-0.235620
-1.650352
0.886440
2.707778
2.306104
2.696128
-0.594706
-0.165491
0.367919
1.620292
0.285826
-0.205191
-2.057167
-2.917234
-3.053433
-2.959523
2.768951
-3.053308
-0.418060
-0.304394
1.065052
2.462523
3.052903
2.179361
2.963332
-0.909084
0.014763
1.368842
-2.120374
0.109717
2.264572
1.778194
3.054694
-0.178848
-2.550611
2.517407
2.415789
-2.819773
-0.170546
1.571747
-3.186631
0.347687
-2.428168
2.253359
-2.556591
0.007007
0.776296
2.518490
0.152977
-2.739743
3.096084
0.272822
-2.827364
-1.461746
2.085178
-0.267122
-2.690834
-1.684502
-2.333081
2.030294
2.771982
-0.812197
-0.783376
-3.024982
2.676517
3.064355
-0.847339
1.481584
-1.290418
-3.069315
-1.196765
-1.063956
-0.432972
-3.019210
1.767272
-0.892437
-1.099788
-1.794252
2.326425
2.105366
-2.797574
2.248872
-1.529915
2.696208
2.869414
1.523139
2.531741
-2.678513
-2.185647
-1.777077
-2.036797
-1.761408
3.174205
2.593088
-1.504401
-2.377982
-1.447639
2.869292
3.195077
2.076573
2.917305
-2.073003
2.579157
1.489261
-2.243401
-1.882513
-0.054992
-2.526274
-1.309762
1.801083
1.200981
-0.869951
0.502829
-0.499652
1.673212
-0.435867
-2.419701
-0.304470
-3.069373
-0.291814
-0.834805
-0.316425
-2.278340
2.796082
-1.053426
-1.977244
2.843557
-2.723539
0.665433
2.530888
2.040443
-2.630035
-2.550181
1.735469
1.410747
0.443376
0.249336
2.044232
-2.842425
0.377020
-1.379402
-1.545003
-1.069525
-2.404941
2.633548
2.578869
0.178613
-2.974752
-1.090006
2.818869
1.908126
2.960392
1.507599
0.288218
2.704198
2.988669
-0.974873
2.610239
0.585957
1.924069
-1.748474
2.957857
2.928622
0.854707
-0.197085
-2.786726
1.809224
-3.080793
2.137257
-2.774185
-2.346177
2.975631
2.754672
-0.416150
-3.114424
0.283029
1.664100
-3.070782
-0.436908
-1.006485
1.106069
1.226098
-0.094880
-2.488449
-1.845194
1.554025
-0.466667
-0.257605
-0.601180
-2.825084
-3.094607
-1.634070
-2.945778
2.135662
0.054292
-0.278060
-1.921023
-0.144891
-2.857184
1.479314
-1.960660
-0.253694
1.007006
-2.539764
-0.700912
1.061382
-0.379849
0.266659
0.302096
0.504680
-2.103671
0.407334
-2.626430
3.093847
-1.959613
-1.088424
-2.972540
-2.560081
-2.052777
2.009918
-1.603712
0.857497
-1.611071
1.498098
0.740877
-0.061066
2.998755
1.456042
2.745907
-3.024095
1.924071
2.174785
2.740867
2.588743
2.003114
1.508273
-0.635594
-0.048773
1.587922
-2.921533
2.820965
2.545576
2.828841
2.331981
-2.229870
1.390881
-3.182226
1.710793
0.382932
1.423775
-1.680096
1.171439
-2.172811
0.666188
2.485826
2.588703
1.583780
-2.173233
-0.838330
0.522681
1.101445
-0.777859
2.459764
-2.680605
0.374498
2.629205
1.360137
0.399590
0.281251
1.761125
1.981486
1.745733
1.823877
0.094021
2.331109
2.973286
-2.060220
1.712407
-2.114362
2.650493
2.649849
2.801046
-0.658296
-0.255264
1.016921
1.901482
2.819907
-2.972601
-0.056373
0.988232
0.014455
1.089896
2.962576
2.426313
-0.998908
2.440785
0.639305
3.022216
1.899571
2.405665
0.548824
2.239811
1.548238
2.433316
2.576915
-1.165307
2.070199
2.408873
-0.748055
-1.734546
1.818289
-0.424108
-0.984318
2.033342
-0.220341
0.524898
1.549659
2.105362
2.399481
2.717847
-2.990189
2.562717
0.480446
-0.389036
1.967619
1.609802
0.998632
2.833161
0.456381
1.857599
2.255159
0.962003
-0.281180
1.006620
1.727194
2.553688
2.418181
2.371547
0.326104
-0.481583
1.709407
2.566164
2.544301
0.790012
0.424518
0.988518
0.309251
0.094471
-2.074379
-1.991522
-1.705391
2.084811
2.067000
-3.009782
-0.001294
-3.023712
-2.538248
-2.408538
2.547950
2.919284
-0.623728
-0.454770
0.859075
0.802718
-1.335400
-2.499812
0.531836
2.364194
-2.871293
1.428498
2.406575
0.986622
-0.651129
2.010969
-2.952681
-1.954897
1.458640
2.270026
0.963575
1.050110
2.876626
1.723731
1.122065
-2.316150
-2.706415
-1.932503
-2.276108
-0.304668
-1.962154
2.438096
1.818535
0.943190
1.049515
1.793762
0.857165
0.316076
-0.095629
-2.008234
-1.108295
2.337881
1.587468
0.965927
-2.619248
2.049085
-2.699760
-2.019534
2.845118
1.506997
-0.100014
0.803396
-0.001066
1.187502
-1.499235
-0.575474
-1.339973
1.782130
1.261067
1.009189
-1.139945
0.857661
0.027868
-2.569920
1.182051
-1.293079
1.332496
1.712589
-0.126664
-2.285274
2.000816
0.991530
1.396734
-2.224106
0.983868
2.415826
2.576638
3.000095
0.608357
-2.399617
2.748199
2.537759
1.120350
1.267604
0.424046
-1.645390
-0.712245
2.352638
1.943291
2.714837
0.345410
1.677541
-2.143194
-2.746806
-0.216109
-2.834439
-0.783010
-0.288490
3.087609
0.833814
1.802242
-2.587109
2.509228
-2.520704
1.484261
-3.014017
0.479714
1.428008
2.141700
1.930326
2.617154
-1.735329
-2.341994
-1.885558
1.969541
0.019532
1.183144
0.978274
-2.588012
2.386557
-0.757103
-0.889951
1.407211
-3.062068
2.888660
-1.604143
-0.610493
0.808675
-1.870018
-2.235061
1.106251
-0.801216
1.047045
-2.301794
1.071901
-1.770032
1.612540
0.735941
0.530644
2.882572
1.056410
0.674449
3.130571
2.738549
0.927496
2.100094
1.403504
-1.256021
2.207626
-1.427606
1.254554
2.633333
2.906690
-3.097431
0.823999
-2.111743
2.377151
1.958974
0.096594
-0.317122
1.949874
-0.552640
1.183470
2.158012
-1.953066
-1.863582
0.966930
-2.899782
-1.672220
1.884693
-2.404773
2.011189
-0.246170
0.357136
2.098583
-1.491793
2.864688
1.299129
-2.244109
1.329080
2.225980
-1.288275
-0.451923
-1.350750
2.135904
-2.737899
-0.403674
2.398326
-0.874205
-1.070672
1.684835
-1.138051
-2.001884
-0.577746
-0.030010
-1.931543
-0.353637
1.995296
-1.801293
2.203228
-1.793614
-1.631910
0.825376
2.358873
-2.655601
2.972539
0.394527
0.693380
1.270952
-0.991847
0.854645
1.041462
3.053446
-0.069112
2.356928
2.050435
2.460307
1.195265
2.799148
0.362140
1.536058
1.037005
2.261394
-2.572766
0.088021
2.959105
2.987644
1.411920
1.168133
1.806828
1.811776
0.608025
1.313622
-1.346280
3.036212
-1.895091
1.115920
0.589566
-2.096807
-1.485700
2.909822
1.954949
-0.308560
-1.296199
-1.875385
0.925368
2.131739
3.006811
1.073444
2.245358
-2.293433
2.372483
1.839450
-0.928637
2.980552
-2.688970
2.213459
2.556981
-0.517175
-3.058251
2.319759
1.415951
-1.895241
0.835744
-2.006972
2.943366
2.278186
2.310618
0.565340
0.064764
2.880625
-3.181795
0.856746
2.992905
-0.821552
0.695134
0.673904
0.496927
-2.792974
1.608076
-0.606324
0.092482
1.658533
1.050024
2.262164
-0.103940
-0.470359
0.752706
1.267044
2.777834
0.927585
-2.642347
1.199902
0.998485
-3.101617
2.319874
1.914469
-2.052142
1.112204
-2.299888
2.377295
0.149562
2.851244
-1.590690
-3.006571
1.699810
-2.774171
0.439041
2.983708
0.446489
3.111113
-2.287734
-2.114073
-1.030198
2.131773
1.973719
-2.837102
-0.834172
-1.035995
2.464989
1.303411
2.534323
-2.346496
-2.723459
0.947533
0.836620
2.471400
-1.997934
2.160072
2.306945
-2.932257
0.681939
0.095282
-2.504618
2.439800
-2.388011
1.751757
0.141523
-2.892632
-2.671409
-3.068954
2.250544
1.335388
2.745072
2.508661
-2.813890
0.595011
2.009510
-1.179509
2.204219
-1.852462
-3.161600
-0.939330
2.005942
0.279934
-2.185896
2.121969
0.730451
-2.217058
1.153182
-1.545649
1.454038
-2.678670
1.647374
0.870697
1.652436
0.416822
-0.713973
2.444707
0.471563
-1.301958
-2.945526
-2.706276
1.192277
0.821529
2.088991
-2.070406
2.600274
0.756593
-1.993486
-3.123351
0.438100
-0.457269
-3.053819
-0.021205
0.946424
-0.091368
-2.777282
0.442694
2.027034
2.853826
-2.532547
-1.010177
-0.159085
1.016543
2.309655
2.457549
-0.456753
0.614246
2.871905
2.090650
-0.319089
1.337838
1.231623
2.324993
2.628108
1.725634
0.497761
0.552769
1.956558
-2.734749
2.979890
2.781819
-1.870371
1.039020
-2.173923
0.984752
2.319655
2.951516
3.205786
-1.441592
1.510055
1.511669
2.385347
-2.380059
2.371146
0.352558
1.851344
0.815894
-0.012316
0.491549
1.610938
0.225920
1.886345
0.991479
0.446825
1.969490
2.392788
2.976816
2.849640
1.778041
-0.089062
1.989040
0.737758
-0.381391
-2.610959
2.258169
-2.899789
-0.726567
1.842635
1.836961
-1.858731
-2.373586
2.890996
-0.949583
2.662418
2.315729
1.430492
0.876030
2.513130
1.877548
2.348868
0.909205
-1.717837
2.268828
-2.003106
2.566608
2.845802
-0.398424
-3.119502
2.214563
0.295815
1.075397
1.125418
-1.781664
1.628669
0.227601
0.430286
0.719959
0.655400
1.082904
-0.540565
-3.036303
2.561452
0.657197
1.918346
2.404562
2.220846
2.337579
3.079881
1.291731
1.346359
-3.081161
-3.000024
-0.708066
-1.213107
2.590729
-3.133522
-1.825444
0.800673
-2.468005
2.384447
-2.747320
-0.018926
-2.883562
-2.883917
-1.797341
-2.559063
1.193455
2.653721
-0.113728
1.930453
-2.294254
1.805557
0.732292
-2.505352
-1.693318
-2.300941
-1.165373
-3.174408
-1.345508
-1.944475
0.544299
0.198252
0.771324
1.299144
-1.509049
2.488450
3.051330
2.850080
2.341680
-3.015768
1.531112
1.457227
-2.931173
2.207588
0.408743
1.500947
2.099640
-1.499852
1.523200
-0.301515
3.071447
0.793733
0.911968
-2.243898
2.782331
1.022240
2.187236
-3.085327
1.118153
0.165431
-2.224372
2.793554
1.050558
-1.968455
1.525725
-0.406312
-2.966580
-1.802450
-2.911343
2.398178
-1.529749
-2.878879
-1.000573
-0.321789
-3.034338
0.400339
2.028897
-0.239752
-1.037655
0.579935
0.332698
-3.021798
-2.933094
2.145191
-0.182354
-2.795765
0.620949
1.946191
1.665523
-2.442915
1.282516
0.142178
1.896243
2.512378
0.514825
3.140355
0.171559
2.129476
-2.250501
-0.271856
1.609657
0.868770
2.982174
2.694629
0.960820
2.422428
0.919358
2.410603
0.624129
1.425012
1.259524
0.874862
-1.993214
2.373146
0.874564
1.109800
-2.471926
-2.352564
2.052157
1.574008
1.242686
-0.791462
2.006183
2.178569
2.315811
-2.324914
0.443917
0.454026
-2.639033
-1.116168
3.111672
1.405734
-1.568675
1.636705
2.803308
2.211248
-1.121700
-3.036097
-0.255445
-2.416482
0.191052
-1.217237
-0.901165
2.876566
1.477211
2.463229
-1.450800
1.406793
1.157724
1.630881
-1.637561
1.717378
-2.594542
-2.777579
1.058233
1.875881
1.041481
-2.864522
2.044870
2.833973
1.135604
-0.791042
0.127536
0.357432
2.424721
0.029432
-1.509609
1.776831
1.905043
0.147970
-1.527051
1.572526
-1.329848
2.350967
-1.706093
1.401928
1.753388
1.942239
2.076744
1.842729
-2.795904
-0.948379
-0.706879
-1.947651
2.667869
-1.502021
-0.655128
-0.248397
-0.652906
2.356269
1.754839
1.902023
1.490553
2.411299
-0.187459
-2.042437
0.139969
1.950721
-3.154801
0.754537
0.396692
-2.153276
1.165753
1.207016
1.703528
-2.721376
-1.757145
0.848494
2.242288
-2.460991
1.947038
0.085821
-1.858254
-2.524127
-0.897141
1.679816
0.906896
1.510725
1.597123
1.994235
-0.969241
-0.282228
0.896970
1.960521
0.896381
-1.486975
-2.023576
2.773223
0.246711
2.195055
-2.499906
-2.442598
2.054314
1.583345
-2.809326
-2.517164
1.825497
0.825278
-0.547600
-2.044181
-1.757217
-1.604114
1.678051
-0.239284
1.576826
1.632828
-1.154651
2.109845
-0.891939
0.059112
1.705526
-2.704982
-2.352505
1.709347
-3.028797
1.171477
1.967813
-1.307582
1.777556
2.763490
-2.824382
-0.904569
2.377373
2.901573
3.014502
-0.510635
3.169950
2.771081
-0.935159
-0.510433
0.895376
-2.581887
-2.944831
2.561794
-1.561945
-2.174398
1.460064
-0.463089
1.336499
-0.962424
1.968554
2.202339
0.517310
2.452666
1.260795
3.140469
0.797934
1.550591
1.730003
1.680760
-2.894582
2.154672
-0.247990
1.902899
-0.714962
1.232462
0.465543
-3.055501
-2.409715
0.258920
2.440022
-1.928411
0.398226
1.147272
-2.208823
3.133179
2.110165
-1.234411
1.905418
2.832218
1.421387
-1.754665
2.854991
1.935361
0.257377
0.254715
0.523109
0.414960
-3.039077
-2.215177
-2.151505
-1.195606
0.959443
-1.131927
0.787564
0.265038
0.592750
-1.791615
1.385427
1.070666
1.674991
-0.138079
-2.027979
2.320636
-1.387484
-0.863656
1.913361
2.722699
2.204441
-1.356402
1.555505
-2.113191
-2.725820
1.994551
