1784.408568 1920.381113
1808.306207 1892.893502
1353.769146 1356.966660
409.274660 305.991211
419.784951 166.557291
1000.373078 1391.888494
392.032612 571.353953
523.998785 575.226956
1487.486885 1336.094888
219.466034 511.681104
359.797812 87.364728
1360.253341 1295.361095
200.737513 821.202094
445.437827 457.302663
1663.499382 1533.000468
1335.709856 1327.544914
1420.373034 1043.494156
1158.138774 35.290844
1491.983352 1816.838999
1027.499563 1321.624479
628.809771 86.544706
493.146037 1945.131188
1727.861293 1902.029210
1686.524650 1867.370069
141.108123 816.670981
506.583815 1351.193246
1343.457415 884.737986
341.531924 567.232943
1029.102599 1525.409316
399.352958 61.872513
1873.592798 225.283011
454.971033 588.378114
648.186144 1810.305182
737.024308 1745.017605
416.055362 1248.871700
1738.423611 35.739714
497.986339 1731.631881
1806.736201 1297.565578
1246.627202 24.180684
319.810625 1261.570187
435.892121 735.582257
1669.469900 1443.583750
1308.745535 440.413855
1262.544918 252.024637
1746.881733 1339.833882
1642.249286 1574.409882
1932.481328 926.878688
1755.835201 1880.880964
1635.835921 1740.021009
477.810066 66.541443
273.514519 828.322750
1736.250196 1297.463571
1280.623588 335.849084
1504.519612 1678.309542
231.085695 927.340003
529.474676 1022.833503
935.887041 1300.784752
1310.994711 1385.519075
1521.822465 7.137692
522.361153 1705.115669
82.078240 1972.048299
734.544239 1860.549237
1302.283774 1103.980548
964.608653 1095.970741
1807.970755 1996.433919
674.866908 83.549132
541.732005 1942.345541
1123.590846 623.735609
1961.421764 908.390685
961.085689 1040.454709
1440.978542 1390.801361
484.602042 1303.222890
949.885356 377.219960
526.095716 1974.105262
1604.577091 1557.594461
1344.592079 462.493030
456.816479 1163.575879
398.996013 1279.444093
991.771485 1205.685603
697.770820 1106.730699
1287.607081 481.673526
1871.516634 1646.671209
833.870530 882.763411
590.923572 62.671727
484.497432 1974.240780
1968.512590 1698.606334
702.010954 1833.926587
1351.723613 791.834283
301.320198 1141.765158
767.927771 1219.432507
618.289585 1588.249891
1371.012009 1001.997435
69.508891 97.605075
920.030604 933.399556
1067.533695 1273.396186
1058.504007 1641.128564
1509.165303 1539.215265
666.013304 1909.276380
581.600927 1716.640215
379.896254 931.285452
1726.970547 1602.248170
1016.850659 1544.262730
1992.143625 651.714878
623.378950 1101.437844
835.950494 1908.310534
1033.434383 791.800186
783.932506 113.938064
729.553777 1281.035849
1961.009194 754.726254
1261.146004 1152.180249
1342.248244 920.420643
1431.971010 1623.831491
1869.458503 1944.196097
1060.784011 96.123236
1950.632942 711.596145
159.541378 461.814642
1052.080220 385.206526
1079.185972 1936.046676
1365.135763 1148.089352
559.356835 713.813432
1003.441309 157.535425
293.554950 1394.519117
934.582099 30.525564
782.316949 46.437222
1987.601833 793.141156
810.545002 1392.175164
676.474573 1832.656384
750.495910 248.021236
1702.174008 1422.482978
54.010487 1861.713527
1038.580093 399.548430
731.263122 1111.139408
1290.333722 882.177205
1000.530907 85.322048
1846.344203 766.340498
1671.316016 1243.437930
1040.386103 228.782978
1900.043395 541.611635
331.574089 1335.927170
888.585577 1432.532440
974.225045 1577.723176
499.406030 538.115455
853.217106 973.614603
22.058599 1855.804674
1828.606197 1642.422191
1723.547221 784.670159
1836.815691 1882.789571
1951.192361 812.753764
594.225933 959.643442
412.946539 1342.516415
54.773826 496.942984
1951.706103 617.262930
297.319893 1334.343028
1489.014069 856.598605
464.272229 1197.761570
709.665630 1872.747573
746.187529 1201.339287
265.223253 1276.194084
637.919179 884.561305
562.380188 1183.563354
1443.008802 1214.095970
1823.329918 1744.975388
1177.182927 1979.943396
701.860606 1251.868890
1043.209768 284.116277
1872.808821 813.712558
1452.825319 1011.657428
1095.593887 428.396267
958.338744 1248.760088
797.055352 1849.876717
984.524956 1539.942048
548.481672 1128.683094
1300.003888 1274.505401
782.932837 1049.383699
1771.646209 1177.857689
1239.740618 372.702365
1016.431553 1712.254245
672.207548 1154.888203
1769.173282 1670.973366
1342.812708 839.144029
632.154483 1140.374412
1678.870455 1748.315664
1894.975697 749.392666
1854.214878 1730.221431
1054.975410 1572.582688
1237.647426 78.022561
1319.659832 992.538801
1091.243036 272.517936
1004.049537 299.843103
1611.723864 829.736630
1681.939108 955.403340
1393.040124 979.487953
48.822291 599.020287
767.599110 1239.190587
501.831423 1297.790471
881.669339 1959.816289
1915.748968 845.802065
1696.003848 625.364109
879.495772 1305.386705
929.587890 1498.800828
1685.010070 767.628441
91.943335 129.954194
1970.243918 1198.761593
840.517285 847.671412
1324.388048 1163.834875
461.415034 1029.495899
52.017155 747.413579
578.783601 1733.145204
1258.015076 1709.716389
1815.806124 1321.048316
845.166951 941.218039
989.133075 879.037359
1645.784242 1907.591063
72.895727 217.394109
448.648176 95.264431
33.817314 1215.100748
1345.178903 1867.505354
1722.786744 198.301226
1288.581281 287.033045
1413.196837 131.290456
956.535898 825.503862
1231.719402 371.473090
48.098972 283.453601
908.131450 1650.831514
1565.109498 474.530108
603.634509 1703.371814
1151.501069 751.238841
1243.440836 247.585017
653.871007 1777.052083
412.607946 1530.174006
1984.456961 803.308034
468.416702 491.894014
135.750694 988.979406
63.264183 782.374393
1056.228369 961.430532
731.677944 398.561508
1384.625336 169.992046
1602.642648 458.111041
463.854534 1417.300001
287.495867 896.695316
386.594011 971.139390
1186.748063 1534.286868
1955.784067 324.424183
728.234374 1939.826292
1291.863395 1761.702846
638.612755 1900.661124
1350.699216 187.632755
114.426724 261.930624
509.857922 818.200476
1983.707555 1308.132059
345.123625 105.105974
1061.068044 1000.427798
1097.009646 983.885904
1536.856979 323.437708
453.155232 1570.478522
1435.795333 105.112698
845.867816 156.848010
1437.096075 958.615145
1478.978558 1038.224039
1997.882043 1369.734471
563.269427 1601.095182
125.786665 325.297858
28.591165 772.559532
1571.430119 1322.550072
272.763031 935.951242
918.285092 770.926331
482.036147 1679.708570
372.089788 1640.929615
1440.227533 1247.123014
873.570279 175.341896
1216.544758 820.702811
1302.454602 1722.432583
1149.616254 1692.217003
1408.922459 1816.093294
527.541212 1747.526665
410.818886 911.806462
1078.244465 1606.975836
1628.625337 1223.964549
1095.462191 1118.047475
1358.071864 1149.246796
1071.962030 384.545032
761.855458 27.756641
455.359741 464.775506
1348.246521 616.321719
757.512393 1992.070428
1588.329046 760.943440
1695.504088 232.915288
185.125723 312.915015
1442.160066 1172.806440
412.111823 1402.190078
195.700043 771.663019
428.614202 1576.970265
1396.851347 1138.545290
1107.920240 822.322257
736.632938 1727.293031
1424.529343 1273.051480
578.034230 1729.023478
169.822038 1828.684149
239.764373 841.790662
899.575540 982.930837
1535.444174 1345.437858
664.762869 178.657365
44.750273 933.730649
388.082601 472.267379
1393.245295 1347.438141
434.171956 1084.579150
1565.462369 1365.120085
1755.260116 1449.591116
1025.292733 1520.771179
780.407644 647.025498
1389.140040 638.117693
1023.225068 1753.053063
265.250679 1704.647755
1212.243253 1768.189712
595.839355 757.985823
69.642169 14.158831
407.885238 1551.865649
905.015763 698.118959
13.282135 22.808347
1663.728100 321.190300
429.100362 1291.053594
299.931169 1853.036968
964.070716 206.980814
499.113710 187.062335
449.832258 1142.651013
1018.978385 1819.753345
1719.800248 626.904713
910.675133 1806.151359
1011.463859 448.280408
1310.594207 738.162679
711.331068 174.687859
427.033606 483.745551
1594.116279 1396.997829
378.287713 1518.309555
866.784625 562.136556
982.874884 1704.566268
1283.828733 167.213247
66.364799 33.699990
323.102886 449.394499
1600.033934 133.343422
257.003671 1071.706561
882.379957 1826.238175
1849.423614 1573.930178
650.027140 742.132533
879.026670 42.833056
721.965195 78.273262
1694.135549 1396.028646
188.354910 1060.740677
24.000697 23.725476
364.028434 1590.939646
1103.547364 1816.130730
1709.026516 1462.731310
1750.306600 1393.115165
369.109270 306.493218
1439.256829 1258.600878
554.791500 1548.595650
1822.320901 1262.230975
921.756823 1558.541789
1606.100877 58.432740
398.415970 384.381424
1674.327923 1449.079601
1729.938387 1542.378180
691.136724 613.746131
1870.995670 344.267554
1602.189418 1446.119883
785.766165 29.373550
529.287989 1235.558494
1613.062745 695.888263
1873.237326 1642.165945
1929.778846 502.808272
929.199599 1730.617196
894.256497 1732.999116
571.665173 1155.857759
1830.880501 502.029422
848.219078 287.656255
1944.694887 1982.626335
1876.961647 1242.575158
738.784329 151.640588
21.395022 953.930935
337.296693 1188.463590
448.488697 1177.952945
1360.000427 584.512437
980.803404 39.416606
1577.414786 387.547420
1950.214492 1486.956462
1793.425682 1468.984727
1489.615735 1181.930926
842.648156 231.135686
1655.537926 1474.423598
1811.324035 1379.732226
970.647686 1977.317347
819.832497 430.102514
1524.821254 604.183315
802.302245 259.663198
429.321446 310.936396
1882.482133 1490.726516
962.744188 1831.235051
625.930037 150.140647
966.127106 1619.866787
1238.027993 1827.404308
