1760.416835 1747.026767
1786.649428 1719.450386
1232.894073 1443.850765
333.953590 181.114144
405.715080 1998.127935
946.482481 1246.992656
332.543834 412.404309
655.711557 470.644112
1405.093126 1424.990262
86.506169 403.227343
343.588902 1920.103355
1201.713014 1230.120869
251.233156 704.473122
486.056924 289.979504
1808.935331 1439.877282
1162.849973 1306.904460
1584.095711 980.281532
1123.852110 207.730121
1355.173810 1900.276765
924.105941 1215.224245
750.156062 205.122798
592.872449 1813.875511
1607.528742 1789.979563
1548.814983 1772.773412
180.669447 700.438652
397.881367 1215.353193
1314.728678 734.232572
229.510171 441.065513
1048.095665 1357.121124
463.204153 1923.980659
1974.639404 352.029927
566.452843 465.763670
793.680451 1734.034429
813.773671 1838.829407
250.758289 1193.556424
1782.977121 201.028463
354.446206 1642.713569
1897.682299 1154.740060
1312.258554 187.274007
148.605245 1258.353122
527.159588 618.293765
1740.669819 1289.367173
1374.413006 603.507768
1371.686628 389.953725
1826.885336 1188.824789
1742.317868 1434.912164
1856.728720 772.710580
1659.195120 1736.792790
1530.095696 1800.303022
593.528592 1951.459802
325.926146 691.946089
1705.354205 1158.483228
1342.371545 497.487046
1341.280798 1662.799105
123.660218 801.944630
391.517439 971.310288
779.506786 1228.616710
1142.000454 1424.179991
1589.688651 35.445848
428.079156 1568.694141
1999.274414 67.309399
854.508359 1892.474457
1425.579875 979.353067
976.632941 943.285518
1666.905263 26.296785
837.787053 143.501137
697.421303 1862.422590
1065.232408 616.229809
1877.395943 758.246276
903.864639 887.268703
1276.806133 1378.213956
377.544662 1165.038910
1068.291177 247.004518
691.603852 1970.668200
1702.990154 1416.285205
1444.650471 606.669188
330.960749 1139.200789
229.130908 1257.121016
900.350647 1285.267947
606.072945 986.029422
1300.450285 656.163263
11.117538 1693.529996
739.105943 739.038725
754.885731 94.219167
617.225887 1861.515968
130.388784 1767.673377
842.673297 1869.127585
1198.048419 810.894841
144.990566 1066.778909
602.929989 1171.431029
716.273538 1509.091639
1513.677651 902.389257
11.751071 1941.354808
880.545361 768.515825
961.370852 1148.691433
1150.198643 1497.053070
1443.879686 1381.015512
823.089940 1952.338346
599.604629 1546.625188
227.321449 867.496728
1671.118700 1768.596466
1136.143602 1652.080246
66.405684 515.941077
752.032347 990.105571
766.897831 1772.145768
1202.642501 777.473115
680.671288 254.761937
879.696476 1346.090915
120.056167 777.627362
1258.636110 1324.696796
1351.675259 1041.260414
1464.034582 1796.886186
1942.820636 103.231232
1072.890493 1957.245606
97.258304 659.302182
124.236052 336.149321
998.367070 541.589456
1119.610792 1786.306808
1453.571960 1297.928124
479.431972 564.669458
1170.646088 138.774635
150.252948 1483.702303
1063.144759 144.052693
638.361084 139.777398
140.451263 872.665066
949.934405 1489.039781
571.992355 1708.721912
624.927723 302.699398
1670.292858 1585.345832
135.028249 1707.520436
930.378765 344.926168
886.501322 1029.792713
1272.731201 1054.978576
1122.552230 153.240393
1899.642332 599.567066
1843.579787 1208.539157
1167.781409 337.503005
1942.715421 388.022384
178.914893 1369.723795
1035.671627 1515.402488
1080.533293 1712.766194
407.866673 398.952470
993.861908 869.328463
19.949115 1680.952421
1899.650066 1802.075794
1729.870922 613.224381
1944.210556 6.685815
75.943970 919.589260
485.253224 906.576808
358.958563 1496.960742
127.187784 357.566819
68.477371 656.066057
137.505815 1357.159962
1356.260089 750.588294
607.091737 1220.490716
667.484304 1997.289137
903.344903 1253.113166
171.540246 1196.532647
563.686074 744.366231
657.158097 1272.908631
1576.985338 1315.939301
1972.975380 1809.085044
1331.883138 14.174694
828.922342 1348.277313
1053.966289 440.849976
1989.324593 685.351236
1348.536297 936.829464
1066.955927 592.435261
1089.698796 1182.688259
789.093347 1711.817070
1096.642033 1656.160099
608.551533 974.563780
1330.211304 1445.613209
931.206321 963.387816
1912.704511 1088.777479
1237.117401 503.365868
1153.195676 1765.523254
822.887360 1066.167028
1754.110609 1846.173080
1273.683684 978.285493
676.029830 998.171059
1669.281215 1913.932544
35.210671 701.949213
1961.447385 1673.720914
1221.186696 1610.406733
1358.247229 1964.426804
1458.209912 1016.494683
1086.697668 406.768078
930.364952 416.022582
1538.492034 669.919720
1682.384532 779.454814
1396.067441 1140.305942
213.716500 552.134015
938.255769 1279.415150
595.200350 1439.115394
752.369127 70.273829
1976.071637 758.171199
1690.736285 451.575189
1044.833229 1360.635956
1065.590453 1607.733354
1860.251122 780.052875
95.816510 263.203454
1874.326646 1087.663814
899.112907 998.720753
1478.241617 1094.110310
566.592254 966.652874
176.378572 671.722813
627.701951 1863.953684
1358.665662 1567.050334
1652.118838 1364.850674
874.263226 1093.002347
987.149073 716.203750
1803.564183 1985.574973
1962.771299 327.614631
591.084590 50.804953
1894.218549 1268.051932
1446.887333 1963.145393
1734.620441 63.207433
1444.353586 253.461386
1275.864935 175.151327
1081.609065 931.329253
1383.079149 306.693177
1956.596626 423.824332
902.538228 1477.519296
1660.306720 617.657066
616.855039 1533.730496
1309.114479 736.188854
1320.801484 91.679762
708.625711 1610.747879
245.775503 1553.229043
141.713465 875.021872
632.198928 434.089176
0.299163 1033.534068
70.890092 940.114189
1166.331851 1090.019780
826.468526 515.215833
1243.577073 117.129932
1687.257414 608.619264
468.278456 1279.305418
405.282970 1022.526890
527.880213 1061.005898
1082.205487 1449.665106
1904.214725 487.165095
664.660250 1779.973049
1458.610064 1734.393049
588.051899 1759.565697
1288.295525 39.135188
125.933278 434.645238
664.744854 746.740519
1840.444403 1315.674538
243.857687 11.733956
1105.600615 1154.700632
1179.068629 1126.703191
1667.379953 210.541266
362.570342 1421.092052
1283.423970 39.177334
860.520505 1985.687899
1544.096240 822.398501
1595.706840 914.682146
1868.574287 1433.965579
549.152299 1426.791853
89.147201 470.626846
162.579329 708.757173
1478.361761 1400.765302
306.668009 1106.524052
1017.939421 893.019500
369.752025 1549.433707
348.880203 1493.642061
1563.103211 1351.929607
891.453882 2.037767
1327.499590 901.740002
1442.341509 1647.894439
1148.841052 1517.607910
1541.709525 1874.932752
412.319232 1636.835174
564.720315 872.245702
1001.257067 1456.334941
1586.332567 1378.497026
1137.609118 1278.105751
1453.205662 1012.840918
1014.304489 220.686699
636.741161 1906.371789
592.596244 360.599451
1326.003539 441.732917
653.207159 1854.080852
1763.145716 777.241658
1812.908676 110.202074
307.240559 305.919207
1547.995511 1053.382758
292.681237 1285.902437
348.560927 721.271679
356.569853 1674.441957
1419.286248 982.858534
1266.786387 870.363256
831.524004 1589.227894
1371.191169 1422.531345
549.313100 1556.590699
217.229116 1827.385151
70.502731 833.712285
816.414120 1071.371431
1530.656181 1224.325538
587.616908 332.287551
189.891240 1032.020122
345.623245 641.386581
1304.113807 1233.278244
501.080015 937.162018
1437.599409 1474.410886
1905.041090 1381.534320
1146.171290 1501.866128
713.430615 808.201434
1217.684924 641.677658
1092.815492 1594.203554
429.020787 1701.459729
1376.324857 1772.335868
600.465989 929.075743
176.568370 1886.850520
547.628915 1454.614242
993.155754 832.308548
75.793224 180.947987
1782.226705 191.369717
580.005779 1241.371041
318.624582 1.160863
1126.202812 163.778119
397.407431 309.569400
436.332685 1021.356300
1070.097990 1655.449123
1620.456878 768.546378
792.458500 1706.455565
1156.469485 547.764133
1192.177553 844.462487
683.097186 334.187698
387.975925 653.534478
1455.193108 1501.442636
451.522526 1361.877720
946.989241 718.369403
953.054277 1544.295055
1412.257219 287.554943
1955.122778 116.168732
197.173503 561.786633
1645.908807 1994.897091
344.402348 1208.914394
748.491083 1740.603924
1983.625663 1658.986371
711.645555 849.151272
765.221712 1983.811245
565.167039 43.372839
1677.998499 1275.900737
274.209025 1202.120992
154.559737 1927.783939
494.326629 1484.435384
1201.026749 1888.164670
1851.933585 1404.229540
1833.389461 1260.761318
232.876715 409.562102
1391.729561 1113.731147
718.010724 1529.084647
1820.971478 1107.388380
876.782320 1390.413524
1641.170495 1885.988499
341.533794 547.278428
1697.632004 1590.176213
1894.810132 1555.156499
547.862185 611.971348
1837.519227 516.803376
1627.026944 1606.886634
618.067022 1979.243867
703.773909 1229.491465
1614.189487 842.950543
1926.158211 1767.891521
1947.979809 677.154685
823.046630 1601.318631
780.398048 1610.304915
729.468336 1084.370053
1745.081687 641.768865
1002.325677 247.108998
1904.134343 1851.697644
1884.122563 1078.146813
734.911039 299.751814
98.887508 1111.203274
499.607576 1208.014098
597.623948 1096.193348
1192.464605 538.605041
813.221528 9.999996
1667.711142 236.476020
87.280236 1382.765773
1947.913236 1412.376161
1393.049851 1051.874254
1005.320943 232.684987
1794.235061 1414.930942
1718.550478 1245.684381
983.548152 1803.900388
913.626797 577.455723
1381.447473 641.303719
905.185081 393.075996
356.254669 464.453098
1784.171159 1383.519978
930.854252 1670.284605
471.217889 204.300489
1010.906079 1465.436162
1388.348787 1895.584220
