1794.538975 1975.256127
1816.548618 1947.371669
1404.844057 1379.526454
409.806340 361.961710
425.312608 222.102247
1023.733193 1441.698969
397.699197 626.919754
500.684324 625.819028
1514.005728 1383.529093
249.154650 559.109312
386.292376 136.492242
1409.325729 1320.988590
246.587897 852.752934
440.041858 512.965861
1656.706488 1587.957465
1384.957287 1352.089828
1372.650673 1072.662092
1167.336469 1980.051344
1543.523476 1838.162980
1029.698942 1377.295034
580.630257 111.088779
440.184644 1961.337065
1759.369015 1948.188407
1721.297615 1911.123585
190.060093 843.394673
544.364256 1392.528924
1318.763119 934.919583
362.770732 618.882605
1019.883278 1580.642864
415.600890 115.396129
1848.120610 178.597865
442.032562 642.516123
603.990197 1844.649633
694.284345 1781.139739
461.908276 1280.796854
1750.698123 1982.976902
512.555495 1784.226968
1779.996278 1346.526167
1224.073614 1972.923141
370.925995 1284.427325
450.824633 788.354951
1660.968576 1498.913031
1283.761942 390.311633
1228.187647 207.802721
1728.997213 1392.847331
1646.863138 1630.125011
1956.430221 976.807304
1786.899696 1927.338891
1666.582240 1786.816222
481.597328 122.114223
314.505736 864.929448
1724.696431 1352.219562
1253.087383 287.089762
1550.706863 1709.952158
285.825765 937.680466
557.783760 1071.147609
971.493600 1343.576434
1364.875472 1400.010111
1496.271266 1995.630683
539.318785 1757.750127
123.083364 1933.909344
683.069933 1880.728297
1282.935494 1156.531895
986.426320 1146.910735
1843.316668 38.843448
626.028610 109.341269
486.754167 1951.080739
1142.159440 626.123819
1990.545048 955.488991
980.392770 1092.563325
1476.812669 1433.096039
518.283022 1347.958158
912.210776 418.652146
470.922305 1982.533837
1614.567600 1612.441693
1315.156289 414.853555
479.017158 1214.984253
444.592676 1311.748773
1013.488987 1255.630715
736.711988 1146.914690
1274.448074 427.259769
1823.209110 1634.554324
865.952381 928.491299
547.983930 97.796985
435.078501 0.162317
1916.026593 1679.330362
652.692132 1860.426974
1357.162974 845.631035
343.179489 1178.962647
810.218241 1255.936066
611.031286 1643.587300
1336.443405 1045.527318
104.667009 141.192995
940.623038 985.242305
1066.825467 1329.241349
1037.993480 1693.237280
1539.638693 1586.117392
612.507228 1925.578344
570.783865 1771.234096
423.246676 966.206288
1729.333053 1547.130785
978.142462 1505.154703
1949.794826 688.181083
579.400183 1134.501014
891.358603 1907.257448
977.441632 790.899125
792.705822 60.096813
675.047389 1268.648638
1911.009349 778.796739
1273.379338 1097.632881
1396.260807 929.557070
1421.768965 1568.768634
1843.601325 1894.709408
1005.374857 103.614136
1905.088205 743.802758
105.778092 476.884538
1027.386722 336.086633
1056.223012 1985.765202
1373.093200 1093.075401
543.432642 766.688110
947.594828 154.459476
311.455075 1341.821591
925.411184 1975.577163
795.905642 1993.908853
1932.957217 804.474329
762.191007 1364.047678
731.490208 1842.954661
762.520740 193.908636
1675.139826 1375.150491
43.078470 1915.641750
1051.076204 345.852285
679.911410 1132.910766
1336.505240 854.037055
944.846160 83.152752
1820.695792 815.906099
1620.877909 1220.698209
984.758857 222.852310
1877.239644 592.716423
349.193049 1283.994910
843.858197 1398.850375
936.687093 1536.520563
496.551053 593.709335
807.253619 1005.423107
12.661740 1910.021473
1804.182489 1592.121449
1721.905664 840.607889
1815.409513 1831.414378
1896.137187 821.037381
563.704012 1005.952483
398.012375 1288.574836
1.903498 514.557671
1917.178417 661.319583
314.040312 1281.490338
1518.673568 903.575829
416.425984 1169.719279
765.322854 1878.101317
690.331998 1203.892553
296.000080 1231.673067
601.999221 925.334858
506.757214 1181.287037
1419.875159 1163.114395
1785.627120 1706.217470
1129.728136 9.019212
646.623525 1245.240481
997.716294 251.654844
1826.718322 844.888507
1409.908708 1044.548789
1065.960321 381.219015
902.369473 1248.726469
852.076217 1859.572574
943.621006 1501.993012
498.441964 1151.013903
1308.258119 1219.135566
734.770794 1077.477381
1715.845734 1178.292336
1197.399765 336.238488
985.968061 1665.321109
622.849986 1179.028151
1778.323520 1615.958217
1394.439895 857.217046
584.969769 1168.854548
1689.764980 1693.455213
1857.969698 791.379832
1828.909077 1680.315028
1006.835232 1544.026539
1182.115514 84.926147
1322.437441 938.539153
1040.081207 249.794972
963.526901 261.640617
1626.481110 883.654527
1676.892775 1010.665627
1443.992640 959.466027
1994.975710 584.846551
712.023654 1233.099525
464.465185 1256.509142
936.750486 1959.396150
1863.225159 863.238932
1697.951111 681.272506
823.931320 1298.758107
884.679055 1465.357677
1629.289123 762.045126
90.710961 87.556702
23.322224 1216.333454
797.360471 812.472888
1268.700915 1157.923601
427.518942 985.140713
1996.558606 741.433682
530.542221 1759.068141
1238.954644 1762.322371
1871.423743 1317.502483
802.169958 905.379020
942.152763 905.805389
1595.581533 1882.778001
100.445494 168.652041
434.239268 149.302423
87.071532 1232.194656
1294.635623 1890.556026
1672.145512 222.109952
1260.900588 335.409485
1439.887674 178.314666
901.378279 827.123616
1215.414159 424.935434
69.957334 231.896603
896.776779 1705.592915
1522.328009 439.079792
608.126427 1758.022547
1106.103267 783.660137
1237.358513 302.398127
634.963391 1829.647436
465.086706 1543.199243
1940.907516 768.915713
420.198527 518.676302
144.868704 934.500129
19.042768 751.259388
1004.442756 940.401359
701.517304 361.444223
1390.144033 223.780717
1555.616402 429.479462
495.515204 1463.156925
256.706574 850.074659
360.153487 921.865831
1179.195556 1589.698605
1979.533387 273.709591
761.091342 1985.174030
1259.577867 1805.196881
674.457203 1943.663992
1324.916459 236.879779
113.234564 205.979519
457.031641 801.014232
36.844377 1291.339314
362.548276 158.243226
1010.831235 975.867713
1046.241498 960.312811
1481.759203 330.380150
499.655734 1601.452841
1482.576027 132.228077
845.814982 212.339683
1396.913361 996.527415
1429.508649 1063.461393
50.344355 1350.670918
565.070919 1657.047687
125.651679 269.310471
1974.647304 759.108595
1526.600534 1290.700984
257.038446 882.425217
862.889587 767.720814
501.060027 1732.294752
416.355915 1674.600226
1393.995220 1216.858471
873.203814 230.944449
1161.360431 830.034666
1273.663105 1770.295884
1151.317814 1747.901022
1358.442431 1839.752561
549.705736 1798.684888
370.780237 873.443775
1080.349795 1662.513833
1586.247046 1190.382446
1054.621537 1079.750992
1303.711401 1150.049417
1087.397337 438.251226
773.773312 82.459416
405.038867 487.360747
1355.323834 671.872702
780.149396 42.206119
1532.699526 754.512541
1641.407143 246.773135
173.260613 258.233141
1395.296784 1199.778831
447.379738 1445.447973
141.669831 757.105776
461.452436 1620.704943
1346.446880 1162.487724
1052.594464 830.938011
709.938352 1776.332891
1375.378713 1250.071103
587.015199 1784.184506
154.737968 1829.097466
264.203806 793.557984
858.741214 944.963329
1585.919126 1326.048264
712.613777 149.687999
12.996087 887.883900
423.028658 428.760542
1445.050526 1327.635370
380.515573 1100.066379
1601.606839 1323.014197
1713.642715 1413.658289
1018.369206 1576.324253
798.260994 593.970956
1437.837632 610.619893
1013.678579 1807.783402
212.891819 1723.237406
1172.339160 1807.120894
623.362260 709.601349
21.369028 41.528334
367.388813 1588.957035
892.174202 643.625722
1966.796072 1991.736408
1618.063043 353.247682
382.325099 1260.282780
245.692930 1840.600086
935.665254 160.972045
551.640941 167.854329
395.423011 1155.314905
1004.465705 1873.099149
1729.339573 571.769824
940.883723 1853.137735
973.792665 406.914389
1357.781305 708.065586
756.354329 141.449902
457.390761 437.126868
1617.961591 1346.890647
343.402359 1560.829234
850.294276 508.710262
984.557714 1760.481440
1242.965124 128.922707
81.213433 1980.231271
368.866364 417.459711
1572.182482 181.764729
210.847377 1040.058782
911.536136 1873.933945
1802.217950 1544.503092
677.004654 693.086752
933.984073 52.351699
776.394984 68.940754
1641.075878 1385.619588
149.937691 1020.036386
1973.596472 0.757684
315.431805 1618.609855
1073.911079 1863.365044
1679.135373 1416.072441
1701.596026 1367.543137
424.685849 301.146353
1494.015302 1254.530191
504.978581 1574.154895
1770.414256 1277.376184
933.238825 1613.349915
1585.692973 110.453785
444.084960 353.030127
1641.024864 1406.481674
1694.402104 1499.582223
718.340062 564.821560
1875.971608 288.489063
1599.168272 1391.775900
839.714462 39.270112
475.019373 1221.770008
1632.993562 643.631462
1827.590449 1610.103046
1920.996526 447.503486
948.319837 1783.179748
913.411246 1785.537345
515.898635 1160.763392
1842.985355 447.355453
828.875565 237.163626
1951.188700 32.235880
1830.669220 1271.158807
785.836252 121.443033
1980.589284 915.915879
293.001925 1154.250451
394.142534 1191.089555
1415.667040 579.321457
1011.774514 85.690395
1562.218776 439.951885
1894.661833 1484.134548
1746.063966 1441.255264
1542.621021 1194.927518
827.832729 179.133953
1607.147592 1450.297829
1781.520108 1424.847667
981.332105 31.321101
815.155486 374.461737
1563.959656 564.455284
807.549416 204.400519
482.514854 297.169096
1838.605174 1522.325402
979.645973 1884.376148
677.443345 128.936973
971.358970 1675.592113
1189.296924 1853.684503
