0.790712 3.921068
0.645571 3.947561
3.880878 -0.968909
0.041523 3.999784
-1.070458 3.854104
3.103517 2.523526
0.389045 3.981036
-2.547748 3.083663
3.919019 -0.800805
2.607525 3.033284
1.017304 3.868474
3.835338 1.135862
0.937772 3.888519
-0.611698 3.952951
-3.617122 1.707755
3.993177 0.233533
-3.658668 1.616832
0.665465 -3.944256
3.902719 -0.876803
1.432166 3.734823
-2.772130 -2.883625
-2.446039 3.164947
2.973765 2.675205
2.874057 2.782049
1.172621 3.824259
2.698603 2.952548
-1.104894 3.844374
1.633180 3.651400
-0.470675 3.972212
-0.397889 3.980161
-2.296514 -2.880612
-1.909080 3.515027
-2.526611 3.101006
-3.862114 -1.041189
3.657980 1.618389
-0.541802 -3.963136
2.627505 3.015994
-3.070273 2.563869
-1.603086 -3.664712
3.901700 0.881328
-1.796877 3.573686
-2.569490 3.065571
-1.527151 -3.697000
-2.454091 -3.158708
-2.755876 2.899163
-2.997043 2.649101
1.577247 3.675907
2.013471 3.456289
3.978942 0.409907
-2.128575 3.386616
0.438900 3.975848
-1.609684 3.661819
-1.787729 -3.578271
3.707181 1.502267
3.317262 2.235122
2.750440 2.904321
3.743245 1.410007
3.836379 -1.132341
-1.542413 -0.643367
3.178431 2.428493
2.928937 -2.724211
-3.728506 1.448532
-2.899701 2.755310
1.246869 3.800699
3.948137 0.642042
-3.684759 -1.556455
-3.457054 2.012158
1.326328 0.170586
2.244455 3.310955
0.738697 3.931199
3.843660 -1.107373
2.224526 3.324378
-2.691041 2.959442
-3.914836 0.821009
-2.895241 2.759996
-2.174794 -3.357122
2.668120 2.980123
3.838227 1.126060
3.982151 -0.377458
3.665767 1.600672
-0.540342 -3.963336
-3.172748 -1.064972
1.764562 3.589752
-3.973495 -0.459719
-2.806870 2.849821
-3.673526 -1.582784
-3.834234 1.139582
3.925151 0.770189
3.393466 2.117637
3.992612 0.242994
-1.001578 3.872575
-3.304009 2.254667
2.511294 3.113423
0.516540 3.966508
2.459253 3.154691
-1.465038 3.722051
0.170059 3.996383
-3.944270 0.665383
0.004781 3.999997
3.091129 2.538685
1.374007 -3.756608
-3.676373 -1.576161
-3.040330 2.599307
-2.868364 2.787919
2.911851 2.742467
-3.999482 -0.064362
2.015163 -3.455303
-3.417588 -2.078482
-3.867961 1.019253
-0.232036 -3.993264
2.069973 -3.422749
-0.728718 -3.933061
-2.329873 -3.251414
-2.257575 3.302023
-3.903795 -0.872001
-1.197557 3.816524
0.090958 -3.998966
-2.687524 2.962637
-1.741295 -3.601096
1.206615 3.813670
-3.983397 -0.364076
2.888787 -2.766751
-2.909765 -2.744680
3.358931 -2.172000
-3.667959 -1.595643
-3.048858 -2.589298
3.223461 2.368396
1.738349 -3.602519
0.778944 -3.673052
-1.841275 3.551015
3.952492 -0.614662
-3.632797 1.674153
0.032799 -3.999866
-3.976733 0.430804
-0.556709 3.961070
-3.908184 0.852113
-3.477180 -1.977174
-1.350225 3.765221
3.128178 -2.492890
-2.871012 -2.785191
-2.428119 -3.178716
1.348401 3.765875
-3.232471 2.356084
0.403887 3.979557
-1.482623 -3.715081
0.663952 3.944511
-2.665773 -2.982223
-3.280610 -2.288579
1.903125 3.518255
0.315752 -3.987518
-2.452930 3.159610
-3.814663 1.203472
3.741756 -1.413954
2.047798 3.436062
-3.898979 0.893286
3.139709 -2.478352
-3.959605 -0.567031
3.987890 0.311023
0.628001 3.950394
-3.973185 -0.462389
-2.644293 -3.001285
-2.693826 -2.956908
-3.660868 1.611846
-3.881288 -0.967266
-1.688871 -3.625978
-1.655091 3.641521
1.406819 3.744444
-0.297270 -3.988939
-3.981048 -0.388917
2.118214 3.393106
-3.684473 -1.557131
-2.398072 3.201445
-0.210037 -3.994482
-3.382076 2.135781
-3.726219 1.454406
-2.403474 -3.197392
-2.496937 -3.124949
-3.373922 2.148638
0.247693 -3.992324
2.772503 -2.883267
-3.147046 2.469029
0.931544 -3.890016
-2.124594 3.389115
-3.962608 -0.545655
-3.715750 -1.480947
-3.061571 2.574254
-2.957605 -2.693060
-2.024085 -3.450084
0.362786 -3.983514
1.429988 3.735657
0.026754 3.999911
-0.075197 -3.999293
-3.481862 1.968918
-3.913786 -0.826002
-2.906897 -2.747717
1.622841 -3.656007
-2.616225 3.025783
0.498333 3.968837
-3.805709 -1.231495
-2.807619 -2.849084
-3.982083 -0.378173
-0.088027 -3.028392
3.744595 1.406417
-3.138323 -2.480107
-3.951399 0.621646
-3.985144 -0.344419
-3.986976 -0.322519
-3.038170 -2.601831
-2.027700 3.447961
3.976824 -0.429962
-2.250469 -3.306870
-0.674078 3.942793
-3.585908 -1.772362
0.504311 -3.968081
-3.571439 1.801339
3.917496 0.808222
-3.902072 -0.879678
-2.627292 3.016179
-3.473637 1.983392
3.907087 0.857128
-3.908539 -0.850482
-3.684766 1.556438
0.758730 -3.927382
-0.395514 3.980398
-1.169978 -3.825069
0.185761 3.995684
-3.383799 2.133050
-2.335977 3.247031
-1.186869 3.819862
3.972798 -0.465702
-3.139074 -2.479156
-3.063710 2.571707
2.697990 -2.953108
-1.860983 -3.540726
-3.313686 -2.240421
-2.154331 -2.651235
2.649593 2.996608
-2.683338 -2.966428
1.825796 3.558998
-2.802856 -2.853769
-2.981812 -2.666232
1.244905 3.801343
1.696380 -3.622471
2.549581 3.082148
-3.209950 2.386675
3.073637 2.559834
1.010106 3.870360
-1.252319 -3.798907
-3.873611 0.997565
2.693475 -2.957227
2.516591 3.109143
-2.171025 -3.359561
-2.524010 -3.103123
-2.761609 2.893703
2.270803 3.292940
3.825775 1.167668
-1.412564 3.742280
-1.671335 3.634094
-2.012196 3.457032
3.773498 1.326918
0.878067 3.902435
-1.212930 -3.811666
-3.997337 -0.145938
0.984313 -3.877000
-0.556188 -3.961143
-3.397021 -2.111929
2.465747 3.149617
1.556081 3.684917
-3.362721 -2.166127
0.064738 3.999476
-3.999972 0.014988
-2.562769 3.071191
-0.179476 3.995972
-3.979261 0.406797
1.895230 3.522514
-3.981610 -0.383124
1.086054 3.849738
0.869121 -3.904437
-1.911750 -3.513575
-1.218125 3.810009
1.655115 3.641510
3.082877 2.548699
-3.894143 0.914139
0.505522 3.967927
3.255960 2.323516
-3.973537 -0.459350
-3.035336 2.605136
-3.419017 -2.076131
-0.656900 3.945692
2.399580 3.200315
-3.991819 -0.255700
3.806254 -1.229808
-1.826517 3.558628
-3.992492 0.244962
-3.254633 2.325374
0.533615 -3.964247
0.583549 3.957205
-1.077434 0.029523
3.939276 0.694336
0.528723 -3.964903
2.456531 3.156811
1.542587 -3.690586
-3.372852 -2.150318
1.134471 -3.835750
3.689426 1.545360
-2.788903 2.867406
3.507223 -1.923379
-3.976005 0.437471
-2.845245 2.811509
1.593591 -3.668851
3.957388 -0.582308
-2.126529 3.387901
-3.862591 -1.039419
-3.861458 1.043621
-1.295800 -3.784297
-1.677731 3.631146
-3.723500 1.461352
-1.235506 -3.804409
-1.034725 -3.863851
-2.588655 3.049404
-3.996137 0.175759
-1.410772 -3.742956
-3.923920 0.776435
3.218938 -2.374539
-1.962048 3.485738
-1.893507 3.523440
1.882523 -3.529321
1.499464 3.708316
-3.323650 -2.225612
3.722001 -1.465165
1.317784 -3.776698
0.443195 -3.975371
3.366953 -2.159544
-2.470855 3.145612
-2.060796 -3.428283
-0.504078 3.968111
-2.918829 -2.735039
1.919030 -3.509605
2.460223 -3.153935
-1.037298 3.131480
-3.398813 -2.109045
2.175515 3.356655
-3.906449 -0.860031
0.421246 -3.977757
3.779908 1.308548
3.956699 -0.586970
-1.876291 3.532638
-3.238456 -2.347850
-3.582397 1.779447
-3.687908 1.548978
-3.999572 -0.058511
-3.981696 0.382229
-3.036481 2.603802
3.359081 -2.171767
2.601358 3.038575
-3.818078 1.192594
-1.142990 3.833220
0.589019 3.956394
-0.876234 3.902847
1.781497 -3.581378
-3.224282 -2.367279
-3.633364 -1.672922
3.253105 -2.327512
0.872423 -3.903701
-1.546415 -3.688984
3.924652 0.772726
-3.998784 0.098608
1.953347 -3.490621
-3.535171 -1.871514
-0.510601 -3.967277
1.970940 3.480718
1.668553 3.635372
-3.671501 1.587475
1.279196 -3.789942
-3.992904 -0.238158
0.921831 2.975652
-0.320788 3.987116
1.652264 -3.642804
-1.644651 -3.646248
-3.738385 -1.422843
-3.328433 2.218453
3.946049 0.654749
3.868075 0.414181
-2.052190 3.433441
-3.054332 2.582839
-3.934069 0.723255
1.416035 3.740969
-3.999424 -0.067898
-3.943329 -0.670935
2.553764 3.078683
0.110757 3.998466
-2.489411 -3.130948
3.541325 -1.859843
-2.009081 -3.458843
2.219476 -3.327751
1.294700 3.784673
-0.727148 3.933352
3.232835 -2.355585
0.042053 3.999779
-3.952872 -0.612211
