0.773344 3.924530
0.819131 3.915230
3.744211 -1.407438
0.305513 3.988316
0.116338 3.998308
2.985571 2.662023
1.025337 3.866353
-2.463030 3.151743
3.453627 -2.018034
3.083927 2.547429
0.350789 3.984589
3.933554 0.726051
-0.361919 3.983593
-0.284500 3.989870
-3.628678 1.683062
3.999175 -0.081225
-3.669272 1.592622
0.674650 -3.942695
3.670612 -1.589531
1.707404 3.617288
-2.216490 -3.329741
-3.333567 2.210731
2.015212 3.455274
2.964566 2.685395
-0.118877 3.998233
2.698603 2.952548
0.189476 3.995510
2.273439 3.291121
0.701964 3.937924
-0.657352 3.945616
-2.296514 -2.880612
-1.766341 3.588877
-2.793422 2.863004
-3.322473 -2.227369
3.682756 1.561189
-0.541802 -3.963136
3.176704 2.430751
-2.791737 2.864647
-1.594535 -3.668441
3.957183 0.583696
-2.026760 3.448513
-2.292132 3.278129
-1.825706 -3.559045
-2.454091 -3.158708
-2.485496 3.134057
-2.638383 3.006483
2.675124 2.973838
2.640485 3.004636
3.899540 -0.890836
-2.159916 3.366714
-0.125733 3.998023
-0.847177 3.909257
-1.736179 -3.603565
3.895771 0.907174
3.076030 2.556959
2.984927 2.662745
3.850476 1.083438
3.699534 -1.521003
-1.542413 -0.643367
2.844407 2.812356
2.928937 -2.724211
-3.996250 0.173169
-2.899701 2.755310
-0.040997 3.999790
3.944987 -0.661118
-3.434759 -2.049982
-3.497716 1.940614
1.326328 0.170586
1.061070 3.856699
-0.305679 3.988303
3.693652 -1.535232
2.575066 3.060888
-2.691041 2.959442
-3.896334 0.904756
-2.632835 3.011342
-2.290118 -3.279537
3.484453 1.964329
3.980011 0.399393
3.649489 -1.637447
3.651551 1.632842
-0.559336 -3.960700
-3.172748 -1.064972
1.449954 3.727953
-3.614850 -1.712559
-2.655230 2.991614
-3.673526 -1.582784
-3.929707 0.746595
3.964413 -0.532383
3.585320 1.773550
3.998443 0.111590
-2.193223 3.345112
-3.247014 2.336001
2.709545 2.942510
-0.086245 3.999070
3.342783 2.196771
-1.465038 3.722051
0.762902 3.926574
-3.988683 -0.300685
0.034474 3.999851
3.199893 2.400142
1.560912 -3.682873
-3.717332 -1.476971
-2.043460 3.438644
-2.717096 2.935539
1.875782 3.532908
-3.999482 -0.064362
2.245069 -3.310539
-2.568111 -3.066725
-3.926342 0.764093
-0.068930 -3.999406
0.859913 -3.906475
-0.728718 -3.933061
-1.408957 -3.743640
-1.076365 3.852459
-3.823511 -1.175058
0.092779 3.998924
0.950711 -3.885376
-1.592589 3.669286
-2.229043 -3.321351
1.766871 3.588616
-3.964299 -0.533226
3.304891 -2.253375
-3.021907 -2.620702
3.322837 -2.226827
-3.571310 -1.801595
-2.734562 -2.919276
2.291096 3.278853
2.804086 -2.852560
0.778944 -3.673052
-1.858390 3.542088
3.940310 0.688444
-3.650376 1.635468
0.497873 -3.968894
-3.979355 -0.405876
-0.613082 3.952737
-3.908184 0.852113
-3.016037 -2.627455
-0.518223 3.476618
3.763479 -1.355073
-2.692420 -2.958188
-2.373968 -3.219360
1.712486 3.614885
-3.085965 2.544959
0.384633 3.981464
-1.322902 -3.774908
0.144475 3.997390
-2.960069 -2.690351
-2.968102 -2.681487
2.933032 2.719802
1.145911 -3.832348
-2.948142 2.703417
-3.999063 -0.086580
3.939259 -0.694436
2.554795 3.077828
-3.832208 1.146379
2.176445 -3.356053
-3.921856 -0.786793
3.676278 1.576382
1.494176 3.710450
-3.613698 -1.714989
-2.807095 -2.849600
-3.224679 -2.366737
-3.976358 0.434258
-3.691354 -1.540748
-1.077102 -3.852253
-1.889714 3.525476
2.535771 3.093520
0.350803 -3.984587
-3.999403 -0.069124
0.915123 3.893912
-3.724591 -1.458569
-2.573753 3.061992
-0.580451 -3.957660
-3.266242 2.309039
-3.713340 1.486980
-1.248154 -3.800278
-2.637189 -3.007530
-3.432870 2.053145
0.424742 -3.977385
1.698570 -3.621444
-2.891556 2.763856
1.381974 -3.753685
-3.101238 2.526327
-3.927708 0.757042
-3.768231 -1.341803
-2.429382 3.177752
-3.313532 -2.240648
-0.807674 -3.917609
1.623992 -3.655496
1.576307 3.676310
0.026754 3.999911
-1.356737 -3.762880
-3.697326 1.526363
-3.844386 -1.104852
-2.576955 -3.059297
1.858481 -3.542040
-1.504776 3.706164
0.347886 3.984843
-3.743178 -1.410185
-2.643583 -3.001911
-3.982684 -0.371795
-0.088027 -3.028392
3.716833 1.478226
-2.174568 -3.357269
-3.541878 1.858791
-3.884363 0.954842
-3.985826 0.336442
-2.040603 -3.440340
-2.194996 3.343949
3.978559 -0.413607
-1.207552 -3.813374
0.108075 3.998540
-3.585908 -1.772362
1.659480 -3.639523
-3.960925 0.557740
3.969390 -0.493908
-3.574486 -1.795286
-1.782625 3.580817
-3.326129 2.221906
3.954781 0.599758
-3.427735 -2.061706
-3.770437 1.335591
1.329412 -3.772620
-0.137311 3.997643
-2.337415 -3.245996
0.108021 3.998541
-3.747516 1.398614
-2.389507 3.207843
-1.071223 3.853892
3.987315 0.318301
-3.660520 -1.612635
-3.506557 1.924593
3.222272 -2.370013
-0.624092 -3.951014
-2.519099 -3.107111
-2.154331 -2.651235
3.472207 1.985895
-1.587407 -3.671531
0.705044 3.937374
-2.647191 -2.998730
-2.848428 -2.808284
2.400740 3.199445
1.696380 -3.622471
1.553715 3.685915
-3.806770 1.228210
2.960174 2.690236
2.200586 3.340273
-1.048337 -3.860180
-3.796630 1.259207
3.501102 -1.934499
3.382437 2.135209
-0.975914 -3.879123
-2.680867 -2.968661
-2.761609 2.893703
2.231084 3.319980
3.998076 -0.124055
-0.134683 3.997732
-2.750778 2.904000
-2.072043 3.421497
3.999763 0.043547
0.701063 3.938085
-0.985806 -3.876620
-3.997635 0.137528
2.178297 -3.354851
-0.526031 -3.965261
-2.537884 -3.091786
2.502854 3.120212
0.807290 3.917688
-2.487983 -3.132082
-1.224287 3.808034
-3.881364 -0.966959
-2.929905 2.723170
-0.302279 3.988562
-3.996922 -0.156903
2.186526 3.349493
-3.999310 0.074277
1.654611 3.641739
0.064807 -3.999475
-1.448652 -3.728459
-0.131274 3.997845
1.655115 3.641510
3.082877 2.548699
-3.640978 1.656284
0.505522 3.967927
3.097023 2.531491
-3.973537 -0.459350
-3.045462 2.593292
-3.904921 -0.866944
-1.890339 3.525141
1.957580 3.488249
-3.862166 1.040998
3.208948 -2.388023
-0.585701 3.956887
-3.961968 -0.550281
-3.137203 2.481523
1.779561 -3.582340
1.015534 3.868939
-1.077434 0.029523
3.507032 1.923727
1.775140 -3.584533
1.311439 3.778906
1.178212 -3.822541
-3.373540 -2.149239
1.033816 -3.864094
2.996889 2.649275
-1.719199 3.611697
3.892743 -0.920082
-3.778477 1.312673
-3.597978 1.747729
1.900076 -3.519902
3.996981 0.155384
-2.035988 3.443073
-3.991714 0.257332
-3.991803 0.255939
-0.010610 -3.999986
-1.677731 3.631146
-3.674882 1.579634
-1.047111 -3.860513
0.262182 -3.991398
-2.619161 3.023242
-3.979682 0.402655
-0.132769 -3.997796
-3.782664 1.300559
3.121956 -2.500678
-0.737469 3.931430
-2.236464 3.316358
1.928563 -3.504375
1.615791 3.659128
-3.323650 -2.225612
3.815860 -1.199672
0.880064 -3.901985
0.343389 -3.985233
3.218503 -2.375129
-2.262044 3.298963
-1.703308 -3.619218
-0.372806 3.982589
-2.918829 -2.735039
2.945312 -2.706499
2.455769 -3.157404
-1.037298 3.131480
-2.540508 -3.089631
2.806041 2.850638
-3.983957 -0.357894
-0.879718 -3.902063
3.448676 2.026484
3.891963 -0.923377
-0.641188 3.948275
-2.537214 -3.092337
-2.820295 2.836535
-3.462831 2.002199
-3.768508 -1.341026
-3.647524 1.641819
-2.174237 3.357483
3.366390 -2.160421
1.877189 3.532161
-3.763029 1.356325
-0.548563 3.962206
0.600806 3.954622
-0.751651 3.928743
1.669731 -3.634831
-2.292233 -3.278059
-3.845994 -1.099241
3.789037 -1.281874
0.872423 -3.903701
-0.278562 -3.990289
3.936664 0.708995
-3.974400 0.451825
1.830121 -3.556776
-2.804318 -2.852332
-0.539565 -3.963442
1.549021 3.687890
2.372098 3.220738
-3.417272 2.079003
1.318181 -3.776559
-3.857554 1.057958
0.921831 2.975652
-0.566279 3.959713
0.411051 -3.978824
-1.645817 -3.645722
-3.615507 -1.711173
-3.466400 1.996013
3.886455 0.946290
3.868075 0.414181
-2.052190 3.433441
-2.878867 2.777072
-3.492806 1.949437
0.644884 3.947673
-3.944021 0.666856
-3.949722 0.632213
3.407846 2.094418
0.110757 3.998466
-2.051157 -3.434058
3.547239 -1.848539
-2.455645 -3.157500
2.150793 -3.372550
2.442534 3.167654
-1.021723 3.867310
3.008229 -2.636391
0.163705 3.996649
-3.757884 -1.370514
