-3.143697
-2.892429
-2.921973
-3.142879
3.179878
2.861841
2.919567
2.738620
2.911389
2.839984
3.040569
2.973760
2.819858
3.022844
2.939975
2.929766
3.001773
2.826903
2.920055
2.865279
3.025900
3.066886
2.935826
3.025987
2.912508
3.032546
2.947375
2.875298
-2.627276
-2.658372
-0.172374
-0.374481
-0.312331
0.009738
-0.079633
-0.060184
-0.099234
-0.351100
-0.228643
0.073770
-0.783477
-0.584585
-0.695982
0.203987
-0.409313
0.029528
-0.802167
0.104501
-0.128080
-0.188056
-0.038760
-0.370899
-0.342592
-0.048682
-0.343230
-0.988010
0.028065
0.056735
-0.141133
-0.545935
0.685591
0.662614
0.668104
0.693223
0.765706
0.652637
0.682984
0.685591
0.756299
0.465030
0.713013
0.685591
0.685591
0.688984
0.701965
0.703965
0.627219
0.529140
0.685591
0.680442
0.605292
0.738382
0.659772
0.619960
0.738482
0.685591
0.636163
0.822951
0.685591
0.654967
-1.485119
-1.126759
-1.430967
-1.228046
-1.205409
-0.538736
-1.414331
-1.072088
-0.838168
0.213136
-1.227246
-0.700410
-1.258172
-1.514659
-0.983194
-1.394707
-0.686972
-0.762816
-0.241459
-1.508689
-1.303453
-0.552656
-0.601655
-0.932628
-1.030380
-0.530579
-0.621091
-1.446533
-0.923271
-0.693634
