2.666603
-2.162740
-0.299478
2.864066
-2.043386
2.824241
-0.189118
-2.027123
2.756482
-0.193811
-1.978391
-0.374105
2.710322
-2.149374
-0.307125
-1.937842
-0.356869
-1.949489
-0.179983
2.538273
-0.151311
-0.156856
2.332006
-1.714685
-2.087236
0.014000
-0.315787
2.693510
-1.802374
2.808105
1.485448
-2.000055
1.493774
-0.685035
1.339493
2.326087
1.187750
3.092416
3.074736
-1.366852
-0.233044
-3.131906
3.036810
2.447299
2.471022
1.571611
-0.438948
1.310793
-2.850774
3.117762
2.603757
-3.075569
-2.290747
-2.350076
-2.609614
-3.100393
-1.403432
-1.374399
1.517300
2.557360
-0.128816
-0.115748
1.854418
-0.109569
-0.257513
0.006620
-0.161367
0.685591
-0.397646
-2.157670
-0.396504
2.002003
1.966589
-0.065826
0.025010
-0.009589
-0.028229
-0.085904
0.671378
1.857616
-0.145863
-0.374405
-0.399553
0.044107
-0.254546
0.682094
-0.010175
0.048319
1.860452
-0.242666
-2.602419
2.147133
2.554356
-1.994898
-1.891619
1.432536
1.687609
2.156337
0.184552
2.815939
0.245388
2.544894
1.814231
-1.641813
1.772000
-1.568196
-2.064325
1.914039
2.076287
2.568747
-2.457943
2.301915
-1.689546
1.994660
-1.852847
2.056647
-1.648536
-2.529522
0.115256
0.725566
