-2.653800
-1.962403
-2.410050
-2.823166
-2.615246
-1.576576
-2.900340
2.862878
-2.533501
-2.426145
-2.501763
2.961049
-3.193612
-2.518180
-2.216523
3.079200
-2.772741
-2.623109
-2.371707
-2.440347
-2.793133
-2.685183
-2.721588
-2.496267
-2.879077
-1.689438
-2.703644
-1.689438
-2.478407
-2.731573
1.254676
1.045275
1.341071
1.609830
1.467598
2.095908
1.897962
1.597876
0.955982
1.802011
2.127377
1.213658
1.067977
2.199110
1.842434
1.185763
2.132847
1.728109
1.027541
1.573380
1.467701
0.618999
1.837643
1.735723
1.885835
0.965299
1.778596
1.817538
1.711842
1.806091
0.682817
1.305173
0.739510
1.650800
0.909094
1.113701
1.666177
0.685591
0.695102
0.338026
0.572794
0.685551
0.685451
0.595111
1.768523
1.243861
1.473886
1.174649
0.685546
0.736200
1.739502
1.276321
0.549517
1.275440
0.566515
0.685592
2.002942
1.159362
0.685364
1.302246
3.091718
-2.698251
-2.650565
-2.488963
-2.544226
-2.161680
-2.626383
-2.744190
-2.975166
-2.943648
-3.024397
-2.489985
-2.555880
-2.519857
-2.874319
-2.415435
-2.547806
-2.826939
-2.852408
-2.771285
3.116592
-1.845588
-2.710533
-2.588134
-2.264362
-2.482156
-2.966542
-2.738884
-2.914712
-2.847261
