3.052124
2.932607
2.747371
3.034499
2.921959
2.939956
2.883022
2.907722
2.980487
2.837776
2.964652
2.861421
2.943564
3.044398
2.790601
2.929766
2.918516
3.129579
2.989008
2.940868
2.933572
2.946610
2.893455
3.021606
2.844572
2.940780
3.138008
3.040324
3.014008
2.907937
0.547574
0.311570
-0.217642
-0.314315
0.111448
-0.014367
-0.164684
0.168775
0.519434
-0.066475
0.803536
-0.349488
0.267114
0.128320
0.597440
0.503542
0.052144
-0.066463
-0.355105
0.202397
0.351780
0.402198
0.701691
-0.265731
0.376718
0.404237
-0.043458
-0.032089
0.622806
0.566712
0.685591
0.568203
0.673906
0.607770
0.744242
0.660527
0.683248
0.685591
0.669014
0.635128
0.600133
0.685591
0.685591
0.697269
0.694872
0.682333
0.748500
0.603237
0.685591
0.687098
0.674086
0.782405
0.714217
0.623074
0.695374
0.685591
0.680956
0.682015
0.685591
0.754626
-1.419670
-0.752734
-1.086274
-1.198715
-1.571756
-1.227353
-1.634397
-1.339115
-1.743011
-1.397693
-1.161796
-1.317716
-1.190515
-1.450061
-1.417143
-1.152459
-1.825162
-1.381175
-1.086439
-0.855906
-1.420625
-1.279450
-1.451513
-1.108020
-1.465965
-1.214674
-1.780708
-1.638948
-1.345137
-1.428805
