-3.056435
-2.951409
-2.475500
-2.422098
-2.811595
-1.576576
-2.815411
-2.569460
-3.042752
-2.932419
2.912010
-2.899103
-2.211864
-2.976329
-2.986639
-2.614198
2.921396
-2.829548
-2.896516
-2.636697
-2.858583
-2.619733
-2.917937
-2.954416
-2.712456
-1.689438
-2.645221
-1.689438
-2.805656
-2.779988
1.843725
1.110725
1.829262
2.011303
0.878550
1.585867
1.928902
1.333290
1.390376
1.778154
2.290944
0.541952
1.526126
1.911764
1.776984
1.157647
1.543799
1.869162
1.067314
1.086319
1.828935
1.266917
1.614819
1.947331
1.820386
0.768949
1.772622
1.785413
1.873988
2.002440
0.684106
1.316282
0.686283
1.323550
2.021741
1.113701
1.529161
0.685591
0.731242
0.927075
0.657334
0.685570
0.685517
0.660561
1.452526
1.724143
1.539336
1.153852
0.685566
0.675168
0.905063
1.079971
0.539151
1.313284
0.641881
0.685592
1.332196
1.617511
0.685467
1.341121
3.091718
-2.763701
-2.512242
-2.401812
-2.609676
-2.698420
-2.430033
-2.546866
-1.732799
-2.943648
-1.960815
-2.613910
-2.796898
-2.600240
-1.953356
-2.611785
-2.663908
-2.630589
-2.319846
-2.599333
-2.970244
-2.588498
-2.504806
-1.999086
-2.068013
-2.738253
-2.115694
-2.832196
-1.967304
-2.196821
