-2.820348
-2.594281
-2.224507
-2.180933
-1.353095
-2.814354
-3.036000
-1.353892
-2.055438
-2.249862
-0.904348
-2.111381
-2.614183
-0.945677
-2.515365
-1.348793
-2.638938
-1.274304
-1.881046
-2.195092
-2.728544
-2.545471
-2.625979
-2.429608
-1.115432
-2.996303
-2.512773
-2.583189
-2.108635
-3.039746
0.539441
2.385085
0.890150
2.185173
1.040656
2.123717
2.056581
0.940220
0.996744
1.680065
-1.975443
1.018420
0.920487
-1.891818
1.890861
1.044992
-1.902236
2.053518
0.774282
1.199819
1.965716
0.838974
-2.520208
-2.677325
-2.282365
0.679480
1.893653
1.711294
2.013894
-1.838027
0.950654
0.707699
0.792445
1.210904
1.274539
1.113701
1.269133
0.685591
0.917164
-2.157670
1.105542
0.829054
1.189556
0.769860
1.131394
0.986784
0.662543
1.422694
0.421776
0.975831
1.424343
1.158768
1.278354
1.217520
0.759433
0.185046
0.617987
1.118488
1.201728
1.247000
3.091718
1.823651
1.859287
3.068858
-2.927126
2.023726
2.085269
1.784376
2.678982
2.815939
2.539815
1.999245
2.063681
-3.008839
2.133835
-3.042672
-3.087798
1.834778
1.872679
1.750010
-2.976963
1.861627
-3.050457
1.838645
3.086276
1.874677
-3.055274
-3.024505
2.337793
-2.920625
