2.938616
-3.204837
2.830462
3.018960
-3.134309
2.874791
2.810295
2.835849
2.951504
2.906318
2.894360
2.847359
2.939662
3.044398
3.081685
2.929766
2.961524
2.798924
2.927098
2.927750
2.788017
2.932943
2.963028
2.952082
2.916258
3.084154
2.916678
3.011352
3.156058
-3.134501
0.940273
0.622411
0.750763
0.698983
0.665564
-0.145266
-0.033784
0.430575
0.694316
-0.152136
0.541755
0.828610
0.598989
0.001207
0.330760
1.105524
0.706642
-0.136313
-0.235967
0.482091
0.586402
1.250641
0.341204
0.595277
0.776002
0.666036
-0.043458
-0.111737
0.953415
0.702387
0.685591
0.695819
0.739222
0.685264
0.738885
0.657906
0.661135
0.685591
0.676137
0.568490
0.670614
0.685591
0.685591
0.631945
0.689369
0.676356
0.744468
0.711350
0.685591
0.685583
0.726009
0.782405
0.723107
0.561629
0.774873
0.685591
0.621074
0.658982
0.685591
0.708719
-1.391018
-1.145433
-1.217173
-1.557868
-1.179057
-1.750952
-0.821576
-1.920186
-1.711871
-1.674988
-1.402651
-1.897437
-1.321415
-1.274711
-1.194711
-1.531486
-1.526426
-1.381175
-1.160827
-1.370014
-1.322464
-0.990217
-1.844213
-0.884109
-1.667993
-1.083774
-1.518909
-1.430733
-1.476037
-1.652450
