-1.274879
2.476173
2.370533
-2.917732
1.693833
-2.406950
2.339781
-1.127413
-0.823557
-1.001205
2.725842
-2.207776
-1.598108
1.882087
-1.100153
2.213146
-2.257604
-2.762452
2.558715
1.993034
-0.712229
-3.017890
2.599220
0.213004
2.041013
-1.830733
0.273261
-0.372631
-0.972419
-0.085049
1.900947
1.337888
1.683547
-0.685035
1.090035
2.142726
0.083745
2.708280
2.623715
-1.069460
-0.210457
1.353062
0.610047
2.447299
-2.980583
-3.057720
-1.154110
2.992812
-1.226371
-2.606057
1.571748
0.354975
-2.331645
-0.067874
0.240039
2.664384
1.799831
-1.823199
1.869169
-2.482278
-0.128816
0.395998
0.548859
-2.294351
1.179591
-0.255179
0.082995
-0.026208
-0.659445
-1.273894
0.408290
2.721951
0.733078
0.019258
-2.055283
1.524919
-1.994430
-2.352867
-2.209495
1.103971
-1.859674
-1.121146
-1.106513
1.163105
-1.507842
0.533966
-2.651699
-1.851149
1.910848
-2.235832
-0.105154
-2.579514
-1.390130
1.944248
-3.046739
-2.690515
-2.264915
2.480207
-0.917612
-1.577294
0.548342
-2.457032
-2.595991
-2.861279
0.764709
1.844770
2.683982
-1.695053
2.928508
-3.012828
2.145530
1.233562
3.026027
3.091799
-2.090393
-1.683993
2.485534
-2.485692
1.705858
0.921916
