-2.371843
-2.556638
-2.647476
-2.469727
-2.404482
-1.529590
-2.347570
-2.964089
-2.427544
-2.572057
-2.400258
-3.092802
-2.392207
-2.272867
-2.686200
3.013063
-1.668652
-2.178525
-2.418429
-2.380684
-2.512495
-2.161662
-2.665630
-2.608554
-2.314326
-1.623399
-2.541529
-1.689438
-3.033037
-3.022452
0.839753
0.606266
0.890474
2.096491
0.877517
2.129806
2.080409
0.701423
-0.066088
2.063092
-2.678666
0.790399
0.780042
-2.606898
2.084510
0.242783
-2.620788
2.079046
0.682338
0.466039
1.983400
0.749836
-2.732224
-3.007724
-2.432399
1.018465
2.060944
2.063549
2.076794
-2.741215
0.930152
1.172379
0.501583
1.280861
1.859890
1.113701
1.817612
0.685591
0.608948
0.753189
0.765275
0.679643
0.663286
0.869615
1.734994
1.777719
1.612156
1.478577
0.680571
0.842051
1.606392
1.374628
0.657466
1.354841
0.508949
0.685755
1.418340
0.973238
0.653615
1.841470
3.091718
-1.864681
-2.168559
-2.054235
-2.004599
-2.125836
-2.085958
-1.917143
-2.483067
2.815939
-1.940444
-2.188172
-2.129763
-1.885531
-2.196994
-2.122730
-2.006360
-1.837776
-1.882736
-1.569680
-1.899757
-2.086921
-1.872606
-2.271766
-2.077497
-2.424049
-1.772998
-2.318777
-2.080319
-2.571868
