-1.969500
-2.331135
-2.445161
-2.501301
-1.287645
-2.135235
-1.923353
-1.157543
-1.926788
-2.085461
-1.362702
-2.958641
-2.696635
-0.992059
-2.188116
-1.152444
-2.311689
-1.077955
-2.720431
-2.915040
-2.270395
-2.480021
-2.691429
-2.233258
-1.442682
-2.538154
-2.087620
-2.648639
-2.110423
-2.072043
1.423447
2.974134
0.832045
1.988823
0.750165
2.189167
2.059415
1.140031
0.977887
2.694162
-1.909993
0.981573
0.724138
-1.887345
2.087210
1.166360
-1.902236
2.055439
1.342116
1.265269
1.900266
0.773524
-2.522224
-2.350076
-2.609614
0.744930
2.429064
2.200370
1.990932
-1.903476
1.147004
0.637071
0.596096
1.145454
1.470888
1.113701
1.334583
0.685591
1.113514
-2.157670
0.909193
0.975823
1.308464
0.842565
1.200910
0.699694
0.637568
1.488144
0.401252
0.910381
0.960924
1.110921
1.082004
1.246294
0.955782
0.233526
0.622438
1.314837
1.326478
1.181551
3.091718
1.747674
1.476782
3.100420
-2.999000
1.827377
1.904880
1.879472
1.786825
2.815939
1.788077
1.802896
1.848634
-2.954746
1.722689
3.175346
3.129938
1.638429
2.031899
1.815460
3.036873
1.716562
3.036378
1.719290
3.020826
1.755550
-3.139416
3.045300
1.791156
-3.008574
