-2.427649
-2.527484
-1.987012
-2.500690
-1.192538
-1.938885
-2.250602
-1.157543
-2.384937
-2.472761
-1.512725
-2.828469
-2.238486
-1.244892
-2.646264
-1.217894
-2.377138
-1.223085
-2.262282
-2.718691
-2.335845
-2.938170
-2.233280
-1.775110
-1.508132
-2.080005
-2.333559
-2.452290
-2.314584
-2.006593
0.965298
-2.850903
0.877568
2.185173
0.753309
1.992817
2.060754
0.681882
1.043337
3.075106
-1.975443
0.937557
0.658688
-1.885121
1.890861
0.839111
-1.902236
2.056343
1.014867
0.807120
2.096616
1.231673
-2.507943
-2.677325
-2.282365
1.072179
2.557803
2.331778
1.998046
-1.838084
0.688855
0.633609
1.054245
1.472703
1.274539
1.113701
1.269133
0.685591
1.048064
-2.157670
1.105542
1.216604
1.521599
0.777115
1.252185
0.744943
0.696176
1.291794
0.526224
0.975831
1.335168
1.433661
1.278354
1.274947
0.759433
0.554690
0.726776
1.380287
1.602824
1.377900
3.091718
1.707835
1.405734
-3.093472
-3.064449
1.631027
1.708531
2.141272
1.786825
2.815939
1.788390
1.737446
1.577056
-2.903656
1.919039
-3.042390
3.064488
1.703879
1.966449
2.011810
-3.049963
1.651112
-3.050457
1.672897
3.086276
1.711562
3.019680
3.147678
1.791838
3.078262
