-2.829992
-2.791213
-2.582026
-2.535177
-2.469932
-1.576576
-2.674819
-2.016507
-2.694210
-2.899306
-2.784735
-2.429264
-2.064958
-2.207417
-2.412842
-2.758962
-2.850928
-2.154063
-2.663435
-1.922535
-2.526907
-2.797625
-2.338381
-3.012483
-2.641575
-1.661931
-2.426791
-1.689438
-2.574888
-2.433403
0.642161
1.064415
0.497775
1.900141
1.073867
2.028977
2.072079
1.018343
0.992309
2.058525
-2.622473
0.986748
0.563208
-2.663256
2.280860
1.254298
-2.643265
2.071815
1.226604
0.854261
2.048850
1.142536
-2.778073
-2.507074
-2.982229
1.097422
2.056454
2.059518
2.065395
-2.627336
0.563947
1.630528
0.556125
1.684743
1.270841
1.113701
1.359463
0.685591
0.472370
0.696256
0.856289
0.681489
0.669941
0.721841
1.782288
1.319570
1.415806
0.998484
0.681929
0.960854
1.802741
1.520282
0.601154
1.725096
0.519715
0.685695
1.483789
1.693186
0.662409
1.532525
3.091718
-2.180705
-2.103110
-2.072631
-2.135150
-2.193139
-2.247530
-2.395640
-2.253130
2.815939
-2.354779
-2.202311
-2.362246
-1.959707
-2.000644
-2.117659
-1.940910
-1.772326
-1.686386
-1.976562
-2.227006
-2.021472
-1.979635
-1.730110
-1.619348
-2.713387
-1.969348
-1.860628
-2.145769
-2.509416
