-2.068067
-2.530483
-2.935817
-2.413847
-2.905310
2.913694
-2.649498
-2.552961
-2.504043
2.752687
3.148141
-3.023857
-3.049355
-2.023646
-2.857768
2.929766
-2.417936
-3.026612
2.832142
2.671485
-3.146400
-2.493030
-2.623204
2.843821
-2.586333
3.195865
3.024259
2.974242
-2.802944
-2.776766
0.699955
0.596711
0.455769
0.742881
0.750997
0.564856
0.729834
0.047437
0.148554
0.514214
0.470403
0.517442
0.310876
0.613181
0.354785
0.973910
0.795754
0.486945
0.993002
0.351552
-0.037424
0.179268
0.362076
0.473477
0.470817
0.591734
0.569113
0.538851
0.166657
0.989876
0.685591
0.535082
0.735494
0.753265
0.639072
0.891670
0.734259
0.685591
0.687738
0.694104
0.689620
0.685591
0.685591
0.635659
0.748831
0.631355
0.911081
0.832440
0.685591
0.688415
0.617106
0.742132
0.685890
0.678802
0.620450
0.685591
0.761467
0.653838
0.685591
0.715582
3.091718
-1.870706
-1.579977
-2.281847
-2.229530
-2.135967
-1.795748
-2.192525
-2.296418
-2.416553
-1.621268
-2.472968
-1.728874
-2.111191
-2.451750
-2.106234
-1.922813
-1.697871
-1.981298
-2.090324
-2.135774
-1.431975
-2.204846
-2.465596
-1.913468
-2.608114
-2.519866
-2.209288
-2.502497
-2.016903
