-3.054222
2.867158
3.099413
-3.011980
-2.972407
3.061058
2.813742
2.738620
2.845142
2.969077
2.909670
3.067440
2.893975
2.891944
3.011831
2.929766
-2.888713
2.696004
2.917472
2.996179
2.823430
3.008354
-2.954661
2.893764
-3.163353
2.901646
3.078275
3.059686
2.870511
-3.181971
-0.172374
-0.547700
-0.312331
-0.644761
-0.603231
-0.071725
0.031666
-0.874699
-0.883141
0.051411
0.001921
-0.322786
-0.303283
0.203987
-0.278414
-0.003974
-0.278568
-0.082586
-0.128080
-0.177683
-0.047553
-0.324879
-0.342592
0.344017
0.442168
-0.071712
0.158964
0.017329
-0.393336
-0.284136
0.685591
0.632453
0.800109
0.697799
0.759351
0.658925
0.667859
0.685591
0.666992
0.737264
0.654632
0.685591
0.685591
0.556939
0.701965
0.696429
0.627219
0.673536
0.685591
0.680796
0.680520
0.738382
0.712883
0.613854
0.673032
0.685591
0.747373
0.692052
0.685591
0.851385
-1.485119
-1.126759
-0.907368
-1.223110
-1.040335
-0.931435
-0.628933
-1.464787
-0.576369
-0.703162
-0.703647
-0.923604
-1.258172
-0.598361
-0.721394
-0.478410
-0.817872
-1.679113
-0.241459
-0.592391
-1.284013
-0.945355
-0.732554
-1.456227
-0.506782
-1.446877
-0.975423
-0.530235
-1.315970
-1.217233
