-2.437293
-2.559891
-2.634421
-2.169285
-2.208132
-2.371784
-2.674819
-2.562817
-2.462943
-2.405529
-2.317306
-2.386986
-2.845518
-2.182816
-3.035470
-2.771897
-2.863553
-2.441497
-2.030641
-3.009317
-2.442496
-2.215136
-2.265491
-2.182616
-2.326166
-2.599126
-1.604513
-2.129665
-2.086911
-2.695293
1.428802
0.933516
1.086823
2.031041
1.204766
2.294908
2.133090
1.028672
1.220608
2.070595
-2.063364
0.986748
0.518243
-2.121177
2.149960
1.359971
-2.601071
2.124482
1.478513
1.316887
2.179750
0.463961
-2.904726
-2.415526
-2.675064
0.691216
2.080941
2.065583
2.142302
-2.021267
0.524134
1.440158
0.494075
1.242270
1.663540
1.113701
1.752162
0.685591
1.091235
0.576582
0.345978
0.669192
0.628857
1.088187
1.407745
2.028362
1.568765
1.335672
0.674084
0.401287
1.806547
1.712057
0.417167
1.638488
0.513137
0.686139
1.745589
1.693186
0.611791
1.579537
3.091718
-2.061031
-1.317711
-1.733239
-1.986727
-1.831519
-2.117924
-1.994099
-1.632219
2.815939
-2.211152
-2.055554
-2.195212
-1.793474
-2.705243
-1.851179
-2.617780
-1.787645
-2.091685
-2.286446
-1.965207
-1.678944
-1.938056
-1.616485
-1.750247
-2.096800
-1.838448
-1.945517
-2.145769
-1.558512
