-2.451510
-2.807870
-2.140033
-2.612674
-2.395643
-1.576576
-2.330886
-2.603864
-2.847868
-3.152499
2.906941
-2.552415
-2.475851
-2.915416
-2.372476
2.929766
-2.949783
3.116812
2.824521
2.465113
2.907742
-3.197765
-2.624549
2.535527
-2.944708
3.113994
2.941131
2.852480
-2.335633
-2.642516
0.369276
0.133747
0.425932
1.007113
0.281047
1.450857
1.015498
0.650556
0.376596
1.449234
1.246181
0.377094
0.547600
1.432315
0.972541
0.759592
1.152939
1.122702
0.232743
0.273986
1.144145
0.250053
0.736519
1.223448
0.793767
0.473083
1.424544
1.454192
1.211028
1.223937
0.685590
0.730838
0.726713
0.926000
0.721479
0.495358
0.745588
0.685591
0.736869
0.682185
0.659646
0.685591
0.685591
0.630253
0.703938
0.557381
0.749220
0.485996
0.685591
0.675210
0.630405
0.659102
0.632599
0.667596
0.927048
0.685591
0.206103
0.731009
0.685591
0.620936
3.091718
-1.925689
-2.288196
-3.069231
-2.074933
-1.888393
-1.998956
-1.457710
-1.645863
-2.943648
-1.720614
-2.318938
-1.779849
-1.903959
-1.816554
-2.180873
-1.866798
-2.143416
-2.152933
-1.568782
-1.871748
-1.693421
-3.069230
-2.029804
-1.877804
-1.509038
-1.828432
-1.623335
-2.193239
-1.644275
