-2.820348
-2.201582
-2.748106
-2.328962
-1.876694
-2.883783
-2.774201
-1.930762
-2.510328
-2.605606
-1.100698
-2.242281
-2.614183
-1.917361
-2.908064
-1.922128
-2.638938
-1.950251
-2.192574
-2.849590
-2.579556
-2.608367
-3.018678
-2.429608
-1.381216
-2.982967
-2.643673
-2.844989
-2.466847
-2.647047
1.139162
1.730587
1.151950
2.316072
1.468453
2.190857
2.052896
0.678421
0.708212
1.746120
-1.975443
1.068341
0.920487
-1.895340
1.759961
0.982563
-1.902236
2.050826
1.166981
1.068919
1.891190
0.969873
-2.523726
-2.284626
-2.675064
0.941279
1.878061
1.756223
1.975232
-1.838027
1.152627
0.743840
1.316044
1.341804
1.143639
1.113701
1.400032
0.685591
1.178964
-2.157670
0.876796
0.867892
0.949756
1.558944
0.695954
0.648712
0.707510
1.291794
0.351157
1.237631
1.555243
1.251812
1.016554
1.192267
0.890332
0.901049
1.146855
1.118488
0.901245
1.116101
3.091718
2.115258
2.303872
-2.891141
-2.656499
2.285526
2.870667
2.017662
2.952889
2.815939
2.926073
2.391945
2.377004
-2.877939
2.816551
-2.504319
-2.715928
2.386802
2.019933
1.880910
-2.808821
2.237141
-2.919558
2.245135
-2.545432
2.196034
-2.857000
-2.717680
2.747532
-2.706395
