-2.975426
-2.514990
3.053411
-2.999348
2.907169
-1.576576
-2.801664
3.060167
-2.712721
-3.019806
-3.137279
-2.741831
-2.824979
-2.897276
-2.638741
3.190197
-2.841699
-2.304416
-2.503817
-2.375099
-2.862590
-3.069501
-3.022253
2.988873
-2.848496
-2.420232
-2.929824
-2.456794
-2.628591
-3.094232
0.796323
0.943899
0.903203
1.558622
0.953957
1.557379
1.349246
0.972511
0.791882
1.710328
1.867351
0.888268
0.890255
1.417665
1.742220
0.633778
1.350976
1.624688
0.871771
0.734453
2.094632
0.775879
1.298508
2.041438
1.512557
0.740013
1.718630
1.713621
1.714479
1.332561
0.685452
2.323719
0.648231
2.576927
2.024853
1.472886
1.614465
0.685591
0.646463
0.669438
0.663579
0.685588
0.685583
0.696939
2.227696
1.811722
2.324734
2.029756
0.685590
0.661164
1.600709
1.947734
0.702157
1.639438
0.660491
0.685591
1.994213
1.234012
0.685576
2.340004
3.091718
-1.990912
-2.325540
-3.084871
-1.614376
-1.970679
-2.786110
-1.965125
-1.445058
-2.943648
-1.782734
-1.959411
-2.397542
-1.822679
-2.246598
-2.232739
-2.278354
-2.368790
-2.341885
-0.932375
-1.986556
-1.244810
-3.069230
-2.205318
-1.965560
-1.952858
-2.598058
-1.867667
-1.894724
-1.495936
