2.535704
-1.217560
-0.305835
2.612319
-1.912486
2.431542
-0.606374
-1.896223
2.842860
-0.848309
-1.846607
-0.374105
2.710322
-1.828417
-0.307125
-1.676042
-0.733322
-2.003047
-0.724644
2.634795
-0.830498
-0.594685
2.877813
-1.390020
-1.994989
-0.731422
-0.315787
2.786579
-1.360429
2.769126
1.313403
-2.000055
1.578614
-0.685035
1.009472
2.459589
2.344706
-3.107944
-3.124185
-1.370111
-0.494843
-3.077412
-3.115476
2.447299
2.471022
1.408664
-0.177149
2.272292
-2.977828
-3.034524
2.476257
-3.050788
-2.454700
-2.350076
-2.609614
-3.063763
-1.375622
-1.374399
2.469264
2.557360
1.596304
-0.032450
2.021359
-0.109569
-0.257513
0.006620
-0.225328
0.685591
0.322302
-2.157670
0.033640
2.002003
1.979062
1.254365
-0.232172
-0.001485
-0.009939
-0.168468
0.680676
2.008582
-0.200000
-0.374405
-0.135445
-0.070117
-0.219422
0.684635
-0.001378
-0.082580
2.071506
-0.242095
3.091718
2.036560
1.595167
3.207021
-2.666218
1.623146
2.632504
1.944136
0.184552
2.815939
0.236542
2.290008
1.720390
-3.099385
2.295156
2.620595
3.020718
2.025570
1.986611
2.304205
2.851727
2.196618
-3.022748
2.018080
-3.010861
2.048582
-3.081188
-2.752401
0.104693
2.563283
