2.993853
-1.314366
-0.306393
2.677769
-1.977936
2.889691
-0.671824
-2.092573
2.553008
-0.913759
-1.865155
-0.308655
2.710322
-1.893867
-0.372575
-2.003292
-0.887936
-1.937598
-0.763130
2.569345
-0.634149
-0.902832
2.722589
-1.324570
-1.969459
-0.778865
-0.315787
2.683163
-1.124514
2.834576
1.308749
-2.000055
1.120465
-0.685035
1.467621
2.525039
2.352874
-3.102680
-3.118988
-1.370384
-0.167594
-3.007815
-3.050026
2.447299
2.471022
1.400031
-0.504398
2.359483
-3.043278
3.183212
2.410807
-3.049941
-2.460076
-2.677325
-2.282365
-3.061643
-1.374758
-1.374399
2.457854
2.557360
1.632710
-0.030069
1.967698
-0.044119
-0.192063
0.006620
-0.214490
0.685591
0.780451
-2.157670
0.352659
2.002003
1.979062
1.304004
0.095078
-0.000850
-0.008566
-0.013767
0.877363
1.952112
-0.125048
-0.047156
-0.005843
-0.004667
-0.023072
0.684769
-0.000715
-0.082580
2.006056
-0.157106
3.091718
2.127573
1.664176
-3.160588
-3.124366
1.819496
2.174355
2.067533
0.184552
2.815939
0.171092
1.831859
2.178539
2.987451
2.098806
3.078744
-3.142771
2.352819
2.030286
2.216908
2.524478
2.392967
3.117670
2.029065
2.814175
2.054462
3.136547
-2.948751
0.170142
2.890532
