2.954122
-3.021307
3.151924
2.833569
2.893872
2.925776
2.970186
2.552422
2.883486
2.777943
3.022515
2.798938
2.838506
2.717148
-3.080108
2.929766
2.800855
2.875679
2.931840
2.847462
3.029222
3.052272
-2.815699
3.084068
3.181627
2.914617
2.925147
2.856133
3.027081
2.990077
0.850554
0.423236
0.368866
0.811991
0.305638
0.171385
0.293465
0.271417
0.296604
0.279814
0.273799
0.814926
0.988329
-0.391264
0.116797
0.243804
0.690243
0.306815
-0.039617
0.601649
0.022469
0.633513
0.652039
0.661232
0.874230
0.051434
0.217969
0.216012
0.224547
0.278300
0.685591
0.668598
0.739525
0.597578
0.677202
0.709504
0.667137
0.685591
0.804600
0.687439
0.739457
0.685591
0.685591
0.631438
0.762706
0.615197
0.623138
0.560279
0.685591
0.685527
0.704580
0.586055
0.566762
0.654696
0.625974
0.685591
0.747082
0.279478
0.685591
0.749041
-1.393488
-1.171821
-0.971916
-1.209038
-1.295686
-1.037958
-0.904563
-1.652121
-0.991922
-0.571491
-1.599000
-1.099312
-1.940029
-1.169104
-1.812607
-1.706801
-1.460995
-1.082706
-1.744633
-0.727112
-0.002204
-0.949929
-0.840435
-1.794490
-1.509865
-1.613541
-1.433052
-1.838423
-1.730387
-1.834440
