-2.713626
-2.645890
-2.575275
-2.830944
-2.965228
-1.576576
-2.670764
3.060167
-3.124577
2.608881
-2.875479
-2.741831
2.934607
-2.766377
-2.638741
-2.438490
-2.841699
-2.958915
-2.372917
-2.898697
-2.686922
-3.069501
3.042117
-2.779256
-2.979395
-2.471969
-2.668024
-2.441190
-3.149545
-2.895643
0.534524
1.205698
0.772304
1.689521
0.823058
1.950078
1.523985
0.318012
0.530083
1.679070
1.584830
1.019168
1.074397
1.679464
1.480421
0.838028
1.830305
1.642798
0.858107
1.258052
1.571034
0.775879
1.560308
1.517839
1.381658
0.547316
1.700846
1.684664
1.705731
1.594360
0.685425
2.192819
0.720257
2.446028
2.095773
1.637298
2.268963
0.685591
0.646463
0.669438
0.665913
0.685590
0.685583
0.636656
2.080162
2.466220
2.193834
2.291555
0.685590
0.665482
2.255207
2.294923
0.702157
2.210415
0.663025
0.685591
2.517812
1.757611
0.685572
2.209105
3.091718
-2.409450
-2.279936
-3.080669
-1.483476
-1.839779
-2.393411
-2.096025
-1.423181
-2.943648
-2.213147
-1.937705
-2.528442
-1.801839
-1.592099
-1.578241
-1.623855
-2.368790
-2.362721
-1.455974
-2.510154
-1.244810
-3.069230
-2.205318
-1.722045
-1.429260
-2.467158
-1.998567
-2.418323
-1.391391
