2.862953
-1.132242
-0.303357
2.667717
-1.847037
2.627891
-0.427619
-1.961673
2.560133
-0.521060
-1.828562
-0.308655
2.710322
-1.720005
-0.372575
-1.741492
-0.652135
-1.953717
-0.457990
2.648382
-0.634149
-0.665747
3.018857
-1.277923
-1.935889
-0.518272
-0.315787
2.930586
-1.295640
2.761645
1.366580
-2.000055
1.086953
-0.685035
1.572405
2.394139
1.907698
-3.141297
3.122231
-1.368868
-0.298494
-3.094676
3.102259
2.447299
2.471022
1.467601
-0.373498
1.705401
-2.912378
3.183212
2.541707
-3.056575
-2.416955
-2.415526
-2.544164
-3.075180
-1.381988
-1.374399
1.190051
2.557360
1.182074
-0.043118
1.890784
-0.305919
-0.322962
0.006620
-0.314549
0.685591
-0.397646
-2.157670
-0.396811
2.002003
1.977957
0.784719
-0.171340
-0.004467
-0.016512
-0.156790
0.677658
1.888207
-0.124762
-0.178056
-0.398337
-0.021343
-0.516325
0.683877
-0.004549
-0.082580
1.875156
-0.242236
3.091718
1.939360
1.922417
-2.397397
-2.338968
1.688596
1.622159
1.987183
0.184552
2.815939
0.040192
1.461269
1.916740
-2.406057
1.837450
-2.419044
-2.230693
1.571698
2.102759
1.584257
3.086520
1.563222
-2.016795
1.784855
-2.317583
1.837289
-1.839947
-2.425152
0.301042
2.492712
