2.922136
2.685650
2.606839
2.925410
-3.134309
2.901418
2.941195
2.923432
3.001820
3.037217
2.964652
2.771651
2.968713
3.044398
2.950785
2.929766
2.961524
2.736880
2.926429
2.870084
2.918917
2.822614
3.155254
2.821182
2.879228
2.733663
2.974518
2.880452
-2.996228
-3.116760
0.023975
0.491511
0.750763
0.437184
0.665564
-0.145266
-0.164684
0.692374
0.508530
-0.233847
0.410855
0.697710
0.337190
0.001207
0.592560
0.936733
0.313943
-0.289259
-0.235967
0.612991
0.502220
0.465243
0.210304
0.726177
0.514203
0.666036
-0.043458
-0.147281
0.691615
0.571487
0.685591
0.621574
0.608392
0.604928
0.676962
0.652163
0.662415
0.685591
0.606433
0.700848
0.739878
0.685591
0.685591
0.762779
0.633077
0.746601
0.613568
0.711350
0.685591
0.685584
0.604145
0.782405
0.783521
0.661094
0.698057
0.685591
0.687739
0.779475
0.685591
0.749729
-1.914617
-1.538132
-1.478973
-1.416274
-1.048157
-1.096453
-0.930260
-1.339115
-0.664673
-1.282289
-1.402651
-0.958097
-1.321415
-1.473889
-1.587410
-1.269686
-1.395526
-1.512075
-1.479138
-1.631813
-1.584263
-1.775615
-1.844213
-1.736829
-1.537093
-1.476473
-1.388009
-1.299833
-1.476037
-1.548609
