2.666603
-1.765548
-0.309408
2.907233
-1.912486
2.693341
-1.860244
-1.896223
2.737178
-1.110108
-1.835967
-0.374105
2.710322
-1.902570
-0.307125
-2.068742
-1.942090
-1.917841
-1.343135
2.857867
-1.223198
-2.015480
2.674254
-1.325410
-1.956444
-1.280513
-0.315787
2.525622
-1.451764
2.769126
1.553232
-2.000055
1.575982
1.016661
1.627115
2.594873
2.521515
3.046484
-3.078105
-1.371821
-1.479781
-2.741463
2.198666
-1.531976
2.863721
1.635940
-1.289796
2.630945
2.602926
-3.165423
2.571211
2.470077
-2.476045
-2.611875
-2.347815
2.717635
-1.372616
-1.374399
2.572907
2.557360
2.215867
-0.017376
2.237793
0.286853
0.733698
0.006620
0.863071
0.685591
1.792660
-2.157670
1.414936
2.002003
1.987801
2.205132
-0.211414
0.002313
-0.001884
-0.103929
0.460887
2.268522
0.003994
0.527339
1.237704
-0.066105
1.219091
0.685294
0.002520
-0.082580
1.954643
0.533974
3.091718
1.834261
2.143008
2.697575
3.062200
1.884946
1.716206
1.941280
0.184552
2.815939
0.105642
1.584353
1.775891
2.347203
2.678872
3.144193
2.813165
2.129095
1.888964
1.852071
2.849812
1.960114
2.665021
2.118434
3.010525
1.763558
2.946349
3.023366
0.235592
-3.065404
