-2.460766
-2.923182
-3.066717
-2.806546
-2.774411
-3.128988
-2.911297
-2.217512
-2.504043
2.883587
3.017241
-2.762058
-2.656656
-1.892746
-2.726868
2.929766
-2.025237
-2.764813
2.864481
2.589459
-3.015500
-2.754830
-3.015903
2.712921
-2.455433
2.934066
-3.128027
-2.916244
-2.933844
-3.169465
0.438156
0.557597
0.586668
0.742881
0.489197
0.696072
0.591288
0.440136
0.541253
0.547217
0.339503
0.517442
0.572676
0.613181
0.747484
0.581211
0.795754
0.879644
0.600303
0.022480
0.224375
0.571967
0.623875
0.604376
0.732616
0.199035
0.574739
0.558362
0.035758
0.794323
0.685591
0.701743
0.669664
0.753265
0.639072
0.547415
0.603359
0.685591
0.687738
0.677897
0.674100
0.685591
0.685591
0.701496
0.748831
0.620432
0.780181
0.439740
0.685591
0.683010
0.617106
0.611233
0.684575
0.650102
0.751350
0.685591
0.603396
0.784738
0.685591
0.633575
3.091718
-2.001605
-1.710877
-2.202213
-1.836831
-1.743268
-1.725333
-1.836279
-2.240929
-2.416553
-1.621268
-2.080269
-2.121574
-2.111191
-2.451750
-2.237134
-2.053712
-1.697871
-1.588598
-2.090324
-1.844437
-1.562875
-2.118907
-2.465596
-2.306167
-2.215415
-2.127167
-2.601987
-2.612619
-1.624204
