-2.837405
-3.074929
-2.215869
-2.719705
-2.316262
-3.144260
-2.269736
-2.135398
-3.032067
2.949037
3.158882
-2.417439
-2.347081
-2.715189
-2.494959
2.929766
-2.771030
-3.034282
2.973565
3.076291
3.055828
-2.551458
-2.926163
3.081616
-2.389984
-2.699365
2.958809
-3.023637
-2.082996
-2.313263
0.896305
0.620826
0.913918
0.618691
0.554647
0.719561
0.858818
0.636486
0.999402
0.704507
0.917089
0.582892
0.567841
0.410112
0.732291
1.027292
0.468504
-0.055321
0.344475
1.092595
0.551624
0.773735
0.531239
0.931626
0.798066
0.107792
0.717762
0.645964
0.870838
0.523179
0.685591
0.716385
0.735449
0.726515
0.915215
0.430870
0.757338
0.685591
0.671470
0.679503
0.674707
0.685591
0.685591
0.635728
0.678871
0.666744
0.490778
0.862295
0.685591
0.555435
0.823826
0.880656
0.697343
0.720020
0.758972
0.685591
0.737757
0.703811
0.685591
0.883300
-1.622393
-0.887412
-1.274454
-1.442556
-1.271559
-1.086209
-1.210128
-1.742944
-2.581450
-2.416553
-1.156997
-1.210845
-2.229546
-1.097134
-2.164368
-2.394335
-2.259347
-1.194622
-1.124544
-1.423651
-1.360106
-1.620488
-1.441635
-2.186775
-1.758757
-2.134436
-1.407218
-2.346401
-2.118220
-2.079715
