1141.528202 1098.790571
1158.691853 1101.703659
1130.828594 1040.231692
1201.349292 1086.608528
1187.171048 1010.251258
1055.329618 575.743505
1116.942106 1079.832526
1102.005160 1161.400376
1127.264567 1015.619415
942.025444 574.870891
1000.529345 588.971710
1091.715951 1038.398487
1069.891311 1103.516948
1122.074983 1135.893319
1112.085784 1052.266821
814.390971 534.707979
1118.953311 1176.234519
1109.634480 1109.872638
967.359929 550.675775
984.879880 505.129086
1011.732682 555.864207
1068.002321 1073.299567
1222.301804 1024.680189
929.752749 540.837244
1158.641964 1069.918524
1042.688841 543.431846
1021.609558 518.659267
1035.520401 624.667579
1186.150520 1049.524833
1177.235292 1112.154278
1444.390133 1218.283898
1467.902086 1155.718554
1472.128617 1242.722963
1514.844936 1184.920112
1521.850683 1151.259144
1385.913310 1106.200895
1413.280361 1076.343660
1389.455781 1201.183675
1460.206361 1124.245543
1299.354264 1034.542007
1442.790967 1153.114260
1481.210546 1206.807301
1509.543678 1192.862739
1447.802573 1118.082623
1436.563034 1184.245613
1468.284681 1146.868983
1521.373914 1112.968439
1418.695361 1125.809351
1419.818095 1162.780445
1379.819108 1153.602840
1361.693679 1192.084769
1410.281440 1205.937226
1486.704633 1090.731552
1461.859268 1187.413743
1485.791418 1121.795372
1362.220785 1228.645670
1332.327338 1061.978459
1265.326720 1019.982762
1453.205078 1092.159691
1488.430611 1039.268730
1399.480243 1643.631927
1055.615293 1379.883442
1345.020454 1622.527851
1116.473158 1469.874966
1149.677622 1458.371328
1041.009093 1411.693476
1106.000577 1398.961447
1702.522118 1891.505423
1290.202149 1577.167418
1247.219847 1518.987094
1275.146894 1542.388325
1541.979386 1760.189284
1480.020770 1709.510153
1368.340512 1595.132631
1179.464004 1490.934361
1184.257205 1456.451003
1058.637048 1443.661450
1083.274870 1468.583527
1571.993703 1784.739535
1334.226923 1587.903347
985.179016 1380.214814
1085.388981 1363.445281
1309.624159 1548.292712
1019.635626 1372.427198
1211.715685 1515.343837
1635.633896 1836.794114
1225.489167 1482.793462
1087.180398 1428.904719
1448.999815 1684.136523
1123.149881 1434.966798
339.595381 956.182994
81.987826 1158.494183
51.880892 1147.344000
230.854873 1346.306409
90.032068 1111.764791
58.715804 1188.823778
51.747820 1184.224231
30.556740 1141.067670
1991.693930 1225.029693
1840.445664 1087.624240
43.323964 1103.025361
65.264395 1237.305512
48.015514 1119.061153
86.659889 1251.071798
1925.448917 1171.602797
38.035795 1220.215029
76.581149 1208.104770
83.997433 1188.701529
114.739283 1173.322750
119.280854 1249.756685
113.330700 1215.880131
7.185410 1098.897390
208.850686 1309.690223
1954.323396 1156.335382
18.016364 1199.184003
1980.523974 1179.615391
121.422194 1136.337049
1947.102105 1200.110832
27.295271 1159.816265
1964.249252 1154.154870
