506.746581 180.961985
584.768359 144.264304
499.390320 139.255330
561.538549 217.552786
514.357597 114.323477
11.536075 1267.020652
435.536385 214.854802
450.773675 248.855332
511.376367 171.716884
474.350276 281.602982
508.541381 311.259845
421.272482 178.278823
415.569227 225.923188
479.730322 206.504981
469.882003 140.126973
399.101020 204.573490
451.073692 191.867434
465.690960 238.998132
495.182291 251.405419
489.987114 216.815944
535.845401 244.824471
413.926364 251.812104
536.991269 172.333473
428.601459 279.160369
522.153446 271.667881
1831.665955 1248.176033
534.416510 193.328813
1826.307508 1203.223033
518.426013 215.061427
535.153729 127.203954
1060.973691 676.307378
1009.316946 659.379301
1039.524606 709.008883
258.086355 175.614986
1004.762053 678.668347
246.980188 120.817666
285.374455 61.426380
1065.607471 614.242670
1025.349684 605.753042
381.697013 1782.018841
333.609071 115.719190
1036.196576 650.637072
1082.056108 687.039827
316.061614 82.939988
223.516704 162.427473
1004.511731 636.404898
311.501247 135.980940
308.148182 31.343656
978.234828 614.185229
958.084585 656.882707
218.854862 99.599442
997.022131 704.360583
287.491995 156.578425
272.595608 121.452210
277.380587 201.651723
1030.668799 689.286297
369.546775 1829.333828
391.812661 1747.847006
317.944586 1991.488861
321.384837 63.797113
516.439663 1286.461993
1734.222971 724.070159
467.461803 1282.960412
1813.049282 768.965257
1814.147088 735.795509
1022.937333 714.260140
1855.416924 704.324475
819.979522 1533.725921
406.897196 1244.879194
427.971320 1181.385775
382.584619 1209.339980
659.429416 1402.418796
597.453411 1351.760928
488.129826 1254.129005
1795.595439 798.462831
1876.301015 786.200816
1844.611504 773.578594
1774.718993 775.704816
689.442517 1426.970534
434.536177 1271.860198
1745.217949 767.462418
1817.106361 703.305650
424.744097 1214.524257
1773.753551 719.913766
342.645252 1189.286374
753.091333 1479.014572
1823.414380 805.824213
1839.797105 736.368074
566.414866 1326.408806
1883.259157 752.230845
58.964657 770.526895
1589.531802 313.223577
1601.327682 276.965649
1629.085399 365.019274
1636.653095 199.132595
1651.758567 271.028269
1547.661826 344.114470
1665.809851 234.449020
1510.744389 287.807691
1324.134503 178.004140
1524.868451 246.964293
1663.187511 311.027296
1555.787649 276.404971
1657.857558 344.332496
1472.293447 287.296436
1554.710424 312.140167
1624.542153 327.797525
1613.415434 297.860119
1687.446175 285.380765
1717.844415 302.809759
1532.270937 285.649855
1550.604918 236.579256
1592.692553 348.354509
1625.720910 226.810899
1504.175121 325.983641
1571.083746 258.108708
1575.100824 300.238257
1590.805867 234.620501
1511.645138 300.869242
1490.313525 259.310839
