1591.635606 838.854946
1568.495073 862.286314
1540.121274 764.964899
1570.887797 810.083003
1578.719140 740.456107
1400.105367 870.389248
1517.612771 820.812927
1525.945595 859.065739
1477.454529 816.505883
1240.106319 895.990303
1305.815426 880.141604
1458.146513 788.070191
1441.435135 853.554685
1546.758528 832.994901
1502.873340 788.068876
1109.372080 901.377564
1586.752290 779.048288
1493.461712 848.216832
1266.932172 870.948065
1300.361348 846.170401
1334.813919 848.107847
1430.764428 819.566162
1621.489083 790.367745
1226.880574 861.860541
1543.636086 799.451517
1375.775292 844.707547
1352.431640 817.933053
1353.098069 877.364366
1631.032919 825.355834
1623.464809 865.226000
938.105079 1952.979994
876.424298 41.203104
938.707518 19.725821
972.604041 4.195922
993.638604 1941.791280
850.109220 1885.567581
862.186821 1859.612956
864.849423 1916.415509
871.460830 1958.974582
782.928657 1854.821550
899.452615 1927.624120
935.528465 1990.422342
995.739100 1977.636522
918.188741 1821.084234
896.471126 1965.433583
915.988904 1886.909282
964.489437 1937.083415
817.533733 1840.923305
905.672465 1853.057218
794.741288 1960.166561
825.691266 1913.966716
864.049540 1966.268240
876.367674 8.931344
909.951708 33.694664
908.181264 4.336415
827.636584 1955.844667
807.331764 1882.993000
746.743038 1857.505506
888.526551 1886.943167
858.300440 1925.508403
749.414264 747.812228
406.093990 464.681520
691.558541 723.326257
466.933338 547.106876
502.415217 548.506344
373.951652 450.790414
425.718385 503.108069
1052.456138 995.685727
637.908360 678.253432
596.417973 622.993999
622.354757 646.746608
891.913405 864.369588
829.954790 813.690457
714.188125 696.640231
532.392651 587.652908
537.491833 552.880213
381.469504 488.384803
413.860730 533.064535
921.927723 888.919838
677.843747 689.384692
338.672397 446.576244
422.348468 434.800488
657.170149 649.321377
372.348310 415.475907
561.081271 615.550648
985.567915 940.974418
575.003799 582.858354
450.416413 478.311776
798.933835 788.316826
478.632659 512.790880
939.220571 1720.064870
885.891157 1766.706784
929.511725 1761.806492
899.574665 1866.291340
999.135214 1761.954061
857.907239 1739.914832
826.171847 1732.640683
1144.718833 1758.908574
1086.497556 1835.493733
951.790498 1822.776257
969.093368 1740.385911
818.404963 1768.974778
1149.107433 1722.444276
852.115705 1776.711307
1076.821935 1747.633840
1119.932364 1831.092319
1159.125780 1825.854994
913.760157 1763.440635
930.096486 1771.384579
902.390440 1799.883291
923.847326 1807.518975
893.462851 1728.746646
890.883143 1833.564564
1094.306700 1712.934034
1121.299438 1799.507985
1086.795920 1782.693538
985.088079 1783.751490
1110.432053 1752.634323
1171.243604 1797.588345
1127.926060 1702.084485
