1626.227278 1233.503211
1591.075620 1249.777166
1577.590222 1179.492105
1587.059456 1213.102459
1609.362861 1164.568786
1400.034699 1297.157754
1514.121817 1257.750211
1536.953716 1288.503948
1473.194080 1273.570693
1230.959015 1326.412277
1295.404332 1304.227796
1458.731159 1240.668809
1430.854667 1278.809962
1550.696245 1247.924359
1506.668186 1223.739762
1095.416281 1334.484985
1620.152644 1198.680444
1500.378707 1297.373687
1253.756620 1299.463923
1289.859516 1269.781137
1325.516718 1265.791196
1420.397316 1246.315717
1641.925905 1145.997284
1218.169117 1294.252428
1545.790608 1213.686878
1370.641499 1275.621838
1353.710284 1244.666008
1344.280382 1295.945271
1653.226971 1180.527615
1656.920700 1214.598513
643.185956 333.938335
625.217760 374.646359
691.542156 267.868238
693.932112 357.351497
726.616149 251.643987
863.426139 1911.487769
884.477543 1882.546087
597.012412 222.250826
643.299582 306.328769
812.266241 1873.710892
671.420635 207.865304
682.748291 296.072715
748.180371 276.262382
909.006220 1866.965787
701.967889 304.184215
661.345562 264.617394
710.336499 221.913623
845.928451 1864.055192
910.510721 1901.344235
594.277743 347.350908
575.762509 269.276307
604.585997 306.724034
682.653640 442.731139
674.997821 393.388117
685.196494 342.961479
614.643068 273.969507
838.778386 1898.558466
782.374965 1892.370360
649.009075 303.667153
635.884431 234.568344
343.946420 52.061899
1991.545941 1775.165089
282.824985 24.703099
57.001115 1849.098146
93.253459 1855.646667
1958.752023 1762.083340
9.142242 1810.564193
646.988294 299.935398
225.893131 1983.735094
193.501972 1918.470029
210.552367 1949.144517
486.445561 168.619259
424.486945 117.940128
302.851527 0.971560
124.274216 1891.245830
129.616436 1856.120529
1962.647946 1798.488675
1986.869152 1838.660536
516.459879 193.169509
268.230446 1993.788424
1925.515087 1749.206471
3.238367 1742.122834
245.212429 1954.999345
1953.181713 1726.451246
153.258269 1918.496841
580.100071 245.224089
166.799875 1886.221055
35.507502 1774.837436
393.465991 92.566497
68.584314 1815.620387
1505.825398 1889.130936
1581.413185 1954.968754
1526.434080 1896.254758
1567.666644 58.780206
1546.272888 1887.635184
1581.493607 1966.917344
1540.963117 1949.028049
1559.746361 1858.824451
1616.424694 7.018412
1510.835294 84.876937
1577.451056 1906.104120
1468.705655 1928.168920
1515.145004 1855.087078
1464.364252 1977.346525
1457.956983 1907.913667
1592.466621 0.704251
1631.450751 1976.345781
1552.844551 1990.771573
1512.744057 44.881559
1520.668782 1968.107675
1585.251730 39.745107
1498.734718 1999.506724
1552.065822 29.521539
1624.449412 1963.087513
1560.304828 1924.711210
1505.559275 1921.631804
1534.910315 1985.976937
1462.655801 1872.534334
1631.017031 1933.413188
1494.249807 1839.297268
