1957.944370 791.266761
1931.194148 811.550595
1903.607977 715.564834
1940.003449 772.174697
1941.261922 724.124883
1769.167783 805.341716
1886.980083 771.609984
1895.406247 814.908826
1848.901083 766.046725
1606.903770 818.769059
1674.272234 808.690989
1828.029301 739.102436
1812.410365 797.817449
1913.560790 784.028307
1871.620535 740.093795
1476.967896 822.324947
1947.610805 753.606498
1864.680398 798.088275
1635.229803 795.243551
1668.812986 774.811981
1703.495574 779.551016
1801.792884 764.323110
1985.442749 757.565410
1594.047893 786.418884
1912.459692 750.233254
1745.159461 779.590474
1719.070938 751.014872
1721.794736 809.444790
1.262247 788.934268
1963.189528 802.128464
598.141433 1800.833714
552.458960 1878.056554
608.618226 1894.518527
640.572840 1844.670054
655.989344 1826.339989
499.302311 1782.958977
526.921819 1715.749816
507.151091 1825.294448
529.621392 1845.597880
423.727244 1766.151891
561.806677 1812.789237
611.367344 1833.172140
651.274358 1856.650505
562.371141 1729.642656
564.986982 1823.382807
577.912775 1766.217136
626.015092 1782.081233
473.584030 1735.586620
543.892377 1800.247702
463.489821 1817.352114
498.585749 1814.309260
508.438367 1898.389092
556.959948 1843.828597
572.931026 1907.390644
597.832634 1805.745705
482.904712 1852.355883
455.286241 1781.478470
392.777042 1749.726181
528.170151 1800.878823
538.591054 1760.303186
458.373443 509.755007
122.327098 219.343865
401.011171 485.735744
172.659655 314.392938
207.627132 315.122529
128.000080 179.797858
155.012439 244.091095
761.415317 757.628505
347.040077 441.021766
305.442920 384.863982
331.351134 409.642844
600.872584 626.312367
538.913969 575.633236
423.461327 459.270115
240.870171 350.860779
245.766501 316.335911
89.292022 256.278903
143.727082 278.307825
630.886902 650.862617
386.760071 451.379874
74.605729 187.499464
153.204970 175.873497
367.236046 410.949436
120.150797 138.859211
269.778889 378.465571
694.527095 702.917196
283.347007 346.209711
177.000506 225.615549
507.893014 550.259605
183.243760 281.293825
636.911753 1930.866699
680.525424 59.713821
712.554903 35.377497
661.263438 146.971195
743.184021 1.521864
649.011880 42.716047
619.933621 36.744370
1281.360805 103.574805
1222.457239 172.309942
836.384917 168.186780
677.579229 1959.309931
599.373324 66.593144
1271.642739 70.698415
634.791929 69.457942
1188.550985 96.432781
1256.661573 169.905918
1290.193008 162.243240
685.968522 46.118722
725.438771 57.375542
664.911140 80.597319
708.163789 94.577625
683.979260 11.355079
674.061762 114.830021
1205.649326 66.613225
1255.709919 134.783441
1221.575879 127.111165
756.579399 33.502508
1243.172728 100.526652
1314.126462 123.705648
1240.283438 55.609336
