223.890213 101.745967
307.560368 51.666031
214.252847 59.613610
297.405575 99.071366
236.742613 28.884834
9.778941 963.025730
162.287636 114.163632
167.867040 183.251183
224.586473 97.641429
187.207715 221.917793
227.885366 228.804657
139.162723 109.623338
159.926167 81.838104
191.245261 152.363395
189.419511 56.392006
122.309261 135.041228
183.258974 96.954234
183.431774 151.805753
210.104485 191.909247
208.129643 124.494289
275.507739 126.864099
135.307308 171.884473
258.596842 76.954729
152.818140 203.031403
234.449507 186.729619
1795.683405 946.313058
243.080664 155.264114
1790.324934 901.360060
251.904949 113.830854
242.034774 67.614085
1112.462411 960.334529
1128.053053 932.997664
1107.645115 992.883535
172.532215 465.674222
1159.869554 926.550517
184.757879 413.213377
173.286959 340.172825
1147.907671 882.318901
1127.421554 879.832217
309.012051 76.762517
231.697936 382.495924
1179.362177 898.566123
1138.681980 976.858419
201.706925 363.317890
139.433731 452.645839
1120.428863 908.150573
256.810657 428.917659
196.057148 310.557903
1089.737854 888.697577
1082.750367 926.157666
153.348446 390.549306
1066.861032 990.938434
195.969878 441.534942
219.088839 415.186065
192.010089 492.288220
1177.149416 946.522395
292.726148 122.759363
321.176938 43.310482
230.999683 282.441255
234.701596 343.309327
752.050780 1478.564532
1776.374663 1008.020155
703.617479 1473.028499
1833.792157 1062.539088
1793.493737 1026.618219
1157.105883 987.050902
1891.256153 997.480414
1055.289122 1726.197717
650.482869 1425.639366
667.789628 1361.829824
628.262186 1388.239026
894.743421 1594.885206
832.778115 1544.214256
724.596260 1443.828343
1798.271703 1089.267941
1869.377261 1077.669521
1796.781394 1057.545559
1767.175200 1056.778479
924.757170 1619.436153
672.338254 1458.758020
1751.100178 1048.346390
1853.054907 981.572117
668.300912 1395.395864
1809.793758 992.979198
590.534437 1365.123318
988.400909 1671.486397
1832.166099 1092.678320
1832.734791 1024.103421
801.749660 1518.849796
1871.020282 1049.595246
1755.342676 785.682495
1333.191472 157.041280
1407.514876 76.929107
1381.440987 197.885416
1389.796535 42.656559
1402.944044 114.326470
1301.109319 198.084337
1433.035894 66.988865
1283.164455 119.286971
1026.070775 118.221082
1356.545668 24.269767
1412.577659 144.865674
1326.126976 101.605257
1409.344153 174.771650
1300.271766 62.371486
1318.991147 137.651816
1373.632615 165.004751
1370.189549 124.447698
1438.828200 119.044763
1452.632070 159.270416
1271.723939 235.710221
1333.604948 58.928904
1347.740302 183.860809
1394.082561 60.460887
1289.514881 145.716320
1331.931259 97.412699
1354.207802 117.351346
1366.514473 67.924839
1314.704543 99.594533
1317.287392 25.920212
