500.878604 1104.743806
465.842439 1100.403811
444.472006 1012.865675
467.464222 1064.767484
479.348009 1032.107680
284.950516 1108.037852
404.145077 1080.622582
419.903929 1112.190075
363.057415 1082.793911
120.144323 1135.263322
186.224845 1121.795007
348.500963 1050.841992
321.194200 1093.670168
436.618994 1081.284271
393.819052 1046.672121
1987.031664 1142.740340
500.078436 1073.085114
384.304739 1110.372097
144.016592 1108.763124
180.580487 1086.984549
215.225331 1081.826970
310.445872 1059.278477
510.944447 1027.776182
107.292025 1102.880668
431.120836 1046.793625
257.737395 1086.617388
239.819447 1057.867316
234.134187 1111.907922
531.198046 1051.876919
534.693206 1087.541472
1815.656625 553.454545
1804.026581 598.948427
1888.898741 547.478337
1869.276112 599.172586
1894.214350 510.788890
1971.404790 1900.985157
1986.015762 1866.637029
1769.949211 448.467046
1787.768485 515.041027
1908.886388 1891.102522
1846.034891 439.973546
1860.083095 522.380717
1923.262959 550.506802
12.173977 1857.911187
1861.743067 474.510751
1807.447100 444.681436
1879.249565 488.747066
1941.136156 1875.829289
13.986512 1899.112475
1748.197455 541.158992
1740.520895 483.474923
1777.385708 562.260668
1837.964758 567.128335
1835.960110 583.376242
1843.862694 533.059291
1775.458942 513.168780
1934.777581 1914.415067
1875.007742 1900.836174
1801.667915 481.852984
1793.970244 474.781494
1638.017621 1474.646511
1296.172893 1187.264612
1578.618200 1448.685368
1355.705049 1270.185624
1390.025069 1275.969510
1263.926760 1173.571145
1323.010745 1214.051418
1941.059495 1722.520010
1522.837669 1406.120396
1488.612138 1343.520836
1507.010869 1374.509357
1780.516762 1591.203871
1718.558146 1540.524740
1601.108376 1422.169595
1419.907150 1313.729382
1424.879624 1279.114574
1269.804704 1210.382550
1304.969254 1244.641821
1810.531080 1615.754121
1566.923173 1415.556655
1230.332330 1162.879107
1309.933074 1155.284476
1542.060157 1377.231774
1259.236350 1138.414273
1449.244213 1340.867868
1874.171272 1667.808700
1462.696515 1308.755477
1343.037934 1187.077750
1687.537192 1515.151109
1366.659228 1237.286020
1153.746451 667.426099
1213.466300 736.593815
1195.335407 692.175793
1140.393057 788.688574
1234.579021 686.610868
1132.209800 707.566900
1178.873693 734.631721
1216.874582 646.437476
1226.407673 770.774436
1200.973174 786.239927
1200.676543 673.704073
1084.087876 722.528517
1181.782927 646.673790
1131.195036 726.332127
1061.496905 676.641217
1161.324433 742.731941
1252.546308 738.369565
1161.941466 736.576366
1094.461285 773.944899
1199.045033 768.148809
1149.479840 766.847939
1049.817042 731.808004
1120.503095 759.237869
1119.213132 655.118985
1160.144352 681.366638
1134.644052 693.688240
1098.853637 742.605141
1104.391753 678.686281
1249.324243 699.003606
1144.740290 625.106426
