40.805168 1102.238243
130.927824 1010.680406
11.579548 1105.669784
95.700095 1128.201681
28.884204 1069.420279
119.442071 1103.046789
0.419277 1076.160703
1946.699637 1154.276707
42.132993 1088.670319
35.458320 1139.351836
37.090936 1185.204117
1947.952970 1057.281747
1981.811367 1045.778755
1983.951066 1172.230809
10.449964 1014.890360
1936.029833 1089.218560
40.507791 1004.650628
16.185608 1040.387838
1999.561529 1143.970342
56.025897 1032.074639
88.754696 1190.218240
1927.081482 1131.454782
70.505636 1132.026456
1971.545108 1143.368695
67.026909 1167.395197
99.938192 1072.545699
54.019121 1066.516248
77.535108 1052.329897
77.813121 1092.832489
83.894126 1006.915808
1765.747556 1462.058375
1725.430952 1456.779643
1724.185104 1529.129207
1009.127919 495.725471
1752.342278 1496.243562
1028.673053 465.368383
1056.131207 373.322481
1755.780892 1457.532680
1737.737508 1416.411425
1181.247497 96.544983
1736.768693 268.747386
1724.036196 1464.391787
1770.380642 1495.263834
1770.308833 317.873471
974.690122 483.057904
1708.271955 1440.151732
1723.803581 205.939437
1071.787905 340.971051
1682.382248 1416.726280
1686.358048 1480.913362
998.024690 447.858882
1688.741806 1529.580407
1626.054165 35.573436
1597.551675 6.835511
1592.285884 37.080142
1793.236286 1439.520060
1158.649297 140.684240
1197.576155 64.319439
1092.475064 303.764771
1770.055376 257.269920
1029.779424 157.211973
1624.270219 953.902416
990.368191 157.767880
1730.180442 956.370601
1658.349661 935.618761
196.741527 1034.443337
1693.430586 951.389316
1370.967777 348.504861
933.990599 160.170839
910.873111 111.683845
850.097701 182.144098
1206.845179 221.609204
1135.647367 182.733833
1030.659774 110.724867
1650.933434 1006.014636
1662.078386 1017.289402
1614.088745 1008.496539
1584.966713 993.672175
1237.530828 245.319503
955.909170 160.600396
1654.337462 962.189975
1681.535681 909.781879
896.053611 155.308623
1626.551079 911.341100
799.813257 187.271748
1304.182144 293.668172
1698.202484 1022.803793
1615.955918 989.887648
1099.450868 164.140161
1680.479570 983.620958
1928.636861 677.200306
774.880575 1637.578810
766.879809 1543.543747
778.211788 1694.373485
706.422474 1562.471412
811.651346 1641.677807
719.880631 1691.953046
815.099774 1565.707515
789.507889 1488.752825
1111.410006 1780.001450
750.921860 1501.257897
812.728361 1682.839457
765.003842 1614.008128
735.936170 1780.805822
702.498912 1561.951763
689.325330 1679.531719
775.156158 1648.740872
738.193555 1627.830408
800.252028 1608.872278
840.422909 1631.004828
684.169156 1585.866503
748.324074 1556.559683
768.689599 1683.779903
764.720894 1592.099487
708.606223 1615.573032
781.541099 1563.604367
717.336169 1656.207819
746.010929 1560.162924
724.156513 1589.908432
725.072009 1515.725077
