863.630272 1439.455623
1871.866030 858.821831
817.287401 45.233323
875.793664 1404.001738
1753.566488 1591.987506
919.603815 1502.989367
770.422705 969.471441
1582.341341 1778.964407
867.436695 1472.837034
820.279027 986.449604
1654.124330 1842.907329
791.301663 142.377600
798.922888 1492.041705
1563.455265 1808.384027
766.040868 90.730262
1602.506580 1693.867639
888.368994 961.413416
1706.382849 1623.032914
753.735459 999.956579
880.014091 1446.244132
887.450777 1084.159082
828.436618 953.815088
951.440422 1500.103350
1349.934013 1493.867352
1576.497065 1865.988116
797.189027 960.443589
960.764882 1964.968669
894.001003 1481.651950
1387.030668 1493.877777
891.204177 1371.962585
715.716018 654.972033
114.247263 1821.170892
661.273049 650.458735
1767.326560 603.064932
512.736911 626.203513
997.553417 1810.773597
450.232990 1459.692018
1877.504573 1371.764484
1975.719100 1372.811508
1975.173976 1844.524507
1706.154119 952.233368
1793.331113 1393.716223
1649.281862 1503.558555
1128.069488 319.427597
903.728786 1866.924507
701.262716 484.053020
1695.612018 921.370195
447.474657 1421.757517
1666.620926 1473.479828
1780.975600 1426.342040
967.807754 1789.548011
1706.273245 1463.718972
214.579469 1777.187873
14.052011 1785.548969
220.901486 1737.837557
1755.023684 1451.688296
262.353578 1717.986552
104.184326 1763.064721
479.853463 1451.045236
1468.304361 1954.409491
78.201575 1665.408862
1438.699710 1515.393790
822.491698 1123.857340
312.061529 793.297043
219.747030 776.666651
1774.607918 1406.463967
207.088462 812.136892
733.023317 190.794726
1715.792240 1996.281224
1851.864778 1040.428162
1571.876056 54.836889
872.923299 1438.068192
881.251890 1307.037299
1904.081187 1622.142752
136.265582 1118.182849
1619.299816 1423.019729
1552.685506 1462.929465
175.557634 1198.947074
628.584650 137.934641
845.340380 1073.235081
123.641334 1211.318027
289.411746 761.493684
1511.576243 89.958599
143.518647 1183.264055
1501.175388 122.689748
675.161875 154.039357
1656.576828 1430.932163
109.693942 997.390697
865.174400 1275.864137
249.574844 792.899170
996.194355 985.258855
586.548244 407.978340
147.562375 1122.126466
1161.601451 1142.503707
1056.981498 1113.363388
290.071104 479.252433
262.235118 526.387950
590.381583 373.459904
767.227116 1367.723444
249.681649 576.141050
672.042243 1346.862403
447.317283 756.960279
363.158236 452.619889
1097.321482 1181.780954
227.918043 525.004501
1027.972956 1144.485524
1057.415222 1133.889729
319.555944 458.845460
639.367469 386.327520
506.661882 671.869234
1256.161191 261.723474
296.915476 517.247889
1052.933069 1169.633114
330.758500 406.445839
999.363824 1162.714428
424.808200 381.326013
1092.702718 1140.308997
1403.945827 402.153246
674.941127 1312.024421
495.703194 21.603098
