1177.348201 596.032259
1284.213511 494.807114
1215.869742 485.806309
1307.229403 548.815076
1215.355709 462.422454
16.298831 91.006888
1165.376213 532.417554
1160.883685 573.763000
1218.325660 528.690391
1178.698688 623.796719
1188.393151 660.616434
1154.006511 470.408015
1131.873819 539.400169
1198.068549 551.139270
1177.395420 461.725785
1132.076084 511.332852
1175.696559 510.602066
1202.001413 483.228815
1208.434873 553.986898
1186.200215 564.984934
1261.794710 593.489865
1180.499000 491.017337
1249.461309 537.974157
1141.414734 607.855333
1226.294432 610.000818
1929.173449 66.386451
1249.293053 505.195468
1923.839224 21.430564
1235.536669 567.970070
1243.072380 444.492790
486.401075 156.434684
437.745575 133.842702
490.924499 202.456011
495.830288 1395.454326
514.650861 174.057928
509.190551 1360.612797
537.443591 1283.018342
503.475123 120.908440
476.614778 73.506155
685.410868 1019.590559
875.705937 1705.037642
468.263787 123.050682
542.316384 160.834949
921.955694 1734.303819
459.133244 1381.494087
443.383598 93.461376
822.806013 1677.956608
555.023881 1251.923488
413.101727 58.254972
379.253753 172.528038
478.669033 1346.747727
456.681107 173.222019
692.676054 1590.560468
668.537218 1564.196621
658.463362 1602.147441
511.678966 144.077047
661.217423 1062.669074
702.725702 987.966959
578.288586 1215.649358
910.283012 1699.965870
1873.661319 771.241101
1588.792564 1963.666632
1817.588507 780.489029
1713.792707 1970.089902
1671.903331 1966.883740
659.269948 1974.853599
1690.863647 1959.057987
182.166660 1012.026053
1746.563864 773.497607
1767.944593 701.734689
1724.993834 735.852236
21.528040 880.827171
1959.276512 830.506786
1836.588405 753.391149
1643.562762 28.512397
1677.903970 39.310571
1614.528003 25.730065
1611.200289 1.585034
51.543049 905.376574
1781.924658 777.905257
1648.072655 1995.130085
1657.091074 1931.625996
1760.295581 735.969545
1623.075033 1942.733493
1699.509602 694.589129
115.279529 957.313409
1641.962130 47.991090
1687.859201 1992.577525
1927.945070 805.514785
1668.181134 10.204308
881.940029 729.447243
220.636623 789.571307
250.252524 690.250659
252.066386 811.075632
224.995735 695.169590
269.569904 775.009299
175.979281 846.078399
289.479658 715.158572
178.527635 680.161069
118.491062 115.286357
144.793282 692.509602
298.222283 795.520109
187.593646 770.355857
285.306139 850.752682
85.773193 753.997044
183.154997 807.836199
203.819941 825.848286
274.863798 735.119095
310.964392 747.582341
339.527401 759.234507
114.942951 746.887991
169.427378 721.538032
208.299800 848.244808
241.555992 729.494958
140.423562 782.381401
206.353238 745.661085
241.029200 760.355305
204.497702 713.009492
169.382002 742.454476
116.417649 713.512558
