1257.723962 1346.313848
1220.469894 1353.196644
1206.679769 1285.717824
1215.067485 1317.977863
1240.351319 1277.233472
1022.006559 1374.850713
1136.779918 1342.984758
1162.121828 1372.733069
1094.153526 1353.086242
852.404835 1407.761496
918.754365 1389.835692
1079.870651 1321.130700
1052.033040 1357.637183
1174.406411 1339.160594
1129.807933 1309.334949
716.088684 1416.060558
1249.991868 1311.076297
1124.038965 1375.716726
874.643567 1380.866384
912.580081 1352.650279
947.473845 1348.063558
1041.251045 1323.456618
1274.647776 1264.543325
839.565942 1375.367542
1169.233936 1304.180670
993.198509 1355.860320
976.206169 1324.046845
965.898056 1376.691766
1285.029126 1297.330912
1290.246735 1333.175448
951.980510 134.351636
969.352239 218.742291
1053.948577 151.256596
1034.742341 226.373950
1055.125568 105.320980
1238.952706 1909.724519
1257.346703 1877.885010
954.177594 103.133789
1001.637946 198.905570
1193.303732 1867.722274
1027.835807 123.185635
1012.535531 118.507397
1088.736304 131.118673
1288.876435 1859.755129
1059.018236 180.036627
1021.207423 160.089230
1045.215257 82.463086
1228.139205 1853.136965
1290.129679 1898.871420
919.623726 196.242694
913.899634 127.361420
947.632318 166.755193
1007.925941 264.505717
1007.702474 234.142012
1024.173706 171.509266
974.147165 154.611605
1222.724951 1886.636381
1167.866254 1894.791234
984.599861 163.493738
992.162661 128.821856
644.275778 297.716692
303.128306 1998.952301
581.492215 270.538968
359.831028 90.020922
394.429904 97.689294
272.933384 1975.848316
328.272026 29.797830
947.317651 545.590190
528.211737 225.177464
488.911714 166.264185
512.320066 192.511677
786.774919 414.274051
724.816303 363.594920
604.546649 243.416734
422.838355 135.822902
429.262982 101.660777
271.560964 24.082682
304.231534 55.232471
816.789236 438.824302
569.839002 237.190358
227.133648 1967.938719
314.549403 1967.077764
547.828129 195.989657
258.254934 1943.293634
451.776188 162.810316
880.429429 490.878881
460.965256 128.747568
352.883102 1992.765461
693.795348 338.221290
371.529466 56.607293
1673.036939 1560.381600
1739.877032 1621.959734
1759.420073 1606.409914
1754.763787 1740.411870
1787.316555 1610.323157
1755.835105 1645.270639
1758.647517 1647.106539
1784.758007 1574.231576
1823.583113 1697.062439
1687.563903 1740.854683
1750.996193 1593.629118
1654.381895 1623.250274
1753.313408 1561.304505
1618.484797 1639.214314
1666.612717 1591.977251
1790.982332 1684.274981
1803.214597 1656.689544
1693.549600 1648.186824
1665.628364 1702.590461
1682.249102 1628.407759
1747.115403 1697.691012
1663.753509 1660.340830
1701.457780 1684.313702
1784.786420 1627.996622
1701.876070 1594.262097
1719.026971 1618.540591
1720.594459 1659.241844
1646.818347 1563.354881
1716.404177 1579.059623
1719.053485 1552.712568
