1999.020892 767.449184
1977.983044 803.466232
1949.472571 702.420599
1987.355142 778.812619
1982.210117 699.708401
1816.877448 800.605108
1934.350831 765.254821
1942.906492 813.364946
1896.625361 763.321768
1654.029583 810.229844
1721.748036 802.490885
1875.761111 735.758463
1860.173601 793.872217
1959.506688 774.425481
1919.131353 734.158037
1523.895022 812.233123
1992.566030 737.733660
1912.333194 793.994061
1682.317735 785.930855
1716.003189 767.056269
1751.146876 774.174868
1849.567066 760.890981
33.122172 754.126866
1640.750395 775.815415
1958.769017 738.607793
1792.901357 775.284277
1764.673077 737.029843
1769.463006 804.267382
48.913520 786.960714
10.226990 805.591415
550.446070 1797.981641
505.277810 1873.566800
572.933572 1863.053220
593.205144 1849.115433
614.774270 1802.574938
457.942042 1759.247221
486.174778 1691.646625
466.566648 1800.278010
483.111704 1851.929455
378.197029 1750.980868
531.237333 1776.545390
563.686415 1830.088166
604.624514 1849.700188
515.417382 1725.186269
517.274073 1823.203307
532.045921 1753.744248
583.978164 1760.913481
432.379955 1710.974410
496.592746 1794.275752
419.231582 1799.732621
454.205117 1796.894361
470.992505 1868.881013
511.942862 1830.535672
540.254092 1873.909716
558.117440 1780.824232
434.907342 1852.088501
410.006258 1765.568929
347.609199 1733.544029
488.570285 1775.005472
491.579485 1756.504866
421.219296 479.364723
84.040094 190.657202
363.988504 455.323065
134.425418 285.496140
169.634672 285.787759
89.913874 152.628106
113.263850 220.990176
724.261170 727.238222
310.111318 410.495225
268.357800 354.390022
294.791271 378.604381
563.718437 595.922083
501.759822 545.242952
386.245338 429.094607
203.433738 320.894516
208.553621 286.094467
69.674192 213.272612
101.424484 256.093464
593.732755 620.472333
349.597158 421.000311
35.880635 159.181525
116.932723 144.654005
330.085158 380.694021
79.284917 116.083471
232.491891 348.317654
657.372947 672.526913
245.877016 316.292000
142.336968 192.843030
470.738867 519.869321
146.578134 250.330621
621.340031 1975.166391
656.453422 100.750375
676.084819 65.949704
633.247726 185.779331
698.509244 18.241324
623.904546 83.127454
588.793245 72.712925
1290.473237 150.269811
1233.912980 218.480473
852.641467 212.055665
666.161919 5.189930
561.438169 95.235322
1303.428341 106.126575
605.698814 106.095972
1206.684255 140.220945
1267.538910 216.627661
1301.618197 208.602381
660.762947 85.983417
698.780523 96.900940
633.227633 116.453464
670.207734 123.262078
646.220166 40.166867
644.032733 151.688399
1228.580203 108.090854
1256.049481 182.604565
1216.247182 174.593929
716.292873 58.327910
1254.579729 146.714749
1319.247387 170.208666
1256.602458 100.404524
