1274.978768 1960.992973
1339.434033 1971.818440
1264.433759 1975.169664
1318.376240 56.280116
1289.035726 1892.355781
3.952656 1955.042569
1252.398560 1872.824412
1241.376764 1941.790662
1273.598101 1937.468782
1230.675787 70.024349
1276.181791 109.692882
1218.415958 1884.816750
1188.190479 5.606946
1249.610137 1911.732031
1259.969792 1838.199918
1172.400107 28.376603
1232.065717 11.132517
1261.367524 1872.690988
1267.407985 59.211961
1251.539201 26.660113
1320.961007 91.319475
1191.565537 1961.900244
1321.073835 1904.515592
1219.702818 39.216020
1278.841598 4.357637
1342.462762 162.636902
1290.570840 71.975126
1316.638241 133.973344
1305.597760 1989.935658
1303.420473 1933.486358
1676.823811 1734.733827
1650.278531 1718.050746
1689.580728 1774.884606
132.639794 1441.588495
1677.258366 1773.048708
95.815514 1366.546626
73.989082 1319.329777
1700.066061 1679.242234
1676.326925 1670.876184
143.672371 1062.043546
185.491660 1350.039324
1695.578666 1738.192776
1717.298218 1763.186185
142.970467 1340.358665
78.982423 1422.260267
1680.604084 1706.116923
159.738134 1372.775848
118.978243 1291.704473
1640.063300 1685.969949
1609.504055 1706.455863
103.903877 1333.867058
1642.573827 1781.520749
124.530052 1406.742813
129.023087 1376.678408
76.516799 1462.769427
1622.229382 1739.607523
145.620795 1108.491958
147.650532 1027.266792
151.041054 1264.955022
168.281622 1315.057945
1532.478761 116.526998
1360.522621 1869.557700
1472.115110 111.967357
1394.768836 1905.994219
1391.341035 1913.144833
1327.467308 1920.987980
1427.657838 1827.027690
1835.526216 364.393673
1410.148040 74.950360
1399.050133 17.265425
1393.336934 36.365498
1674.983365 233.077677
1613.024532 182.398813
1498.399964 80.258666
1389.718016 1949.266827
1430.825026 1901.944771
1361.707726 1892.916955
1364.307172 1930.375281
1704.997671 257.627943
1458.224278 77.408965
1327.639617 1878.783461
1388.772565 1831.733768
1434.683286 38.815299
1354.403852 1833.094198
1348.511289 17.725751
1768.637993 309.682363
1428.846594 1955.507418
1432.708759 1862.907158
1582.003382 157.025421
1397.886611 1872.275586
748.596105 835.935274
921.617984 1293.402754
1059.545966 1194.235111
447.397838 1994.756852
1134.131920 1151.304233
994.824276 1268.089152
960.962741 1311.274352
982.890646 1219.776753
948.794729 1248.367792
37.754203 1919.993049
1071.908942 1145.316277
1027.344258 1295.794778
1022.032743 1196.094749
998.827532 1344.379774
967.395262 1201.174935
876.982781 1310.084636
995.688024 1308.116208
1041.667417 1285.909181
1036.935569 1257.805111
1057.655518 1316.294665
949.436966 1352.689256
994.471629 1180.037948
400.241877 1991.433662
1049.775063 1163.181240
901.450541 1277.643858
1015.696887 1206.037176
984.654919 1256.199556
934.228666 1243.194599
1014.688405 1226.891928
1012.564426 1159.967108
