1963.532684 1023.023439
48.412021 941.698898
1925.084436 1036.216074
22.962252 1044.531019
1962.964330 981.266252
45.028900 1020.876706
1911.686740 1013.563021
1863.301713 1094.565000
1952.977851 1026.074255
1961.505399 1057.029376
1968.386531 1098.854698
1855.235990 997.919026
1889.660177 989.510521
1909.896151 1091.910654
1911.608659 967.150231
1841.739315 1031.538966
1944.457479 954.305137
1918.545051 991.176293
1941.419393 1051.848239
1953.108027 994.911811
9.694266 1124.099187
1841.363948 1067.851330
1994.441722 1051.037777
1897.795690 1061.754526
1993.900185 1087.380524
23.548049 995.356938
12.112028 965.765655
48.553463 947.006114
1998.467676 1016.164729
1982.901910 961.402711
1811.972093 1560.976175
1776.454501 1555.206332
1792.760985 1614.107808
954.442824 592.042479
1819.549396 1583.646706
959.774207 553.401402
996.591269 468.185283
1822.900109 1545.885081
1778.124968 1520.621782
1127.614976 194.866181
1682.886326 171.277078
1777.816626 1561.147624
1847.789578 1573.243347
1712.353555 222.454408
919.365386 579.008929
1741.908017 1537.387629
1635.968764 138.873398
1013.049826 436.332372
1707.036856 1518.610638
1742.187737 1574.713103
929.881714 536.444730
1763.219583 1608.373447
1532.094427 1979.892248
1508.072534 1941.585654
1497.880394 1978.621908
1853.378829 1529.976618
1104.062332 238.478885
1144.418684 162.898594
1032.111185 398.104988
1716.464472 159.631725
1127.272255 212.193646
1612.217108 1061.704578
1080.087696 219.777268
1723.991178 1064.584732
1655.854612 1046.140847
246.172045 1134.945197
1689.960975 1060.797884
1457.660787 419.415523
993.391236 244.560273
1002.082286 174.764467
954.690062 221.320190
1294.689301 291.088430
1226.216321 248.618683
1110.150105 183.169918
1655.009037 1116.489729
1642.328177 1125.039261
1618.241204 1119.710782
1586.688723 1104.681130
1325.032904 315.229245
1048.209274 219.580541
1653.044306 1072.170608
1685.207839 1016.483325
993.908101 208.649328
1632.728331 1022.141784
885.946153 244.336870
1390.836301 364.626309
1686.138150 1132.453613
1623.585678 1100.107069
1191.126671 228.474808
1691.213746 1092.385686
1816.776131 682.783948
731.663333 1535.971811
751.332148 1436.380245
743.486310 1588.418631
673.919855 1456.131066
757.223692 1546.232461
670.248727 1598.385685
774.708310 1463.508497
755.177827 1386.265578
1005.296531 1815.833424
714.477117 1399.087054
776.090591 1577.552062
703.233674 1522.089292
712.174972 1671.384298
619.368253 1488.363885
663.024445 1571.283270
704.202349 1566.646572
713.391234 1519.325392
761.966851 1508.128825
792.755377 1532.386433
651.451655 1480.577988
705.094233 1455.153550
720.822242 1583.815589
724.226102 1490.143399
666.402655 1512.868667
742.957658 1458.883252
686.784642 1548.752726
715.693219 1455.427777
693.140288 1483.964378
687.728322 1413.326483
