1616.059921 802.189535
1702.432168 717.906114
1565.185834 822.412981
1690.081218 789.904322
1615.968547 747.695730
19.235094 598.998402
1582.216207 771.791571
1555.666077 857.442060
1635.882398 766.497102
1605.380430 832.040702
1619.605769 861.761833
1549.103713 740.973796
1522.212777 832.071342
1588.060429 843.077942
1574.500266 728.989082
1531.169794 780.002711
1628.836120 709.585664
1604.682718 731.999125
1604.512913 816.422019
1627.752987 762.371910
1692.636293 850.419546
1554.449979 791.169439
1653.472871 801.009751
1545.329167 862.712455
1650.520922 843.000607
1987.776218 570.992252
1670.929238 736.597305
1983.967999 525.859479
1670.583060 766.620838
1640.380533 727.150479
74.226554 1882.558355
21.759044 1879.149967
83.646109 1919.923060
746.222750 960.756354
103.581078 1895.330586
752.905144 925.932794
785.096544 840.186898
101.426505 1862.684007
62.379844 1814.631625
924.057592 571.342070
1319.682434 1951.092738
58.010898 1855.633840
138.565497 1879.287785
1366.332366 1975.287780
707.006896 945.354931
7.756156 1851.532856
1267.468450 1921.849332
802.352566 808.806370
1971.623538 1841.759943
1989.938673 1890.155961
722.451252 908.485206
28.414542 1922.038063
1150.927227 1792.667261
1123.525460 1770.498274
1113.345586 1807.918718
134.721881 1843.924984
900.812895 615.107325
941.060540 539.489557
821.188311 770.365526
1353.855310 1941.533514
1466.787991 467.480037
1598.352451 1479.681097
1413.268299 477.506478
1731.566565 1477.091776
1661.540165 1465.668236
435.067240 1519.005877
1691.616435 1465.184950
1788.951934 690.395551
1341.734246 476.871273
1356.755111 406.591898
1313.383879 441.990922
1627.821803 559.798667
1564.205584 511.161512
1432.860460 449.905241
1674.475062 1535.345730
1662.850353 1541.120335
1637.296530 1536.506303
1631.520559 1502.400139
1657.820751 584.367748
1375.843375 481.566496
1644.088601 1494.136080
1683.640244 1437.544730
1348.501780 440.978284
1638.096922 1441.046809
1274.551761 417.000772
1722.074051 635.671602
1697.151033 1556.685401
1703.496658 1493.936343
1531.764901 487.549450
1676.565589 1508.191779
1389.308341 704.121437
535.642120 1173.832374
550.905133 1065.667709
560.647236 1208.356428
485.722756 1078.036657
579.446887 1163.453355
488.349188 1229.687842
592.395729 1098.729812
510.219486 1054.250499
599.791466 1952.762757
468.707907 1070.549617
593.786880 1198.356219
509.083865 1147.458064
572.916631 1268.349835
431.512390 1114.142107
507.009869 1180.956429
522.204329 1205.023967
569.516257 1126.673779
622.528930 1112.186849
607.653639 1155.640452
460.924524 1106.382131
511.440762 1080.913113
528.539797 1215.796558
536.695033 1121.099459
475.243341 1141.362319
515.050481 1132.445340
546.172629 1150.231953
520.350949 1082.332864
502.883877 1108.925023
446.911507 1081.396800
