1941.457097 97.270292
22.089902 105.925078
1946.294270 98.403122
12.327756 137.347209
1961.168209 18.807146
8.091168 671.030608
1883.854616 100.152348
1880.819124 152.706248
1938.974034 97.550308
1904.792552 178.994687
1950.208978 203.827333
1855.929151 99.185757
1878.856865 100.715434
1908.711195 125.929455
1914.233808 41.265714
1852.262923 157.037214
1914.394770 109.395237
1908.718593 79.448076
1931.979986 169.942928
1926.218438 146.225743
1995.855885 186.488444
1862.104243 131.739042
1980.733876 100.223692
1867.518615 185.584772
1955.440803 125.653444
1761.121197 656.365728
1967.543425 165.220157
1755.762724 611.412731
1970.321956 115.114315
1958.968006 61.035146
1231.107537 1216.279519
1186.380064 1200.123710
1258.168450 1232.075720
131.033927 750.277492
1290.360505 1184.424517
83.954714 680.818591
100.543962 620.080645
1255.014822 1146.875111
1217.545226 1142.003804
221.838732 355.411672
155.828213 660.971700
1307.607229 1153.804130
1293.185903 1214.075539
125.178274 643.355377
54.475162 726.591027
1228.951874 1171.509520
172.423678 695.860908
126.820668 592.824617
1182.066012 1146.954042
1158.762013 1186.174384
63.862743 658.379466
1203.570506 1240.640260
156.223265 724.312833
119.549813 683.316597
88.002122 759.089347
1255.291454 1195.152672
206.919969 401.774118
232.862024 321.615494
151.996666 563.266454
151.235177 618.084963
978.187892 1663.296782
1616.360484 1231.400699
929.117134 1657.134275
1725.965298 1317.541897
1674.437375 1283.008226
1285.978306 1249.073609
1724.117737 1235.866350
1281.310185 1911.071942
878.285275 1607.224118
895.262553 1539.934507
857.691311 1568.747985
1120.766203 1779.757330
1058.804895 1729.081492
949.362284 1628.846338
1628.198366 1309.425099
1749.008746 1324.417088
1649.485834 1285.520563
1612.330824 1292.475507
1150.780261 1804.307898
901.989338 1634.493739
1576.252086 1267.290244
1691.000370 1223.742046
895.691421 1577.498941
1659.845420 1235.477305
821.768968 1543.329699
1214.421965 1856.360630
1685.364353 1335.939231
1669.758600 1258.825438
1027.780683 1703.711843
1758.398897 1301.768850
1463.705772 800.239848
1164.077312 1926.335238
1263.457523 1841.977471
1159.324525 40.875858
1240.975946 1798.955939
1201.233596 1926.265811
1143.307580 1959.676341
1310.123835 1813.404125
1162.137976 1867.592007
739.772720 60.797882
1253.158905 1766.444738
1263.732166 1913.926226
1242.443000 1828.555846
1181.129760 14.919607
1190.442264 1809.633387
1199.245855 1888.526407
1146.305425 1996.620158
1229.778502 1899.706878
1263.859228 1899.163185
1231.464350 1983.595927
1112.412944 4.090137
1204.909634 1813.146094
1114.378455 42.938544
1279.156513 1800.016909
1158.263637 1910.359746
1191.677638 1853.721680
1225.569618 1872.179012
1216.655142 1836.161391
1189.708169 1846.271761
1193.641946 1779.808311
