688.651963 1594.735227
776.052685 1467.912990
654.017802 1578.639741
756.584567 1617.621701
657.323004 1554.298412
801.230451 1556.065333
658.361394 1532.223813
635.405940 1593.863407
708.746624 1554.139432
726.639238 1581.711984
720.032743 1615.497941
617.003645 1500.367420
655.379628 1481.467645
641.764122 1645.803384
686.623974 1460.734020
603.001552 1531.070142
666.888445 1522.939041
612.694285 1570.690101
659.454258 1614.841830
681.152682 1559.804312
783.930535 1514.444002
585.822547 1546.351451
756.250497 1568.968437
687.479113 1518.391751
687.418131 1637.955466
748.527127 1511.323760
703.738476 1564.810231
732.708583 1539.108093
763.839244 1536.522995
716.387687 1499.373415
1263.337710 859.363416
1242.971446 813.541306
1298.338720 875.380714
1431.361124 1772.825579
1261.217802 891.746013
1445.182044 1753.521430
1485.043067 1644.777177
1272.059983 811.665248
1321.487732 745.629732
1602.013833 1360.763304
1.932482 1066.056429
1296.731421 773.555173
1336.965150 853.365544
41.443088 1121.256722
1410.650664 1766.770809
1257.992982 778.922200
7.627805 1003.427499
1502.130578 1612.932547
1212.824578 811.726179
1227.975951 855.872530
1407.618835 1726.752892
1292.235931 842.419278
296.321473 548.305092
268.707853 515.306790
261.344788 548.941959
1313.818901 822.112307
1581.573020 1406.184105
1615.720989 1327.078690
1518.140032 1573.477489
35.862585 1054.480439
929.175437 1405.975088
1533.229353 136.779758
893.236200 1415.428475
1702.816700 132.422241
1580.151623 129.753191
1822.481888 273.500683
1629.477021 137.452897
714.577841 1811.609851
907.848300 1356.172068
840.478320 1314.665456
901.562942 1377.056574
578.332241 1659.994023
545.139047 1597.317272
954.670538 1377.633607
1640.464104 170.257429
1640.915094 185.454508
1602.852969 171.838500
1560.952567 159.344661
608.896141 1683.991881
940.208248 1344.735688
1571.533544 142.465404
1602.674088 100.629066
864.618160 1360.305226
1559.495775 97.755385
851.082126 1382.255152
651.885369 1751.842177
1686.522954 192.903770
1606.316979 159.855380
526.082295 1567.955839
1673.674108 150.694348
775.582389 634.924159
1246.269752 282.464130
1183.770254 229.737243
1185.224203 378.581870
1167.183580 243.600144
1208.178811 343.050269
1154.672312 337.967098
1254.634297 230.754889
1160.143068 208.343258
1914.840603 1508.702212
1174.622841 181.880252
1221.743256 406.083068
1214.058255 304.126194
1179.573002 400.376999
1228.430547 176.949135
1155.594717 288.476722
1168.579795 341.352780
1183.116997 314.490578
1288.334859 238.332596
1248.490456 317.187570
1127.646133 244.890925
1160.480720 273.789039
1137.903505 391.864146
1186.783349 285.467472
1094.383439 333.531578
1225.395559 251.867516
1185.023533 318.191661
1201.930479 248.761390
1120.179705 318.122714
1121.459928 208.401096
