613.072713 1728.450346
685.142234 1681.969714
603.795833 1724.149756
677.650771 1753.654014
664.260680 1608.651106
1999.767904 1231.054663
587.230979 1701.602715
573.596661 1743.938370
631.115988 1653.951923
528.900751 176.187391
572.051693 167.321076
558.585058 1649.416382
554.647965 1714.011233
651.413415 1644.232941
606.458696 1663.072199
464.661548 179.812189
583.771744 1779.727611
600.842772 1694.629718
556.561926 136.595779
568.905317 97.668448
620.589113 154.249131
549.818047 1687.277778
696.239881 1645.820254
520.105051 147.614697
624.235410 1772.107429
653.174177 206.419973
609.805039 122.877182
619.709909 187.251577
663.083217 1712.053949
640.746013 1726.003497
165.218884 227.266590
153.388671 210.739782
195.942367 275.947630
322.138674 102.705705
169.481587 282.753443
243.574167 39.571282
246.284919 1999.072894
202.297725 162.418304
173.587875 153.911035
272.077935 1772.571352
325.016217 23.882052
202.221433 220.624425
233.682196 253.766600
279.396470 28.498638
245.549057 87.006733
185.147283 195.289552
366.218704 42.160315
281.352127 1984.025138
147.997990 174.910107
118.120742 195.868884
295.359987 12.731247
126.918376 291.976230
284.930605 60.572084
323.771925 60.309902
288.511091 112.238654
117.091216 231.492668
270.025280 1820.220817
269.540809 1737.546398
309.902265 1960.626678
332.730282 1998.348736
92.892345 574.907423
1743.956164 365.722471
39.292694 558.086827
1810.917439 411.361845
1843.758114 398.377671
1735.489796 412.728916
1801.839867 341.350650
395.934604 822.780450
1986.638787 509.958920
1939.006147 452.816233
1967.042086 475.940915
235.391861 691.464324
173.433228 640.785214
62.183333 531.216723
1869.559945 431.876353
1875.116270 396.339380
1768.302007 390.691858
1785.840948 430.693758
265.406178 716.014575
26.287295 525.279846
1707.707094 359.067080
1763.837346 336.887295
5.893231 481.294319
1729.470334 331.900945
1905.664708 460.699693
329.046382 768.069141
1924.064321 420.753971
1782.515448 371.289837
142.412261 615.411599
1818.377521 373.718044
25.496385 872.029531
817.240861 605.706147
853.273612 528.588576
1725.285749 1942.506345
866.717576 497.581456
810.309476 597.378265
794.589158 632.538346
756.792798 551.586755
775.278846 600.764418
1327.891903 1777.614977
778.943111 501.431063
850.592009 622.082502
780.055357 532.974972
819.319833 661.057348
722.390474 533.721637
733.955598 667.653135
830.461420 630.397284
879.104906 610.285680
902.248655 586.857329
852.344270 660.481818
783.232770 672.105950
750.209084 513.329618
1678.136608 1939.088837
828.811825 491.658297
740.797735 622.626267
805.765980 538.922957
843.524718 581.774806
745.317057 582.321231
780.242573 568.745937
795.070691 489.511913
