1376.883032 11.695944
1449.671365 11.277274
1376.943423 10.866790
1435.810712 61.594252
1402.730310 1916.840869
4.646262 75.040564
1350.636429 1936.582571
1340.552677 5.415160
1382.933712 1954.747536
1345.053423 92.041348
1382.392098 150.246900
1317.646249 1944.505939
1302.545117 28.857915
1350.952320 1972.053034
1365.246143 1888.201620
1287.500770 51.898070
1348.544727 31.643633
1364.282780 1924.377043
1377.831386 90.290037
1362.040111 59.282042
1434.215362 106.878449
1288.891327 25.401457
1436.794102 1935.352099
1333.837778 70.613396
1389.192344 45.599381
1452.010629 195.217600
1403.961367 92.181455
1429.565592 163.312975
1414.672265 34.427590
1407.229605 1992.130863
1584.363646 1666.083853
1561.018418 1638.975734
1591.857765 1711.332615
114.000283 1333.173221
1619.678918 1672.311484
67.862857 1250.352214
70.631181 1202.339222
1612.715791 1597.890418
1583.126674 1597.063123
133.420066 942.605081
147.874806 1237.406286
1629.847989 1638.876208
1625.441873 1692.642079
104.967089 1227.795002
81.216302 1303.794212
1590.890789 1627.429981
119.097372 1261.091766
86.808289 1178.047640
1550.824407 1606.540111
1520.500204 1626.823659
69.435102 1226.519840
1556.308268 1702.161652
111.770859 1291.648320
101.300516 1260.284587
71.294375 1345.513776
1534.675786 1659.417422
129.553853 989.832156
137.982452 907.911371
121.575712 1151.212786
131.928249 1201.810580
1439.590926 40.554303
1390.197382 1755.960610
1396.346895 25.088317
1427.401059 1792.214930
1407.742149 1795.226059
1351.059948 1805.133862
1470.222198 1715.747784
1742.640847 288.417964
1343.277887 1976.831200
1358.135534 1908.309496
1321.785317 1941.250414
1582.097944 157.102033
1520.139015 106.423285
1404.795395 7.310213
1409.413571 1832.734091
1457.066231 1786.769072
1368.924059 1782.517059
1385.141912 1814.139630
1612.112248 181.652301
1370.290708 1998.134113
1314.400970 1763.403535
1407.476853 1714.805605
1361.440030 1946.412713
1379.853704 1721.254091
1285.910269 1915.809769
1675.752625 233.706654
1443.985882 1838.209218
1467.309688 1751.144167
1489.117793 81.049982
1422.953769 1755.764636
868.446887 829.952800
986.537188 1388.009651
1072.440075 1312.479695
567.095958 3.263089
1103.823282 1265.413960
1063.053283 1365.625538
969.509608 1429.535915
1004.459333 1328.048015
946.971472 1365.371337
155.410938 1943.591624
1060.783917 1254.893548
1048.438833 1412.307276
1033.633507 1314.329048
1017.680116 1462.880035
969.940536 1319.976820
925.305381 1414.656992
1015.854422 1425.614806
997.804145 1394.674512
1100.987134 1359.112373
1075.978237 1433.785772
944.918943 1472.600806
1001.652112 1299.217272
519.927833 0.109599
1076.265052 1274.517763
954.117391 1381.835814
1036.270639 1322.235684
1016.453075 1357.521473
981.038513 1350.420516
1006.272913 1342.630418
1027.905121 1270.441391
