-3.429932 2.058050
-1.029100 -3.865353
3.809992 -1.218180
-3.821571 1.181354
-1.583939 -3.673028
-3.710487 1.494084
-0.888517 -3.900069
-1.523997 -3.698302
-3.772397 1.330045
1.540111 -3.691620
-1.298518 -3.783365
3.810972 -1.215112
-3.633741 1.672102
-1.547439 -3.688554
3.725572 -1.456061
-2.136238 -3.381787
-1.408881 -3.743668
-1.111552 -3.842454
0.883101 -3.901299
-3.822401 1.178665
1.113681 -3.841837
-1.480834 -3.715795
-3.445577 2.031748
0.715868 -3.935420
-1.259018 -3.796692
1.393113 -3.749565
3.802209 -1.242260
-3.106714 2.519589
0.733751 -3.932125
-3.812957 1.208866
0.272606 3.990700
-1.664786 -3.637099
0.219417 3.993978
1.877862 3.531803
0.021366 3.999943
-3.350925 2.184332
-3.187506 2.416569
-3.974210 0.453494
-3.992994 -0.236639
0.790566 -3.921098
0.386309 -3.981302
-3.574246 -1.795764
-2.227602 3.322317
0.170161 -3.996379
-3.766568 1.346465
-0.131609 3.997834
1.109266 -3.843114
-3.354380 2.179021
-3.292017 2.272141
-3.984069 0.356648
-3.218312 2.375388
-2.962045 2.688176
-3.146642 -2.469543
-3.576599 -1.791072
-2.612090 -3.029354
-3.576804 1.790662
0.787575 -3.921699
0.780549 -3.923104
-3.358061 2.173345
-3.336542 2.206238
-2.442738 3.167496
3.999411 -0.068633
-2.569530 3.065536
3.868717 1.016382
3.039506 2.600270
3.999912 0.026481
2.793644 2.862787
3.096179 2.532524
-1.133506 3.836035
-2.215040 -3.330705
0.605189 3.953953
-1.671867 3.633849
-1.620703 3.656955
-2.154774 3.370007
3.847670 -1.093359
3.999989 0.009455
3.999994 -0.007118
3.968268 -0.502845
3.579034 1.786202
-2.604288 3.036064
3.992449 -0.245667
3.580849 1.782560
1.057836 3.857588
3.999999 -0.002621
1.129450 3.837231
3.096917 2.531621
3.999987 0.010280
3.986369 -0.329946
-1.256198 3.797627
3.302642 2.256669
-3.995026 0.199416
-1.076963 3.852292
-1.941395 3.497283
-3.716779 1.478361
-3.990062 0.281795
-0.984575 3.876933
-0.579592 3.957786
-1.201303 3.815347
3.932074 0.734024
-3.789767 1.279713
3.941598 0.681034
-0.315699 3.987522
-0.853542 3.907872
-2.983524 2.664316
-3.530773 1.879799
-3.992103 0.251231
-3.862481 1.039828
-1.892552 3.523953
-1.474552 3.718292
-1.359276 3.761964
-3.897986 0.897612
-1.757014 3.593453
-3.666693 1.598550
-2.041492 3.439813
-3.991392 0.262284
-0.802200 3.918734
-3.966354 0.517720
-3.932716 0.730580
3.942243 0.677291
-3.999769 -0.042955
