-3.901238 -0.883369
-3.660851 -1.611883
-3.680925 -1.565500
-3.588591 -1.766922
-3.658966 -1.616159
-3.775861 1.320179
-2.947833 -2.703753
-2.721827 -2.931153
-3.830791 -1.151105
-3.897111 0.901401
-3.994464 -0.210377
-3.669922 -1.591123
-3.297611 -2.264015
-3.968491 0.501081
-1.689715 -3.625584
-3.910594 0.840985
-3.164362 -2.446796
-2.353021 -3.234701
-3.986820 -0.324450
-3.876924 0.984613
-3.971028 0.480555
-3.584775 -1.774652
-3.612338 -1.717851
-3.998262 -0.117893
-3.717149 -1.477432
-3.999750 0.044709
-3.899645 0.890375
-3.737107 1.426193
-3.652257 -1.631262
-3.573063 -1.798115
3.221460 2.371117
3.743080 1.410444
3.866157 1.026077
2.881074 2.774782
3.829703 1.154720
3.704483 1.508910
3.765413 1.349689
3.215438 2.379277
3.532123 1.877260
3.309774 2.246196
3.439334 2.042299
3.927871 0.756194
3.487233 1.959388
3.418361 2.077211
0.782670 3.922681
3.416807 2.079767
3.568978 1.806210
2.722444 2.930580
3.644975 1.647470
3.821968 1.180069
3.406697 2.096286
3.591878 1.760230
2.956499 2.694274
3.285207 2.281976
3.138323 2.480106
3.340679 2.199969
3.198712 2.401716
3.181149 2.424931
3.152880 2.461574
3.895573 0.908024
3.096179 2.532524
3.193830 2.408205
2.968328 2.681237
3.155229 2.458562
3.047686 2.590677
3.589961 1.764138
3.054014 2.583215
3.096179 2.532524
3.275476 2.295922
3.081862 2.549927
3.079570 2.552694
3.096179 2.532524
3.096179 2.532524
3.216832 2.377391
2.973596 2.675393
3.186175 2.418324
3.415629 2.081700
3.530719 1.879901
3.096179 2.532524
3.088751 2.541578
2.870671 2.785543
2.933148 2.719677
2.892361 2.763014
3.342736 2.196843
3.097970 2.530332
3.096179 2.532524
3.141071 2.476625
3.145763 2.470663
3.096179 2.532524
3.055429 2.581541
-3.995026 0.199416
-1.217175 -3.810313
-1.438744 -3.732294
-3.236831 -2.350091
-1.811431 -3.566331
-3.657918 -1.618529
-2.593275 -3.045476
-1.696834 -3.622258
-3.592748 -1.758454
-2.993891 -2.652662
-3.269196 -2.304855
-2.594640 -3.044313
-3.821262 -1.182351
-2.906004 -2.748661
-2.168608 -3.361122
-1.368934 -3.758460
-3.563383 -1.817224
-2.521214 -3.105396
-3.446513 -2.030160
-3.035880 -2.604503
-3.093943 -2.535254
-3.303765 -2.255024
-3.252364 -2.328547
-2.794662 -2.861794
-2.811303 -2.845448
-3.303760 -2.255032
-2.768237 -2.887363
-2.205056 -3.337324
-3.807075 -1.227264
-2.741713 -2.912561
