-3.878744 -0.977416
-3.997848 -0.131205
-3.680925 -1.565500
-3.889986 -0.931670
-3.631462 -1.677047
-3.928721 0.751763
-3.981215 0.387207
-3.966083 0.519796
-3.999086 0.085491
-3.990415 -0.276753
-3.964383 0.532602
-2.885573 -2.770103
-3.445730 -2.031488
-3.697666 -1.525538
-3.986645 0.326587
-3.910594 0.840985
-3.456662 -2.012831
-3.229965 -2.359518
-3.994644 0.206931
-3.991111 -0.266527
-3.992647 -0.242422
-3.585567 -1.773051
-3.967534 -0.508600
-3.992808 0.239762
-3.745121 -1.405015
-3.986765 0.325124
-3.933366 0.727071
-3.981576 0.383479
-3.200964 2.398715
-3.953583 0.607604
2.884407 2.771317
2.115490 3.394805
2.442592 3.167608
2.762825 2.892542
2.739260 2.914868
2.547106 3.084194
3.993394 -0.229791
3.216759 2.377491
3.286129 2.280649
2.714717 2.937739
2.395976 3.203014
3.795564 1.262414
2.700563 2.950756
2.759353 2.895854
2.346751 3.239253
2.068553 3.423607
3.568978 1.806210
0.740585 3.930844
1.489049 3.712510
1.361447 3.761178
0.926601 3.891197
3.721126 1.467387
3.605897 1.731330
3.433040 2.052860
3.142313 2.475050
2.702001 2.949439
2.723677 2.929434
2.772187 2.883571
1.856205 3.543234
1.405829 3.744816
3.096179 2.532524
3.018732 2.624358
3.289554 2.275705
3.344523 2.194121
3.176047 2.431609
3.078177 2.554374
3.307016 2.250255
3.096179 2.532524
3.135279 2.483954
3.098165 2.530094
3.104522 2.522289
3.096179 2.532524
3.096179 2.532524
2.882859 2.772927
2.964510 2.685457
3.317003 2.235507
2.511024 3.113641
2.577040 3.059226
3.096179 2.532524
3.091178 2.538626
3.198286 2.402284
2.927420 2.725841
3.070169 2.563993
3.135659 2.483474
3.104443 2.522387
3.096179 2.532524
3.068487 2.566006
3.404545 2.099779
3.096179 2.532524
3.372386 2.151049
-0.209983 -3.994485
-1.443567 -3.730431
2.112010 -3.396971
0.883057 -3.901309
2.579745 -3.056945
1.863372 -3.539470
2.897827 -2.757281
-1.908028 -3.515598
-2.681798 -2.967821
-2.993891 -2.652662
2.920875 -2.732854
2.626913 -3.016509
-3.472572 -1.985257
1.962173 -3.485667
-0.798097 -3.919572
-2.712474 -2.939810
-3.137197 -2.481531
1.404858 -3.745180
2.583431 -3.053831
3.236847 -2.350068
2.397908 -3.201568
1.315723 -3.777416
0.853728 -3.907832
-2.416123 -3.187844
-2.854836 -2.801769
-2.560126 -3.073395
1.650658 -3.643532
-3.289883 -2.275230
-1.618336 -3.658004
-0.463832 -3.973016
