-3.447408 -2.028639
-3.255027 -2.324822
-2.577186 -3.059103
-0.712115 -3.936101
-3.599344 -1.744914
-0.023120 -3.999933
-2.611349 -3.029993
-3.845867 -1.099685
-3.349611 -2.186345
-1.246878 -3.800697
-2.927965 -2.725256
-1.707819 -3.617092
-3.499005 -1.938289
-3.427795 -2.061607
-3.181000 -2.425127
-3.394580 -2.115851
-3.327781 -2.219431
-0.666454 -3.944089
-2.155294 -3.369675
-3.818069 -1.192623
-3.097571 -2.530821
-3.708784 -1.498307
-3.321571 -2.228714
-3.709744 -1.495929
-2.868700 -2.787573
-0.464356 -3.972955
-3.337271 -2.205135
-0.473455 -3.971881
-3.753761 -1.381767
-3.608046 -1.726848
3.569399 1.805378
3.336507 2.206292
3.382151 2.135662
-1.293693 3.785018
3.111652 2.513488
-0.261741 3.991427
-1.678399 3.630837
3.891963 0.923376
3.539575 1.863172
-1.836723 3.553371
-3.565172 -1.813712
3.909787 0.844728
2.088836 3.411270
-3.374884 -2.147128
-2.607528 3.033282
3.588632 1.766840
-3.600950 -1.741596
-1.708207 3.616909
3.798541 1.253430
3.837344 1.129066
-1.360891 3.761379
3.770032 1.336734
-3.952755 -0.612965
-3.842961 -1.109798
-3.254938 -2.324947
3.585431 1.773325
-1.758908 3.592526
-1.851495 3.545697
-1.603086 3.664712
-3.379790 -2.139396
3.219662 2.373558
1.307396 3.780306
3.573341 1.797563
-1.718267 3.612140
-0.370444 3.982809
1.765376 3.589352
0.321389 3.987068
3.096179 2.532524
3.576237 1.791795
3.101340 2.526200
2.906279 2.748371
3.099962 2.527891
3.110830 2.514506
2.701655 2.949756
-0.818473 3.915367
0.876289 3.902835
-0.941906 3.887520
-1.315796 3.777391
3.099992 2.527855
2.711571 2.940643
0.119400 3.998218
-0.446917 3.974955
3.222248 2.370046
0.288109 3.989611
3.310678 2.244863
3.096107 2.532612
0.347589 3.984869
0.617882 3.951990
3.119659 2.503544
0.993902 3.874553
-3.995026 0.199416
-2.883322 -2.772446
-2.030111 -3.446541
-2.229395 -3.321114
-1.388264 -3.751363
-3.133845 -2.485763
-1.860753 -3.540847
-3.634399 -1.670673
-2.522424 -3.104413
-3.789767 1.279713
-3.247960 -2.334685
-2.612431 -3.029060
-3.188091 -2.415797
-2.201624 -3.339588
-2.551227 -3.080785
-3.163654 -2.447711
-2.763829 -2.891582
-1.305362 -3.781009
-2.913046 -2.741198
-0.086062 -0.220255
-2.005926 -3.460673
-2.614834 -3.026986
-2.806934 -2.849758
-2.341435 -3.243098
-0.829788 -3.912985
-2.320858 -3.257855
-1.490793 -3.711811
-2.897515 -2.757609
-2.969938 -2.679453
-3.739618 -1.419598
