-3.718795 -1.473282
-3.984693 -0.349598
-3.304784 -2.253532
-2.202512 -3.339003
-3.999961 -0.017724
-3.924484 0.773578
-3.999591 -0.057218
-3.955199 0.596994
-3.999197 0.080166
-3.927281 0.759251
-3.926538 0.763086
-3.288993 -2.276516
-3.955022 -0.598167
-3.838328 -1.125717
-2.765448 -2.890034
-3.910594 0.840985
-3.998528 -0.108520
-3.720813 -1.468179
-3.973511 0.459574
-3.362147 2.167019
-3.800975 1.246030
-3.951762 0.619335
-3.992114 0.251050
-3.954133 0.604016
-3.815542 -1.200683
-3.993909 0.220668
-3.452816 2.019421
-3.822384 1.178721
-3.828332 -1.159254
-3.485022 -1.963319
2.307706 3.267184
3.582439 1.779363
3.149968 2.465299
3.056385 2.580409
3.255288 2.324456
3.336261 2.206663
2.181345 3.352870
3.256108 2.323309
2.741248 2.912998
2.840418 2.816385
2.280031 3.286557
2.845787 2.810960
2.243608 3.311529
3.275186 2.296335
2.436913 3.171980
3.756896 1.373219
1.964021 3.484627
3.737848 1.424251
3.510235 1.917877
2.905887 2.748785
2.482959 3.136067
1.912201 3.513330
3.442733 2.036562
3.427421 2.062228
3.768977 1.339706
3.705682 1.505963
2.875579 2.780475
2.726126 2.927155
2.612069 3.029372
2.734580 2.919259
3.096179 2.532523
3.020942 2.621814
3.138537 2.479836
3.194157 2.407771
3.088414 2.541987
3.443513 2.035244
3.139392 2.478753
3.096179 2.532524
3.124914 2.496981
3.095675 2.533140
3.096326 2.532344
3.096179 2.532524
3.096179 2.532524
3.053635 2.583662
3.115707 2.508460
3.011036 2.633185
2.908254 2.746281
2.344984 3.240532
3.096179 2.532524
2.917902 2.736028
3.178082 2.428949
3.115643 2.508539
3.064234 2.571084
3.002896 2.642464
3.110242 2.515233
3.096179 2.532524
3.152170 2.462484
3.189857 2.413465
3.096179 2.532524
2.939007 2.713344
-3.995026 0.199416
-1.220636 -3.809206
-3.831471 -1.148839
-3.105751 -2.520776
-3.679009 -1.569998
-1.646219 -3.645540
-1.815996 -3.564009
-0.628442 -3.950324
-3.180657 -2.425576
-3.605328 -1.732515
-3.691901 -1.539436
-1.950869 -3.492007
-3.170503 -2.438834
-3.686924 -1.551319
-2.145395 -3.375986
-1.022672 -3.867059
-2.392163 -3.205862
-2.823184 -2.833661
-3.322915 -2.226710
-2.967475 -2.682181
-0.099074 -3.998773
-3.390056 -2.123093
-3.184898 -2.420005
-2.182654 -3.352017
-0.897379 -3.898039
-2.800344 -2.856234
-3.440501 -2.040331
-2.949143 -2.702325
-1.461655 -3.723381
-2.297373 -3.274459
