-3.990438 -0.276417
-2.745759 2.154941
2.124435 -3.389215
-3.805368 1.232549
-3.431301 2.055766
-3.220875 2.371911
3.594369 -1.755138
-3.354799 -2.178377
-3.974425 -0.451602
3.630325 -1.679507
-3.689141 -1.546040
0.245650 -3.992450
-3.633741 1.672102
-2.347768 -3.238516
0.137582 -3.997633
-3.999705 0.048595
2.110407 -3.397967
-3.774717 1.323445
3.346265 -2.191463
-3.754485 1.379799
1.558201 -3.684021
3.906293 -0.860743
-3.997112 -0.151986
1.213674 -3.811430
-3.832796 -1.144409
3.585237 -1.773718
3.802209 -1.242260
-3.273305 2.299015
2.253210 -3.305003
-3.695387 1.531050
-0.165281 3.996584
-3.242429 2.342360
0.579829 3.957752
1.428690 -1.167272
1.168417 2.240155
-2.516549 3.109177
1.249137 3.799955
-3.999611 0.055751
-3.697735 -1.525370
2.044167 -3.438224
3.738002 -1.423848
-3.798656 1.253081
-3.998636 -0.104455
-2.591348 2.157506
-3.133869 2.485732
0.119186 3.998224
3.811708 -1.212799
1.747115 3.598276
-3.831547 1.148586
-3.579100 1.786069
-2.945193 2.706628
-3.539983 1.862396
-3.092359 2.537187
2.098721 -3.405197
-3.039546 2.600223
-3.756835 1.373388
-3.022483 2.620037
2.032462 -3.445156
0.474663 3.971737
-3.336542 2.206238
3.388004 -0.438859
3.757901 -1.370468
1.543399 3.690247
3.938893 -0.696508
3.265014 -2.310776
3.999912 0.026481
3.503189 -1.930717
3.096179 2.532524
3.687901 -1.548996
-2.215040 -3.330705
3.696088 -1.529358
-1.671867 3.633849
-1.006847 3.871209
3.998842 0.096233
2.672089 -2.976565
3.995428 -0.191199
3.872866 -1.000456
0.297305 -3.988936
3.478144 1.975478
2.149341 3.373475
1.018945 -3.868042
3.844735 -1.103635
3.631222 -1.677566
-0.613746 -3.952634
3.462137 -2.003400
3.285657 2.281328
3.980051 -0.398987
1.244659 -3.801424
-1.324308 3.774415
3.372191 -2.151355
-0.460276 -3.973430
-3.972312 0.469823
1.472591 -3.719069
-3.063916 -2.571463
-0.401134 -3.979836
-1.121957 3.839429
-0.574660 3.958506
-3.771147 1.333584
3.932074 0.734024
-0.786619 3.921891
3.876684 0.985555
-2.562559 -3.071366
0.423665 3.977500
-2.425525 -3.180696
-2.077208 3.418363
-1.062066 -3.856425
-1.948849 -3.493134
-1.177950 3.822621
-3.989646 0.287618
-3.825984 -1.166982
-2.174444 3.357349
-1.559975 3.683270
-2.835200 -2.821638
-1.135107 3.835562
-1.702635 -3.619535
-1.953872 3.490327
-0.650686 -3.946721
-2.093979 -1.611436
3.528744 1.883604
2.992495 2.654237
