-3.805337 1.232643
-3.825355 1.169042
-3.925142 0.770232
-3.754175 1.380641
-3.706032 1.505099
-3.890564 0.929255
-3.942447 0.676103
-3.986852 0.324048
-3.946217 0.653737
-3.886283 0.946999
-3.975409 0.442860
-3.859981 1.049071
-3.933049 0.728786
-3.909246 0.847226
-3.956190 0.590390
-3.910594 0.840985
-3.849160 1.088104
-3.773341 1.327365
-3.898101 0.897113
-3.697922 1.524918
-3.782803 1.300154
-3.809162 1.220771
-3.854227 1.070018
-3.933048 0.728788
-3.864439 1.032526
-3.772010 1.331141
-3.979634 0.403133
-3.980771 0.391742
-3.857560 1.057935
-3.806875 1.227884
2.553465 -3.078931
3.337397 -2.204944
3.765312 -1.349973
3.999459 0.065765
3.598819 -1.745997
3.999711 0.048083
3.089353 -2.540846
3.296497 -2.265636
3.999094 0.085125
3.992044 -0.252161
3.381914 -2.136038
3.702314 -1.514224
3.991549 0.259882
3.977137 0.427059
3.919493 -0.798484
3.256949 -2.322130
2.955850 -2.694986
3.981844 -0.380679
3.925326 -0.769296
3.836744 1.131104
3.775243 -1.321944
3.942173 -0.677698
3.685753 -1.554100
3.546783 -1.849413
3.018116 -2.625067
3.510660 -1.917099
3.948072 0.642438
3.959070 0.570759
3.749164 -1.394192
3.997847 -0.131227
3.096179 2.532524
3.320514 2.230288
3.294111 2.269104
3.014349 2.629391
3.380855 2.137714
3.337587 2.204658
3.403746 2.101075
3.096179 2.532524
3.212595 2.383114
3.012926 2.631022
3.146016 2.470341
3.096179 2.532524
3.096179 2.532524
2.916369 2.737662
1.867862 3.537102
3.258802 2.319528
3.356662 2.175505
3.188760 2.414913
3.096179 2.532524
3.111819 2.513281
3.595112 1.753617
3.332481 2.212367
3.033743 2.606991
2.952595 2.698552
2.578409 3.058072
3.096179 2.532524
3.450566 2.023262
3.468571 1.992239
3.096179 2.532524
3.095416 2.533456
1.208195 -3.813170
0.949965 -3.885559
2.967101 -2.682594
2.066590 -3.424793
3.154224 -2.459851
2.537558 -3.092054
3.271085 -2.302173
0.322601 -3.986970
2.246828 -3.309345
1.512447 -3.703040
0.137096 -3.997650
0.489418 -3.969946
2.707243 -2.944628
0.591231 -3.956064
2.652056 -2.994428
0.883376 -3.901237
1.422523 -3.738506
2.306167 -3.268271
0.991873 -3.875073
1.518372 -3.700614
0.711441 -3.936223
2.164164 -3.363985
0.898485 -3.897784
3.267174 -2.307721
2.687583 -2.962583
1.869036 -3.536482
1.634109 -3.650985
2.471418 -3.145170
0.671551 -3.943225
1.511509 -3.703423
