-3.641152 -1.655903
-2.745759 2.154941
-2.868692 2.787581
-3.327928 2.219210
-2.542397 3.088077
-1.553713 -3.685916
1.247919 -3.800355
1.425310 -3.001156
0.862208 -3.905969
-2.159324 -3.367093
2.150842 -3.372518
1.322485 -3.775054
0.186702 -3.995640
-2.086722 3.412563
1.813839 -3.565107
-2.396313 3.202762
-2.536287 -3.093097
-2.697329 2.953712
-0.037392 -3.999825
-3.321604 2.228665
3.027628 -2.614091
-3.302614 -2.256711
-1.705119 -3.618366
3.020408 -2.622430
-2.262255 3.298819
0.287258 -3.989672
0.977637 0.274005
-1.205499 -3.814023
1.394774 -2.045851
3.232090 -0.275552
-0.426316 3.977217
-3.242429 2.342360
0.837437 3.911355
1.428690 -1.167272
1.168417 2.240155
-2.903408 2.751403
-3.834099 1.140038
-2.226384 1.030006
-3.475487 1.980149
2.050147 -3.434661
3.239556 -2.346332
0.633101 2.861576
3.662563 1.607991
-2.591348 2.157506
-1.976347 -0.320989
-0.250395 3.992155
3.995518 -0.189308
-3.129367 2.491398
3.668274 -1.594918
-3.354108 -1.990249
-1.422832 3.738389
3.942764 0.674249
-3.892150 0.922587
2.392846 -3.205353
-2.700952 2.950400
-3.057511 -2.579074
-2.334141 3.248351
2.032462 -3.445156
-3.749018 1.394584
-3.578929 -1.786411
3.388004 -0.438859
3.690448 1.542917
3.254604 2.325415
-2.604527 -2.948379
3.835038 -1.136874
3.999912 0.026481
2.643732 -3.001780
3.983209 -0.366119
3.687901 -1.548996
2.965327 -2.684555
3.970613 -0.483978
-2.058472 0.918373
2.121905 1.910723
3.466345 0.066764
1.463865 -3.722512
3.769006 1.339624
-1.644303 -3.646405
-2.998566 -2.647377
-0.718281 -3.934981
3.840247 1.119154
-0.348780 -1.173591
2.523205 -3.103778
3.972109 0.471542
1.342398 3.768019
0.250760 -3.977947
3.443181 2.035806
3.919181 0.800014
1.244659 -3.801424
3.168451 2.441499
2.331692 -3.250110
-0.199416 -3.995026
-3.384596 -2.131786
1.472591 -3.719069
-2.975533 2.673238
-1.875083 -3.533279
-1.425917 -3.737213
-1.120974 -3.839716
-2.861392 2.227100
1.500299 -1.960557
3.457909 -2.010687
3.652282 1.631207
-3.098788 -2.529330
-3.294797 -2.268108
-3.943451 0.670218
3.994639 0.207024
-3.999704 -0.048695
-1.387392 0.683258
-2.989774 -2.657302
-3.540827 -1.860792
-2.788616 -0.361074
-2.174444 3.357349
0.830739 2.369290
-3.290511 2.274321
-3.998906 -0.093546
0.121928 -3.998141
-0.339714 -2.988270
-2.666172 2.981866
-2.093979 -1.611436
3.995394 -0.191909
2.992495 2.654237
