-3.470867 -1.988237
-1.509253 -3.704343
-3.798858 -1.252468
-3.189669 -2.413713
-3.773266 -1.327580
-3.833254 -1.142877
-3.010805 -2.633449
-1.991137 -3.469204
-3.981715 -0.382029
-3.771503 -1.332580
-3.738315 -1.423026
-3.826987 -1.163688
-3.025750 -2.616264
-3.733479 -1.435664
-3.060828 -2.575138
-2.994281 -2.652222
-3.936060 0.712341
-3.976884 -0.429413
-3.896792 -0.902781
-3.716520 -1.479014
-3.807201 -1.226874
-3.761962 -1.359281
-3.499329 -1.937703
-3.733629 -1.435275
-3.880770 -0.969341
-3.931452 -0.737348
-3.040213 -2.599443
-2.579012 -3.057564
-3.514082 -1.910819
-3.931971 -0.734578
1.078079 3.851979
0.936306 3.888873
1.435356 3.733598
-3.178509 2.428390
0.398333 3.980117
-1.154580 3.829745
-1.927609 3.504900
-1.156627 3.829127
-0.310837 3.987904
-1.658260 3.640079
-1.599152 -3.666431
0.328558 3.986483
2.376357 3.217596
-1.215483 -3.810853
-0.398133 3.980137
0.083009 3.999139
-1.301620 -3.782299
-1.922792 3.507545
2.179926 3.353792
0.112315 3.998423
-2.975506 2.673268
1.081081 3.851138
-3.318427 -2.233392
-2.811068 -2.845680
-3.447221 -2.028957
0.230838 3.993334
-1.699853 3.620842
-1.618599 3.657887
-1.881290 3.529979
-0.654688 -3.946059
1.164631 3.826700
0.569473 3.959255
-0.289734 3.989493
-1.684949 3.627802
0.035891 3.999839
1.765376 3.589352
-1.063306 3.856084
3.096179 2.532524
0.283785 3.989921
1.615282 3.659353
1.432565 3.734670
2.818375 2.838444
2.638594 3.006297
1.330560 3.772215
0.059961 3.999551
-0.776602 3.923887
-0.765144 3.926137
-1.505798 3.705749
2.821416 2.835421
0.847184 3.909255
0.741261 3.930716
0.287150 3.989680
-0.139198 3.997577
0.736543 3.931603
0.330452 3.986327
3.015902 2.627610
0.621604 3.951406
0.034039 3.999855
2.745915 2.908600
0.487420 3.970192
-3.995026 0.199416
-3.349179 -2.187007
-2.378261 -3.216190
-3.977637 -0.422378
-1.181780 -3.821439
-3.533304 -1.875038
-3.038992 -2.600871
-1.799752 -3.572239
-0.649441 -3.946926
-3.789767 1.279713
-1.611712 -3.660927
-2.355554 -3.232857
-3.629817 -1.680603
-2.593950 -3.044901
-1.068432 -3.854666
-0.889435 -3.899860
-1.659451 -3.639536
-3.096918 -2.531619
-2.169642 -3.360454
-3.548230 -1.846636
-2.242464 -3.312304
-3.238067 -2.348387
-3.449147 -2.025682
-3.709275 -1.497089
-1.855373 -3.543669
-1.874557 -3.533559
-3.261847 -2.315244
-2.498488 -3.123709
-3.568556 -1.807043
-2.470571 -3.145835
