-3.897495 -0.899740
-3.934715 0.719733
-3.117247 2.506546
-3.798048 1.254922
-3.873159 -0.999318
-0.023120 -3.999933
-3.965220 0.526337
-3.999490 0.063901
-3.978451 -0.414642
-3.996563 0.165778
-3.987676 0.313758
-3.999960 0.017808
-3.960002 0.564254
-3.894013 -0.914691
-3.894371 0.913166
-3.415005 2.082724
-3.954951 0.598636
-3.877496 -0.982358
-3.909544 0.845854
-3.871633 1.005216
-3.964888 0.528830
-3.975562 0.441485
-3.978556 0.413635
-3.998152 0.121559
-3.254709 -2.325268
-0.473455 -3.971881
-3.857421 1.058445
-0.473455 -3.971881
-3.916891 -0.811152
-3.881797 -0.965220
2.603751 3.036524
-0.836804 3.911491
2.134008 3.383195
0.379287 3.981977
2.557230 3.075805
-0.727653 3.933258
-1.437129 3.732916
1.851769 3.545554
2.079735 3.416827
-1.302435 3.782018
-1.889954 3.525347
1.487847 3.712992
2.633689 3.010595
-1.746761 3.598448
-2.033984 3.444257
1.432074 3.734858
-1.962140 3.485686
-1.257107 3.797326
2.753909 2.901032
2.676040 2.973014
-2.997683 2.648376
2.253839 3.304574
-0.868991 3.904466
-2.021880 3.451377
-1.786147 3.579061
2.187629 3.348773
-1.369278 3.758334
-1.286064 3.787617
-1.412602 3.742266
-1.712395 3.614928
3.097354 2.531086
-3.873362 0.998531
3.226820 2.363817
-0.786002 3.922015
-2.827190 2.829664
1.765376 3.589352
-2.314880 3.262105
3.096179 2.532524
3.107991 2.518013
2.849635 2.807059
3.077204 2.555547
3.096196 2.532502
3.096237 2.532453
2.880629 2.775244
-2.224239 3.324570
-3.473692 1.983297
-1.655434 3.641365
-0.979253 3.878281
3.096200 2.532498
2.863402 2.793015
-3.397520 2.111127
-2.151083 3.372365
3.181097 2.424999
-2.782340 2.873775
3.102787 2.524423
3.096179 2.532524
-0.354130 3.984293
-1.934752 3.500962
3.096281 2.532399
1.163439 3.827063
-3.995026 0.199416
-2.264998 -3.296936
-3.253673 -2.326718
-3.828055 -1.160170
-2.352232 -3.235275
-2.577853 -3.058542
-2.554181 -3.078337
-2.121309 -3.391172
-0.606610 -3.953736
-3.921891 -0.786619
-0.888214 -3.900138
-0.764331 -3.926296
-1.441227 -3.731336
-3.759638 -1.365696
0.297122 -3.988950
-1.286663 -3.787413
-3.809094 -1.220983
1.237949 -3.803614
-1.740346 -3.601555
-3.866520 -1.024707
-2.013948 -3.456011
-2.439051 -3.170336
-2.989056 -2.658109
-1.384013 -3.752933
-0.373594 -3.982515
-0.738575 -3.931222
-1.409300 -3.743511
-1.417782 -3.740307
-0.530616 -3.964650
-2.766439 -2.889086
