-3.410250 -2.090501
-3.984693 -0.349598
-3.915611 -0.817306
-3.916937 -0.810927
-3.888860 -0.936360
-3.999965 0.016622
-3.980257 -0.396930
-2.635632 -3.008894
-3.497499 -1.941005
-3.967732 0.507056
-3.999914 -0.026192
-3.490130 -1.954225
-3.265161 -2.310567
-1.750118 -3.596816
-3.660909 -1.611752
-3.910594 0.840985
-1.271704 -3.792462
-3.495500 -1.944603
-3.824070 1.173238
-3.420907 2.073017
-3.999954 0.019229
-3.869781 -1.012323
-3.979838 -0.401112
-3.389931 2.123291
-3.094741 -2.534281
-3.988262 0.306209
-3.972497 0.468260
-3.889040 -0.935610
-3.772818 -1.328849
-3.949689 0.632422
3.369641 2.155347
3.088808 2.541508
3.591692 1.760611
3.274045 2.297962
3.255288 2.324456
3.377986 2.142245
3.001446 2.644111
3.365367 2.162015
3.129931 2.490689
3.392572 2.119069
3.565543 1.812983
3.188345 2.415462
3.050136 2.587792
3.543756 1.855207
2.553584 3.078832
3.601246 1.740984
3.148027 2.467777
2.125600 3.388484
3.567354 1.809415
3.953041 0.611117
3.750204 1.391393
3.051970 2.585629
3.523715 1.892996
3.559953 1.823933
2.973709 2.675267
3.973902 0.456181
3.347169 2.190083
3.340576 2.200126
3.997443 0.143001
3.151554 2.463271
3.096179 2.532524
3.233290 2.354960
3.136120 2.482891
2.917838 2.736096
3.210599 2.385802
3.281459 2.287363
2.969310 2.680149
3.096179 2.532524
3.090736 2.539163
3.095977 2.532770
3.105058 2.521630
3.096179 2.532524
3.096179 2.532524
3.055511 2.581444
3.260316 2.317400
2.923122 2.730451
3.186073 2.418457
3.617608 1.706725
3.096179 2.532524
3.090817 2.539065
3.223135 2.368839
2.948117 2.703444
3.098751 2.529375
3.186132 2.418380
3.254467 2.325606
3.096179 2.532524
2.969210 2.680259
3.175021 2.432949
3.096179 2.532524
3.121102 2.501744
-3.995026 0.199416
-1.670425 -3.634513
-1.070705 -3.854036
-2.229934 -3.320752
-0.538895 -3.963533
-1.194958 -3.817339
-0.640256 -3.948427
-0.536709 -3.963829
-2.309295 -3.266061
-2.993891 -2.652662
-0.201799 -3.994906
-1.478381 -3.716771
-2.520384 -3.106069
-2.488000 -3.132069
-3.391264 -2.121161
-2.040870 -3.440182
-2.303964 -3.269824
-1.020489 -3.867635
0.451427 -3.974445
-1.515677 -3.701719
-1.080954 -3.851174
0.031687 -3.999874
-2.003681 -3.461974
-3.084556 -2.546667
-2.683448 -2.966329
-2.800344 -2.856234
-1.650998 -3.643378
-3.134032 -2.485527
-3.437888 -2.044732
-0.213530 -3.994297
