-3.248137 -2.334439
-2.745759 2.154941
-2.868692 2.787581
-3.592721 1.758509
-2.536504 3.092919
-1.586704 -3.671835
0.715867 -3.935421
1.425310 -3.001156
0.868569 -3.904560
-2.451908 -3.160403
2.155863 -3.369310
1.306061 -3.780768
0.186702 -3.995640
-2.086722 3.412563
1.813839 -3.565107
-2.396313 3.202762
-2.536287 -3.093097
-2.705358 2.946360
-0.312117 -3.987804
-3.595448 1.752928
3.027628 -2.614091
-3.427316 -2.062403
-1.740943 -3.601266
3.002887 -2.642474
-2.262255 3.298819
-0.098857 -3.998778
0.977637 0.274005
-1.268085 -3.793674
1.394774 -2.045851
3.232090 -0.275552
0.357792 3.983966
-3.242429 2.342360
0.058278 3.999575
1.428690 -1.167272
1.168417 2.240155
-2.717241 2.935405
-3.538017 1.866128
-2.226384 1.030006
-3.475487 1.980149
2.048839 -3.435442
3.229648 -2.359952
0.633101 2.861576
2.707576 1.892566
-2.591348 2.157506
-1.976347 -0.320989
-0.250395 3.992155
3.994683 -0.206176
-3.555284 1.833018
3.666015 -1.600105
-3.354108 -1.990249
-1.664288 3.637327
3.943715 0.668664
-3.892785 0.919904
2.406423 -3.195173
-2.685144 2.964794
-3.057511 -2.579074
-2.282838 3.284608
2.032462 -3.445156
-3.404912 2.099184
-2.909707 -2.255043
3.388004 -0.438859
3.690448 1.542917
3.645733 1.645791
-2.604527 -2.948379
3.862427 -1.040028
3.999912 0.026481
2.687979 -2.962224
3.983209 -0.366119
3.687901 -1.548996
2.783400 -2.872749
3.975084 -0.445764
-2.058472 0.918373
2.121905 1.910723
3.466345 0.066764
1.418674 -3.739968
3.756214 1.375085
-1.644303 -3.646405
-2.818999 -2.837824
-1.472156 -3.719241
3.548121 1.846844
-0.348780 -1.173591
2.624280 -3.018800
3.935348 0.716267
1.280784 2.965539
0.250760 -3.977947
3.443181 2.035806
3.913815 0.825863
1.426330 -3.737055
3.169899 2.439619
2.388356 -3.208700
0.583807 -3.957167
-3.384596 -2.131786
1.472591 -3.719069
-2.987670 2.659667
-1.608795 -3.662210
-2.127612 -3.387221
-1.052535 -3.859037
-2.861392 2.227100
1.500299 -1.960557
3.398353 -2.109786
3.751148 1.388844
-3.098788 -2.529330
-3.294845 -2.268038
-3.948205 0.641623
3.998826 0.096916
-3.932350 0.732544
-1.387392 0.683258
-2.413912 -3.189518
-3.550653 -1.841972
-2.788616 -0.361074
-2.174444 3.357349
0.830739 2.369290
-3.294514 2.268519
-3.998908 -0.093461
0.521405 -3.965871
-0.339714 -2.988270
-2.666480 2.981591
-2.093979 -1.611436
3.999391 0.069814
2.992495 2.654237
