-3.837746 1.127701
-3.850314 1.084013
-3.584793 1.774615
-3.671359 1.587804
-3.934318 0.721900
-3.991291 0.263817
-3.914108 0.824477
-3.943403 0.670503
-3.878039 0.980211
-3.888901 0.936188
-3.975165 0.445040
-3.860337 1.047757
-3.876849 0.984909
-3.947210 0.647715
-3.944411 0.664545
-3.910594 0.840985
-3.998571 0.106897
-3.913484 0.827433
-3.903594 0.872900
-3.859137 1.052169
-3.950662 0.626315
-3.898942 0.893448
-3.994637 0.207060
-3.929303 0.748716
-3.936252 0.711283
-3.910801 0.840020
-3.941621 0.680901
-3.788567 1.283261
-3.992281 0.248378
-3.939947 0.690518
3.271648 2.301373
3.495033 1.945442
3.960187 -0.562956
3.223763 2.367985
3.990705 0.272526
3.994782 0.204244
3.894544 -0.912430
3.949877 -0.631245
3.579217 1.785835
3.982068 -0.378329
3.792098 1.272789
3.953189 -0.610161
3.992746 0.240783
3.924080 -0.775626
3.690121 1.543699
2.769755 2.885906
3.490407 1.953730
3.900237 -0.887780
3.996861 -0.158427
2.759904 2.895329
3.658412 1.617411
3.775336 1.321680
3.722848 1.463012
3.685912 1.553723
3.615305 1.711599
2.976730 2.671905
3.999033 0.087962
3.971804 -0.474101
2.523969 3.103156
3.284555 2.282914
3.096179 2.532524
3.290343 2.274564
3.282215 2.286278
3.127272 2.494026
3.101353 2.526185
3.206519 2.391284
3.279501 2.290169
3.096179 2.532524
2.968760 2.680758
3.054388 2.582772
3.139010 2.479236
3.096179 2.532524
3.096179 2.532524
2.891742 2.763662
2.894942 2.760310
3.260973 2.316474
3.112760 2.512116
2.462241 3.152360
3.096179 2.532524
3.094131 2.535025
3.332451 2.212413
3.015240 2.628370
3.187317 2.416818
3.567808 1.808521
3.072964 2.560643
3.096179 2.532524
3.095679 2.533135
3.451839 2.021091
3.096179 2.532524
3.141387 2.476225
2.280434 -3.286277
2.329713 -3.251528
0.105483 -3.998609
0.432261 -3.976575
0.776596 -3.923888
1.590376 -3.670246
0.205860 -3.994699
0.661869 -3.944861
1.247153 -3.800606
-0.154930 -3.996998
-0.112800 -3.998409
-0.296406 -3.989003
1.238625 -3.803394
2.182463 -3.352142
0.352356 -3.984450
-1.305171 -3.781075
1.452501 -3.726961
-2.456341 -3.156959
-0.418002 -3.978099
1.183842 -3.820801
0.338479 -3.985653
1.874365 -3.533661
-0.307962 -3.988127
0.121250 -3.998162
1.186593 -3.819947
1.146387 -3.832205
-0.575841 -3.958334
1.261118 -3.795995
1.638374 -3.649072
1.327692 -3.773226
