-3.979512 0.404331
-3.598331 -1.747002
-3.440681 -2.040028
-3.588292 -1.767529
-3.990702 -0.272580
-0.023120 -3.999933
-3.589377 -1.765325
-3.808927 -1.221505
-3.998034 -0.125380
-3.912811 -0.830608
-3.997924 -0.128846
-3.999811 -0.038910
-2.790186 -2.866158
-3.981376 0.385542
-3.657632 -1.619175
-2.817669 -2.839144
-3.903418 0.873686
-3.613975 -1.714404
-3.720598 -1.468724
-3.218399 -2.375271
-3.420904 -2.073021
-3.865498 -1.028555
-3.537852 -1.866442
-3.988868 0.298213
-3.944127 -0.666231
-0.473455 -3.971881
-3.890456 -0.929707
-0.473455 -3.971881
-3.306448 -2.251089
-3.741321 -1.415103
-1.078211 3.851943
1.293038 3.785242
0.013334 3.999978
-0.711032 3.936297
3.263050 2.313549
-1.093386 3.847662
-2.323830 3.255735
1.915265 3.511661
1.564155 3.681497
-0.826291 3.913725
-2.807485 2.849216
2.776043 2.879859
0.178622 3.996010
-1.526454 3.697288
-1.804364 3.569912
1.898628 3.520683
-0.930601 3.890242
-2.125305 3.388669
2.194424 3.344324
2.715639 2.936886
0.014645 3.999973
0.168270 3.996459
-1.204309 3.814399
-0.457935 3.973701
-1.485498 3.713933
2.874567 2.781522
-0.801833 3.918809
-0.856828 3.907153
-1.314343 3.777897
-0.676117 3.942444
3.100126 2.527691
1.007101 3.871143
3.094426 2.534666
0.978938 3.878361
-0.752079 3.928661
1.765376 3.589352
-0.594871 3.955519
3.096179 2.532524
3.304086 2.254554
3.146987 2.469104
3.227740 2.362561
3.096237 2.532453
3.096376 2.532282
3.158593 2.454239
1.483941 3.714555
-1.356996 3.762786
0.646591 3.947394
2.511261 3.113449
3.096245 2.532443
3.122408 2.500114
2.094984 3.407498
0.908115 3.895552
3.093440 2.535869
1.018704 3.868106
3.260888 2.316594
3.096179 2.532524
-0.092787 3.998924
0.853722 3.907833
3.096509 2.532120
0.394461 3.980503
-3.995026 0.199416
-3.209121 -2.387791
-3.513296 -1.912263
-3.281154 -2.287800
-2.804804 -2.851855
-3.934388 -0.721522
-2.250102 -3.307120
-2.620266 -3.022285
-1.154928 -3.829640
-3.921891 -0.786619
-2.426532 -3.179928
-2.816851 -2.839956
-3.764715 -1.351637
-3.129683 -2.491001
-1.523660 -3.698440
-3.685942 -1.553651
-3.159538 -2.453022
-3.876436 -0.986530
-3.389133 -2.124565
-3.552941 -1.837556
-3.983648 0.361310
-3.403611 -2.101293
-3.722049 -1.465044
-2.546423 -3.084758
-2.752831 -2.902055
-3.147325 -2.468673
-2.888023 -2.767548
-3.981157 -0.387795
-0.537204 -3.963762
-1.900568 -3.519637
