-3.703169 -1.512131
-3.221084 -2.371627
-3.761506 -1.360542
-3.992598 -0.243231
-2.980634 -2.667549
-0.023120 -3.999933
-2.889076 -2.766449
-2.762069 -2.893264
-3.476784 -1.977870
-3.678603 1.570948
-3.899851 0.889471
-3.910407 -0.841851
-3.851819 -1.078651
-0.663017 -3.944668
-3.983794 -0.359703
-3.910594 0.840985
-3.969872 -0.490015
-3.766595 -1.346388
-3.978461 0.414546
-3.954412 0.602184
-3.840021 1.119928
-3.552659 -1.838101
-2.469751 -3.146479
-3.900177 0.888042
-3.604868 -1.733473
-3.781833 1.302973
-3.565423 1.813218
-3.411196 2.088957
-3.663266 -1.606389
-3.512100 -1.914459
3.820890 1.183555
3.474897 1.981184
3.297975 2.263484
-0.681666 3.941489
2.440183 3.169465
0.374106 3.982467
1.245052 3.801295
1.635285 3.650458
2.873604 2.782517
0.591265 3.956059
0.187554 3.995601
1.766959 3.588573
2.040701 3.440282
0.552155 3.961707
0.052554 3.999655
1.354239 3.763780
-0.445843 3.975075
0.567772 3.959499
2.151325 3.372210
2.585676 3.051931
-0.387184 3.981217
2.651537 2.994888
-1.307680 3.780208
0.520428 3.966000
1.516251 3.701484
3.137252 2.481462
0.758721 3.927384
0.426687 3.977177
0.456062 3.973916
2.603386 3.036838
3.096199 2.532499
3.104975 2.521731
3.099989 2.527859
3.190229 2.412974
3.306512 2.250994
3.240907 2.344466
3.063081 2.572457
3.096179 2.532524
3.162872 2.448722
3.287002 2.279390
3.145336 2.471207
3.096179 2.532523
3.096180 2.532523
3.131125 2.489187
3.275901 2.295316
3.216342 2.378054
3.447877 2.027842
3.262713 2.314024
3.096179 2.532523
3.130142 2.490424
3.617110 1.707781
3.602097 1.739224
3.092485 2.537033
3.295643 2.266878
3.100699 2.526987
3.096179 2.532524
3.090848 2.539027
3.705847 1.505557
3.096180 2.532523
3.488826 1.956551
-3.995026 0.199416
-1.711721 -3.615247
-0.907887 -3.895605
-3.989534 -0.289162
-0.959888 -3.883119
-2.178548 -3.354688
-2.673404 -2.975384
-1.596316 -3.667666
-1.112849 -3.842079
-3.921891 -0.786619
-2.065173 -3.425647
-0.541845 -3.963131
-2.264350 -3.297381
-2.170674 -3.359788
-1.471256 -3.719598
-2.149302 -3.373500
-1.828471 -3.557625
-1.491589 -3.711491
-1.307125 -3.780400
-1.789761 -3.577255
-2.936970 -2.715550
-2.408704 -3.193454
-3.989532 -0.289198
-0.957891 -3.883612
-1.522716 -3.698829
-1.782386 -3.580935
-2.421811 -3.183525
-0.193079 -3.995337
-1.304330 -3.781365
-1.615855 -3.659100
