-3.999178 -0.081088
-3.913169 -0.828918
-3.996153 -0.175387
-3.995727 0.184832
-3.975580 0.441320
-3.824851 1.170689
-3.994150 0.216255
-3.977472 -0.423927
-3.961624 0.552755
-3.897618 0.899208
-3.943181 0.671803
-3.910654 0.840703
-3.841334 1.115415
-3.980353 -0.395968
-3.870461 1.009719
-3.910594 0.840985
-3.876014 -0.988188
-3.981836 0.380767
-3.918485 0.803416
-3.908912 0.848770
-3.924845 0.771747
-3.993240 0.232448
-3.504526 -1.928289
-3.933311 0.727368
-3.863936 1.034409
-3.950546 0.627045
-3.906668 0.859038
-3.886217 0.947270
-3.996507 -0.167119
-3.817870 -1.193258
3.858164 1.055731
3.964186 -0.534071
3.223663 2.368122
3.817622 1.194052
3.993903 -0.220760
3.281534 2.287255
3.925765 -0.767054
3.899047 0.892992
2.778054 2.877919
3.850955 1.081734
3.699638 1.520750
3.971309 0.478229
3.874443 0.994331
3.258812 2.319514
3.972748 0.466127
2.841534 2.815259
3.761802 1.359724
3.969480 -0.493184
3.186290 2.418172
3.550408 1.842444
3.989076 0.295418
2.959613 2.690853
3.810328 1.217127
3.692520 1.537953
3.501644 1.933518
3.276635 2.294268
3.998507 0.109283
3.744328 1.407129
3.762235 1.358525
3.910554 0.841170
3.096179 2.532524
2.975616 2.673146
3.129987 2.490619
3.107615 2.518477
3.152575 2.461965
2.229351 3.321143
2.583612 3.053678
3.096179 2.532524
2.955489 2.695382
3.112610 2.512302
3.136246 2.482733
3.096179 2.532524
3.096179 2.532524
3.064740 2.570480
3.078982 2.553404
3.115533 2.508675
3.077051 2.555730
2.667127 2.981012
3.096179 2.532524
3.096680 2.531911
2.487220 3.132688
3.175966 2.431716
3.225337 2.365840
2.456490 3.156843
3.101882 2.525535
3.096179 2.532524
3.114892 2.509472
2.907872 2.746685
3.096179 2.532524
2.919020 2.734835
3.577098 -1.790074
1.922389 -3.507766
2.084916 -3.413667
3.299992 -2.260543
2.765249 -2.890225
1.846027 -3.548547
2.040513 -3.440394
-1.477323 -3.717192
-2.734844 -2.919012
1.560308 -3.683129
2.016593 -3.454469
2.677926 -2.971315
-0.565187 -3.959869
1.362330 -3.760858
-2.986580 -2.660891
-2.535328 -3.093883
-2.587134 -3.050695
2.136464 -3.381645
0.542940 -3.962981
2.615771 -3.026176
2.624466 -3.018639
1.853070 -3.544874
2.935834 -2.716777
-1.428290 -3.736307
-2.863658 -2.792752
-1.956632 -3.488781
0.015104 -3.999971
-1.582189 -3.673782
-2.199708 -3.340851
-1.120444 -3.839870
