1.069848
0.773530
1.344169
-0.016240
1.101619
0.114068
1.322429
1.589686
0.012205
1.248808
1.291021
0.919282
1.115917
0.354135
0.824147
1.462417
1.341767
0.657670
0.179066
1.689369
0.996515
1.342649
0.306181
0.477536
1.639969
1.055255
1.392034
0.951904
1.286853
1.051736
0.686601
1.173245
-0.033019
0.702592
0.987876
1.241947
0.488500
0.950571
0.934238
0.898389
1.326833
1.057101
0.506312
1.309288
0.900302
1.616179
1.058139
0.656198
1.120696
0.887108
1.044051
0.948753
1.470826
1.237794
0.998538
1.836302
1.126801
1.309430
0.109697
1.190742
0.808274
1.073189
1.329154
1.137422
0.532612
1.313275
1.583263
1.462455
0.999363
0.812455
1.170725
1.321854
0.912706
0.096255
1.131922
0.955353
0.956253
1.710230
1.165560
1.202443
1.265616
1.416887
0.177321
0.878571
1.508255
1.467107
0.798908
0.990633
1.006920
1.349350
1.944865
0.457534
0.626466
1.633209
1.596505
1.697319
1.376244
0.165032
1.208068
0.532668
1.184539
0.851713
1.763003
1.106161
1.627116
0.938178
0.993249
1.396695
0.416067
1.083681
1.217978
1.086528
1.034284
0.455634
0.975736
1.058021
1.093232
1.614261
1.109879
0.968365
0.662082
1.777924
0.509757
0.711447
0.873458
1.028837
0.482167
0.482602
1.249989
1.031484
1.748032
0.883978
-0.018481
0.118084
1.907594
1.766627
0.684175
1.401782
1.258359
0.497002
1.300089
1.193205
0.453182
0.894041
0.783393
1.296296
1.556770
1.187742
0.503672
0.020166
0.652336
1.000898
1.204028
1.063746
0.085748
1.608550
0.760212
0.696024
1.105665
1.137927
1.512727
0.322010
0.852882
1.865093
1.706297
0.914163
0.114757
0.927397
1.209764
1.429983
0.021286
0.303917
1.596541
0.675241
0.164372
1.252172
1.242776
1.273452
0.829339
1.548750
1.789325
0.302947
1.147487
0.732669
0.251159
1.218568
0.560800
1.085771
0.919609
1.359691
1.788905
1.542652
-0.025869
0.474246
0.303561
1.891526
1.012675
0.813653
1.189363
0.499127
-2.024955
-2.418048
-0.253080
-0.771585
-2.456366
-2.651668
-0.745479
-2.130182
-2.080405
-1.994844
-0.533275
-0.976794
-2.144995
-2.373018
-1.212400
-0.284195
-2.546919
-2.102056
-2.145708
-2.168747
-2.381500
-0.918936
-2.254212
-0.598049
-2.031776
-0.958789
-2.058520
-0.948634
-1.078085
-1.094270
-0.649117
-0.614210
-2.480176
-2.035079
-1.351950
-2.232973
-2.050467
-2.131010
-1.069163
-2.410526
-1.923497
-1.282479
-1.919328
-2.106623
-0.578209
-2.016623
-2.468914
-2.316992
-2.215106
-0.583851
-0.475042
-2.645261
-2.302040
-2.047098
-1.983577
-2.349005
-2.395731
-1.825472
-0.576824
-0.637578
-2.477759
-2.194441
-2.044973
-2.278820
-1.861382
-2.539548
-1.956185
-2.242574
-0.762198
-2.287110
-1.495610
-2.484695
-2.202811
-2.280492
-2.312986
-2.655375
-0.649590
-2.096426
-1.265394
-2.137005
-0.618290
-1.466048
-2.301981
-0.857555
-2.480366
-2.566638
-2.007416
-2.098794
-1.950802
-0.832812
-0.214287
-0.922781
-0.879612
-2.151226
-0.504672
-1.978297
-0.544238
-0.974558
-2.516795
-2.084598
-2.121489
-0.581603
-2.238423
-2.398890
-2.543113
-2.405448
-2.544422
-2.116864
-1.607365
-2.301001
-2.387859
-2.443424
-2.100776
-0.856902
-2.092272
-0.437360
-2.155988
-1.330404
-1.370911
-2.095628
-2.038350
-2.470891
-0.706127
-0.575297
-1.526081
-0.672218
-1.325744
-1.000355
-0.648236
-2.023521
-2.462169
-2.000685
-2.174038
-2.261263
-1.545698
-0.702216
-2.254016
-2.407516
-1.903075
-2.148753
-2.329012
-0.436580
-0.656898
-0.441897
-2.426245
-2.353329
-2.515298
-2.214306
-2.056669
-2.255813
-2.380602
-0.533295
-0.948099
-1.936040
-2.161658
-2.849464
-2.037792
-1.219336
-1.908708
-3.010620
-2.108154
-1.961175
-0.666481
-2.483551
-2.386511
-1.840497
-2.205556
-0.652855
-1.973806
-2.519854
-2.074170
-2.690833
-2.577855
-1.884740
-2.031286
-2.173258
-2.292820
-0.524368
-2.017446
-2.641777
-0.586784
-0.830925
-2.772463
-1.848448
-0.948597
-2.263505
-2.125500
-2.324055
-2.571551
-2.332543
-2.229739
-2.189861
-2.892086
-2.116193
-2.506007
-1.904075
-2.141939
-2.149367
-2.220472
-2.243743
0.565786
0.604614
0.287634
0.493889
0.838721
0.804124
0.329345
0.794529
0.183317
1.238440
-0.249005
0.389717
0.696206
0.560493
0.671585
0.711104
0.512270
1.720935
0.999304
0.089867
0.608796
0.049021
0.559165
0.722767
0.488162
0.756325
0.426332
1.410742
0.212357
0.195695
0.050216
0.070201
0.126406
0.661808
0.488151
0.399874
0.653898
0.556701
0.550565
0.367825
0.127193
0.520351
0.614654
0.160210
0.467965
1.758398
0.300877
0.395436
0.502513
0.249409
0.618640
0.689741
0.559261
0.218706
1.138351
1.154600
0.943653
0.382491
0.960658
0.481813
1.011351
0.458017
0.271370
0.426713
0.539833
0.974898
1.035879
0.667398
0.622464
0.449959
0.279901
0.159941
0.531608
0.253540
0.050488
0.629464
0.875590
0.602706
0.530954
0.555327
1.634510
0.648229
1.549311
0.874243
0.725528
0.193503
0.919999
0.838920
1.079160
0.137407
0.371737
0.492254
0.843456
0.385654
0.885737
0.296577
0.496153
0.332165
0.368774
1.889480
0.662487
0.840748
0.481146
-0.085113
0.014886
0.131916
0.329609
0.663625
0.262815
0.575047
0.131431
0.934687
0.368812
0.494066
0.498712
0.983484
0.456686
0.668968
0.720987
0.686057
0.587335
0.489830
0.595432
1.016426
0.612133
1.487681
0.042561
0.625984
0.561205
0.957942
0.536072
1.808661
0.500693
0.233336
0.617952
0.510241
0.245396
0.666642
0.599882
0.373014
0.693121
0.481479
-0.373161
0.332506
0.033711
0.164220
1.035414
1.406434
1.348907
0.000264
0.738202
0.375363
1.725055
0.127102
0.361337
0.068638
0.570818
0.701957
0.648585
0.775103
0.635808
1.526943
0.265893
0.305977
0.082022
1.397094
0.825142
0.375711
1.131793
0.473934
0.718157
1.094191
0.436632
0.192582
0.893566
0.640803
0.776948
0.463854
0.480645
0.793262
0.546839
0.717129
0.514540
0.502231
0.919012
0.645950
-0.054110
0.250975
0.719142
0.759760
0.404180
0.322435
1.063198
0.532300
0.613450
0.872104
0.431182
0.355699
0.548425
0.582114
-0.235634
-0.045209
0.105978
-0.799500
0.192663
-0.036482
-0.059712
-0.102964
-0.145785
-0.155404
0.238531
0.069858
0.098111
0.235465
-0.112621
-0.611931
0.075260
0.042867
0.369359
-0.479803
0.109863
-0.054888
0.363993
-0.037793
-0.497141
0.113208
0.373842
-0.248841
0.047980
-0.324023
0.160774
0.209863
-0.155727
-0.316605
-0.212185
0.084099
-0.048992
-0.019674
-0.262754
0.501865
-0.015154
0.109819
-0.371216
0.033165
0.318111
-0.390916
0.145557
-0.195476
0.381264
-0.204365
-0.175026
0.086985
0.251092
0.477523
-0.068938
0.006478
0.047327
-0.024812
-0.657256
0.108370
-0.055926
-0.133815
0.551470
0.019834
0.586585
-0.305817
0.030625
-0.259623
0.086900
0.162677
-0.032472
-0.609207
0.279398
-0.421565
-0.206532
-0.033543
-0.285218
0.247078
0.155721
0.397492
-0.093554
0.539305
0.179801
0.256053
-0.345663
0.153657
0.035487
-0.437777
-0.164634
-0.052378
0.007472
-0.097247
0.051147
-0.480764
-0.092352
0.010287
0.250599
-0.164677
0.088446
-0.349056
-0.483464
-0.437398
0.016585
0.348659
0.081160
0.377114
-0.066028
-0.417371
0.071084
-0.052631
-0.037536
-0.160271
-0.176016
0.015918
-0.164714
-0.199431
0.164562
0.070749
0.260320
0.487852
-0.176860
0.315732
0.008873
0.035653
-0.153763
0.184368
0.254395
0.079105
-0.002898
0.222799
0.195303
-0.122324
-0.084322
0.092181
-0.048673
0.149283
0.696326
-0.394570
-0.092408
-0.327869
0.700607
-0.330031
-0.356591
-0.044052
0.060822
0.301540
-0.226131
-0.503264
-0.012119
0.066638
-0.053947
0.157821
-0.416822
0.148794
0.116560
0.114973
-0.181903
0.214251
0.052790
0.013744
-0.071467
0.261249
0.308791
-0.041258
0.270279
0.120265
-0.462667
-0.390885
0.073503
-0.049606
-0.157651
-0.171799
0.190058
0.182684
0.118682
0.508764
0.007998
0.134474
0.267895
-0.036727
-0.047352
-0.300007
0.453491
-0.061783
-0.028365
-0.400004
0.275738
-0.222377
0.218350
0.231482
0.181885
0.245510
0.462836
-0.116146
0.166057
0.148219
0.034481
-0.418448
-0.055650
0.337901
