1.028625
0.118928
1.109107
0.671767
0.699320
0.846641
-0.212833
1.230607
0.888087
1.303215
1.523824
1.372893
1.236119
0.098381
0.015326
1.553925
1.354528
1.031744
1.026555
0.506267
1.612854
0.998440
0.974175
0.731933
1.181820
0.992586
1.371826
1.235381
1.417752
1.095592
0.128721
0.399040
0.810109
0.841420
1.198094
-0.162922
0.118564
1.797437
1.516347
0.802641
1.452696
1.126032
1.357160
1.180391
-0.168571
1.432801
1.639897
0.182357
0.145204
1.153098
-0.098666
1.053209
1.488085
1.878500
1.456687
1.568631
1.185504
0.640125
0.833889
1.459665
1.210830
1.171919
0.775606
0.965479
0.934939
1.219390
-0.039339
1.321135
-0.092728
0.047303
0.948610
0.725524
-0.070647
0.690445
1.481063
1.413489
1.178320
0.406453
1.178757
1.200903
-0.043814
1.428063
0.749915
1.190432
1.124199
1.083720
0.739179
1.808190
1.244453
1.290890
1.098366
0.638402
1.355671
1.478328
1.567025
1.521868
1.189235
0.927326
1.240194
-0.029116
1.650465
1.089770
1.124354
1.512025
1.947954
1.363634
1.243237
0.991168
0.584834
1.174353
-0.184316
1.361113
-0.110573
0.800302
0.070986
1.374325
1.330978
1.049903
1.359101
1.208730
1.642031
1.039078
1.280353
0.043811
1.288671
1.426611
0.714194
0.732539
1.137432
1.096934
1.420783
-0.048347
0.962012
1.074332
1.684339
1.746193
0.062531
1.248943
0.714548
0.880197
1.964942
1.224953
0.710450
1.157808
0.046166
1.481948
1.229521
1.095240
0.851124
0.729864
1.355671
1.842978
1.662177
0.105873
0.993591
1.764700
1.999447
1.528455
-0.057983
1.441610
1.731820
1.434539
1.486681
-0.192260
1.820402
0.124080
0.834706
0.868662
0.794942
1.062681
0.751361
0.806232
1.671949
1.281796
1.094811
1.293355
1.521833
-0.110025
2.100284
1.066351
1.399050
0.085258
0.876567
-0.186367
0.467126
1.281821
0.750402
0.813270
1.270830
1.556882
0.653078
1.098743
0.994495
1.103408
0.302456
1.432343
0.933992
1.251933
1.691762
0.899614
-1.381741
-1.690823
-0.338754
-0.370457
-1.947415
-1.692473
-0.592819
-2.134248
-1.446039
-1.666735
-0.383263
-0.582385
-1.360387
-2.083857
-0.647143
-0.595948
-2.545503
-1.468155
-1.822431
-1.718800
-2.130827
-0.343849
-1.856544
-0.598730
-1.970937
-1.541230
-0.793017
-2.012317
-0.398582
-1.094270
-0.743622
-0.563641
-1.483957
-1.170238
-0.346552
-1.803255
-1.637740
-1.681636
-0.376736
-1.712526
-1.525919
-0.316911
-1.820334
-1.423083
-0.738486
-1.012340
-1.944256
-1.654711
-1.744663
-0.400805
-0.879924
-1.755800
-1.461167
-1.904341
-1.613016
-1.981135
-2.260526
-1.298784
-0.465032
-0.724862
-1.760614
-1.751407
-1.159752
-1.918841
-1.940855
-1.602464
-1.701338
-1.776170
0.042986
-1.842288
-0.475794
-1.451424
-1.660998
-1.737129
-1.326145
-1.873576
-0.332014
-1.748144
-0.311737
-1.805009
-0.548451
-0.079492
-1.465716
-0.417988
-1.562792
-1.552683
-1.307076
-1.830414
-1.843744
-0.513916
-0.561247
-0.587514
-0.671072
-2.117192
-0.469822
-1.332982
-0.706618
-1.210280
-1.627077
-2.068236
-1.728918
-0.479762
-1.578581
-1.453643
-1.446672
-1.668509
-1.596022
-2.324334
-1.644062
-2.233687
-1.829142
-1.749411
-1.773527
-0.549806
-1.643732
-0.771322
-1.940219
-0.223346
-1.698160
-1.361213
-1.851808
-1.769594
-0.168926
-0.717466
-0.365930
-0.745987
-0.483628
-0.485709
-0.373787
-1.559567
-1.782779
-1.628591
-1.715890
-2.033108
-0.666187
-0.554280
-1.643763
-1.919299
-1.188327
-1.672159
-1.511223
-0.011091
0.028229
-0.502833
-1.952037
-2.092615
-1.954393
-1.841226
-1.999686
-1.535366
-2.022489
-0.671747
-0.152466
-1.292968
-1.476947
-1.721077
-2.029501
-0.388663
-1.114588
-1.496023
-1.676252
-2.114329
-0.328975
-1.626955
-1.734620
-1.953275
-1.620576
-0.074111
-1.767880
-2.201309
-1.994907
-1.767949
-1.729837
-1.803835
-1.088891
-1.277901
-1.775345
-0.706108
-1.624255
-2.183628
-0.582710
-0.605196
-1.703927
-1.671989
-2.074594
-1.634726
-1.665002
-2.001323
-1.722809
-1.914546
-1.481262
-1.766683
-2.408844
-1.171090
-2.013063
-2.004103
-1.372969
-1.677934
-1.790773
-1.795662
0.039114
-0.432973
-0.064440
-0.065007
-0.671515
0.091472
-0.369941
0.127852
-0.477108
-0.702380
0.340043
0.169180
0.368957
0.032480
-0.940816
-0.532443
0.226499
1.491151
0.187689
0.116206
-0.632901
-0.049618
-0.094388
0.236257
0.377833
-0.579979
0.422107
0.951612
-0.043786
0.534468
0.119179
-0.179200
-0.025290
-0.242807
0.363872
0.191837
-0.482259
-0.116168
-0.435422
0.047539
-0.030223
-0.426134
0.000475
-0.824838
0.418214
1.340103
-0.380652
-0.905735
0.081007
-0.167618
-0.886707
0.350212
-0.045843
-0.707827
0.072061
0.164062
0.092805
-0.214870
0.260200
0.633039
0.638325
-0.376948
-0.076049
0.099463
0.167095
0.041198
0.071868
-0.262721
0.218127
-0.730988
-0.443952
0.425447
-0.188340
-0.335508
-0.040549
-0.342105
0.157636
0.694203
0.362920
-0.164621
1.569060
-0.046332
1.328354
0.224766
-0.536704
0.114869
0.470892
0.021013
0.426267
-0.249584
-0.390481
-0.218803
-0.569372
-0.460995
0.251852
-0.133642
0.008978
0.057287
-0.076420
1.636600
-0.010591
-0.043940
-0.184726
-0.364581
0.183216
-0.286988
-0.071319
-0.168434
0.057709
-0.526123
-0.064919
0.144997
-0.086442
0.022582
-0.358128
0.062470
-0.287463
0.088954
0.127582
0.027690
-0.143629
-0.101574
-0.090126
-0.134642
0.149712
1.340013
0.422184
0.271520
-0.124102
-0.131732
-0.052976
1.017995
0.091153
-0.051453
0.175953
-0.194490
-0.129477
-0.065065
-0.487818
0.003706
-0.429192
0.090214
-1.162855
0.519505
-0.357605
-0.123947
-0.450177
1.200438
1.078946
-0.843451
0.107900
0.539351
1.513626
-0.090096
0.701983
0.116047
0.017702
0.063812
0.213344
-0.595848
-0.139751
1.147435
-0.465177
0.083171
-0.118998
1.515582
-0.270154
-0.250042
-0.362212
-0.138699
-0.246745
0.112443
-0.418923
-0.126962
-0.354682
-0.055450
0.057000
-0.082511
0.118213
-0.959004
-0.100812
-0.011110
-0.641932
-0.066719
-0.767857
-0.521290
0.272501
-0.599873
0.066592
-0.444097
-0.366704
-0.058164
-0.334204
-0.077234
-0.656521
-0.036614
-0.251447
0.048673
0.017246
-0.252714
0.370570
-0.110658
-0.520493
0.066754
0.629634
0.152533
-0.531301
0.452872
0.789852
0.439415
0.215141
0.376109
-0.337573
0.602532
0.129118
-0.283328
0.007749
0.375440
0.382140
0.108656
0.536607
0.242055
-0.105961
0.539333
-0.038992
0.296502
-0.150702
-0.640701
0.095250
0.134126
-0.018924
0.668012
0.728982
-0.318588
0.305832
0.124156
0.340914
0.158498
-0.098484
0.146066
0.328581
0.589212
-0.035692
0.356391
0.475525
-0.480629
0.767830
-0.272040
0.300198
0.043840
0.235956
0.330829
0.361180
0.180557
-0.676634
0.291348
0.404018
-0.462684
-0.009207
0.294310
-0.313683
-0.640077
0.693343
-0.002728
-0.013993
0.670675
-0.224617
-0.411546
0.297240
0.561340
-0.069495
-0.427686
0.411467
0.099518
-0.197343
0.462152
0.162142
0.443428
0.179949
-0.169355
0.636001
0.537507
0.333291
0.443808
0.249166
0.200251
0.323812
0.197978
0.244192
0.430426
-0.512210
1.012763
-0.108140
0.512270
0.207705
0.367855
0.230937
-0.584665
0.108104
0.548273
-0.226773
-0.131166
0.541098
0.283209
-0.245023
-0.336763
0.696704
0.421579
0.177672
-0.157346
0.002410
0.387133
-0.338174
0.320086
0.094691
0.080620
0.344557
0.592743
0.416822
0.342089
-0.301001
0.067522
0.201548
0.764688
-0.641068
0.107476
0.387196
0.161343
0.165799
0.336565
1.027548
-0.689313
0.756646
0.423036
0.864093
0.388541
0.045363
0.607087
-0.151355
-0.108270
0.700607
0.306761
0.198310
0.643900
0.214518
0.010685
-0.876874
-0.168332
-0.141069
0.251178
0.365029
0.092371
0.686206
-0.629802
0.585682
0.876773
-0.048964
-0.339091
0.447179
0.455311
0.386682
0.353952
0.610348
0.690729
0.289538
0.205460
0.158893
0.038466
0.232983
0.224717
0.178925
0.002914
0.472665
0.361399
0.156554
0.648928
0.031311
0.280890
0.776820
0.674063
-0.377402
0.310463
-0.436296
0.155631
-0.166853
0.207549
0.418133
0.125781
0.377708
0.020229
0.330538
0.104657
-0.147517
0.328183
0.317548
0.575795
-0.473571
-0.075621
0.190264
0.281173
