1.135298
0.997472
1.802318
-0.269705
1.273289
-0.798449
1.790894
1.284030
-0.416669
1.075093
1.258287
1.119086
1.312422
0.958529
1.184574
1.027071
1.207497
1.438538
-0.382865
1.480013
1.312464
1.216988
0.449002
0.632770
1.443620
1.372567
1.400534
0.391351
1.286853
1.446789
0.621151
1.594934
-0.646599
1.431711
1.388506
1.312655
1.140531
1.539620
1.335288
1.618481
1.703700
1.879588
1.111707
1.716001
1.096101
1.901405
1.679269
1.048027
2.014008
1.429721
1.783613
0.752404
0.518061
0.517846
1.125818
1.750583
1.173888
1.454927
-0.609616
1.383695
1.008281
1.138639
1.918203
1.215579
-0.753688
1.751486
1.529568
1.210535
1.220488
1.203130
1.291555
1.313940
1.377312
-0.293865
1.482564
1.215318
0.989309
1.710230
0.884860
1.271917
1.085549
0.827838
-0.487830
1.171664
1.302825
1.800364
0.737882
1.142714
1.004079
1.757006
1.486716
0.910514
-0.345966
2.139753
1.531055
1.077089
1.168704
-0.571271
0.943494
1.139898
1.515987
0.655364
1.436989
1.196343
1.471181
1.396327
1.451398
1.514567
0.492261
0.848334
1.997196
1.421832
1.335460
0.796108
1.086974
1.408518
1.361106
1.725822
0.875310
1.068004
1.116450
0.927076
1.520755
1.026612
1.050091
0.955086
0.652635
0.736254
1.390740
0.668532
0.812327
1.060465
-0.354410
-0.509026
1.204839
1.526450
0.993623
1.160993
1.635325
0.641363
1.181749
1.111412
0.713491
1.386168
1.127072
1.397822
1.162727
1.253192
0.628410
-0.333461
-0.710267
1.286028
1.523581
1.025545
0.097629
1.001390
1.803933
0.939885
1.402396
1.582387
1.378500
1.141224
0.794713
1.194189
1.813195
1.266483
-0.420697
0.699267
1.320170
0.997376
-0.520888
0.937130
1.108455
1.145635
-0.275525
0.633714
0.767748
0.680848
0.974793
1.658814
0.978094
0.928260
1.411302
1.027877
-0.126516
0.807108
1.602763
1.870718
1.508657
0.986543
2.025079
1.214035
-0.472401
0.801495
1.011432
1.214027
1.339924
1.442163
1.512543
0.584650
-1.570685
-2.963690
-1.957410
-1.785598
-2.447085
-2.250512
-1.763835
-2.342053
-2.914310
-2.450893
-1.894602
-2.008248
-2.664217
-2.900384
-2.277922
-1.950428
-2.513076
-2.359589
-2.427698
-2.806621
-1.979204
-2.096105
-1.960168
-1.913324
-2.498897
-0.969152
-2.098721
-0.989832
-2.488879
-2.069003
-1.630146
-1.903723
-2.671275
-2.594697
-1.991873
-3.025516
-2.425168
-2.362085
-2.059348
2.945924
-2.774345
-2.104451
-1.937666
-2.368495
-1.650098
-2.204183
-2.508171
-2.343019
-2.446904
-1.831803
-1.994769
-3.063848
-2.181766
-2.218069
-2.383792
-2.415661
-2.952740
-2.426089
-1.853523
-1.819198
-3.053825
-2.334598
-1.876648
-2.502480
-2.712230
-2.904661
-2.700553
-2.055602
-1.892203
-2.445574
-1.925593
-2.891895
-2.592760
-2.750121
-2.359158
-1.782199
-2.018841
3.026083
-1.842569
-2.776514
-1.885415
-2.584323
-1.624149
-2.346129
2.784229
-3.104327
-3.061494
-1.601486
-3.172405
-1.989035
-1.802983
-1.932643
-2.275946
-1.991194
-2.292699
-1.994483
-1.623241
-0.953167
-2.844044
-2.574799
-2.118745
-2.117329
-2.394524
-3.027779
-1.800993
-2.918523
-2.531274
-3.135127
-1.920355
-2.613256
-2.886596
2.900786
-2.047358
-2.310676
-2.976214
-1.918017
3.171710
-1.943990
-1.370911
-2.867871
-2.334253
-2.129991
-2.859670
-1.999136
-1.905270
-1.643381
-1.765367
-2.119054
-2.310142
3.205270
-1.978861
-2.463649
3.016101
-2.872532
-2.072492
-1.824494
-3.039821
-2.714031
-2.503685
-2.511311
2.794311
-2.028348
-1.948623
-1.737445
-2.598125
-2.690235
-2.245269
-1.475962
-2.376401
-2.436660
2.939960
-1.695618
-2.071170
-2.403280
-2.786584
-2.372698
-2.965752
-2.265474
-1.834896
-1.818609
-2.276037
-2.336654
-1.830671
-2.213810
-2.637323
-2.431319
-2.271006
-2.025779
-2.544294
-2.221678
-2.378934
-3.180405
3.043025
-2.634011
-2.416508
-2.797408
2.964551
-1.673000
-2.333852
-2.280564
-1.883432
-2.073194
-2.590500
-2.385670
-1.079496
-3.054770
-2.998423
-2.517127
-2.896488
-2.834190
-2.056308
-2.214705
-2.344419
-2.267525
-2.798364
-2.823893
-2.473216
-2.820723
-2.300876
-2.715474
0.083879
0.980648
0.041455
0.111426
0.484297
0.135209
0.410420
0.798924
0.433166
0.558397
0.210298
0.615854
0.288337
0.223754
0.835205
-0.058225
0.630415
2.118921
0.332716
0.821155
0.274208
-0.055984
1.017497
-0.451166
0.824997
0.690876
0.584266
1.965467
0.835711
0.325162
-0.186006
0.257069
0.691301
0.596358
0.898568
0.419379
0.131664
0.579066
0.790376
0.292844
0.658714
0.596357
-0.265551
0.265497
0.547113
2.055936
0.696075
0.295816
1.230685
-0.024237
0.642987
0.650989
0.553368
0.301932
0.223108
0.371126
0.978930
0.795518
0.458796
0.528840
0.523567
1.047066
0.124832
0.623062
0.342815
0.504241
0.315930
0.835689
0.426002
-0.322829
0.214451
-0.053236
-0.019748
0.843670
0.205093
0.302215
0.298302
0.136093
0.696826
0.097178
1.749901
-0.278092
2.001532
0.506124
1.095791
0.606722
-0.053608
0.212483
0.527821
0.348383
0.018407
0.725651
0.412443
0.451104
-0.366318
0.529367
0.547493
0.237195
0.696024
1.923479
-0.027766
0.154929
-0.238210
-0.043853
0.941788
0.719649
0.453738
0.342749
0.459165
0.640497
0.969607
0.604411
0.360872
-0.347410
1.256649
0.517239
0.230739
0.784067
0.524637
0.156328
0.597163
0.629103
0.818073
0.530047
0.303245
2.030524
1.175749
0.238085
0.183203
0.326796
0.174205
1.922306
1.290100
0.481070
0.943256
0.629820
0.658204
0.154624
1.262517
0.488515
0.828454
0.757101
0.728005
0.683163
0.859114
0.420969
0.372587
2.037639
2.154009
0.851112
0.483325
0.401423
1.868998
-0.124081
0.960143
0.659515
0.528555
0.532426
0.134488
0.578754
1.026117
2.419974
0.462242
0.986739
0.776576
1.920062
0.667111
0.468027
0.972372
0.224575
-0.055668
0.489179
0.458688
0.087701
0.604344
0.285154
0.957091
0.519372
0.549458
-0.023451
0.163519
-0.055366
0.074097
1.019219
0.524033
1.209236
0.534939
0.759098
0.287536
0.449991
0.616125
0.483722
0.417868
0.832812
0.413047
0.296621
1.029548
0.185610
0.525632
0.506467
0.010991
-0.442727
0.302327
-0.298402
-0.140363
-0.636411
0.062143
-0.308788
-0.362083
-0.282652
-0.052368
0.073262
0.228944
-0.114566
-0.165140
-0.356476
0.009810
-0.322437
-0.044561
-0.407459
0.164107
-0.053636
-0.092774
0.147323
-0.481637
-0.186531
-0.008880
0.130739
-0.120229
-0.290892
-0.385586
0.058467
-0.380654
0.281680
-0.165692
-0.460886
-0.228805
-0.305345
0.268858
0.146630
0.000065
-0.217431
-0.273865
0.240780
-0.026207
-0.092662
-0.335205
0.086369
-0.633678
-0.050899
-0.732102
-0.156316
0.010653
-0.275375
0.065310
-0.199401
0.104248
0.112059
-0.477658
-0.130525
0.037643
0.002166
-0.033921
-0.184149
-0.429978
-0.047903
-0.215800
-0.355788
-0.293588
0.117133
-0.107827
0.172105
-0.144736
-0.556739
0.087873
0.038798
-0.208133
-0.159836
-0.121594
-0.453356
0.052755
-0.307010
-0.030244
-0.106226
-0.110330
0.092313
0.026223
-0.288542
-0.432188
-0.350846
0.014554
-0.069431
-0.175513
-0.276800
-0.157802
0.131993
-0.028159
-0.038971
-0.397852
-0.290073
-0.283641
0.096712
-0.505115
-0.763989
-0.424961
-0.576246
-0.331783
-0.447774
-0.300668
-0.443877
0.052770
0.154264
0.256642
-0.023624
-0.031763
-0.255046
-0.189899
0.234527
0.102406
-0.341371
-0.218800
-0.683441
-0.292280
-0.395366
0.174532
-0.181969
0.474161
-0.212560
-0.330147
-0.186770
-0.579183
0.143560
-0.407628
-0.215083
0.410930
-0.455999
-0.285422
-0.188456
-0.288758
-0.370425
0.158521
-0.213319
-0.879455
-0.362575
-0.271969
-0.710487
0.191043
-0.177705
-0.170868
0.013579
-0.240053
-0.215110
-0.246565
0.175343
-0.593120
-0.030389
-0.593386
-0.051015
-0.259686
-0.282928
-0.226921
-0.242818
-0.130388
-0.045462
-0.177514
-0.219225
-0.095381
0.136061
-0.114478
0.126863
-0.154113
-0.499048
-0.403290
0.210641
-0.665265
-0.472984
0.043326
-0.172912
-0.519583
-0.251008
-0.254877
-0.164211
-0.294405
-0.238310
0.729447
-0.855917
-0.221483
-0.046970
-0.171231
-0.265584
-0.043452
-0.104245
0.014311
-0.448585
0.238776
-0.332180
0.213872
-0.630125
-0.030108
-0.107419
