1.552224
0.061367
1.501806
0.804374
1.497979
0.584842
-0.087533
1.232850
0.903700
2.076597
1.523824
0.980193
1.497918
0.065736
-0.113264
1.423025
0.569129
1.359213
0.895656
1.422565
0.897913
1.020630
0.843275
0.709260
1.836319
1.516184
0.979126
0.973582
1.286853
1.357391
0.252609
0.791739
0.679210
1.765063
1.328994
-0.052591
0.093054
1.012039
1.385447
1.457139
1.059997
1.387831
1.880759
1.587572
0.093228
1.458845
1.239899
0.016533
0.046412
1.355479
-0.098666
1.315008
0.309987
1.616700
1.587586
1.749116
1.316403
0.782806
0.702990
2.114163
1.457136
1.323351
0.867142
1.358178
0.898654
0.855126
-0.101154
1.190235
-0.092423
-0.211587
1.341309
0.929725
0.019412
1.069026
1.066472
1.151690
1.309220
1.191852
1.060287
1.205715
-0.066529
1.558962
0.551998
1.201311
1.205460
1.144387
1.393677
0.891892
1.402528
1.029091
1.797323
-0.012107
1.355671
0.622961
1.298778
1.390968
1.974633
0.665527
1.501993
0.038550
1.692845
1.547189
1.647953
1.773824
1.424355
0.970935
0.981438
1.122068
0.977533
1.697952
-0.053416
1.598669
0.176720
0.800302
-0.199928
1.505225
1.351909
1.049903
1.228201
0.946930
1.772931
1.169978
1.803952
-0.047501
0.891805
1.295711
0.794404
0.863439
1.137432
1.358733
0.635385
0.048668
0.431353
0.773206
1.187646
1.406913
0.026616
1.306113
1.229408
0.938828
1.099978
1.224953
1.234049
1.072931
0.016466
1.832480
1.360421
1.226139
0.822099
0.860764
1.355671
1.924401
0.876779
0.105873
0.504780
1.764700
1.475848
1.003778
0.026353
0.484687
1.427586
1.303639
1.088776
-0.061360
1.165903
-0.077370
0.965605
1.130461
1.012933
1.193581
0.923705
-0.164296
1.290181
1.272822
0.833012
1.206191
1.783633
-0.110025
1.445785
1.952870
1.268150
0.084980
1.400166
0.138210
0.990725
0.832884
1.404901
0.873247
1.925328
1.425982
0.653078
0.706044
0.863596
1.391034
0.067688
1.211983
1.981189
1.210173
1.678475
1.030514
-1.558691
-1.298124
-0.636984
-0.370457
-1.554716
-1.561574
-0.461919
-2.003349
-1.572218
-1.253000
-0.350896
-0.189686
-1.638151
-2.476556
-0.285811
-0.334148
-1.252485
-1.599055
-1.831806
-1.195201
-1.869028
-0.343849
-1.321392
-0.467830
-1.316438
-1.279431
-1.683396
-1.151883
-0.389668
-1.094270
-0.585816
-0.336283
-0.829458
-1.955636
-0.378881
-1.803255
-1.899539
-1.688956
-0.363719
-1.319827
-2.049518
-0.191389
-2.116660
-1.684883
-0.476686
-2.052323
-2.069468
-1.916511
-2.006463
-0.531705
-0.094525
-1.494001
-2.246565
-1.642542
-1.743916
-1.719335
-2.043851
-2.046547
-0.595932
-0.575280
-2.284213
-1.674226
-1.563184
-1.526142
-1.940855
-1.471564
-1.668343
-1.776170
0.121424
-2.112792
-0.083095
-1.626269
-1.534849
-1.998928
-2.145865
-2.011275
-0.070215
-1.879044
-0.180837
-1.587985
-0.423688
-0.602305
-1.496982
-0.475520
-1.631459
-1.876403
-1.437976
-1.457161
-1.451045
-0.184613
-0.592576
-0.238323
-0.409272
-1.462694
-0.208022
-1.601490
-0.575718
-1.762472
-1.757976
-1.151939
-1.598018
-0.443950
-1.185882
-1.715442
-1.970271
-1.637122
-2.120350
-1.146237
-1.595918
-1.971887
-1.772758
-1.487612
-2.035326
-0.818960
-1.710960
-0.259303
-1.809319
-0.485145
-1.567260
-1.947498
-0.935510
-1.769594
-0.367458
-0.586566
-0.369541
-0.378723
-0.413470
-0.354809
-0.377707
-1.364795
-1.651879
-1.497692
-1.454090
-1.917136
-0.142589
-0.426907
-1.905562
-1.536951
-1.669925
-1.541259
-1.829898
0.381608
0.133771
-0.371933
-1.428439
-1.301561
-1.843749
-1.841226
-2.130586
-1.535366
-1.629790
-0.540847
-0.467001
-2.027349
-2.131445
-1.721077
-1.553083
-0.497100
-1.460541
-2.281421
-1.807152
-1.328931
-0.302811
-1.626955
-1.523308
-2.215075
-1.489677
-0.335910
-1.766327
-1.677711
-1.994907
-1.506150
-1.737115
-1.542036
-1.612489
-1.716167
-1.564327
-0.592696
-1.569346
-1.790929
-0.713609
-0.418963
-1.790140
-2.008849
-0.883147
-2.027425
-1.534103
-1.739523
-1.722809
-1.367732
-1.444760
-1.897583
-1.965892
-1.563789
-1.489464
-1.838625
-1.201938
-1.849623
-1.921672
-1.624407
-0.292021
-0.171173
0.328259
-0.326806
-0.278816
0.091472
-0.631741
0.065066
-0.346208
0.344818
-0.052656
0.561879
-0.023742
0.101730
-0.024518
-0.008844
-0.297099
1.360252
-0.074110
-0.014694
0.152497
0.335341
-0.094388
-0.680041
0.246933
0.074520
-0.232392
0.808374
0.803370
0.272668
0.380979
-0.571899
0.105609
0.280792
-0.415848
-0.331762
0.172239
0.145632
0.088177
0.047539
0.007495
0.002232
-0.523124
-0.693938
-0.170922
1.257908
0.535646
-0.021091
-0.339308
-0.036718
-0.101309
0.088413
-0.307642
-0.232628
0.333860
0.164062
-0.168995
-0.345769
-0.001599
-0.152359
-0.124831
-0.246049
-0.362479
0.099463
0.036195
-0.689878
0.333667
-0.655420
0.486011
-0.207389
-0.705752
-0.098152
0.466158
-0.204608
0.221250
-0.603904
0.026737
-0.488909
-0.160679
0.097178
1.176361
0.129692
1.232299
0.355665
0.005580
-0.277830
-0.177727
0.151912
0.426267
-0.380483
-0.259581
0.435695
-0.176673
0.455303
-0.140847
-0.395442
-0.121922
-0.597211
-0.344542
1.452287
0.120309
0.348759
0.338873
0.682617
0.542245
0.720123
-0.725817
-0.037534
-0.334990
-0.002524
0.065981
0.113073
0.054438
0.284381
0.823508
0.324269
-0.156564
0.219854
-0.265117
-0.103210
-0.405428
-0.756073
0.037528
0.265483
-0.369615
1.221884
0.333627
0.840509
0.268597
-0.262631
0.077923
1.025091
0.091153
0.079447
-0.314937
-0.456289
-0.653076
-0.195964
1.082979
-0.245668
-0.686486
-0.564284
0.015242
-0.004094
0.004149
-0.282710
0.335221
1.312920
1.340745
-0.974351
-0.463925
0.408451
1.120927
0.564402
0.832883
0.639646
-0.097558
0.063812
-0.048455
-0.203149
0.180859
1.177091
0.058421
-0.265248
-0.511697
0.892733
-0.401054
-0.250042
0.107573
0.297907
0.067064
0.112443
0.104675
0.265737
0.299817
-0.039666
0.057000
0.036768
0.131016
-0.042706
0.030087
-0.533370
-0.511033
-0.117076
-0.491663
-0.128591
-0.086404
-0.468974
0.197492
-0.313197
-0.322601
-0.058164
-0.053618
0.053666
0.128877
-0.036614
-0.249897
-0.867625
-0.114985
-0.249000
0.213271
-0.110658
0.003106
0.328554
0.760534
0.021634
-0.578366
0.583772
0.448694
0.098340
0.607840
0.104292
-0.337573
0.425936
0.260018
-0.021528
0.138649
0.285798
0.267517
0.370455
0.533437
0.242055
0.380452
0.342702
0.091908
0.427402
0.159557
-0.509801
0.226149
0.395925
0.303131
-0.379185
0.657351
-0.056789
0.141294
0.586484
0.733613
0.289397
0.032416
-0.199403
0.721280
0.327413
0.201624
0.225491
-0.079769
0.364073
0.113331
-0.533839
-0.223400
0.470962
0.105057
0.150390
-0.031519
0.311457
-0.414835
0.291348
-0.041900
-0.200885
0.096096
0.238333
-0.107583
-0.640077
0.642652
0.259071
-0.275792
0.535745
0.187775
0.373852
0.379749
0.456308
0.192304
-0.401388
0.018768
-0.075408
0.232459
0.411368
-0.099658
0.574327
0.310849
-0.169355
0.636001
-0.550337
0.231455
0.087531
-0.274432
0.466138
0.280332
0.459778
-0.215566
0.561325
-0.381310
0.227364
-0.239040
0.774070
0.731304
0.498754
0.271468
-0.400211
-0.022796
0.417373
0.035026
0.634917
-0.166770
0.021409
0.409475
0.055936
0.696704
0.202542
0.170087
0.104454
0.203090
-0.136466
-0.338360
0.058287
0.356490
0.211520
0.433734
0.723643
0.004248
0.567079
0.160796
-0.717876
0.332448
0.502889
-0.248369
-0.416123
0.689845
0.355311
0.165799
0.212967
0.503949
-0.558413
0.601178
0.292137
0.568363
0.317727
0.176263
0.214388
0.503143
0.415329
0.700607
0.175862
0.247704
0.291058
0.475756
-0.382015
-0.484174
-0.168332
0.351785
0.691267
0.068779
0.223271
0.555306
-0.150211
0.872401
0.682113
-0.048964
-0.339091
0.578079
0.586211
0.386682
0.223053
0.217648
0.060264
0.289538
0.336360
0.372087
0.169365
-0.290616
0.093817
0.440724
0.264714
0.454349
0.230499
0.035995
0.125329
-0.099588
0.149991
-0.270378
0.586811
0.148997
0.228096
0.349102
0.276957
0.363552
0.568958
0.156334
-0.337502
0.164541
0.020229
0.211128
-0.549841
-0.016617
-0.064516
-0.149923
0.313996
-0.211772
0.488563
0.257820
-0.111526
