1.552628
2.021163
1.669211
1.363122
0.600060
1.297446
1.722758
1.707361
1.025019
0.905049
0.758621
1.524692
1.908321
1.379369
1.725716
1.760436
1.512047
1.433134
1.625482
1.714227
1.292354
1.669211
0.634940
1.768874
0.929473
1.824699
1.018654
1.121456
1.740526
1.785010
1.280165
1.593669
1.566125
0.759416
1.713242
1.599746
1.182152
1.693799
0.680081
1.206624
1.286994
0.806683
1.079370
1.753126
1.681628
1.865993
1.541685
1.494510
1.508298
1.800750
1.332796
1.142979
1.211522
1.173278
0.755403
1.693342
1.257808
1.617767
1.354290
1.710764
0.955372
1.646717
1.781974
1.634526
1.471375
1.953886
1.570701
1.897661
1.831690
1.249441
1.484951
1.731715
1.517638
0.742100
1.476398
1.530728
1.249255
1.214693
1.539775
1.327745
0.882526
1.637007
1.838082
1.053455
1.213486
0.739675
1.669211
1.084111
1.254062
1.270720
1.457528
1.521625
1.934446
1.690430
1.192280
1.237724
1.111415
1.524452
1.498749
1.373291
1.519423
1.795293
1.035326
1.486103
0.969745
1.344845
1.561320
1.932280
0.854537
0.920837
1.560063
1.007076
1.500470
1.239116
1.463827
1.347874
1.644473
1.407460
1.357110
1.708951
1.229181
0.969746
0.873436
1.703175
1.151573
1.080283
1.613195
1.526727
0.887751
1.741384
0.802350
1.119215
1.468265
1.618227
1.200377
1.773763
1.507345
1.757059
2.135881
1.727431
1.783491
1.280063
2.006440
1.314113
1.406617
1.768310
1.583408
1.205888
1.342631
1.333055
1.015766
1.079773
1.360145
1.542622
1.327457
0.777281
0.868263
1.674811
1.222533
1.665680
1.476002
1.670730
1.004829
1.085872
1.112558
1.757706
1.583294
1.181661
1.694640
1.437947
1.889718
1.472630
1.316163
2.424366
1.656465
1.317387
1.756654
1.719006
1.239686
1.235510
1.522206
1.550979
1.269949
1.512793
1.379926
1.342243
1.400392
1.463032
1.454779
1.651233
2.009223
1.533802
1.566196
0.684275
1.776116
0.858088
1.746236
1.713131
1.794246
1.800466
-1.799980
2.740062
3.035504
-2.009896
-2.268177
-2.380981
3.084585
2.792529
-2.711470
2.875196
-1.829401
2.900074
-2.218388
2.952144
2.924239
-1.798549
2.543663
-1.905060
2.581286
-2.306557
2.820893
2.898891
-1.650443
2.956431
-2.989679
-3.116851
-2.770969
2.544892
-2.999806
2.713007
-1.860704
2.797303
3.083395
-2.423007
2.973881
2.783370
-2.859131
2.958693
-2.602779
-2.931380
-2.603321
-1.867523
-2.482420
-1.652556
3.014269
-1.606404
2.993558
-2.963605
2.849909
3.015652
-2.172521
-2.320406
-2.983690
-2.718931
2.705846
-2.412598
-2.173502
-2.277242
2.498900
3.031779
-2.010066
2.656395
-2.172717
-1.771496
-2.139379
-2.055284
-2.447294
2.749886
-2.532620
-1.880378
2.262121
3.010117
2.503938
2.484440
2.812953
2.749681
-2.454390
-2.326042
-2.400054
2.786728
-3.096411
-1.611873
2.579478
-2.022417
-2.257043
-2.405566
-2.452270
-1.822597
2.744871
2.611262
-2.355863
-1.729237
-1.649412
-2.918678
2.924690
-1.763578
-1.888782
-1.214693
3.000781
-2.466457
2.764634
2.659787
-1.877663
-3.123447
2.713887
2.985510
-1.925309
-3.129850
-1.604010
-1.928498
-1.955339
-2.261324
2.413444
2.644840
2.363959
-2.505866
2.394318
-1.769563
-2.755752
2.996502
-1.792482
-1.441870
2.954211
-2.385460
-2.317544
3.005164
2.971147
2.772491
2.334848
-1.965973
-1.839167
-2.433343
2.885897
2.898349
-1.958113
3.028371
2.833565
-2.499262
2.935534
-2.247441
2.961893
-2.478746
2.736540
-2.745897
3.042977
2.687537
2.494014
-2.379621
2.660544
-1.941381
-3.099804
2.902597
-2.639846
3.060423
-2.666462
2.908626
2.417038
3.002833
2.602565
-1.681632
2.685976
-1.473906
2.696238
2.638274
-2.091915
2.870415
-3.056201
-2.490053
2.715505
2.772205
2.954824
2.769783
2.342894
-2.858699
-2.439661
-2.830918
2.925943
2.704867
2.983493
-2.304182
-2.307115
-2.201134
2.839158
-2.209085
2.671753
2.718261
-2.364033
-2.661748
-2.572084
-1.725651
-3.085874
-1.780803
-2.534326
2.642244
2.368055
2.628496
-2.208221
-2.225998
2.884380
2.826988
-0.221865
-0.455651
0.146928
-0.010492
0.122677
-0.220899
0.445414
0.322669
0.298283
0.200423
-0.422143
-0.164680
0.076163
-0.019497
-0.520873
0.286048
0.100209
-0.236229
-0.080697
0.154900
-0.363723
0.240836
-0.315586
-0.247871
0.527485
0.198213
0.054802
0.261720
-0.406010
-0.004489
-0.015550
-0.460304
-0.160459
0.054630
-0.234482
-0.128043
-0.190196
0.107675
0.598325
0.526890
-0.039843
0.601294
0.354462
0.449625
0.052820
0.137108
0.054869
0.166309
0.132927
-0.087804
0.379687
0.155790
-0.498109
0.488777
-0.203843
0.234960
0.153923
-0.434506
0.345504
0.375671
1.175126
-0.634579
0.043187
0.356790
0.019565
-0.784864
0.017262
0.224604
0.538676
-0.428000
0.416859
-0.200717
-0.198566
0.234573
-0.095748
0.431414
-0.559881
-0.142651
-0.240765
0.655326
-0.489724
0.251773
0.314852
-0.397100
0.192964
-0.167127
0.292975
0.289692
0.177580
-0.011630
0.468620
0.593452
0.589453
-0.427032
0.020845
0.185442
0.313946
0.359066
0.241776
0.079070
0.680503
-0.208967
-0.286117
0.240085
-0.682833
0.020816
-0.350309
0.388064
-0.057601
0.120929
-0.049384
0.009877
-0.183822
-0.447293
0.521253
-0.028533
0.278733
-0.578803
-0.671439
0.165977
-0.677484
0.288405
0.426241
-0.102445
0.511227
-0.261554
0.035646
-0.254293
-0.324668
-0.176617
-0.091316
0.605457
-0.126410
0.072549
0.344078
0.051351
0.509654
0.191785
-0.168445
0.223099
0.054296
0.317550
-0.589901
0.142028
0.052536
-0.978045
-0.069561
0.297650
0.541989
0.329042
0.459358
0.106452
-0.196855
0.322850
-0.665722
0.399597
0.001352
-0.132867
0.406306
0.465109
0.324212
-0.255064
-0.688992
-0.538203
-0.186848
-0.402135
0.186594
-0.091853
0.018123
0.426476
-0.214718
0.243833
-0.176201
-0.896897
0.549597
0.311165
-0.018801
-0.381458
0.358025
0.039958
-0.080683
0.160423
0.112829
0.206339
0.660540
0.282253
0.080110
-0.513453
0.712891
-0.446028
-0.841514
0.602487
-0.228730
0.057740
0.396822
0.135721
-0.553352
-0.100112
-0.561269
0.185800
-0.375264
-0.170491
-0.885833
-0.077496
-0.509041
0.082781
-0.071523
-0.619152
-0.473274
-0.440216
-0.587418
-0.605586
-0.641366
-0.372870
-0.542134
0.286903
-0.474502
-0.540811
-0.571873
-0.604937
-0.435117
-0.550032
-0.544440
0.079713
-0.494206
-0.487982
-0.231333
-1.044654
-0.260549
-0.306684
-0.630208
-0.573953
-0.626552
-0.024902
-0.505559
-0.690164
-0.440608
0.277467
-1.053389
-0.385185
-0.926001
-0.534150
-0.362171
-0.468990
-0.683621
-0.267624
-0.380631
0.151271
-0.589858
-0.883197
-0.196904
0.051895
0.095163
-0.413165
-0.833663
-0.295125
-0.707738
0.226058
0.051126
-0.418801
-0.770187
-0.500513
-0.666062
-0.230102
0.158674
-0.189431
-0.659339
-0.615610
-0.471922
-0.466772
-0.686062
-0.435227
-0.637259
0.346257
-0.448667
-0.520235
-0.328531
-0.766210
-0.567272
0.178865
-0.494906
-0.606408
-0.376023
-0.398475
-0.488593
-0.726645
-0.466477
-0.987989
-0.475212
-1.312746
0.156621
-0.278458
-0.437136
-0.308066
-0.613618
-0.533133
-0.555682
-0.038765
-0.527962
-0.771617
-1.085626
-0.765851
-0.538052
-0.139196
-0.826833
-0.863500
-0.374212
-0.025187
-0.692927
-0.603609
-0.735156
-0.568564
-0.204124
-0.489591
-0.470902
-0.396766
-0.184186
-0.613961
-0.326509
-0.551607
-0.526871
-0.455117
-0.364908
-0.433695
-0.532813
0.104089
-0.520053
-0.332936
-0.437644
0.630715
-0.460729
-1.002340
-0.855371
-0.578034
-0.586831
-0.465897
-0.799411
-0.797367
-0.579278
-0.534613
-1.028047
-0.535337
-0.474898
-0.533583
-0.623403
-0.306391
-0.312879
-0.558636
-0.689445
-0.579110
-0.618666
-0.407506
-0.152644
0.129731
-0.670869
-0.550141
-0.058234
-0.632669
-1.066663
-0.873075
-0.486482
-0.444815
-0.528155
-0.387977
-0.631592
-0.777481
-0.797522
-0.552364
-0.243799
-0.732631
-0.636708
-0.562405
-0.522817
-0.276152
-0.543152
-0.647297
-0.570794
-0.895749
-0.060032
-0.670321
-0.949742
-0.565892
-0.109866
-0.454045
-0.372263
-0.398083
-0.091647
-0.630480
-0.723327
-0.489771
-0.511817
-0.672833
-0.535116
0.025097
-0.349746
-0.409011
-0.182542
-0.672468
-0.518015
-0.610308
