-0.122865
1.323815
-0.344266
1.037822
0.806351
1.130698
-0.258670
1.076121
0.867974
0.612393
1.025049
0.860058
-0.424225
1.279570
0.778230
-0.693997
1.231422
0.966666
-0.249835
-0.265152
-0.248443
-0.292917
0.931788
0.158518
1.274421
0.143933
0.577072
1.263282
0.200612
0.104681
0.793195
0.996527
1.349620
1.869260
-0.679083
1.035320
0.741836
1.167674
1.319213
0.655575
1.287145
1.121162
0.789594
-0.261618
1.542358
1.430635
1.341387
1.084515
1.743577
0.941163
1.094199
-0.478492
1.007300
0.591867
0.890640
-0.398585
2.002984
1.156139
0.082560
-0.517851
0.978131
-0.087449
-0.261020
1.121146
1.392286
0.803388
0.992891
0.648840
0.174324
1.264802
0.587667
-0.368984
0.725634
1.236967
-0.772535
1.102835
0.637387
-0.722659
0.809231
0.930220
0.743335
-0.267458
0.304728
1.382422
0.994898
1.248236
0.160462
1.316724
1.354907
1.480777
0.888484
1.070167
1.738077
-0.360474
0.889082
0.945301
1.121590
0.826713
1.523775
1.380332
1.598147
0.927309
0.653594
1.284881
1.160139
1.266826
0.530159
0.990012
1.403643
0.625839
0.848617
1.508575
1.631533
1.470521
1.443874
0.734023
-0.212185
-0.186632
1.133597
1.604078
0.929867
1.594947
0.693307
1.518353
1.534341
1.439709
1.526643
1.418773
0.635716
1.602269
0.732998
1.332777
0.973887
0.906419
1.483758
1.962807
0.261498
-0.113102
1.093451
1.247425
-0.334580
1.453525
0.229836
0.832324
0.959270
-0.277942
-0.584723
0.870203
1.212899
0.695115
-0.330288
1.446613
1.342129
1.406600
0.991217
0.200418
1.141347
1.418130
1.816642
1.117975
1.446650
-0.064738
1.699183
0.708301
0.701408
0.734757
-0.074292
-0.186009
1.354802
0.790676
0.358232
1.165260
1.208023
1.416094
0.337124
0.859348
-0.070009
1.206293
1.064394
1.150331
0.952264
1.329840
0.761216
1.359430
0.747341
0.985864
1.595295
1.155824
-0.558611
1.329504
0.697934
0.729904
0.755862
0.740277
1.189413
0.712067
-0.658547
1.113933
-0.358831
0.611179
2.316082
0.631995
3.024070
0.374027
3.122271
0.764241
2.498018
2.498080
1.296893
0.076677
1.982459
-2.953924
0.272085
0.674720
0.360533
0.654644
0.229912
0.224099
0.906082
0.681661
0.604008
0.911733
2.233509
0.669407
0.337367
0.649240
0.744833
0.489070
2.733249
0.579292
-3.146484
2.996432
0.541767
0.563157
2.356349
0.540419
0.579553
0.310853
0.790560
0.728851
0.165727
0.004717
0.943485
1.347048
2.509401
0.515785
0.597799
0.769678
2.502358
0.314620
0.500512
2.611757
-0.006445
0.888638
0.689966
1.028805
-3.203418
0.677663
0.335125
-3.071894
2.836309
1.053655
0.575256
0.202779
1.831880
-2.551244
0.373168
2.531777
0.328033
2.218659
0.238063
0.439853
0.526847
1.039395
0.801705
1.832292
0.227200
2.929165
0.400205
2.229755
-3.047894
0.267925
0.353715
0.568414
1.203029
0.509692
0.986424
0.883891
0.603966
2.143554
0.638091
0.811558
0.320620
0.823916
2.429709
0.351030
0.798034
1.268135
0.198895
0.796000
1.378137
0.534010
0.537410
2.864898
0.726224
2.423810
2.463035
0.559484
0.687940
1.033187
0.790266
0.739151
0.556037
2.554508
1.923866
0.473510
0.281309
0.940041
0.554521
0.528815
-2.983526
0.974693
3.111902
0.216843
-0.188132
0.512263
0.679646
0.798202
2.178023
0.480191
0.966559
0.494490
0.552601
0.595870
0.726279
1.746447
1.998241
0.699208
0.754770
0.653186
0.611114
0.719416
2.257301
0.611958
0.800777
0.475602
2.928188
0.377731
2.120507
0.315526
1.084859
0.166524
0.330213
1.682764
0.639290
0.288679
0.508110
0.781168
2.418576
0.162770
0.641486
2.189362
-3.124911
0.361595
0.765663
0.826763
2.067691
0.593014
0.648367
2.937699
0.476957
2.038821
0.824686
0.577859
0.719041
0.411428
1.893946
0.544736
2.937585
2.708442
1.777158
1.803956
0.059332
-3.081333
0.675275
2.457610
0.817824
0.617489
1.864084
-3.125100
1.984409
0.630858
1.838802
0.789375
0.114953
0.657680
0.617399
0.966184
2.237606
2.498196
-0.188971
-0.133218
-0.272074
0.695817
0.393408
-0.822757
-0.303161
-0.022042
0.130668
-0.334731
-0.795550
0.273532
0.200238
-0.544236
-0.517465
-0.211182
-0.379781
-0.258031
-0.815329
0.292497
-0.826728
-0.605087
0.077658
-0.988789
0.808928
-0.518002
-0.533745
-0.244742
0.254008
0.642824
0.353701
-0.330270
-0.317063
-1.349427
0.403632
0.113078
0.083190
0.549295
-0.092076
-0.646295
0.315021
-0.620162
-0.439690
-0.461942
0.138788
0.063417
-0.411027
-0.979371
0.093211
-0.384811
-0.307963
-0.347008
0.914467
1.011482
-0.751621
0.365960
-1.323639
-0.503018
0.752801
0.327830
0.318514
-1.236533
-0.990507
0.516906
-0.458531
-0.719620
0.154909
0.334772
0.816057
-0.335768
-1.473995
0.162539
-0.274734
-0.416001
-0.060670
-0.312038
-0.331477
-0.207935
-0.320295
-0.377656
-0.456459
-0.059379
-0.101264
-0.456718
0.056989
1.014657
-1.202055
-0.074332
0.263662
-1.049187
-0.333551
0.778529
-0.610760
-0.035961
0.554392
-0.449533
-0.140549
0.419601
0.221722
-0.337605
0.142060
-0.990693
-0.007395
-1.123523
-0.387466
0.633123
-0.260734
-0.223490
0.473040
-0.352093
-0.102786
-0.752694
0.250202
-0.746691
-0.771843
0.067408
0.316376
-0.872662
0.012124
-0.151427
0.292420
-0.127740
-0.161628
0.482207
0.310855
0.266277
-0.165397
0.149256
0.121855
-0.566133
-0.343436
-0.491238
0.212583
0.248288
-0.683354
-0.151131
0.670178
-0.962956
-0.267154
-0.480074
0.226591
-0.143796
-0.276613
0.309883
-0.502351
-0.309453
-0.878353
-0.123076
-0.333992
0.199753
-0.672215
-0.628758
-0.090389
-0.090373
-0.342976
-0.186138
-0.062047
0.194399
-0.578176
-0.086421
0.410651
-0.733672
0.187509
-0.753346
-0.362178
-0.975313
-0.406182
0.268853
-0.088167
-0.999107
-0.336965
-0.813217
0.298548
0.215258
0.327052
-0.111906
0.790793
-0.349357
-0.901378
-0.022786
0.101706
-0.462449
-0.326429
0.097533
-0.768301
0.163750
-0.061414
-0.298945
-0.031556
-0.742455
0.177675
-0.406271
-0.664052
-0.069333
0.123262
0.141804
0.017391
0.070345
0.485882
-0.031268
-1.259737
-1.943362
-2.441487
-0.405222
-0.808324
-0.082203
2.919123
-2.191803
2.641612
-1.984154
1.423044
1.360791
1.082274
-1.181627
1.544167
-2.739604
-1.102752
-1.008289
-1.927670
-1.945232
-2.428992
-0.996643
-3.029383
-1.259233
-2.188245
-0.458488
1.281587
-0.136609
1.774470
-1.816163
-1.215045
-0.408037
-2.925948
-1.387959
-1.277352
1.363152
1.197069
-2.718423
-1.941209
-1.053735
0.134495
-0.481276
-0.318079
-2.437538
1.773325
-0.782642
-0.796450
-1.626292
-2.024614
-0.483750
0.220697
1.415555
-1.214618
-0.164884
-0.460570
-1.273592
-0.802491
-0.970478
0.071957
1.341579
0.171723
-1.867725
-0.190282
1.499247
-0.302030
-0.866889
-1.879582
-2.401073
-2.218580
1.288973
-0.779832
-2.155623
-1.110545
-1.659831
-0.546153
1.206839
-3.088293
-2.117953
-1.214288
-0.393025
-1.752072
-3.023700
-1.242302
1.538375
1.591715
-0.916946
1.511035
-1.269777
-0.140352
0.071562
-0.940318
-0.373018
-2.093940
1.171138
-0.839477
-2.875413
-1.022608
-1.614299
-0.358142
-0.345321
-0.310504
-0.524136
-0.259986
-1.282332
1.641940
-1.052672
-2.730653
-0.487321
-2.419182
-0.526556
-1.178301
1.493137
-0.851383
-1.024604
-2.753161
-0.628182
-1.838823
-1.983605
1.352948
-2.193483
-1.096699
-1.151028
-1.456029
-1.262141
-2.803431
-0.219982
-2.475014
-0.667570
-0.316374
1.534968
-1.943603
-0.428606
-2.883577
1.571717
-2.395175
-2.353733
-1.039776
-0.259336
-1.991459
-1.964185
-0.279420
-3.047307
1.513475
-2.167900
-2.078246
-0.565349
-2.552770
-0.633141
1.394484
-2.212354
-3.041295
-0.905425
0.026378
-0.989058
-2.137166
-2.159881
-2.600011
1.281989
1.315774
-1.002735
1.338718
-1.208929
-0.920717
1.414018
-2.202120
-1.312669
-2.496201
-0.323067
-1.662604
-2.695215
-1.734997
-1.175493
-2.281169
1.590631
-1.027951
1.590916
-0.574444
-1.592800
1.520500
-0.945117
-0.640570
-1.168027
-0.661055
-1.023745
-1.011210
-2.036264
1.683871
-1.200629
1.324539
-2.011856
1.548431
-0.919868
-0.674339
1.593578
-2.428476
-1.167073
-1.112412
-0.359631
-0.910637
-0.944763
