1.723240
1.514867
-0.960910
0.920002
1.726958
0.916600
-0.399139
1.323451
1.560835
1.835829
1.611919
1.478656
-0.129434
1.726186
1.739428
-0.325765
1.755385
1.645420
-0.764092
-0.454937
1.492103
-0.743325
1.882185
-0.489484
1.062070
0.103974
1.477185
1.623432
-0.753831
-0.465915
1.535836
1.574535
1.567739
1.846055
-0.343310
1.687471
1.163874
1.791662
1.650999
1.421924
1.667194
2.061351
1.314816
-0.539391
1.937445
1.747615
2.124111
1.600781
1.422935
2.207974
1.735627
1.649449
0.718169
1.806261
1.744907
-0.356210
2.016145
1.033408
1.874171
-0.355877
1.173784
-0.373767
-0.448350
1.916149
1.416503
1.513286
1.510160
1.622204
-0.331714
1.376221
1.918345
-0.450920
1.340347
1.893150
-0.697408
1.785036
2.111865
-0.985651
2.198435
1.531605
1.587609
-0.180391
2.006424
1.883189
1.193156
2.479668
-0.745735
1.450637
2.160633
1.669863
1.048144
2.117832
2.003135
-0.392420
1.262898
1.325677
1.999135
0.715022
1.802456
1.308617
1.534937
1.530762
2.027426
1.569430
1.341011
1.357397
1.577356
1.403260
1.198031
1.747235
1.657554
1.695692
1.673932
1.460332
1.995906
1.374939
-0.387642
1.741448
1.288607
1.364644
1.611818
1.684779
1.704015
1.424716
1.386211
1.959129
1.343486
1.468784
1.444708
1.807148
1.033130
1.744551
1.858648
1.428294
1.429098
1.618120
1.733594
-0.477730
1.284219
1.204833
-0.394593
1.504691
-0.048404
1.612478
1.685877
-0.377545
0.138838
1.615992
1.777372
1.218765
1.262094
1.951478
1.599365
1.414395
1.714449
2.145601
1.737877
1.473662
1.905938
1.672595
1.623170
-0.544645
2.235526
1.299411
1.607159
1.395026
0.227212
1.230981
1.706085
1.601432
1.524160
1.529288
2.120231
1.805539
1.467256
1.159935
-0.387324
1.897095
2.111591
1.730988
1.908367
2.023224
1.259614
1.981800
1.776381
1.424751
1.688556
1.726288
-0.543168
1.657814
1.715093
1.234822
1.487353
0.878364
1.772819
1.684448
0.039075
1.955922
-0.329492
-0.508110
2.698234
2.238539
2.533900
2.187814
2.861994
1.373381
2.805438
1.482271
1.253110
1.260346
2.758232
2.595232
2.582013
1.987562
0.586917
2.497061
2.314391
2.908652
2.016865
1.830045
1.303145
1.301961
-3.192063
1.612373
1.243005
2.270242
1.666258
2.095072
2.647009
2.072921
2.750823
2.406837
2.271694
1.623389
2.447991
2.125489
1.284574
0.907454
1.390432
2.241966
0.927823
2.528485
1.277900
3.000412
2.142515
2.391316
2.644520
1.378510
1.483670
1.478074
1.092119
1.619956
1.952697
0.955518
1.870700
1.289826
2.458193
1.208865
2.778910
2.557161
2.550466
1.007382
2.293538
2.028015
1.512534
2.047302
1.221259
1.562748
1.334191
2.741942
1.891701
1.974608
2.604960
2.237112
1.088706
1.672497
1.099951
2.367526
1.298412
1.555710
2.584905
2.385988
2.663444
2.459964
1.301316
1.014977
1.419444
2.790511
1.998503
1.460694
1.041716
2.255360
2.406520
1.208157
2.283245
2.561892
2.767553
2.280542
2.285568
2.876074
0.852840
-2.818446
2.097596
2.424496
2.939970
2.545037
2.306039
1.439509
1.902360
1.311807
2.581842
1.340870
2.676891
1.385029
1.525148
1.967488
1.792746
2.059715
1.013835
1.181804
2.779508
2.949899
3.058050
1.325257
1.275640
0.634296
1.192591
2.888730
1.484330
0.851041
-3.045286
1.097673
2.805919
2.856286
1.167719
1.785943
1.532361
1.775101
1.321248
1.235347
0.665635
1.635762
1.329509
0.926854
0.634577
2.514446
3.069375
1.464315
2.597035
1.995409
2.459847
1.719545
1.392723
2.616364
1.424688
2.166492
3.016439
1.339520
1.569017
2.081269
2.080710
2.897761
2.635011
2.631493
2.827313
1.158320
1.532071
1.563823
2.669278
2.418875
2.520074
1.479142
2.124920
1.565817
1.319496
0.990250
2.676931
0.816020
2.560468
2.778918
1.612731
1.600021
1.880751
2.691141
0.964570
1.520038
1.026449
1.082572
1.600255
2.648376
2.417054
2.051604
1.584917
1.915440
3.012867
-2.947982
1.026515
1.165698
2.556813
1.451872
-0.782538
-0.042914
0.378915
-0.525428
-0.130191
-0.400037
0.022233
0.312771
-0.261973
-0.460695
-0.024262
-0.224444
-0.492892
-0.100074
-1.862276
0.134263
-0.789760
0.180461
-0.461104
-0.175753
0.220469
-0.656896
-0.034731
-0.900459
-0.400945
0.125058
-0.741166
0.191591
0.455091
-0.006363
-0.643977
-0.050505
-0.716216
-0.656110
-0.169643
0.507038
0.698945
-0.746465
-0.357367
-0.795159
-0.026628
-0.401070
-0.083187
-0.130681
-0.193287
-0.218880
0.505271
0.314017
0.000469
-0.561496
-0.299991
0.277393
0.254288
-0.471098
-0.291575
-0.497973
-0.377093
-1.751961
-0.195823
-0.316126
-0.225930
-1.870465
-0.481970
-0.141273
0.155072
-0.177652
0.154909
-0.502161
-0.064801
0.090390
0.361575
-0.454782
-0.104673
-0.302860
-0.115127
-0.622602
0.327574
-0.249330
0.151043
-0.441166
-0.526892
0.071521
-0.516872
-0.301612
0.557428
0.243604
-0.008695
-0.316906
0.147961
-0.281984
-0.602570
0.004238
-0.448349
0.147203
0.201335
-0.697148
-0.707251
-0.482379
-0.009849
-0.109544
-0.308688
0.360520
-0.217447
0.329613
0.381183
0.117195
0.030601
0.235418
-0.080307
-0.143905
-0.527580
-0.274736
-0.455123
-0.008920
-0.333779
-0.343746
-0.591657
-0.109348
-1.059349
0.216395
0.450897
-0.030683
0.023540
-0.315885
-0.126056
-0.198018
-0.433430
0.144665
-0.824554
-0.565290
-0.512501
-0.622137
0.087620
0.162485
-0.505488
-0.105429
0.009959
-0.419213
-0.586840
0.109314
-0.476926
0.298664
-0.276613
0.368691
-1.725077
-0.033220
0.441079
-0.123076
-0.097179
-0.122834
-0.319988
0.249889
0.511101
-0.121571
0.089903
0.184861
-0.025653
-0.153036
0.384779
-0.102600
0.195829
-0.149836
-0.435970
-0.011622
-0.341533
-1.635407
-0.365426
-0.198659
-0.199307
-0.904666
-0.156672
0.234323
0.207632
0.353397
-0.247785
-0.408204
0.040484
-0.708313
-0.022797
-0.898554
0.197352
0.030194
-0.333249
0.087553
-0.506502
-0.004654
-0.153964
-0.584629
0.176527
0.164089
-0.166510
0.105646
-0.382518
0.209822
-0.610655
-0.637285
0.010611
-0.283579
0.551087
0.576155
-1.245993
0.629169
0.234376
-0.295739
-1.149438
-0.400242
0.691958
-1.549675
-1.167539
0.524876
0.388383
0.153176
0.058835
-1.241688
0.348038
0.441380
0.075346
-1.415120
0.261196
0.362750
-1.364808
-0.146669
-1.164660
-1.238848
-0.115455
-0.303014
0.393797
-0.258615
0.513224
0.165649
-0.490694
-1.110044
-1.556859
-1.204712
-0.341099
0.281202
0.026768
0.316726
0.613835
-1.137960
0.497449
-0.023465
-0.462615
0.624676
0.147846
-0.513184
-0.194134
-1.332158
0.485169
-0.416869
-0.292250
0.436844
-1.290775
-0.100788
-0.129008
-1.259421
-1.251403
-1.152708
-0.397811
0.433219
-0.244166
0.291372
-0.313540
0.389943
-0.891461
-0.264129
-0.026624
0.498580
-1.153803
0.301805
-0.212632
-1.625449
-1.284917
0.593339
-0.450565
0.221434
0.195671
-1.494113
-1.298138
-0.220052
-1.203553
0.126829
-1.112399
0.293144
0.520886
-1.342355
0.402871
-0.607419
-0.639804
-0.358280
-1.120589
-0.657540
1.075501
0.093474
-0.789945
-1.436895
-1.158311
-1.000680
-0.213465
0.190959
0.038111
-0.201635
-0.652685
-1.190063
0.499464
-0.491691
-1.173431
-0.483441
0.790406
-0.229441
-0.781009
0.416328
0.286189
-1.300472
-1.426786
-0.166196
0.097348
-1.552178
0.370338
-1.547371
0.056805
-1.293480
0.038826
-1.241562
0.584072
-0.374565
-1.623442
-0.180765
-0.603031
0.304453
0.833247
0.267403
0.204020
0.488995
-1.504512
0.229295
-0.073909
-0.229836
0.574072
0.536856
-0.485853
0.189355
0.310477
0.970983
-1.588415
-0.937218
0.953513
-0.343477
0.115242
-1.247967
-1.431795
-1.365002
0.155296
-1.207792
-1.493339
-1.583235
0.634556
0.378570
0.318379
-1.116527
0.332287
-1.222915
-1.512491
0.447796
0.309566
-1.249904
0.822234
-0.262988
0.337182
0.330471
-1.196317
-0.231190
-1.538752
0.650842
-0.137385
0.499903
-0.327802
0.486857
0.285186
-1.217264
-0.738262
-1.314842
-0.681579
-1.184091
-1.147599
0.346816
0.570313
-1.208807
0.285155
0.831854
0.341069
0.199330
-0.192865
0.538083
-1.328123
-1.088748
0.065244
0.207457
-0.303422
-0.765147
