1.398982
2.474280
0.865900
1.624319
1.666324
1.033709
2.863897
2.526369
1.944126
1.347940
1.616362
1.486900
1.366882
2.459063
2.292013
2.559005
1.777926
2.470497
0.764074
1.392452
1.554261
1.157917
2.299508
2.100320
1.161988
1.023349
1.259408
1.821823
1.935493
1.484734
2.258401
1.333345
1.626468
1.872636
1.442192
2.281089
2.513862
1.846262
1.573241
1.302368
2.451913
2.157705
1.552676
1.394134
2.386166
2.063083
2.235140
2.393567
2.647133
2.567820
2.903000
1.101428
1.404981
0.983618
1.880191
1.224727
1.252773
1.731896
0.873983
1.622807
2.496779
2.438726
1.561384
2.399811
0.395242
0.801996
2.513720
1.414889
1.912181
2.469417
1.989672
1.919033
2.531940
1.246615
2.108072
2.123458
1.229270
1.214693
1.415520
2.410862
2.378038
1.435446
1.436758
2.358149
1.537773
2.420280
1.113516
2.499165
1.044767
1.879537
1.526604
2.374944
0.851972
1.227806
2.723787
0.915046
1.038822
1.148084
2.194433
2.159386
1.274660
1.537428
1.450752
2.599644
1.141742
1.081525
1.365933
2.472459
2.537422
1.269591
2.177361
1.048618
2.643083
2.221345
2.323675
2.469543
1.098547
0.727193
1.149260
2.446270
1.146826
0.731133
1.663727
2.573422
0.859103
1.682271
2.356511
2.442885
2.244227
1.367135
1.497676
2.335753
1.043743
1.248121
1.139091
1.860793
2.461919
1.193588
2.092075
2.710029
1.296941
2.459123
2.444649
2.257096
2.285104
1.450844
0.998027
1.356556
3.038679
0.933416
0.986776
1.610620
0.869089
2.718358
1.571042
1.600742
1.993349
1.361559
2.439558
1.146301
0.915531
2.105589
1.002344
1.381681
1.831642
2.419821
1.026840
1.107468
1.496351
1.558328
1.212221
2.352803
1.281387
1.553707
1.285156
2.671541
1.366261
1.912742
1.454734
0.956948
1.122233
2.439435
1.452035
2.645206
0.875471
1.465657
1.380970
1.322021
1.234911
1.150071
1.859214
1.205637
1.206083
1.369772
2.472372
1.200964
1.504545
2.911146
1.489589
2.312434
3.153700
-2.771810
-2.834835
-2.861798
2.998853
-2.167993
-2.869977
-2.236792
-2.528036
3.057033
-2.971664
-2.725890
-3.154767
-2.600938
-2.635812
-2.963973
-2.800012
-3.041746
-2.559756
-2.493713
-2.824402
-2.915909
-2.912113
-2.422789
-2.687360
-2.505270
-3.111351
-1.598779
-2.963353
-2.713967
3.037018
2.940220
-2.932160
3.037640
-2.886643
-1.996771
-3.061216
-2.770738
2.930378
-2.904906
-2.842845
-3.051940
-1.925924
-2.875762
-2.804405
-2.622246
-2.588178
3.127860
-2.530732
-2.808099
-2.793519
2.929579
-2.189031
-2.907766
-2.628594
-2.544881
-2.870960
-2.816578
3.032267
-2.842088
-2.926865
-2.858045
-2.965125
3.088649
-2.433374
-2.723797
-2.897202
-2.576661
-3.141387
-2.578532
-3.148435
-2.848504
-2.850387
-1.970347
-2.774702
-2.087908
-2.364206
-3.016648
-2.946442
3.143949
-3.188661
-2.791658
3.056130
-2.947001
2.367517
-2.488834
2.906519
-2.869170
-2.178392
2.819526
-2.591326
-2.949104
-2.886011
-3.002539
-2.873561
3.142464
-2.947515
-2.668234
-2.996313
-2.784513
-2.439121
-2.568117
-3.050865
-2.797562
-2.753761
-2.618076
-2.098556
-2.610348
-2.868477
-2.196308
-2.776650
-2.495122
-2.934528
2.787289
-3.027016
-2.786721
-2.258952
3.120807
-2.934673
2.928219
-2.672776
-2.585254
-3.012365
-3.197149
-2.775983
3.104269
-2.628835
-2.714118
-2.970366
-2.673148
-2.460713
-2.269015
-2.487944
-2.757358
2.916276
-2.876619
-2.103255
-2.927264
-2.481931
-2.987420
-2.463795
-2.903032
3.108059
-2.850784
-2.887196
-2.453641
-2.355152
-1.934636
-3.093140
-2.948572
2.904392
-2.916311
-3.159167
-2.732706
-2.936229
-2.721773
-2.454817
-2.614426
-2.861650
-1.865123
-2.472849
-2.711148
3.052879
-2.919210
2.919596
3.047774
-2.213236
-2.886219
-2.643713
-2.836075
-2.573208
-2.596327
-2.531117
-2.343115
-2.742972
-1.797141
-2.897261
3.173756
-3.091218
-2.624039
-3.107116
3.006496
-2.646613
-2.705164
-2.644340
-1.486714
-2.420549
-2.346969
-2.450009
-2.781919
-3.011268
-2.191387
-3.141975
3.093503
-2.317537
-2.057934
3.008812
-2.767028
-2.417254
-2.880357
-0.248660
-0.141842
-0.049451
-0.961349
0.049733
-0.756960
-0.067367
-0.512791
0.127176
-0.219176
-0.017254
-0.159497
-0.052162
-0.012273
-0.299047
-0.507401
0.252058
-0.841169
0.506238
-0.914768
-0.452912
0.413192
-0.325916
-0.429641
-0.248538
-0.302061
-0.615622
-0.792653
-0.626453
0.189988
-0.021372
0.085924
0.100792
0.086197
1.036391
0.221347
-0.365149
-0.454345
-0.619187
-0.326806
-0.223854
-0.559538
-0.606054
-0.602971
-0.470734
-0.567301
-0.231009
-0.097039
0.477846
0.449649
-0.019722
-0.289293
-0.512617
-0.637492
0.034282
-0.192718
0.023662
-0.495614
0.016045
0.868329
-0.245628
0.114614
-0.517356
-0.289778
-0.321260
0.050149
-0.681047
-0.566319
0.166161
-0.709062
0.024681
-0.222785
-0.169286
-0.245727
-0.025866
-0.540251
-0.228296
0.229183
0.246242
0.004140
-0.199872
0.019284
-0.186618
-0.207504
-0.442837
-0.060086
-0.314896
-0.053569
-0.404969
-0.235343
0.284951
-0.469073
0.723873
0.161189
-0.529389
-0.713740
-1.174236
-0.830550
-0.606463
-0.248160
-0.306619
-0.948015
0.443710
0.101278
0.676733
0.183290
-0.722230
-0.600532
-0.386646
0.036677
-0.677917
-0.117998
-0.605638
-0.982104
-0.550068
-0.060115
-0.464684
-0.149092
0.117462
-0.441613
-0.244486
-0.094910
-0.350200
-0.558172
-0.362286
-0.449922
0.409582
0.110501
0.061494
-0.852425
-0.215739
-0.539829
-0.750041
-0.197626
-0.314460
-0.623064
-0.230322
-0.402929
-0.414379
-0.906325
-0.463395
-0.119489
-0.134315
-0.047021
0.308749
-0.977651
0.078439
-0.880571
-0.753965
-0.843701
-0.367010
-0.561564
-1.037026
-0.992045
0.035095
-0.955487
0.069342
0.309255
-0.664340
0.280816
0.167127
-0.560175
-0.912261
0.326790
0.228190
-0.514360
-0.760817
-0.786942
0.585640
-0.714899
0.120091
-0.100192
-0.105219
-0.564589
-0.347405
-0.317187
-0.307831
0.070319
-0.796409
-0.456717
-0.482494
-0.480694
-0.100264
-0.427397
-0.255380
0.067828
-0.048240
-0.379802
-0.040068
0.241815
-0.341513
-0.232231
-0.298645
0.479584
-0.891081
-0.124864
0.436381
-1.026161
-0.385875
-0.382068
-0.066147
-0.477662
0.090986
-0.239767
-1.564140
-0.593904
0.213818
-1.500137
-1.441844
-0.385277
-1.771846
-1.392350
-0.809658
-0.847600
-0.306969
-0.238780
-0.124661
-0.252365
0.010238
-0.189028
-1.169448
0.041021
-1.858878
-0.135237
-0.269069
-0.896693
-0.152196
-0.530461
0.074655
-0.185378
0.143554
-1.432605
-1.685121
-0.841731
-0.140521
-1.862435
-0.737451
-0.121054
-0.111227
-0.057301
-0.875624
-1.050650
0.032492
0.321099
-0.042378
0.396248
-0.233731
-0.621862
-0.538009
-0.235991
-0.297963
-0.061470
-0.146341
0.268902
-0.791358
-0.088553
-1.151722
-0.653530
-0.329501
-1.433115
0.147949
-0.878635
-0.301232
-0.125004
-0.105810
-0.853516
0.181319
-0.003735
-1.622529
-1.641884
-0.048991
-0.537915
0.359128
0.092977
0.187950
-0.869474
-0.263388
-1.592334
-0.286443
-0.033770
-1.509255
-0.219695
-1.590578
-0.040422
-1.608788
-1.583750
-1.657091
-0.707169
0.058998
-0.995153
-0.749035
-0.034991
-0.205115
-0.658804
0.063931
-1.417754
-1.583405
-0.873046
-0.542059
-1.026054
-0.628889
0.003473
-0.175857
0.202817
-0.203974
-0.027740
-1.728540
0.069002
-0.094021
-0.464145
-0.100720
-1.384160
-0.581420
-1.429339
-1.402476
-0.119549
-1.358182
-0.918274
0.039711
-1.826167
0.058685
-0.049671
-0.010471
-0.568337
-1.077264
-0.507495
-1.638416
-0.043556
-0.605121
-0.073873
-0.964586
-1.283090
0.076340
-1.605257
-1.897436
0.139988
-1.025589
-0.636047
-0.193767
0.239834
-0.503206
0.026926
-0.396765
-0.434240
-1.632948
-0.046221
-0.709895
-0.383354
-0.741633
-1.684131
-1.486885
-1.310112
-0.414958
-0.612517
-1.180302
-1.625368
-0.243973
-1.655845
-1.998737
-1.653905
-1.744473
-0.268081
-1.898685
-1.618533
-0.432633
-0.899004
-0.042383
-0.400442
-0.242993
-0.223366
-1.859614
-0.549677
-1.230305
-0.067805
0.154150
0.174708
0.022034
-0.337511
-0.361453
-1.596145
-0.238631
0.010298
-0.048095
-1.425855
0.694841
0.091124
-0.085914
-0.285428
-1.162064
-0.107454
-1.651087
0.047690
-0.379154
-1.608976
-0.473521
-1.877631
-1.206241
-0.692121
-0.171983
-0.926412
