1.905172
1.776666
-0.728219
1.019858
1.857857
1.178400
-0.275367
1.460033
1.560835
1.181331
1.219220
1.907256
-0.484994
1.606861
1.608528
-0.718464
1.624486
2.038119
0.111999
-0.241851
1.846595
0.230590
1.620385
-0.321889
1.993965
-0.288726
1.637118
1.754332
-0.112672
-0.081041
1.601832
1.443636
1.090325
1.453356
-0.058127
1.425671
2.051457
1.791662
1.258299
1.552824
1.536294
1.203205
0.922117
0.115107
1.937445
1.713392
2.093279
1.397276
1.422935
1.259565
1.866526
0.864051
2.158066
1.806261
1.005518
-0.400194
1.361647
1.933775
1.481472
-0.094078
1.342364
-0.349186
-0.317451
1.602345
1.846967
1.382386
1.510160
2.014903
-0.278441
1.530441
2.151448
-0.338690
0.685848
0.976852
-0.085674
1.261437
1.850066
-0.348402
1.744751
1.519428
1.194910
-0.502066
1.744624
1.210810
1.324056
1.694270
0.039663
1.581536
2.145025
1.800763
1.728234
0.807236
1.944632
-0.416229
1.655597
2.111076
1.213737
1.631320
1.188293
1.701316
1.796736
1.661662
1.920987
1.307631
1.029239
1.559470
1.446457
1.141461
1.721629
1.874294
1.657554
0.910294
1.804832
1.638914
1.734106
1.374939
-0.337369
1.959562
1.657196
1.364644
1.889083
1.830492
1.834915
1.424716
1.517110
1.435530
2.128884
1.499278
1.588856
1.807148
1.306216
1.506866
1.335049
1.820993
1.438550
1.536583
1.471795
-1.001329
1.938717
1.290495
-0.254682
1.462595
-0.133079
1.874278
1.780444
-0.279244
-0.727396
2.139590
1.980616
1.742364
1.895145
1.951478
1.861164
2.064380
1.452650
1.379365
1.214278
1.604561
1.513239
1.530635
1.500064
0.240753
1.842827
1.561211
1.345359
1.918625
-0.427286
1.363167
1.642481
1.339632
1.864683
1.791087
1.438412
1.196885
1.605742
1.523926
-0.125525
1.544514
1.326193
1.992787
1.737662
1.498666
1.662886
1.665825
0.860083
1.835935
1.809805
1.988087
-0.565003
1.386068
1.493531
1.627521
1.356454
1.368048
1.118321
1.029949
0.300875
1.864956
-0.329492
-0.229942
3.059807
2.255289
2.550683
2.727677
2.519875
1.142965
3.114519
1.564372
0.966059
0.736747
3.043720
2.936562
2.093515
2.470944
1.052298
2.283498
1.986169
2.274339
2.917008
2.730374
1.105794
1.563760
2.960223
1.263582
1.072684
2.662941
1.113171
2.236649
2.937417
1.942022
2.999944
2.406837
2.451643
1.234627
2.737884
2.560973
1.415474
0.973172
1.258906
2.195674
1.129793
2.343984
1.282843
2.327826
2.758841
2.253167
3.110390
1.162918
1.483670
1.359394
1.378297
1.619956
1.990484
1.217317
2.438040
1.040490
2.981792
1.124412
1.991481
2.697343
2.692568
1.138281
2.265803
2.558973
1.521579
2.762896
1.221259
1.603152
1.334191
2.611042
2.352865
2.890906
1.883070
2.629811
0.826907
1.546998
0.838152
-2.737562
1.196935
1.667425
2.597839
2.655983
1.883469
2.139210
0.908617
0.753177
1.128869
2.960915
2.129403
1.547751
1.197858
-2.894551
2.523678
1.208157
2.532971
2.430992
3.160252
2.673241
2.557614
2.533945
1.085215
3.102357
2.609634
2.817195
1.774013
3.068635
2.467777
1.211700
2.468334
1.311807
2.282072
1.205891
2.096392
1.718418
1.529371
2.229287
2.447244
2.347206
0.752035
0.920005
2.983081
2.413863
2.403552
1.063457
1.144740
1.451693
1.061692
3.078649
1.398915
1.636440
3.134774
0.892969
2.409170
3.065156
1.429519
1.534906
1.568191
1.137653
1.321248
1.366246
0.340909
1.437494
1.661239
1.222417
1.178540
2.776246
2.807575
1.113158
2.896304
2.257209
3.035992
1.009344
1.832275
2.832607
1.293789
2.066936
2.623739
1.029945
1.438117
1.813788
2.212283
3.000246
2.987922
2.369693
2.850685
0.829015
1.558498
1.563823
1.848391
2.884874
2.426648
1.610042
2.345384
1.105592
1.307914
1.644749
2.913490
0.685121
2.675146
2.581098
1.571246
1.545146
2.273450
2.972398
0.997351
1.534434
1.419148
1.213472
1.571492
2.891773
2.879977
2.741174
1.530152
2.308139
2.236058
2.288006
0.898578
1.046164
2.921096
1.444274
-0.109105
0.087985
0.081182
-0.001829
-0.522890
-0.759187
-0.501366
-0.079928
-0.223207
-0.163778
-0.778822
-0.486243
-0.304091
0.030826
-1.641110
-1.043835
0.313085
-0.081338
0.062495
-0.044853
0.482269
-0.779141
0.357968
0.539438
-0.662744
-0.529843
-0.610266
-0.350925
0.021259
0.302024
0.272321
-0.058139
-0.183809
0.263073
-0.300543
-0.957026
0.437145
0.355009
-0.226467
-0.402460
0.235171
-0.360414
-0.475886
-0.284110
-0.062387
-0.031052
0.505271
-0.338231
-0.487027
0.485702
-0.299991
-0.638905
-0.035663
-0.067994
-0.314090
-0.251408
-0.246194
-1.737049
0.065976
-0.280634
-0.509234
-1.737400
-0.486036
-0.012944
0.155072
0.546959
-0.237790
0.414137
0.030659
0.352189
-0.031124
-0.375962
-0.235573
0.089839
-0.115127
-0.099004
-0.457824
0.116726
0.281942
-0.572066
-0.003293
0.464220
-0.474681
-0.432512
-0.358870
-0.018195
-0.472617
-0.316906
-0.241955
0.241615
-0.202651
-0.082082
0.198958
0.246532
0.652986
0.219150
-0.588336
-0.146938
-0.290925
-0.764043
-0.131043
-0.686677
0.306152
0.121413
0.014632
-0.144604
0.423300
-0.207215
-0.427955
-0.476396
-0.303009
0.174539
0.042212
-0.532519
-0.333779
-0.081947
0.062842
-0.109348
-0.118776
-0.783930
-0.027797
-0.685182
0.189979
-0.633771
-0.085573
0.587380
0.221069
0.144665
0.218841
0.385391
-0.269812
-0.098539
-0.435979
-0.230214
-0.505488
-0.629028
-0.038718
-0.045463
0.260999
-0.414285
-0.297967
-0.224934
-0.276613
-0.024008
-1.725077
0.228580
-0.606118
0.400523
0.164620
-0.122834
-0.319988
-0.797309
-0.064902
-0.090373
-0.823007
-0.234454
0.105246
-0.153036
-0.531519
-0.141815
-0.742846
0.242863
-0.566869
-0.927919
-0.406213
-1.818689
-0.496326
-0.005263
0.062493
-0.257667
0.406928
-0.027477
-0.446867
-0.432001
-0.116886
-0.403504
-0.221315
-0.053815
-0.241763
0.017744
-0.326247
-0.624304
0.583049
-0.126890
-0.375602
-0.397353
-0.677562
-0.453729
-0.739771
0.110402
0.226189
-0.711388
-0.382518
-0.401414
-0.379706
-1.422683
0.109946
-0.327569
0.355575
-0.168731
-1.132049
0.497396
0.798063
-0.269655
-1.383238
0.313177
0.953757
-1.282699
-1.309450
0.655775
0.583663
0.414975
0.109415
-1.239295
0.348038
0.746716
0.075346
-1.356149
0.327497
0.447717
-1.434415
-0.289489
-1.359890
-1.238848
0.483137
-0.248342
0.459695
-0.660208
0.257907
0.144370
-0.228895
-1.458897
-1.458617
-1.303808
-0.343532
0.280078
0.196182
0.245504
0.482935
-1.491084
-0.621275
0.055837
-0.200815
0.101077
1.033444
-0.774984
-0.586833
-1.183895
0.877868
0.499429
0.126276
0.305944
-1.292219
-0.100788
-0.259908
-1.252465
-1.616815
-0.931718
0.295933
0.281416
-0.375066
0.422272
0.079160
0.628317
-0.300376
0.152763
0.271339
0.236780
-1.295938
0.314835
-0.343531
-1.346754
-1.251010
0.462439
-0.421831
0.261736
0.588370
-1.319712
-1.036338
-0.226868
-1.290051
0.653274
-1.262578
0.516919
0.386851
-1.397835
0.408997
-0.869219
-0.426538
-0.227380
-1.027301
-0.133941
0.813701
0.224374
0.076821
-1.306796
-1.381718
-0.908015
-0.344365
-0.332640
-0.092789
-0.237362
-0.390886
-1.320962
0.178644
-0.332129
-1.189775
-0.483441
0.266807
-0.491241
-0.781009
0.305532
-0.237409
-1.044436
-1.367732
-0.427995
0.882746
-1.403574
0.346615
-1.335834
-0.144737
-1.293480
0.353371
-1.110662
1.107670
-0.636365
-1.162951
-0.311665
-0.852766
0.304453
0.892006
-0.256196
0.428118
0.372522
-1.319569
0.360195
-0.093636
-0.141280
0.574072
0.667756
-0.224053
0.058455
0.468165
0.614411
-1.265484
-0.282720
1.084412
-0.212577
0.844295
-1.273045
-1.236132
-1.263040
-0.368303
-1.074961
-1.007491
-1.056286
0.324149
0.378813
0.325421
-1.378919
0.450223
-1.189626
-1.316141
0.472914
0.469593
-1.393406
0.510804
-0.001189
0.598981
0.279983
-1.337275
-0.377467
-1.275740
0.436929
-0.399184
0.280435
-0.327344
0.436222
0.580918
-1.322071
-0.083764
-1.300942
-0.044271
-1.287739
-1.329029
0.441166
0.425900
-1.213362
0.303240
0.565406
0.471969
-0.585214
-0.716464
0.417276
-1.350341
-1.291451
-0.432759
-0.046581
0.089277
-0.765147
