1.599119
1.757597
-0.785031
1.152265
1.751912
1.440199
1.011027
2.348500
1.209891
1.182343
1.655383
1.442721
-0.279676
1.717772
1.608528
-0.539547
1.245941
1.493771
-0.692443
0.983341
1.812321
-0.460682
1.549615
-0.100126
1.575495
-0.322261
1.166793
1.102214
0.070674
-0.092226
1.286177
1.484123
1.523604
1.110186
-0.776649
1.163872
1.637628
2.235928
1.724729
1.683723
1.562543
1.897206
1.497395
1.162305
2.482210
1.495716
1.520621
1.399966
1.517355
1.485833
1.510115
1.797478
1.198158
1.806261
1.371995
1.002626
1.516323
1.574412
1.705511
0.101656
1.323096
0.550163
1.101268
1.494013
1.824162
1.100656
1.314726
0.941894
0.036446
1.172868
2.174636
1.086415
1.660377
1.835018
-0.099323
1.397792
1.401807
-0.922788
1.978812
1.786680
1.282528
-0.790362
1.569817
1.308691
1.324056
1.391357
-0.222137
1.314928
1.031867
1.717875
1.446280
0.810276
1.259088
1.129789
1.524697
1.900057
1.392138
1.646068
1.017058
1.089369
1.425944
1.592764
1.755699
1.648415
1.864610
1.676337
1.790764
1.784380
1.721629
1.776433
2.130801
1.780319
1.451987
1.083913
1.210507
1.326109
0.567131
2.089803
1.546755
1.757343
1.608829
1.422980
1.812515
1.500224
1.124411
1.345812
1.723660
1.571017
1.303982
1.977458
1.833388
1.656432
1.402053
1.608140
1.973176
1.533134
1.883927
-0.517575
1.405592
1.409390
0.903126
1.976237
-0.156941
1.216479
1.678587
0.997284
-0.069730
1.518292
1.410575
1.907012
0.794256
1.631510
1.594192
1.707340
1.398666
1.271970
1.683629
1.438514
1.183184
1.935851
1.587087
-0.346274
1.332534
1.293208
1.603743
1.411103
-0.681663
1.795118
1.545568
1.863231
1.841520
1.403245
2.251131
1.879609
1.342461
1.521942
-0.864261
1.672144
1.218889
1.071849
1.784050
1.226245
1.937414
1.864987
1.390131
1.151932
2.066368
1.901287
0.125361
1.917594
1.421175
1.680342
1.834736
1.398968
1.613474
1.597431
-0.673863
1.626411
1.098294
-0.044425
2.650624
1.823531
2.558699
2.487620
2.632003
1.672832
2.966458
1.678564
2.193077
1.564159
2.714513
2.326958
3.128787
2.109587
1.712116
2.936292
2.787099
2.957576
2.574735
1.960945
1.635275
2.529884
2.960223
1.889425
1.494580
2.280182
2.212497
2.423219
2.564328
2.465620
-2.908462
2.444900
1.843136
2.146511
1.994634
2.464656
1.628401
1.830920
2.521064
2.611470
2.059224
2.397586
1.943232
-3.200052
1.654348
3.058449
1.722520
1.477440
1.588598
1.684211
1.812872
1.619956
2.539876
1.857873
1.786304
2.415306
3.035409
1.634982
2.924702
2.807164
2.707512
1.620811
2.917152
2.682513
1.695138
2.659954
1.187676
1.755642
2.119589
2.868627
2.172641
2.610146
1.998259
2.575005
1.760999
2.028444
2.428137
2.394553
1.879001
1.744859
1.577206
2.403101
2.751225
2.513229
1.475054
1.384038
1.574500
2.642973
2.519656
1.508505
2.075496
2.560523
3.009164
1.884267
1.894490
2.906390
2.597917
2.358210
2.610602
2.824926
1.618004
-3.080246
2.201430
2.659558
2.336438
-2.947441
2.338141
1.540583
3.047246
2.016195
2.871361
1.407645
2.545991
1.602479
1.776710
2.241423
2.223288
2.924242
1.821158
1.845214
2.590054
3.024011
2.430937
2.060704
1.786064
1.523919
1.524255
2.150418
1.565217
1.604938
2.721637
2.035390
2.028738
2.783799
1.936754
1.805785
1.477826
2.523232
1.832135
2.263735
1.359073
2.287616
1.548947
1.771441
1.862892
2.246156
2.593632
2.222674
2.607040
1.899308
2.511599
2.002296
2.018254
2.482962
2.024357
1.964738
2.231040
1.685405
1.616281
2.985809
2.895459
2.649736
2.405267
1.781202
2.534555
1.709293
1.654384
2.256858
2.607757
2.672207
-2.958244
1.723685
2.166666
2.186796
1.754197
1.937276
2.455437
1.919468
2.743134
2.412481
1.809515
2.022366
2.271764
2.508566
1.843900
1.542592
1.782709
1.766385
1.392265
2.374744
2.677576
-2.900920
1.360349
2.480904
2.096569
2.773009
1.424118
1.742040
2.598682
1.632798
-0.433882
-0.304714
-0.350956
-0.568252
0.095281
-0.023651
-0.922355
-1.044728
-0.453088
-0.628142
-0.940560
-0.093544
-0.313187
-0.073571
-0.433800
-0.869494
-0.720700
-0.798650
0.711360
-0.614307
-0.651031
-0.392101
0.496379
-0.716835
-0.355061
-0.136741
-0.226916
-0.086029
0.565119
-0.247414
0.279710
-0.547778
-0.480149
0.214298
-0.094303
-0.479661
-0.064846
-0.076905
-0.838288
-0.951853
0.248716
-0.441384
-0.911989
-0.686127
-0.372934
-0.622177
0.106197
0.132651
0.062393
-0.824901
-0.760774
-0.125368
0.795589
-0.145965
-0.684274
0.399123
0.013171
-0.199944
0.005110
0.154186
-0.208858
-0.252546
-0.247925
-0.239426
-0.336293
-0.627302
0.396277
-0.157049
-0.049228
-0.464392
-0.653935
-0.812907
0.127500
-0.257997
-0.381511
0.288203
0.085719
-0.939626
0.015778
-0.162314
-0.134193
-0.378618
-0.660660
-0.438693
-0.579468
0.636303
0.308400
-0.686206
0.113479
-0.298853
-0.832572
-0.462103
-0.866382
-0.696274
0.142922
-0.697148
-0.884104
-0.119355
-0.701168
-0.971539
-0.373223
-0.109847
0.306152
0.394154
-1.015635
-0.490391
0.554200
0.106971
-0.575469
-0.638963
-0.673680
-0.442611
0.470740
0.148117
-0.415593
-0.460080
0.339118
-0.426470
-0.277282
-0.018883
0.629761
-0.161583
-0.597495
-0.180450
-0.196812
-0.106311
-0.395723
-0.057624
-0.560334
-0.337744
0.162959
-1.200435
-0.942524
0.131570
-0.383055
-0.913904
-0.587361
0.172142
-0.821542
-1.004823
-0.500453
-0.627218
-0.468901
0.458489
-0.565530
0.124632
-0.480985
0.210693
-0.415121
0.064603
-0.764128
-0.330104
-0.984934
-0.466343
-0.486918
-0.772254
-0.442749
-0.322862
-0.007920
-0.217696
-0.407890
-0.416173
0.123532
-0.178930
-0.807315
-0.179304
-0.508385
0.430994
-0.222832
0.064212
-0.599250
0.092478
-0.386065
-0.199758
-0.020665
-0.795000
-0.073108
-0.194120
-0.237956
-0.767655
0.086244
-0.637167
-0.735384
-0.483217
-0.279609
-0.164501
-0.205137
-0.545914
-1.394269
0.018407
0.563733
0.118546
0.113731
-0.628841
-1.015777
-0.244586
-0.504677
-0.430180
0.158388
-0.491513
-1.227679
-0.147875
-0.099957
-1.582541
-1.160450
-1.263679
0.092489
-1.538881
-1.269010
0.008434
0.121064
0.121046
-0.291659
-1.190121
0.002994
0.250869
-1.052075
-1.100633
-0.050029
0.057662
-1.503268
-0.573540
-1.319532
-1.044091
0.617372
-1.093361
0.213077
-1.193278
-0.111298
0.129330
-1.219018
-1.289752
-0.746365
-1.160204
-0.570952
0.086360
-0.178808
0.190402
0.482935
-1.405150
-0.784765
-1.015690
-0.436366
0.059186
0.020551
-0.767929
-1.280316
-1.184366
-0.243179
-0.872461
-1.018673
-0.070534
-1.196608
0.018531
-0.358289
-1.087297
-1.232962
-1.556293
-0.213843
0.129982
0.261248
0.106506
-0.036915
-0.033820
-1.368728
-0.318128
0.247105
0.030313
-1.364809
0.071048
-0.751863
-1.357821
-1.525849
0.576573
-0.227993
-0.924393
0.236908
-1.554938
-1.104501
-0.473914
-1.335252
0.050319
-1.288004
0.127841
0.107480
-1.320079
0.073138
-1.012452
-0.836458
-0.628214
-1.579424
-0.992215
0.012045
-0.700765
-0.638938
-1.571290
-1.212304
-1.577703
-0.805588
-1.348321
-0.747287
-0.596282
-0.750769
-1.190063
0.062650
-0.760584
-0.491170
-0.257105
-0.040826
-0.335033
-1.566408
0.145553
-0.891908
-1.545257
-1.465689
-1.000224
0.051173
-1.066788
0.058152
-1.598578
-0.472518
-1.293480
0.009530
-0.979762
0.459726
-0.102289
-1.486204
-0.380733
-0.181756
0.095431
0.545969
-0.428048
0.039673
0.166028
-1.600088
0.315099
-0.650999
-0.884334
-0.040025
-0.014983
-0.269752
0.383442
0.101240
0.395399
-1.507230
-0.640530
0.077865
-0.991721
0.494187
-1.214995
-1.556753
-1.493664
-1.137866
-1.527833
-1.505262
-1.474872
0.194993
0.154853
0.077928
-1.217706
0.156411
-1.319589
-1.543547
0.232951
-0.165707
-0.997370
-0.582346
-1.296172
0.123481
-0.114106
-1.394014
-0.749947
-1.511533
-0.180499
-0.756467
0.286081
-0.542231
0.000439
0.164841
-1.351328
0.089037
-1.241086
-0.330118
-1.100200
-1.136580
-0.064610
0.139815
-1.137020
0.020666
0.040441
0.041694
-0.964229
-0.597416
0.257924
-0.823102
-1.138408
-0.322483
-0.901964
-0.626530
-1.431833
