1.773023
1.439893
-0.291366
2.238849
1.850150
1.898063
-0.304329
1.548633
1.168136
1.966729
1.868303
2.038156
-0.558943
1.453021
2.046110
-0.339150
1.603623
1.605142
-0.107798
-0.372750
1.334453
-0.709570
1.158472
-0.233884
2.255764
0.103974
1.637118
1.754332
-0.028728
-0.440775
1.440796
1.759332
1.483024
2.107855
-0.311626
1.929867
1.823644
2.315261
1.650999
2.188549
1.418044
1.533426
1.799573
-0.435362
1.802176
1.512153
1.345680
1.820384
1.422935
1.416295
1.604727
1.649449
1.765367
2.068061
2.113846
-0.290088
1.492547
1.700105
1.716244
-0.297537
1.817604
-0.296366
-0.448350
1.566633
1.350680
1.644186
1.353300
1.527205
-0.299650
1.923140
1.126512
-0.401951
1.733046
1.500451
-0.609273
1.626433
1.850066
-0.053755
1.744751
1.912127
1.767186
-0.228447
1.875524
1.603509
1.428215
1.301571
-0.652744
1.402555
1.921993
1.669863
1.438547
2.117364
2.468310
-0.201414
1.524697
2.241975
1.681468
2.285819
1.477441
1.177717
0.864789
2.105406
1.785985
1.962129
1.814637
1.579346
1.577356
2.062530
1.400290
1.569218
1.634015
2.040778
1.484814
1.788623
0.784700
1.546518
-0.291623
1.697763
1.395396
2.235016
1.489181
1.930523
1.704015
1.910074
1.043014
1.899801
1.997984
2.078126
1.852784
1.545349
1.874198
1.605686
2.120447
1.691818
1.898242
1.526738
1.492535
-0.278542
2.331416
1.237502
-0.392109
1.739701
-0.775101
0.957980
1.231885
-0.315331
-0.046822
1.877791
1.410581
1.245650
2.216075
1.561596
1.337566
1.933481
1.845349
1.904610
2.066677
1.545796
1.717769
1.216930
1.449698
0.087970
1.094324
2.011796
2.130757
1.574501
-0.175118
1.809951
1.601642
1.312853
1.579229
1.660188
2.092911
1.720484
1.994199
1.919116
-0.920332
1.594896
1.457093
1.471601
1.737662
1.498666
0.746588
1.086565
2.017013
1.966835
1.734541
1.313348
-0.169639
1.813568
1.755330
1.582559
1.137472
1.215892
1.561827
2.141583
-0.615423
1.734057
-0.198592
-0.388946
2.667108
2.517089
-3.086997
2.808230
2.957247
1.005736
3.025319
1.607570
0.628176
0.488344
-3.092382
3.067462
2.519783
2.669395
1.052298
2.534211
2.509768
2.189500
2.264263
2.781265
0.872729
1.141210
-3.065630
1.459307
1.116713
2.532041
1.177370
1.974849
2.981696
2.072921
-3.044909
2.970943
2.357508
1.143902
3.179284
2.564665
0.674511
1.062621
1.255336
2.326573
1.218155
2.426133
1.151943
2.011317
2.978526
2.407248
1.882087
1.192106
1.564031
0.919900
1.346588
1.619956
2.443248
1.312063
2.427794
1.240613
2.898314
0.880311
2.679466
2.697343
2.548899
0.694384
2.887127
2.558973
1.562983
3.024695
0.959459
1.617597
1.361936
2.611042
1.960166
2.714886
2.684766
2.286001
0.957807
1.663241
1.477674
2.906718
1.196935
1.535091
2.860053
2.003741
2.301656
2.662809
0.908617
0.660791
0.997109
-2.929571
2.783901
1.482338
0.956545
2.020570
2.572837
1.208157
3.037755
2.180513
3.101469
2.128461
2.164915
2.930929
0.701027
1.867452
2.347834
2.817195
2.886149
2.639149
3.038731
0.915215
2.711729
0.919108
2.153958
0.952542
2.126833
1.708658
1.561437
2.491087
2.185445
2.347206
0.685421
0.857772
3.036676
2.341319
-2.778929
1.180539
1.033234
1.051948
1.324526
2.356171
1.791614
0.883807
2.136177
1.524299
2.278270
2.410657
0.878012
1.563471
1.631798
1.251788
1.302487
1.088931
0.763023
1.119264
1.661239
1.007310
1.140680
2.383547
2.701714
1.071496
2.968594
2.315883
2.381494
1.235300
1.546487
2.999763
1.162889
2.210654
1.706317
0.773204
1.536604
2.273788
1.819584
-3.152040
2.854059
2.796192
2.063028
0.737448
1.641625
1.378412
2.284922
2.952799
2.074498
1.833317
1.669258
1.155002
0.761007
1.232626
-3.135520
0.816020
2.151547
2.711998
1.518700
1.670582
2.666149
2.991714
0.820748
1.534434
0.895550
0.951673
1.607064
3.015501
2.590853
1.520499
1.529817
2.082313
2.376643
2.506825
0.835867
0.784365
3.051996
1.768837
-0.803097
-0.828313
-0.402973
0.027861
-0.261091
-0.532876
-0.108667
-0.079928
0.038592
-0.687377
-0.386123
0.037356
0.390482
-0.329709
-1.693571
-0.081057
0.443984
0.385099
-0.533002
0.318471
0.089570
-0.309502
-0.034731
0.058408
-0.271980
-0.515235
0.175132
-0.481824
0.059954
-0.362823
-0.251278
0.412583
-0.042207
-0.309715
-0.169643
-0.383061
-0.740952
-0.037690
-0.158001
0.139103
-0.681127
0.032285
-0.344986
-0.179093
0.068513
-0.031052
-0.803726
-0.429878
-0.072853
-0.264360
-0.569763
-0.068017
-0.010222
-0.385117
0.078609
0.141291
-0.638893
-1.728374
-0.646506
-0.018835
-0.033344
-1.665150
0.408807
-0.041110
-0.106727
-0.367416
0.024010
0.152338
-0.362040
-0.180497
0.230675
0.163434
-0.545028
-0.138547
-0.739489
-0.137425
-0.200578
0.378526
0.281942
-0.292175
-0.604884
0.071521
-0.286843
-0.456718
0.295629
-0.410894
-0.323542
0.468492
-0.054629
-0.312863
0.190048
-0.154936
-0.348961
-0.329061
0.016351
-0.187734
-0.157483
0.245761
-0.160025
-0.049904
-0.150884
0.555414
0.414775
-0.526338
0.172811
-0.227206
-0.492997
0.169209
-0.035256
-0.273982
-0.117082
-0.172787
-0.350487
-0.637149
0.189819
0.337058
0.062842
-0.561032
-0.249676
-0.084419
0.259517
-0.521167
-0.126845
-0.489256
0.081807
-0.477343
0.090169
0.087713
-0.042958
-0.325283
-0.269812
-0.491238
-0.040654
0.254536
-0.374588
-0.498128
-0.253130
-0.152415
-0.524399
-0.021586
0.356531
0.036865
-0.014814
-0.295474
-1.725077
-0.597766
0.048380
0.138723
-0.178091
0.400765
-0.581788
-1.226705
0.224289
-0.613972
-0.081177
-0.639410
-0.549252
-0.153036
-0.556575
0.122487
-0.183259
-0.673434
-0.043271
0.132303
-0.013514
-1.761781
-0.103627
0.256537
-0.220986
0.265932
-0.247571
-0.420176
0.029263
-0.039302
-0.221347
-0.309923
-0.483115
0.042004
0.201770
-0.244056
0.018024
-0.139464
-0.107329
-0.024723
-0.244702
-0.659153
-0.063332
0.268361
0.045628
-0.187204
0.395573
-0.580488
-0.382518
0.043895
-0.370986
-0.899085
0.017018
-0.043759
-0.560723
-0.024943
-1.281533
1.493243
-0.204668
0.118377
-1.362373
0.042010
-1.248596
-0.746945
-1.376317
0.490871
0.556444
0.752234
0.369939
-1.113028
1.020569
-0.452427
-0.579153
-1.346991
0.663807
0.994940
-0.555338
-0.301852
-1.279387
-1.264508
0.085971
-0.744766
0.551339
-0.660208
0.873827
0.676965
-0.359795
-1.388777
-0.525156
-1.207934
-0.217741
0.494579
0.338191
0.421498
-0.398620
-1.283493
-0.604072
0.023508
-0.477578
-0.035963
1.233515
0.022749
0.573200
-1.365992
1.512308
-0.155070
-0.659122
0.760501
-1.293140
-0.231688
0.241603
-1.261808
-1.109630
-0.780606
-0.279856
0.598010
-0.767765
0.145065
0.210059
0.678872
-0.472012
0.278152
0.481198
1.022178
-1.367933
0.435294
-0.212632
-0.542187
-0.841449
0.337020
-0.339966
0.380035
-0.197028
-0.614900
-1.355679
-0.532585
-1.336063
-0.655723
-1.297121
0.619492
0.599959
-1.337360
0.645627
0.047079
-0.140352
-0.190238
-1.289101
-0.623871
-0.346516
0.281890
-0.315878
-0.898421
-1.202330
-0.810429
-0.147498
-0.012005
-0.354588
-0.266707
0.001813
-1.190063
0.736193
-0.147217
-1.279821
0.255354
1.422953
-0.411476
-0.781009
0.329641
0.284853
-0.877710
-1.076816
-0.249620
1.406345
-0.335737
0.700769
-0.682685
-0.471500
-1.293480
1.307859
-1.110662
-0.137791
-0.070054
-0.489299
-0.442565
-0.004922
0.674698
0.003926
-0.169641
-0.023725
0.634321
-0.776935
0.360195
0.028000
0.133363
0.261156
1.191355
-0.093154
0.009868
1.505530
-0.295828
-0.160822
-0.282720
-0.879083
-0.320132
0.925069
-1.228501
-0.524950
-0.804178
0.286196
-0.928720
-0.279475
-0.559703
-0.272584
0.469981
0.457576
-1.350653
0.617619
-1.264287
-1.161644
0.915660
0.703129
-1.169237
-0.667293
-0.393888
0.785336
0.659221
-1.307424
-0.091582
-0.575046
1.305196
0.008255
1.394187
-0.253444
0.849416
1.039026
-1.297986
-0.385562
-1.313283
0.069487
-1.316766
-1.229584
1.520155
0.518192
-1.227653
0.419740
0.535685
0.778113
0.200184
-0.437213
0.819194
-1.312988
-1.271000
-0.470118
-0.168571
-0.172522
-0.651071
