0.961889
1.251746
0.620600
1.102025
0.881480
1.195791
-0.044885
0.833250
0.975180
1.067542
0.921104
1.404710
0.709940
1.103219
0.981985
1.414178
1.071744
0.250672
1.163409
2.046356
0.971472
0.965740
1.041552
0.846013
1.335674
0.902268
0.700503
1.505887
0.823154
1.085833
1.366599
1.135830
0.786930
1.103316
0.709879
0.853473
1.177830
1.045727
1.362103
0.076710
1.056012
0.965545
0.816478
1.431449
1.031936
1.808919
1.401875
1.056229
0.570386
1.461835
1.022176
1.066376
0.392331
1.222289
1.157552
1.491645
-0.255989
1.643608
0.969405
0.543821
1.114393
0.793876
1.823929
0.915979
0.980969
0.105769
0.724758
1.053204
0.654467
1.030779
1.396190
1.934700
1.076271
0.314390
0.805339
0.254578
0.994436
1.214693
0.747572
1.108534
0.898267
0.562009
0.931277
1.296720
0.991169
0.397598
0.747106
1.725371
1.130782
1.172431
1.218510
1.321672
1.118273
2.165994
1.411809
1.932824
1.189909
0.848521
1.067543
1.254507
2.026973
1.579648
1.323230
0.942476
0.807620
0.784083
0.638620
1.035668
1.233137
0.729730
0.902547
0.766380
1.022984
1.645311
1.188828
0.598908
0.776349
0.775161
0.837307
1.510736
0.695224
1.132854
1.783886
1.303936
1.172113
1.122777
1.018652
1.360137
1.004534
1.084054
1.247692
1.198802
0.675422
2.335366
1.132407
1.923656
1.074859
0.823418
0.796323
0.936411
1.997994
0.344062
0.819183
0.063797
0.689020
1.606787
1.525727
0.382090
1.168056
1.067882
0.284734
1.244523
1.049333
0.956749
0.795768
1.473503
0.953562
0.864357
0.972887
2.007969
1.645659
0.618493
0.759602
0.749415
0.963631
0.940651
1.330266
0.756055
1.913203
0.537995
1.248184
0.871988
1.085012
1.473387
1.043726
1.383856
0.905902
1.453074
0.189829
0.395586
0.998957
1.192930
0.780123
1.234936
0.532446
1.532602
1.062645
1.532315
1.091127
1.071952
1.191931
1.237851
1.072518
0.714881
0.531987
0.917373
0.943507
1.146091
2.106829
1.262626
-3.051695
2.943081
-2.608144
-2.919140
-2.851503
2.786639
-2.555841
2.633609
2.337350
-2.789549
2.760873
-2.735584
-2.756234
2.849182
-2.741594
-2.654186
-3.163335
-2.573944
3.000888
2.524673
-2.659028
-1.813474
-2.778108
-1.677841
-3.040200
2.958477
-2.834656
-2.868471
-2.693934
2.885955
2.656100
-2.733632
2.835844
-2.835025
-2.207690
-3.003063
-2.704716
-2.701601
-2.744409
2.331619
-2.331386
-2.763938
-2.919474
-2.517223
-2.569435
-2.954941
2.880763
-2.536603
2.695651
-2.696332
2.799362
2.655328
2.457723
-2.789344
2.907528
-2.488376
2.858708
3.025818
2.618604
-2.801458
2.533449
-2.686912
-2.809558
-3.034041
2.734095
2.201769
-2.764875
2.224336
-2.730872
2.909047
2.848195
-2.867552
-2.896779
2.976088
2.969815
-2.381437
-2.802405
-2.944457
-2.592934
-2.865652
-2.680167
2.613670
3.060551
-2.620054
2.295012
3.017628
-2.712911
2.744410
2.787238
-3.132492
2.619787
-2.501936
-2.248824
-2.434953
-2.884228
-2.598433
2.581734
-2.934601
2.410591
2.794620
-2.866348
2.594784
-2.175458
-2.486250
-2.919522
-2.986250
3.074422
2.447149
-2.982839
2.741145
-2.563597
2.730730
2.461543
2.796413
-2.160063
2.852572
3.172541
-2.356300
-3.200952
-2.855885
-2.691913
3.122463
2.944439
-2.641782
2.840243
-2.559736
-2.619535
-3.012938
3.012425
2.763243
-3.040194
3.062237
-2.900013
2.567616
2.978995
-2.486827
-2.936370
-2.519508
-1.668132
-2.627497
2.959788
-2.700377
2.473919
2.554034
-2.652619
-3.115665
3.041720
-2.849775
-2.743926
-2.262765
-2.675561
-1.539396
-2.435467
-2.985951
-2.915510
2.554863
-3.191449
-2.531365
2.655839
-2.780731
2.607870
-2.586584
2.650185
3.026685
-2.779788
-2.998649
-2.642677
-2.662379
2.995313
-2.386335
2.780061
2.809926
-3.043270
-3.038416
-2.459855
-2.674289
-3.156296
2.879685
-2.655472
2.792894
2.752710
3.074964
2.776834
2.845239
-2.879539
2.696651
-2.656817
2.786928
3.136570
2.945504
2.982744
-2.633241
2.944152
2.815115
2.976412
2.648690
2.634175
2.745628
-2.842395
-2.477574
-0.127439
-0.432677
-0.541333
-0.760686
-0.249990
-0.293050
-0.634405
-0.057882
0.029199
0.044417
-0.635563
0.074946
-0.556259
-0.595715
-0.872498
-0.350224
-0.057972
-1.208655
-0.313290
-0.226244
-0.327415
0.857355
0.182261
-0.444719
-0.211254
-0.658255
-0.596521
-0.495902
0.006310
-0.644188
-0.251236
-0.372523
-0.451437
-0.379266
0.028098
0.202865
-0.034921
0.124512
-0.134164
-0.170624
-0.139848
-0.180085
-0.175978
-0.467969
-0.237404
-0.496015
-0.680153
-0.065239
-0.073905
-0.399578
-0.329574
0.021415
-0.624633
-0.239050
0.576303
0.051542
0.052168
-0.349914
-0.268641
-0.342518
-0.473170
-0.329089
0.193498
-0.396262
-0.706637
-0.280911
0.316686
-0.387196
0.090844
-0.672815
-0.943771
-0.413629
-0.169286
-0.402426
-0.300196
-0.119250
-0.049605
-0.066812
-0.231545
-0.206121
-0.487805
-0.370903
-0.711952
0.324464
0.134183
0.040998
-0.141279
-0.482224
-0.787496
-0.841234
0.084405
-0.437369
-0.399306
0.318894
-0.593478
-0.386768
-0.552360
-0.205129
-0.325539
-0.215890
-0.722244
-0.328322
0.198525
-0.125440
-0.255145
0.127930
-0.236010
-0.583732
-0.151364
-0.016109
0.015330
0.036280
-0.369483
-0.788235
-0.034896
-0.481977
-0.276620
-0.432240
-0.310398
-0.638907
-0.444123
-0.574531
-0.674862
-0.218780
-0.012108
-0.087583
-0.181336
-0.427755
-0.301038
-0.698992
-0.041581
-0.516979
0.523284
0.053645
-0.708910
0.013050
-0.268021
-0.844816
-0.008039
-0.213669
-0.396365
-0.450688
0.050340
-0.420091
-0.215628
-0.127262
-0.915750
-0.165340
-0.019335
-0.203617
-0.568286
-0.442667
-0.567531
-0.156541
-0.633733
-0.183565
-0.653274
0.004510
0.223367
-0.269699
-0.208315
-0.448606
-0.584392
-0.445777
-0.225387
-0.520719
-0.663207
-0.336026
0.132346
-0.357978
-0.021611
-0.740175
0.232102
-0.852553
-0.234753
-0.141710
-0.306195
0.226449
-0.572356
0.599308
0.137074
-0.680688
-0.295537
-0.200967
0.017937
0.201429
-0.356111
-0.401471
-0.219863
0.077614
-0.772944
0.048668
-0.864990
-0.306728
-0.581705
0.292284
-0.426576
-0.506907
-0.238228
0.234578
0.098024
0.533963
-0.518105
-0.494786
0.255482
0.115204
-0.041405
-0.254771
-0.266677
0.192865
-0.418010
0.110683
-0.167527
0.575815
0.329945
0.030093
-0.479821
0.420218
-0.172101
0.068951
-0.255908
0.741098
0.010983
0.340981
-0.742214
0.239339
0.204533
0.819593
-0.296950
0.220559
-0.722482
0.284955
-0.125789
-0.189306
0.400198
0.046234
-0.121580
-0.135040
-0.317027
0.173117
1.295880
1.063044
0.299642
0.335681
-0.062895
0.340002
-0.321158
-0.323364
-0.144792
-0.606059
-0.481476
0.219341
0.000207
0.355616
1.307527
0.681538
0.439977
-0.230714
0.107356
-0.005358
-0.362837
1.225540
0.812700
0.329125
0.147924
0.902382
0.150574
-0.202572
-0.106669
-0.279147
-0.187352
-0.271849
0.616568
0.218167
0.111700
-0.389462
0.026576
-0.057404
0.281938
0.333045
-0.176152
0.171950
0.256069
0.267194
0.164857
-0.013276
0.297129
-0.449600
-0.628587
-0.125967
-0.239784
-0.479475
0.174309
0.080247
-0.116396
0.025099
0.014911
-0.393497
0.213354
1.073110
0.144390
0.075463
0.534149
0.048123
0.486264
-0.047043
-0.284277
-0.575778
-0.488906
-0.509924
0.591944
0.288691
1.746109
0.264046
-0.137373
-0.081853
1.365639
-0.339915
0.153910
0.230347
-0.533525
0.074607
0.347909
1.542802
1.315663
-0.073017
-0.112148
0.236759
0.651592
0.271802
0.804884
0.741640
0.722501
-0.373645
-0.165476
-0.632826
0.304810
-0.178104
0.043777
0.264998
0.094513
-0.005636
0.205029
0.796900
0.076874
-0.184550
1.176847
-0.174812
0.461566
0.115311
-0.062934
-0.092770
1.249668
-0.263140
-0.170538
-0.171555
-0.416752
-0.022880
0.014865
0.116871
0.269363
0.583973
-0.164001
0.247227
0.799890
0.548042
-0.121969
0.686214
0.587956
-0.726414
-0.066953
-0.107741
-0.026531
-0.132030
-0.304608
0.277966
0.493092
0.394164
0.952835
-0.098975
-0.335558
0.846287
0.474072
0.129863
0.242240
0.365747
0.250825
0.171239
-0.156036
-0.112705
0.324019
-0.198489
-0.158863
0.313915
-0.473521
0.344203
1.224618
-0.214186
0.077923
-0.307197
