1.380839
2.072968
1.161772
1.320671
0.881976
0.773698
2.611382
1.877419
2.576546
1.357805
1.189151
1.409835
1.178687
1.927205
2.416776
2.137496
1.537470
2.222048
1.416106
1.676900
0.899762
1.025505
2.238799
2.061583
1.809018
0.749129
1.892250
1.451681
1.286853
1.218566
2.117115
1.108617
0.579271
0.866697
1.532817
2.677330
2.126538
2.044821
0.921831
1.839348
2.546756
1.941672
1.732504
0.861034
1.850162
1.388440
1.731702
2.052078
1.725750
1.997036
2.115359
1.661889
1.683861
1.423051
1.880365
1.225793
1.514573
1.008194
1.130149
1.099607
2.580529
1.966270
1.492105
2.540945
0.945291
1.396893
1.986430
1.695868
2.498820
2.511957
2.394927
0.925023
1.973331
1.508415
1.650854
2.193830
1.063087
1.288723
1.428442
1.986381
2.650046
1.795861
1.148648
2.431240
1.230999
2.367406
1.167849
2.192094
1.453769
1.323799
1.039907
1.893880
0.894143
1.942487
2.388176
1.045002
1.061900
0.885591
2.333574
1.912104
1.039447
1.305443
1.214018
2.369553
0.858842
1.195527
0.973234
2.341560
2.373650
1.516339
2.430679
1.019472
2.037039
2.137064
2.182586
2.068702
0.720428
1.541710
0.733791
2.510578
1.672986
1.174245
1.526052
1.553402
0.834196
1.327017
1.936401
2.240244
2.179527
0.915312
0.843178
2.002791
0.935502
0.936832
1.114583
1.461947
2.102950
1.482951
1.966180
2.025459
1.016874
1.626698
1.766050
2.252357
2.222589
1.188371
1.128926
1.392332
1.884295
1.283060
1.379475
1.538139
1.691482
1.878646
0.916543
1.469842
1.970026
1.109088
2.335307
1.752687
1.811549
2.641760
1.264144
1.516389
1.231602
2.738073
1.027595
1.155029
1.595074
1.116871
2.105023
1.912026
1.122982
1.299153
1.042625
2.123030
1.560293
2.652000
1.696312
1.196791
1.030110
1.929544
1.067455
2.120837
1.222912
0.997239
0.938248
1.464844
1.346751
1.398033
1.802759
1.439421
1.803016
1.510850
2.017370
0.816530
0.557160
1.641750
1.432599
2.195777
3.098206
-3.109053
-2.906764
-2.525725
2.830507
-2.691592
2.641644
-2.664684
2.549830
2.921543
2.454362
2.822352
2.656321
-2.219624
2.981971
2.894278
-2.299488
2.753774
-2.947535
3.019443
-2.693502
3.107927
2.710874
2.822564
2.815039
-2.991596
2.963026
3.195554
2.826453
3.004071
2.338203
2.885694
2.908970
2.977620
3.016720
-3.009619
-2.622721
-1.806710
2.664523
2.912961
-2.959945
2.979501
-2.918979
2.892727
2.730624
2.172464
-2.365463
3.013515
3.034799
2.654510
2.706117
-2.830007
-2.508081
-2.630460
-2.994218
2.972399
-2.631321
-2.593186
2.895488
2.745541
2.822130
-3.175930
2.817884
-2.570847
-2.889836
-3.007568
-3.134098
-2.802722
2.760545
-2.578532
3.064038
-2.848504
3.085988
-2.626478
-1.719900
-2.012280
2.821273
2.820455
3.027673
-2.934713
-3.001367
2.021850
-3.037680
2.938721
2.838836
-2.511922
2.654376
2.286756
2.773215
2.779563
2.642518
-3.022992
-3.055975
-2.686193
2.931596
2.627952
-3.048461
3.092684
2.971106
-1.722356
-3.121481
2.566299
2.780290
-2.662211
-2.259953
2.754006
-2.271333
-2.575637
2.441960
-2.838623
2.943213
-3.042777
-2.849343
3.015569
2.994370
3.174549
-2.523122
2.740681
-3.132115
2.868804
2.943346
-2.463877
3.002026
2.824236
2.069692
2.935440
2.868953
-2.827360
2.901092
-2.702093
-2.714693
3.016287
2.449597
-2.869510
3.066135
2.882968
-2.969808
-2.716845
-2.869048
3.082241
-2.825931
2.052465
-2.511750
-3.051687
3.120503
2.849507
-2.742322
-2.981833
2.802785
2.671186
-3.090149
2.610043
2.654780
3.048196
-2.800070
-2.959909
-2.883410
3.068051
2.789553
-2.267854
2.848037
-2.432905
2.785625
-2.208339
3.020115
-2.699352
-2.930490
2.616917
2.834993
3.009685
-2.895294
-2.593760
3.133428
-2.832489
2.962918
-3.015689
-2.741925
3.068042
3.070019
3.152011
2.409742
2.586442
3.024415
-2.574264
-2.874151
3.090007
-2.812899
-2.595279
2.916878
-2.642023
3.125229
-2.490449
-2.532748
-3.047235
-2.719538
-2.758102
2.689415
-3.126258
-2.777742
2.486530
-0.540704
0.332884
0.967419
-0.009156
0.622032
-0.204527
-0.242594
-0.185509
0.179078
-0.611875
-0.806429
-0.386355
0.389904
0.466313
-0.187147
-0.245602
0.104739
0.206029
0.584970
-0.957358
0.201586
0.465724
0.202642
-0.228750
0.629433
1.084573
-0.233045
-0.750731
-0.484318
-0.057796
0.037904
0.299169
0.363656
0.835228
0.215886
0.498553
0.905715
-0.722994
-0.292800
0.687338
0.303442
-0.357389
-0.276397
-0.226434
-0.254143
-0.442141
-0.779872
-0.546928
0.385515
0.648174
-0.621316
0.348369
0.061152
0.339494
0.149052
0.746702
0.306529
-0.212581
-0.279749
0.761994
0.460786
-0.245535
0.090910
0.102921
0.754942
-0.235988
-0.483203
0.006670
-0.256698
-0.359979
0.517768
0.977433
-0.068172
0.202068
0.759532
-0.192458
-0.180966
0.880763
0.569963
-0.040138
0.194571
0.759158
-0.270242
0.250175
0.473955
0.473470
-0.349869
0.447278
-0.387999
0.222391
0.406849
-0.248871
0.561816
0.489252
-0.661282
-1.269223
-0.780271
0.028065
-0.380453
0.244618
0.688791
0.100015
0.638356
0.177579
0.413734
-0.032711
-0.185020
-0.314932
-0.517546
0.050405
-0.303796
-0.737961
-0.408396
0.036386
-0.597276
0.315763
-0.410179
0.034366
0.477882
-0.674981
-0.161087
0.687275
-0.233420
-0.705412
-0.812408
0.214134
0.030321
-0.042540
0.512710
-0.383737
-0.746709
-0.316610
-0.281713
-0.197626
0.432300
-0.173785
-0.476854
-0.547308
0.116657
-0.311304
-0.454777
-0.493187
0.608477
0.333141
0.826858
-0.377296
0.991176
-0.416670
-0.426454
-0.505945
-0.815986
0.209670
-0.390483
-0.334880
0.284110
-0.568033
0.496002
0.647193
-0.006769
0.462131
0.587945
0.130350
-0.012228
0.537263
0.782261
-0.190687
-0.113004
0.039204
0.025272
-0.192028
0.647043
0.023585
-0.522296
-0.513446
0.733203
-0.438759
0.793882
0.778822
-0.304942
0.094369
-0.589618
0.984894
-0.382759
-0.233618
-1.178718
0.248125
1.021840
-0.146007
-0.194099
1.038484
-0.018684
0.791835
0.242502
0.570091
-0.247106
0.626671
0.519060
0.123143
-0.245324
-0.435448
0.002966
-0.240973
0.012969
-0.375635
-1.175185
0.335100
0.328578
-0.679011
-0.866783
-0.337758
-1.232842
-1.385108
-0.554590
-0.716700
0.140005
-0.914482
-0.166408
0.071369
0.427984
-0.138984
-0.462325
-0.006945
-1.014433
-0.004337
-0.331833
-1.243985
-0.012967
-0.501071
0.146019
0.171499
-0.545430
-1.423584
-1.121039
-0.333200
-0.165152
-1.171711
-0.131361
0.121534
-0.493316
0.139887
-0.733657
-0.634481
-0.048361
-0.483443
0.466780
-0.650950
-0.849744
-0.313286
-0.095460
-0.723749
0.115931
0.166399
-0.108305
0.138002
-0.601777
-0.088553
-1.871586
-0.997735
-0.314201
-1.339220
0.484160
-0.550492
-0.580082
0.028084
-0.684234
-0.836231
-0.473624
-0.248612
-1.354054
-0.849801
0.338373
-0.327749
0.333783
-0.460408
-0.335649
-0.577643
0.038234
-0.950861
0.004993
-0.686772
-0.866155
-0.564770
-1.459678
-0.000161
-1.608788
-0.798352
-1.445925
-0.798063
-0.657433
-0.308102
-0.725440
-0.628313
-0.433751
-0.309822
-0.066968
-1.067927
-1.581293
-0.550513
-0.014961
-0.243382
0.350379
0.192253
-0.462567
-0.336339
-0.220210
-0.165663
-0.346552
-0.254789
-0.092032
-0.050848
-0.115506
-1.933846
-0.796055
-1.770058
-1.167078
-0.073308
-0.692304
-0.839461
-0.000507
-1.157462
0.305958
-0.680312
0.048783
-0.946454
-0.693925
-0.454562
-0.653513
-0.246694
-0.282301
-0.022106
-0.599324
-0.917443
-0.485987
-0.905453
-0.691677
-0.681282
0.021608
-0.285503
0.018043
-0.732439
-0.056522
0.011794
-0.658564
-0.773331
-0.798931
-0.104409
-0.752658
-0.868005
-0.540724
-1.223562
-0.685961
-1.268193
-0.829965
-0.512010
-0.890652
-0.795225
-0.831197
-0.830670
-0.967380
-1.015328
-1.172430
-0.014822
-1.462587
-1.375043
-0.644109
-0.899004
0.310451
-0.575594
-0.258085
-0.067562
-0.813666
-0.049602
-0.885341
0.056430
-0.616287
-0.515722
-0.110272
0.094647
-0.002888
-1.205710
-0.476153
-0.035832
-0.058057
-1.069825
-0.223426
0.003825
0.182439
0.515079
-0.983032
0.127115
-1.276262
-0.894789
0.537144
-0.953648
-1.586168
-0.377868
-0.474360
0.150681
-0.002987
-0.337838
