-0.186585
1.651064
-0.933315
0.448773
0.610001
1.588847
-0.217857
1.068831
0.671624
0.808742
1.483198
1.449107
-0.227875
0.690521
1.236379
-0.366748
1.402594
1.027426
0.077414
-0.199702
-0.313893
-0.227468
1.520837
0.081361
0.816272
-0.314216
0.811084
1.328732
0.355564
-0.484368
1.120444
0.931077
1.351012
2.065610
-0.351834
0.708071
1.297346
1.233124
1.777362
1.113724
1.221695
0.532113
0.724144
-0.457967
1.476908
1.365282
0.752339
1.080967
1.154528
1.102367
1.159648
-0.674842
0.810950
1.050015
1.086989
-0.333135
1.544835
1.090689
0.017110
-0.321501
1.305381
-0.216413
-0.319995
1.055697
0.942342
1.392436
1.282856
1.237889
0.108875
0.871530
0.784016
-0.172635
1.314683
1.564216
-1.230684
1.168284
1.112894
-0.293362
1.267380
1.126569
0.285186
0.190691
0.631977
0.983360
1.453047
1.182786
-0.428587
1.091252
1.358260
1.153528
1.084833
0.742917
1.149028
-0.295024
1.085431
0.879851
1.187040
1.023063
1.196526
1.053083
1.009099
0.861859
0.251356
1.219431
0.701990
1.463176
1.119207
0.400963
1.207294
0.822188
0.914067
0.919526
1.042485
1.405071
1.116625
1.164924
-0.142570
-0.157993
1.068147
1.276828
0.464464
1.005898
0.496957
1.191104
1.599791
1.222047
1.330293
1.222424
0.701166
1.536820
1.191147
0.874628
0.908437
0.710070
1.680108
1.766458
0.719647
0.214148
0.504403
1.041153
-0.400030
1.467152
0.425511
1.028674
1.286519
-0.223284
0.004326
0.673854
1.409248
0.760564
-0.388345
1.443589
0.753080
1.737131
0.925767
0.134968
1.337697
1.614480
1.489393
1.707024
1.642999
-0.522887
1.110134
1.297349
0.593971
0.800207
0.514757
-0.497400
1.436202
0.201627
-0.099917
0.968911
1.142573
2.005143
0.847415
0.515136
-0.528158
1.402642
0.737145
0.561283
0.886814
1.657089
0.695766
1.424880
1.205490
0.789514
1.791644
1.084514
-0.375882
1.264054
1.025183
0.807608
0.737043
1.067526
1.516662
1.301116
-0.985797
1.441182
-0.211529
0.022130
2.250632
0.697445
2.867713
0.439477
-3.123992
0.567891
2.512088
2.597679
1.362343
0.613370
2.047909
2.740213
0.468435
0.740170
0.295083
0.327395
0.295362
0.682248
0.709732
0.092613
0.014959
0.977182
2.233509
0.734857
0.544743
0.714689
0.679383
0.554519
2.929598
0.513843
-2.990642
3.061882
0.476317
0.746997
1.843941
0.736769
0.252304
0.360954
0.332411
0.663401
0.492976
0.462866
0.616235
1.105501
2.528043
0.540464
0.270550
0.700741
2.404684
0.380070
0.696862
2.541409
0.582604
0.823188
0.362717
0.439756
-2.923443
0.088614
0.531475
3.014941
3.032659
0.988205
0.640706
0.399128
1.772273
3.142893
0.438618
2.540472
0.458509
2.444428
0.434413
-0.018296
0.110034
0.450347
0.867155
1.897742
0.816249
2.929165
0.465655
2.152043
2.737274
0.856974
0.550064
0.110265
0.613981
1.098740
0.543990
0.893923
0.276717
2.312421
0.316203
0.897169
0.909669
0.890259
2.281100
0.678279
0.904637
1.464485
0.657044
0.992350
0.789089
0.075861
0.602860
3.061248
1.315273
2.358360
2.561102
0.363134
0.491591
0.826895
0.930748
0.804601
0.490587
2.362705
1.723980
0.015361
0.346759
0.687659
0.619971
0.594265
-2.945843
0.960797
-3.059243
0.413192
0.400916
0.446813
0.221497
0.829477
2.112573
0.938340
0.992300
-0.094558
0.487151
0.006822
0.399029
1.700059
1.967469
0.711556
0.689320
1.242234
1.025864
0.784866
2.060952
0.808308
0.798912
0.566555
2.927888
0.966779
1.989607
0.138485
1.204488
0.755573
0.919262
2.010014
0.573840
0.877728
0.573560
0.192120
2.484026
0.097320
0.183337
2.191863
-3.096470
0.645503
0.176614
0.237715
1.974688
0.527564
0.844716
2.952746
0.411507
2.104271
0.890136
0.807135
0.522691
0.084178
1.566697
0.741086
2.872135
2.119393
1.717362
1.760973
0.124782
-2.977231
0.740725
2.523059
0.752374
1.075638
1.800422
-2.999243
2.297153
1.142946
1.765694
0.854825
-0.343196
0.592230
0.290150
0.508035
2.826655
1.909147
-0.123521
-0.460467
0.055176
0.368568
0.327958
-0.784998
-0.237711
-0.087492
0.196118
-0.661980
-0.337401
-0.315516
-0.127012
-0.609686
-0.521054
-0.145732
-0.707030
-0.061682
-0.618980
0.184959
-0.630379
-0.146938
0.143107
-0.530640
0.743478
0.071047
-0.337396
0.082507
0.319458
0.315575
0.680950
-0.133921
-0.513413
-1.153077
-0.185416
0.047628
0.017740
0.352945
-0.026626
-0.449945
0.249571
-0.423813
-0.636039
-0.597134
0.073339
0.307093
-0.607377
-0.469310
0.170351
-0.450261
-0.373413
-0.543357
0.587217
0.422433
-1.340669
0.955009
-1.366761
-0.503265
0.163753
0.227933
0.907562
-1.171083
-1.317756
0.451456
-0.131281
-0.130571
0.743958
0.400222
0.881507
-0.401218
-1.146746
0.071503
-0.424840
-0.088751
-0.387919
-0.246588
-0.527827
0.314694
-0.307106
-0.226725
-0.671908
-0.124828
-0.297614
-0.914867
-0.008461
0.687408
-1.276477
-0.008882
0.590911
-0.940317
-0.399001
0.445975
-0.021712
-0.209664
0.227142
-0.122284
0.186700
-0.088416
0.525485
-0.403054
-0.446988
-0.592582
0.058055
-1.279968
-0.322016
1.222172
-0.326184
-0.812539
0.380923
-0.548442
-0.560935
-0.425445
-0.338846
-1.171974
-0.575494
0.001958
-0.010873
-0.545412
-0.315126
-0.609576
0.488770
-0.454990
-0.750676
0.024058
-0.147294
0.104862
-0.623546
0.214706
-0.074494
-0.238884
-0.670685
0.097811
0.408933
0.575537
-0.487004
-0.478381
0.673553
-0.475997
0.262775
-0.545524
-0.100658
-0.732845
-0.342063
-0.017366
-0.502351
-0.374903
-0.289304
-0.188526
-0.923041
-0.127497
-0.083166
-0.563308
-0.679437
0.236876
-0.015727
0.075661
-0.398409
0.259849
-0.643626
0.240828
0.476100
-0.275523
-0.270639
-0.556996
-0.296728
-1.171663
-0.340732
0.465202
0.239082
-1.064556
-0.140615
-0.833950
0.233099
-0.111991
0.186952
-0.177356
0.201744
-0.807506
-1.228628
-0.480935
-0.487342
-0.266099
-0.130080
0.162983
-0.179252
0.229200
-0.650462
-0.233495
0.164793
-0.581753
0.766724
-0.602621
-0.826977
0.177716
-0.334887
-0.427757
-0.360264
0.004895
0.420433
0.279193
-0.670689
-1.766360
-2.506937
-0.601571
-0.823831
-0.606101
-2.905914
-1.602754
-3.052525
-1.939295
1.322272
1.478077
1.147724
-1.203979
1.478718
-2.543255
-0.906402
-1.085731
-1.829966
-1.906837
-2.122001
-1.192993
2.870753
-1.202585
-2.384594
-0.523937
1.477937
0.059740
1.316321
-1.766742
-0.756896
-0.604386
-2.467799
-1.584309
-0.688304
1.293076
1.113725
-2.129374
-1.775546
-1.082437
0.069045
-0.677625
-0.383529
-2.329259
1.576975
-1.240791
-0.903815
-1.429942
-1.917350
-0.418301
0.155248
1.481005
-1.251887
-0.753597
-0.656919
-1.242487
-0.958103
-1.387135
-0.517091
1.260381
-0.155526
-1.684368
-0.779331
1.466591
-0.236580
-0.277841
-2.468631
-1.907638
-2.218974
1.265902
-0.714382
-2.090173
-0.973631
-2.248880
-0.218904
1.180539
3.129442
-2.052504
-1.299313
-0.720274
-1.948422
2.735826
-1.176853
1.472925
1.575126
-0.953225
1.707384
-1.196468
0.055998
-0.255687
-0.947394
-0.340637
-2.290289
1.109757
-1.035827
-2.417264
-1.029682
-1.156151
-0.161793
-0.313739
-0.375954
-0.720485
-0.325436
-1.355929
1.576490
-0.463623
-2.141605
0.101727
-1.830134
-0.199307
-1.164271
1.658859
-0.785933
-0.996981
3.071875
-0.300932
-1.802791
-2.049055
1.249571
-2.258933
-0.873685
-1.182001
-1.415940
-1.186441
-2.214383
-0.023632
-2.671364
-0.881392
-0.250925
1.338619
-2.270852
-0.232256
-2.294528
1.506267
-1.937027
-2.157384
-0.712527
-0.193886
-2.056909
-1.840893
-0.868468
-2.850957
1.578925
-1.709751
-2.288309
-0.876291
-2.262922
-0.698591
1.590833
-2.212354
2.980091
-0.919543
0.074157
-0.947077
-2.071716
-2.117003
-2.141862
1.334574
1.275313
-1.048975
1.404167
-1.248764
-0.986167
1.479468
-2.005770
-1.140642
-2.168952
0.135082
-1.601258
-2.266576
-2.324046
-0.979144
-2.346619
1.590514
-0.962501
1.590916
-0.116295
-1.551104
1.634063
-1.012797
-0.182421
-1.220484
-0.726504
-0.976496
-1.232699
-2.028957
1.618422
-1.151206
1.230005
-2.599617
1.482981
-1.116218
-0.739789
1.528128
-2.363026
-1.424267
-0.523363
-0.555980
-0.583388
-0.766145
