-0.319215
0.892955
-0.292576
0.841472
1.133600
0.410750
-0.482969
1.022280
1.064323
0.430734
0.959599
0.848528
-0.690864
0.690521
1.105479
-1.021246
0.837203
1.293915
-0.577084
-0.396052
-0.644740
-0.036191
0.841075
-0.949166
1.339870
-0.445116
0.773421
0.281534
-0.467858
-0.484368
1.251344
0.669278
0.840807
0.887512
0.040865
0.446272
1.330884
0.447725
0.364700
0.590126
0.698096
0.806227
0.069646
-0.894311
0.576915
1.156132
0.845530
1.348189
0.500029
1.068242
1.159648
1.287892
0.802381
0.596074
0.561777
-0.413545
1.021236
1.090689
1.457006
-0.467227
0.247993
-0.517912
-0.414658
0.970029
0.468919
1.392436
1.451040
0.976089
-0.261473
1.050994
0.438041
-0.434434
0.875625
0.517018
0.209213
0.644686
1.156160
-0.436619
1.136481
0.995670
1.332384
-0.594707
0.501077
0.722159
0.274949
0.528287
-0.042329
0.655277
1.289457
0.629929
1.477532
0.947124
1.455564
-0.295024
0.546396
0.577787
1.225152
0.630364
0.803827
0.922183
0.666017
0.600060
0.582652
0.625941
1.094689
0.154179
0.726508
1.237863
1.431495
0.864247
0.914067
0.526827
1.304284
0.816871
0.985725
0.978381
-1.161344
-0.356624
1.248996
1.407728
0.471718
0.456295
1.020556
1.607396
1.468891
1.024203
1.180040
1.115639
0.701166
0.358722
0.798448
1.050695
0.908437
1.256498
0.655525
0.719260
0.719647
-0.963950
0.836203
0.527477
-0.510630
0.976332
-0.426076
1.028674
0.563397
-0.489241
-0.716353
1.197453
1.278349
0.560756
-0.496379
1.119364
1.145779
0.293952
0.533068
0.658567
0.770139
0.959981
1.227593
1.314325
1.119400
-0.387817
0.193644
1.108661
0.635958
0.562016
-0.838506
-0.468509
1.020466
1.248825
1.579663
1.489451
1.011673
1.088845
1.155427
0.839261
-0.266359
0.979347
0.868044
0.561283
1.279513
1.918889
0.564866
1.243694
0.681891
0.658614
0.542345
1.211762
-0.219091
0.347756
0.501584
0.554056
0.559512
0.658609
0.993064
0.646617
-0.200398
1.441182
-0.709745
-0.108769
2.224922
0.566545
3.072245
1.093976
-2.989541
0.698791
2.438545
2.884279
0.446045
0.594307
2.160645
3.045550
-0.055164
0.871069
0.425983
0.196495
0.557161
0.158650
0.971532
1.401610
0.276758
0.584483
2.233509
0.599057
0.718693
0.517571
0.679383
0.423620
1.908433
0.568435
2.940351
-2.959504
0.501592
0.524464
2.199665
1.280808
0.645003
0.531356
0.725110
0.663401
0.125382
0.935081
0.509644
0.442692
2.448835
0.712134
0.401449
0.670390
2.503947
0.600775
0.304162
-2.891108
0.524758
0.412983
0.100917
0.439756
-3.121361
1.152025
0.007876
3.014941
3.163558
0.988205
0.378907
1.035474
1.984510
3.085674
0.962217
2.947210
0.718419
2.415009
0.987323
0.374403
0.364832
0.116232
0.867155
2.155422
0.734340
2.929165
0.203855
2.491050
-3.014242
0.856974
0.419165
0.633864
1.085118
1.369049
0.659175
0.217876
0.276717
2.470803
0.375579
0.492419
1.040569
-0.288732
2.575363
0.416479
0.752848
0.286388
0.787944
0.799565
0.593490
0.526763
0.733759
3.135336
0.268075
2.672961
2.523564
0.363134
0.194444
1.098637
0.801041
0.411902
0.582809
2.561723
2.103084
0.107104
0.469497
0.612792
1.798068
0.949748
2.973006
0.246451
-2.938074
0.413192
0.662716
0.409380
0.090597
0.734215
2.617951
1.401788
0.554477
0.465554
0.879850
0.661320
0.349065
1.929587
2.305077
0.476651
0.820220
0.289711
1.064152
0.392167
2.629607
0.677408
0.539973
0.410152
2.928754
0.181381
1.994985
0.250076
0.878659
0.656083
0.439052
1.682764
0.181141
0.206445
0.698541
0.584819
2.567933
0.393988
0.445137
2.203650
2.900615
0.721103
0.569313
0.892213
2.282774
1.182062
0.840826
-3.039536
0.411507
2.496970
1.151935
0.661681
0.784491
0.171008
2.346339
0.479286
1.967287
2.425608
1.992690
2.074570
0.779280
-3.086229
1.095080
2.130360
0.018239
0.030525
2.070393
-3.139902
2.835257
0.522841
2.098179
0.331226
0.311302
-0.062269
1.075548
1.424333
1.951582
2.461251
-0.346524
-0.460467
-0.861122
0.499468
-0.195641
-0.888206
-0.283710
-0.087492
0.588817
-0.284271
-0.706114
0.208082
0.003888
-0.478786
-0.509952
-0.705528
-0.314331
-0.192582
-0.737333
0.619746
-0.499479
-0.539637
0.143107
-0.137941
0.612578
-0.452552
-0.599195
-0.702891
-0.035346
0.446474
0.680950
-0.003021
0.131007
-1.022178
-0.054517
-0.284739
-0.636758
-0.170654
0.496972
-0.973544
0.380471
-0.162013
-0.299664
0.093812
0.466038
-0.002033
0.047122
-0.923099
0.813159
0.073337
-1.158811
-0.327733
0.718117
-0.087832
-0.424372
0.562310
-1.181967
-0.502592
1.210950
0.307827
0.383964
-1.040184
-1.579555
0.463110
-0.262181
-0.523270
0.489092
0.721291
0.400395
-0.270318
-0.492248
0.337395
-0.078384
-0.350551
-0.387919
-0.115688
-0.396927
-0.139215
-0.486021
0.080493
-0.260109
0.006071
0.248041
-0.260369
-0.682023
0.687408
-1.401367
-0.148609
1.245409
-1.184492
-0.529900
0.466300
-0.152611
-0.435999
0.227142
-0.253183
-0.336899
0.549052
0.573881
-0.324853
-0.173830
-0.257928
-0.989143
-1.347572
-0.871518
0.044075
-0.926258
0.268656
0.407590
-0.679342
-0.263787
-0.294545
0.137320
-1.204840
-0.575494
-0.062176
0.512725
-0.345764
-0.315126
0.044922
1.012368
-0.585889
-0.214976
0.302160
0.245405
0.398597
-0.492646
0.755157
-1.021080
-0.369784
-0.147086
-0.163988
-0.900064
0.444637
-0.225205
-0.408749
-0.102484
-0.932079
0.341451
-0.676423
-0.362457
-0.601945
0.050636
-0.410065
-0.502351
-0.244004
-0.057933
-0.581225
-0.399442
0.003403
-0.214066
-0.510676
0.629559
-0.417622
-0.015727
-0.091051
0.134303
-0.258761
0.010873
0.633527
0.476100
-0.537322
0.252959
-0.426096
-0.427628
-1.265800
0.051967
0.330126
-0.284517
-1.588155
-0.140615
-0.401397
0.494898
0.149808
0.130703
-0.439155
0.463544
-0.220826
-1.490427
0.042664
0.090431
-1.575096
-0.371261
-0.169718
-1.095550
-0.556198
-0.723929
-0.757094
-0.227906
0.370193
0.504925
-0.602621
-0.786426
-0.265683
-0.465787
0.068356
-0.415778
0.233124
-0.103166
0.819580
-1.325187
-2.499307
-1.852438
-0.215942
-1.039589
-0.409452
2.853673
-3.105703
-2.647616
-2.401357
1.837794
1.396047
1.278623
-0.952162
1.481084
-1.508350
-0.513703
-1.199514
-2.539784
-2.307302
2.833279
-0.538495
2.802188
-1.020845
-2.253694
-0.131238
1.739736
-1.010152
1.578120
-2.052198
-0.625996
-1.355095
-3.122297
-0.952668
-0.033805
1.363135
1.214818
3.027777
-2.541801
-1.234940
-0.061854
-0.677625
-0.616305
2.712445
1.576975
-0.639806
-0.600100
-1.253022
-2.470400
-0.680100
-1.022850
1.219206
-0.792842
-0.219335
-0.419963
-0.978782
-1.129740
-1.517323
-0.124392
1.437444
-0.417325
-2.338559
-0.648431
1.485212
-0.498379
-0.589946
-2.992229
2.638565
-2.423912
1.347384
-0.321683
-2.987192
-1.184700
-2.248969
-0.501867
1.272476
-2.954616
-2.234619
-0.926622
-0.830573
-1.403639
-2.815062
-1.569552
1.653403
1.599617
-1.094741
1.707384
-0.811628
-0.772308
-0.606218
-1.167456
-0.176668
-1.990161
1.241677
-0.759631
-1.355780
-1.068603
-1.417950
-0.975111
-0.541671
-0.506854
-0.327786
-0.849035
-0.763480
1.445590
0.059975
-1.744759
-0.552771
3.050241
0.022114
-1.233853
1.545011
-0.262334
-1.277659
-1.277454
-0.170033
-2.401468
3.056033
1.574495
-2.258933
-0.842714
-0.982391
-1.687734
-1.005529
2.931586
0.369067
-2.671364
-0.078521
-0.381824
1.510747
-2.746364
-0.755855
-2.818127
1.506267
-2.591525
-3.073682
0.203771
0.202862
-2.399638
-2.533910
-0.606669
-1.672860
1.448025
-1.503988
-2.234036
-0.107200
-2.749120
-0.044093
1.852633
-1.025312
2.980091
-1.221244
-0.562670
-1.327363
-2.140487
-1.933015
-2.272762
1.426075
1.382657
-1.129971
1.314519
-2.321576
-1.043106
1.741267
-2.398469
-0.963824
-2.299851
-0.674066
-2.000426
2.964799
-2.005098
-0.455545
-2.530935
1.590821
-0.177103
1.590916
-0.426761
-1.892362
1.523293
-1.146962
-0.782852
-1.095828
-0.654969
-0.940555
-1.207560
-2.155715
1.487522
-1.037907
1.304551
-3.130578
1.875681
0.061879
0.084748
1.397228
-2.003735
-1.219241
0.067521
0.358412
-0.190688
-0.355714
