1.082164
1.559375
1.440494
0.933286
0.592031
0.873882
1.378850
0.802968
2.487063
1.506894
1.589441
0.864678
0.589986
1.652193
1.479005
0.692665
1.663535
1.103229
0.861321
1.568918
2.264908
2.193076
0.702545
1.030337
0.895390
1.348717
1.207709
1.061526
1.691334
1.136316
1.556293
0.857189
0.794275
2.217877
0.471072
1.326102
1.404592
0.980066
0.735366
1.955570
0.760878
0.863202
1.240180
1.511366
1.421088
1.114475
1.612314
1.515442
0.980084
0.972352
1.170499
1.911399
1.527429
0.917755
1.856584
1.266347
1.022643
1.526621
0.881251
1.370740
1.055542
0.767023
1.739166
1.174814
0.807302
1.046695
1.276573
0.878569
1.437489
1.390092
1.038285
1.272886
1.419632
0.886794
0.958276
0.683580
2.276953
0.567030
1.418862
0.758112
1.321862
1.279446
1.369126
0.796188
1.067146
0.746904
1.359153
0.715588
1.309903
1.161613
0.879766
0.827867
1.355677
0.954053
0.716177
0.340976
1.828509
0.456209
1.200966
1.769099
0.804646
1.524406
1.183690
1.137688
1.990094
1.018873
0.976423
1.701219
1.069059
1.724606
1.602851
1.701442
1.058158
0.746543
1.402016
1.514348
0.742266
2.057079
2.155953
0.900251
1.710429
0.654168
1.804572
1.504847
1.873843
0.973544
1.122116
0.859497
1.085353
1.582240
0.970532
1.492509
0.905151
0.920991
0.815140
1.112181
1.511589
0.626645
0.836872
2.463098
1.624185
1.798164
1.052356
0.821325
1.384274
1.252091
1.272064
0.872087
2.451024
0.793982
1.355671
2.538946
1.594706
1.144686
1.133413
1.934139
0.414322
1.204273
1.658034
0.909481
0.842526
0.904073
0.911260
1.848277
2.042827
1.470862
0.996178
1.812880
1.037081
0.831772
0.710849
0.955614
0.842862
0.928926
0.838126
0.751609
2.770207
1.308583
1.195107
2.306483
2.291424
1.551896
1.274035
1.533502
0.838028
0.997096
0.812626
1.456764
0.824162
1.018320
1.703756
1.418050
0.432082
1.334868
1.511543
1.021952
1.553526
1.197791
1.112461
0.213039
-1.175345
-1.434486
-1.325463
-0.794660
-1.020954
-0.846592
-1.510736
-1.349903
-1.852020
-1.324128
-1.367661
-1.105650
-1.091563
-1.481763
-2.069407
-1.639329
-0.867087
-0.997772
-0.968452
-1.599742
-1.274722
-1.312321
-1.535301
-1.455619
-1.914968
-1.214607
-1.171105
-0.514419
-1.337048
-1.495896
-1.069208
-1.610044
-1.427893
-1.501141
-1.397637
-1.048270
-1.326922
-1.203429
-1.450564
-1.443171
-1.250883
-1.335978
-1.152392
-1.232060
-1.334764
-1.176995
-1.277774
-1.443518
-1.332796
-1.543183
-0.842758
-1.152796
-1.751335
-1.315263
-1.591855
-1.379571
-0.903257
-1.962997
-1.411469
-0.822354
-1.493849
-1.448980
-1.064029
-1.640668
-1.545677
-1.311534
-1.217140
-1.451064
-1.292702
-1.228512
-0.740140
-1.799416
-1.214054
-1.109892
-1.390407
-1.755020
-1.293978
-1.420397
-1.204760
-0.883214
-1.177483
-1.244963
-1.077322
-1.051822
-1.249221
-0.774345
-1.666439
-1.221106
-1.292833
-1.707344
-1.386900
-1.035118
-1.593533
-0.968826
-1.517110
-1.046975
-1.169177
-1.263637
-1.128318
-1.449013
-1.143138
-1.933415
-1.256712
-1.507119
-0.924347
-1.271902
-1.025571
-1.203216
-1.146560
-1.268613
-1.310137
-1.481494
-1.268209
-1.435522
-1.833544
-1.432767
-1.654819
-1.684221
-1.590315
-0.676044
-1.048812
-1.391300
-1.325524
-1.385197
-0.941532
-1.239365
-1.393671
-1.554298
-1.302785
-1.499422
-1.887604
-1.625191
-1.653742
-1.234771
-0.675390
-1.728171
-1.237631
-1.868326
-1.244128
-1.103722
-1.504850
-1.264662
-1.557060
-0.609846
-1.824630
-1.781996
-1.341912
-1.418993
-1.108964
-0.916513
-1.751888
-0.926716
-1.780586
-1.183785
-1.088891
-0.880729
-1.671949
-1.367165
-1.144988
-1.471159
-0.868950
-1.072269
-1.227494
-1.209521
-1.089742
-0.852180
-1.250334
-1.983702
-1.068559
-1.408927
-1.753744
-1.019881
-1.177695
-1.315348
-1.217023
-1.310777
-1.720988
-1.336220
-1.172836
-2.334287
-1.307927
-1.456044
-1.174798
-1.259764
-0.668944
-1.514416
-1.172853
-1.269998
-1.342211
-1.157892
-1.190255
-1.482858
-0.904370
-1.251048
-1.886577
-1.278640
-1.116423
-1.460780
-1.416391
-1.211857
0.028661
0.141106
0.058621
-0.085352
0.254976
-0.180816
0.219107
0.292623
-0.078517
0.405142
0.667292
0.020620
-0.293988
-0.448267
0.069302
0.449305
0.181926
1.766704
0.202284
0.308772
0.316663
0.268258
0.182553
0.109620
-0.139564
1.082090
-0.004096
1.589798
0.753041
-0.199985
-0.050240
-0.291349
0.236445
0.412871
0.254026
0.853798
-0.189746
-0.280065
0.128376
-0.184312
0.620374
0.138462
0.430640
0.591499
0.194692
1.954337
0.419333
0.489842
0.300647
0.220864
0.197581
0.528843
0.079978
0.373563
0.031206
-0.072239
0.335694
-0.011010
0.386272
0.279697
-0.041507
-0.223410
0.575956
0.115454
-0.814653
-0.154466
0.261881
0.595589
0.020138
0.094480
0.231379
0.575431
0.235821
0.185974
0.160000
0.135237
0.369112
0.142249
0.461856
0.359994
2.271275
0.588272
1.950647
-0.403361
0.286293
0.173873
0.762440
0.457192
0.527303
0.246580
0.014137
0.292271
0.150577
-0.128073
0.448202
-0.153653
-0.160073
-0.206556
-0.063800
2.038151
0.349265
0.087121
0.381409
-0.335086
0.035717
0.593196
-0.597899
0.037758
0.254375
0.289703
-0.218787
-0.800867
0.611313
0.464686
0.361190
-0.041034
0.465509
0.196490
0.559853
0.846295
0.298956
0.405253
0.364994
0.290862
0.631418
1.975416
-0.314908
-0.347700
-0.221435
0.067619
-0.252914
2.063231
0.057515
0.345793
0.014126
0.592441
0.236009
0.109414
-0.073445
0.457293
0.225617
0.479787
0.292411
0.256763
0.150603
-0.353197
0.900866
1.608378
1.722576
0.665932
0.802555
0.044730
2.364474
-0.315561
0.447193
0.601889
0.574660
0.422297
0.048193
0.255000
0.703799
1.549266
0.062593
0.971535
-0.142558
2.109896
-0.021480
0.225057
-0.100294
0.460015
0.407780
0.572111
-0.023485
-0.061512
0.630336
0.244389
0.859838
0.120840
0.110445
0.440790
-0.285483
-0.292284
-0.204068
-0.088302
-0.031926
-0.022791
-0.084103
0.175528
0.263504
-0.308217
0.533856
0.392824
-0.113844
0.152211
0.019178
0.233255
0.040284
0.596310
0.227194
0.209041
0.234829
0.208157
-0.070585
0.561445
-0.025844
-0.405455
0.414928
-0.132886
-0.071750
0.870054
-0.184056
0.396927
-0.496029
-0.710300
0.665496
0.248949
0.653479
0.386023
0.520499
0.185717
-0.343350
0.490801
-0.430737
0.376859
0.551753
-0.259077
0.960837
-0.496983
0.484384
1.292429
0.530346
0.209863
-0.263648
-0.400887
0.097051
-0.005676
-0.229710
1.539542
0.490565
0.389831
-0.129568
-0.195442
0.117479
0.231537
0.403848
0.143538
0.308816
-0.257915
0.470843
0.169930
0.517796
0.199865
0.450898
-0.253577
-0.238673
0.646754
0.512804
-1.057007
0.517804
0.164995
-0.366119
-0.311074
-0.338594
0.470210
0.951960
-0.095350
0.414156
0.167476
-0.264227
0.407369
0.442957
-0.764270
0.288540
0.646089
0.141147
-0.801996
0.177493
-0.132962
0.420398
-0.234805
-0.185316
-0.396736
-0.064232
0.274821
0.017345
-0.016220
-0.003437
0.509193
0.964770
0.992603
-0.419717
-0.107801
0.350009
-0.297481
0.001309
0.030330
0.196333
-1.055376
0.076476
-0.040776
-0.114466
0.873834
0.580680
0.522962
0.533626
-0.114239
0.470637
0.539116
-0.163375
0.582604
0.625280
0.465491
-0.331707
0.629750
-0.061212
0.530285
-0.020213
-0.259498
0.266194
-0.349925
0.200241
0.005530
0.435393
0.044740
-0.461459
-0.174029
-0.465949
0.438307
0.148921
0.352313
0.120164
-0.368155
-0.179315
0.031481
-0.342707
0.184779
0.726765
-0.173468
0.218642
0.883578
0.700607
0.665073
0.520252
-0.282278
-0.069169
0.258529
-0.311968
0.686851
0.585741
-0.190059
0.113428
-0.275496
-0.390681
-0.092525
0.462289
-0.114156
0.276868
-0.339091
0.323470
0.230104
-0.321054
0.329460
-0.274361
0.277312
-0.429002
0.348787
0.438850
-0.197497
0.289662
0.352151
-0.394452
0.349196
-0.435545
0.904883
0.900351
0.805358
0.115202
0.679861
0.503756
-0.103542
0.466620
0.408655
0.021853
-0.345483
0.579271
0.476034
0.517057
0.493149
-0.736519
0.010116
0.236336
0.529291
0.572431
0.393633
0.238512
0.230095
-0.560047
0.534883
0.476675
-0.082816
