1.152186
2.007519
1.489021
1.647920
0.947426
0.970048
1.760534
2.067818
2.335459
1.815954
1.617526
1.344385
1.069917
1.697288
2.220427
1.818323
0.424823
2.418397
0.565258
0.877512
1.096112
0.960055
2.042450
2.127032
2.005368
0.814579
1.434101
1.517131
1.286853
1.181020
2.313464
1.435866
0.906520
1.717545
0.739367
1.942043
2.453787
1.979372
1.118180
2.597852
2.219507
2.268922
0.881656
2.038966
1.915612
1.322991
2.582550
1.855729
1.922099
1.931586
2.338611
1.596439
1.487512
1.488500
1.553116
1.530670
1.056424
1.073644
1.326498
0.859841
2.586478
1.900820
0.772157
1.951896
0.748942
1.331443
2.182779
1.237719
2.695169
1.643293
1.789704
0.666155
2.346784
1.188241
1.958144
2.651979
1.128537
1.288723
1.562962
2.430204
1.894721
1.075913
1.606797
1.933286
1.174855
1.742516
1.102399
1.995744
1.650118
1.127450
0.974457
1.593964
1.352292
1.396496
2.191826
1.372251
0.734651
0.951041
2.236233
2.108454
1.849239
1.087714
0.624970
2.110038
0.793392
1.071535
1.431383
2.537909
2.007748
1.581789
1.710731
1.215821
1.748388
1.940714
1.986236
2.003252
1.251736
1.083561
1.453740
2.052429
1.345737
1.632394
1.853301
1.618852
1.161445
1.260752
1.894502
1.912995
2.130482
1.242561
1.824925
2.330040
1.000952
1.133181
1.044195
1.527397
1.701139
0.632103
2.367897
1.819754
1.605923
2.065541
2.247431
2.186908
2.042564
1.908319
1.194376
1.588682
1.725743
1.741209
1.314026
1.161435
1.102433
1.420497
0.981993
1.273492
2.385255
1.120585
2.269857
0.901839
0.927314
2.468111
1.329594
1.450939
1.166152
1.887225
1.616644
1.351378
1.529624
0.938534
0.730577
1.456136
1.482617
1.262549
1.631674
1.939495
0.949448
1.763733
1.238163
1.100374
0.964660
2.256793
0.740205
2.186287
1.157463
1.267130
1.872554
1.399394
1.543100
1.332584
2.522708
0.850372
1.213967
1.183601
1.459228
0.947343
1.277109
1.968999
1.759848
1.868528
2.509157
-2.912703
2.660953
3.168412
2.906440
-2.626142
2.203567
-2.991933
-2.856996
2.763237
2.781612
3.023545
2.852670
-2.415974
2.785621
2.697929
-2.364938
2.819224
-2.882085
-3.022998
-2.497153
2.505853
2.711538
2.495315
2.958323
2.964340
2.919396
-3.022181
3.022803
-2.428267
2.665452
2.825911
-2.916066
3.043069
2.939154
-2.783220
-2.949971
-1.829329
-2.767814
2.323912
2.579431
2.783151
-2.913036
2.378736
2.443036
2.845197
-2.954512
-2.251950
3.004474
2.589060
2.973103
-2.974575
-2.311732
-2.303211
-2.984499
-2.852638
-2.827670
-2.479195
-2.929549
3.072790
2.656828
-2.979581
2.761947
2.992390
-2.562587
-2.774373
-2.937748
-2.737272
2.847149
-2.905781
2.998588
-2.652155
3.036410
-2.691927
-1.719900
-2.470428
2.582433
-2.480983
2.691178
2.628524
2.823669
3.036947
3.009938
-2.886315
2.773386
-2.405375
2.519129
3.030976
-3.048913
2.583213
2.838868
2.671145
2.880833
-3.013442
2.604347
2.757045
2.907475
2.819411
2.643857
-1.723693
2.997636
1.970595
2.845740
-2.989461
-2.328956
2.688557
-2.336783
-2.902886
2.900109
-2.150364
-2.860969
-2.506276
-2.652994
2.950119
2.896688
2.973745
-2.713185
2.544332
-2.600175
3.188649
3.008795
-2.529327
2.805676
2.627887
1.480643
3.000890
2.279904
2.242520
2.646308
-2.636643
-2.518344
-2.939649
-2.673909
-2.641861
3.131584
2.817518
2.855228
-2.913195
2.825088
3.016791
-2.761897
2.641514
3.182387
2.593820
2.789257
2.888307
-2.648938
-2.788214
2.868235
-3.157463
3.127587
3.068192
2.936437
-2.645940
2.894066
3.126927
3.203425
3.035772
2.734497
-3.030088
-2.976999
-2.367456
2.720175
-2.666488
2.763383
-2.577094
-2.865040
2.813266
3.031343
3.002562
-2.881706
2.433362
2.937079
-2.830575
2.897468
2.917967
2.297713
-3.018794
-2.976708
-1.909018
3.086216
3.201216
-2.883330
-3.032413
-2.612224
-2.996829
-3.140148
-2.398930
2.851428
-2.550560
2.942361
-2.293560
-1.812800
-2.719986
-2.654088
-2.692652
3.147564
-2.275410
-2.614088
3.075579
-0.475254
-0.125265
0.037371
-0.495383
0.294783
-0.438140
-0.438943
-0.381859
0.637227
-0.022826
0.175319
-0.320905
0.126423
0.662662
-0.383496
-0.180152
0.301089
-0.267833
1.002447
-0.237410
0.279124
0.940197
0.006292
-0.257531
0.606491
1.375772
-0.167595
-0.947080
-0.418868
0.662152
0.103354
0.385754
-0.083048
0.803821
-0.210608
0.373730
1.071147
-0.275660
-0.493551
0.229190
-0.162721
-0.338013
-0.341847
-0.422784
-0.296913
-0.073279
-0.059923
-0.350579
0.368015
0.799923
-0.294066
0.413819
0.519300
0.928542
0.214501
0.808919
-0.937019
-0.539830
0.047501
-0.088854
0.395336
-0.441885
0.156360
0.255314
0.384841
-0.432337
-0.548652
-0.320580
-0.453048
-0.963480
0.190519
0.257485
-0.400011
0.839873
0.170484
0.134791
-0.313458
0.553514
0.234025
0.025312
-0.562947
0.170110
-0.335691
0.027525
0.510582
0.464874
-0.415319
0.643627
0.070150
0.549640
0.506556
0.209278
0.758165
0.685602
-0.432504
-0.811074
-0.456645
-0.168284
-0.576802
-0.444504
0.885141
-0.619933
0.519337
0.456913
0.377631
0.032739
-0.381369
-0.380382
0.202403
-0.331089
-0.369246
-0.148913
-0.137087
-0.568011
0.122672
0.713556
0.098550
-0.492574
0.805131
-0.478631
-0.628460
0.388064
-0.219302
-0.509062
-0.437060
-0.849898
0.750269
-0.631589
0.700256
-0.449187
-0.288560
-0.382060
0.176436
-0.655775
0.497749
-0.762833
-0.528395
0.172640
-0.734191
-0.607436
-0.651127
-0.035038
0.914540
0.182579
0.563690
-0.835445
1.056626
-0.499955
-0.181877
-0.440495
-0.357837
-0.772077
-0.194134
-0.400330
0.304100
0.021015
0.911874
0.058144
-0.726717
0.205957
0.585400
-0.614987
0.053222
0.449999
0.585911
0.398361
-0.309354
-0.418945
0.865701
-0.224395
0.450694
-0.041865
-0.325946
-0.447996
0.144155
-0.269260
0.760596
0.189774
-0.632191
-0.887379
-0.655067
0.664571
-0.186410
-0.229233
-0.196970
0.575375
0.694591
-0.211457
-1.568546
0.973034
0.832164
0.442364
0.119892
0.635540
-0.409259
0.428607
0.520276
-0.442749
-0.213031
-0.136266
0.729026
-0.597891
-0.018874
-0.179285
-0.978836
-0.123049
-0.741463
-0.535660
-0.811070
-0.019604
-1.298292
-1.425490
-0.358241
-0.932947
0.116398
-0.063634
-0.493657
0.267719
0.384900
-0.302828
-0.527775
0.185927
-0.687184
0.061113
-0.004584
-1.309435
0.013806
-0.566521
0.215712
0.175661
-0.349080
-1.489033
-0.924690
-0.398649
-0.056025
-1.106261
-1.113109
0.093636
-0.296967
-0.468344
-0.799107
-0.664821
-0.244710
0.760105
-0.308689
-0.637316
-0.129795
-0.771435
-0.422710
-0.265600
0.181380
0.248853
-0.042855
-0.189247
-0.566676
0.107797
-1.571604
-0.424075
-0.315147
-1.429008
0.522489
-0.223243
-0.512857
0.112817
-0.095185
-0.149271
-0.146375
-0.706761
-0.634106
-0.665330
0.511298
-0.378547
-0.732852
-0.753986
-0.531998
-0.536355
0.145239
-0.361812
-0.163073
-0.258198
-0.722628
-0.919034
-1.132429
-0.043247
-1.608788
-0.911177
-1.299922
-0.078114
-0.126242
0.411847
-0.511473
-0.728379
0.024398
-0.506172
-0.888135
-0.871152
-1.123144
-0.746863
-0.080410
-0.177932
-0.369569
-0.212152
-0.266218
-0.139989
-0.432961
-0.231113
-0.542902
-0.397879
0.233983
0.060634
-0.273706
-1.055913
-0.527643
-1.440691
-0.539453
-0.132884
-0.365055
-0.381312
-1.113154
-0.610002
-0.152191
-0.222163
0.114233
-0.831514
-0.366676
-0.758196
-0.326264
0.093144
-0.609550
0.022041
-0.402974
-0.590194
-0.414766
-0.899372
-0.626227
0.038666
0.101861
-0.319154
0.083493
-0.012491
-0.383771
0.050731
0.192284
-0.546305
-0.951341
-0.169859
-0.294509
-0.747389
0.048325
-1.041352
-0.489611
-1.383972
-0.633616
-0.481520
-0.752988
-0.746093
-0.746365
-0.765220
-0.773462
-1.080777
-1.499680
0.005499
-1.397137
-1.176045
-0.654136
-1.226253
-0.147697
-0.510144
0.148019
-0.052669
-0.732264
-0.324975
-0.795537
0.167955
-0.027238
-0.319372
0.216978
-0.050551
-0.068338
-0.485761
-0.148904
0.029617
-1.170705
-0.876518
0.158861
-0.469918
0.267347
0.187830
-0.846951
-0.200134
-1.264025
-1.438349
-0.444604
-1.960312
-1.258919
-0.874032
-0.499170
-0.277244
0.485468
-0.272388
