1.878712
2.241273
1.669211
1.699718
1.102846
1.761681
1.599281
1.314662
1.833409
1.856581
0.889520
1.311821
1.564709
1.848749
1.239561
1.451814
1.523103
1.724816
1.691446
1.674498
2.228736
1.669211
1.342263
1.570119
2.097925
1.300699
1.275366
2.194233
1.565258
1.429794
1.799666
1.364328
1.958824
1.125171
1.646897
2.005001
1.626826
1.845936
1.596379
1.021616
1.737346
1.475537
2.257467
1.585119
1.875356
1.514857
1.571338
1.602753
2.031897
0.969058
0.654651
1.535678
1.958469
1.794491
2.047361
1.596813
1.912307
1.581304
1.692769
1.763457
1.153685
1.460360
1.703994
1.241826
1.644208
1.136360
1.707290
1.374063
1.641193
1.812262
2.032543
1.731715
2.179822
2.181997
1.425761
0.801667
2.225312
1.214693
1.318045
1.266498
1.498283
1.590116
1.340162
1.432235
1.606185
1.260457
1.669211
1.488936
0.973876
1.794319
1.623408
1.285530
1.842776
1.766776
1.524697
1.593577
1.921637
2.048051
1.929296
1.772870
1.537406
1.650865
2.230339
1.108480
1.493344
2.261143
1.037721
1.277781
1.516757
1.180115
2.015357
1.233462
0.977504
1.239116
1.679843
1.821964
1.562905
2.039977
1.668059
1.336265
1.223505
0.901136
1.266135
2.177509
2.026717
1.692193
1.566586
1.698903
0.926948
1.277245
1.554496
1.773713
1.806796
1.094628
1.196904
1.607449
1.237485
1.778435
1.743181
1.596532
1.732213
1.224413
1.598448
1.445938
1.209978
1.591928
1.575492
1.598587
1.894768
1.207086
1.670265
1.749909
1.927173
1.542622
1.858530
1.463453
1.053427
1.280414
1.177158
1.458223
1.565037
1.769655
1.735537
0.977963
1.730132
2.150405
1.582915
1.896568
1.654029
1.139207
1.576470
1.430955
1.892881
1.296910
1.404006
1.705511
1.755453
1.267497
1.108786
1.071849
1.221137
1.401308
1.641443
1.844677
1.595012
1.342243
1.654243
1.527288
1.584116
1.520739
1.388078
2.057401
1.670461
1.338773
1.647674
1.379657
1.695260
1.719262
1.493367
1.577616
-1.779716
2.719281
2.511906
-1.736743
-1.466383
-2.175450
2.484034
2.133741
-2.711470
2.485261
-2.215740
2.900074
-1.494585
2.739460
2.606161
-1.716864
2.569570
-1.512361
2.118116
-1.513484
2.564499
2.745132
-1.681003
2.776385
-2.015229
2.237295
-1.965939
2.390611
1.766140
2.578644
-1.707321
-2.958138
2.886228
-2.108298
2.526692
2.035052
2.131520
2.725538
-1.937895
2.083075
-1.985157
-1.705392
-2.029987
-1.714348
2.971147
-1.485430
3.005736
-1.704241
2.567318
2.682039
-2.095856
-2.325966
2.543566
-2.188408
2.004238
-1.977533
-2.092922
-2.416490
2.658296
2.674521
-2.384398
2.563190
-1.588587
-1.602180
-2.377626
-1.934594
-2.304553
2.095387
-2.088661
-1.674242
2.785719
2.348513
2.059777
2.694643
2.930812
2.354058
-2.323491
-2.326042
-1.884564
2.671950
2.789931
-1.477865
2.337360
-1.763561
-2.025566
-2.018017
-2.238318
-1.331737
2.212731
2.316999
-2.189235
-1.697688
-1.814447
-1.826555
2.644965
-1.706806
-1.733794
-1.356465
2.653798
-1.336658
2.792668
2.359817
-1.704382
2.747524
2.452579
2.830691
-1.965424
-2.400396
-1.588688
-1.988945
-1.868996
-2.226175
2.988706
2.532738
2.660320
-1.910099
2.200320
-1.670422
2.476549
2.782738
-1.901219
-1.689254
2.205625
-2.025746
-2.206827
2.612465
2.506415
2.553982
2.917860
-2.479374
-1.733197
-1.684701
2.661727
2.121122
-2.050880
2.958911
2.932458
-2.049733
2.730784
-2.047684
2.589609
-2.181888
2.515743
-2.141200
-1.669412
2.285055
2.746225
-2.059698
2.218147
-0.017652
2.358414
2.759645
-2.080870
2.431232
-1.851871
1.395783
2.264851
2.631701
2.795209
-1.661009
1.964066
-1.534368
2.743322
2.507374
-1.092203
2.766740
2.290538
-2.096912
2.977305
2.137369
2.211845
2.491106
2.223342
2.791233
-1.499599
-1.786505
2.668617
2.966666
2.452318
-2.350686
-2.175091
-2.167842
2.068084
-2.546105
2.448726
2.643496
-2.108478
-2.141550
-1.789638
-1.987298
2.477276
-1.218213
-2.189285
2.072508
2.494513
2.928350
-2.188701
-2.444825
2.734947
2.643399
-0.357928
0.198847
0.950190
-0.479288
-0.008223
-0.506579
-0.177361
-0.464810
-0.311036
-0.089497
0.035336
-0.077051
0.272657
0.434209
-0.004186
-0.060375
0.146457
-0.332921
0.188103
0.115953
-0.256133
0.113998
-0.053786
-0.452494
-0.466182
-0.325386
0.427673
-0.224236
-0.419128
-0.339942
-0.576688
-0.352135
-0.018442
-0.565490
0.577794
-0.108534
-0.096765
-1.178297
-0.320869
-0.596549
0.149371
-0.584138
0.122054
-0.665194
0.002159
-0.255591
0.024468
-0.032151
-0.140040
-0.662431
-0.343905
-0.348845
0.012808
-0.437718
-0.072944
0.078724
-0.084070
0.313912
-0.301946
-0.209159
0.145630
-0.071288
-0.262609
-0.396291
0.143974
0.070858
-0.602072
0.107319
-0.075609
-0.297100
-0.124916
-0.982974
-0.297359
-0.749255
-0.205865
-0.274341
-0.258033
-0.011751
-0.566960
0.025506
0.063899
0.120873
-0.602769
0.126499
-0.312495
0.752363
-0.361523
0.096342
-0.343414
-0.336387
-0.147380
-0.223198
-0.627685
0.441500
-0.469194
-0.207257
-0.078754
0.061342
-0.354482
-0.444528
-0.497594
0.364879
-0.286117
0.188487
0.390388
-0.218861
0.759583
0.509028
-0.030346
-0.226002
0.140843
-0.632070
-0.407480
-0.447293
-0.043273
-0.554708
0.362375
-0.055754
-0.058640
0.209770
-0.496282
-0.043113
0.390970
0.081435
-0.429601
-0.523354
0.277877
0.099513
-0.038910
0.492121
-0.091316
0.532621
0.299702
-0.320150
-0.422402
-0.727825
0.488308
-0.368975
0.320129
0.032397
-0.152185
-0.079742
0.085129
-0.252139
0.314335
-0.386646
0.359810
-0.124401
-0.454522
0.074743
0.066659
-0.042803
0.355809
0.455661
-0.569672
0.037228
-0.280621
0.259832
-0.169931
0.203309
0.193312
-0.522764
-0.037362
0.203775
-0.037026
-0.367847
-0.299274
1.073526
-0.154214
0.174944
-0.083319
-0.017967
0.124718
0.165715
-0.033416
-0.044607
-0.041341
-0.381458
0.002845
-0.504941
-0.398131
0.154074
-0.745796
-0.044306
-0.345619
0.176045
-0.203112
0.273569
-0.025359
-0.446028
-0.297806
0.712738
0.140813
-0.744331
-0.113833
0.200424
0.349057
-0.032309
-0.204654
-0.259713
-0.375264
-0.330049
-0.231334
-0.495170
-0.396327
-0.416274
-0.433950
-0.488252
-0.386517
-0.747548
-0.519414
-1.015963
-0.478811
-1.107560
-0.613894
-0.741583
-0.717160
-0.415622
-0.686848
0.075877
-0.280401
-0.302699
-0.372806
-0.533201
-0.235542
-0.749781
-0.666017
-0.421564
-0.551134
-0.386645
-0.658883
-0.521263
-0.474263
-0.427731
-0.295498
-0.534040
-0.571507
-1.294480
-1.018719
-0.838236
-0.413593
-0.775063
-0.675136
-0.967054
-0.525989
-0.997699
-0.806727
-0.657312
-1.224372
-0.196968
-0.425300
-0.455386
-0.351832
-0.893348
-0.869333
-0.184564
-0.542608
-0.304982
-0.156674
-0.199781
-0.454834
-1.119690
-0.796962
-0.656750
-0.796186
-1.191809
-0.452911
-0.431813
-0.353603
-0.426357
-0.585474
-0.368729
-0.342692
-1.189670
-0.587075
-0.560949
-1.316718
-0.721788
-0.139673
-0.999232
-0.367100
-0.200649
-0.211363
-0.917878
-0.508909
-0.546242
-0.318942
-0.370656
-1.264629
-1.063235
-0.666540
-0.573403
-0.567927
-0.308066
-0.863987
-0.422566
-0.384889
-0.647384
-0.089395
-0.771617
-0.562027
-0.379366
-0.615921
-0.091898
-0.709660
-0.504125
-0.501571
-0.546835
-0.279198
-0.892972
-0.636836
-0.289751
-0.063874
-0.407865
-0.464246
-0.380050
-0.903739
-0.483061
-0.457409
-0.444175
-1.050470
-0.709461
-0.393000
-1.088193
-0.637426
-1.074008
-0.518808
-0.644842
-0.485176
-0.928764
-0.702871
-1.425581
-0.855371
-0.038019
-0.301206
-0.846099
-0.406712
-0.302527
-0.668641
-0.398242
-0.897147
-0.768888
-0.721981
-0.622701
-0.230704
-0.609525
-0.456426
0.280768
0.021448
-0.489875
-0.657065
-0.539021
-0.245775
-0.730077
-0.545125
-0.587019
-0.975847
-0.394789
-0.276479
-0.369048
-0.492997
-0.180142
-0.136604
-0.517254
-0.500692
-0.673024
-0.748288
-0.468013
-0.412277
-0.078132
-0.496526
-1.045136
-0.602230
-0.381714
-0.343190
-0.013038
-0.209190
-0.419722
-0.349203
-0.394217
-0.331356
-0.307443
-0.764364
-0.377031
-0.661220
-0.524640
-0.637996
-0.009539
-0.461762
-0.775960
-0.575074
-0.280134
-0.975956
-0.564551
-0.430196
-0.355061
-0.573129
-0.607398
-0.516916
-0.865660
