1.730018
1.757597
-1.046830
1.414065
1.490113
1.178400
1.011027
2.610299
1.078991
1.444142
1.917182
1.180921
-0.312061
1.455972
1.477629
-0.277748
1.507741
1.493771
-0.823343
0.983341
1.681422
-0.198883
1.418715
-0.071076
1.837294
-0.191361
1.166793
1.364013
0.028085
-0.223125
1.024377
1.222323
1.261804
1.371986
-0.528384
0.902073
1.375829
2.105028
1.724729
1.683723
1.562543
1.900308
1.759194
0.900505
2.220410
1.521827
1.651521
1.661766
1.779154
1.616733
1.771914
2.059277
1.459958
1.544462
1.633794
1.214048
1.254524
1.565235
1.967310
0.101656
1.453996
0.288363
0.970368
1.755813
1.562363
1.231556
1.358957
1.203693
-0.225354
1.434668
2.126190
1.086415
1.660377
2.096817
-0.361123
1.659592
1.140008
-0.660989
1.847912
1.524881
1.020729
-0.921262
1.386057
1.439591
1.585855
1.391357
-0.483936
1.445828
1.293666
1.456075
1.184480
0.548477
1.128188
1.126234
1.786497
1.638257
1.653937
1.384269
1.278857
1.351169
1.164145
1.723664
1.624799
1.779315
2.126409
1.676337
1.528965
1.522581
1.459830
1.776433
2.392600
1.649419
1.192920
1.068128
0.948708
1.587909
0.305332
1.856895
1.415855
1.495544
1.870628
1.422980
2.074315
1.240260
1.386211
1.345812
1.723660
1.440117
1.434882
1.787044
2.095187
1.656432
1.140254
1.608140
2.234975
1.518911
1.622128
-0.779375
1.667391
1.278491
1.132671
1.968207
-0.218038
1.478278
1.671449
0.997284
0.061170
1.780091
1.414192
2.037912
0.532456
1.893309
1.594192
1.969139
1.600974
1.271970
1.945428
1.176715
1.052284
2.197651
1.498706
-0.206449
1.070735
1.031409
1.472843
1.672902
-0.690532
1.533318
1.569450
1.601432
1.841520
1.403245
2.120231
2.141408
1.080661
1.783742
-0.864261
1.672144
1.218889
1.198024
1.678533
1.357145
1.675615
1.831184
1.128332
1.151932
1.804568
1.639488
0.256261
1.655794
1.682974
1.680342
1.572937
1.137168
1.606710
1.859230
-0.935663
1.364612
1.093380
-0.175325
2.912424
2.085330
2.820498
2.749420
2.893802
1.749300
2.704658
1.678564
1.931278
1.538547
2.976312
2.065158
2.866988
2.371386
1.581216
2.833684
2.917998
2.826676
2.443835
2.091844
1.643228
2.529884
2.829323
1.876551
1.756380
2.541981
2.474296
2.161419
2.564328
2.596520
-3.170261
2.457452
2.030326
1.884712
1.994634
2.726455
1.890200
1.830920
2.259264
2.349670
1.797424
2.135786
2.074132
2.821334
1.392549
3.059251
1.460721
1.739240
1.457699
1.649343
1.812872
1.619956
2.278077
1.868472
1.786304
2.153506
2.773609
1.634982
3.055602
2.798947
2.969312
1.784855
2.917152
2.682513
1.956937
2.605269
1.318576
1.493843
1.988690
3.130427
1.910842
2.348346
1.998259
2.313206
1.758209
1.766644
2.377296
2.383849
1.896640
1.483059
1.708106
2.141302
2.489426
2.251429
1.736854
1.645837
1.443600
2.904772
2.388756
1.508505
2.206396
2.822323
3.009164
1.753367
2.104782
3.037290
2.859716
2.620009
2.479702
2.563126
1.572511
3.072040
1.939631
2.397758
2.598237
3.073945
2.599940
1.540583
2.845276
1.885296
2.630881
1.145845
2.676891
1.602479
1.514911
2.372323
2.223288
2.662442
1.821158
1.840852
2.598346
2.762211
2.239401
1.798904
2.047863
1.654819
1.393355
2.152191
1.827016
1.343138
2.983437
2.297190
1.861073
3.045598
1.674955
1.543985
1.611438
2.261433
2.093935
2.001935
1.343636
2.199620
1.810747
1.997683
1.731993
2.507956
2.331833
1.960875
2.531717
1.637508
2.511599
2.264096
1.756455
2.424932
2.151911
2.095638
2.492840
1.947205
1.616281
2.985809
2.633659
2.670867
2.442556
1.766107
2.796354
1.578393
1.785284
2.170937
2.476857
2.934006
-2.827344
1.592786
1.904866
2.232009
1.754197
1.806377
2.458587
2.181268
2.743134
2.281582
1.862196
1.760567
2.533563
2.508566
1.713001
1.697531
1.782709
1.897285
1.392265
2.636544
2.939376
-3.118678
1.622149
2.219105
2.096569
3.034808
1.555018
1.480241
2.860481
1.789745
-0.172083
-0.173814
-0.350956
-0.306452
-0.166519
0.238149
-0.889893
-1.306527
-0.583988
-0.628142
-1.202360
0.168255
-0.313187
-0.335371
-0.302900
-0.607694
-0.982499
-0.536850
0.691425
-0.352507
-0.389231
-0.653901
0.234580
-0.455036
-0.355061
-0.398540
-0.488715
0.175770
0.303319
-0.116515
0.541509
-0.285979
-0.349249
0.214298
0.036596
-0.741461
-0.064846
-0.076905
-0.576489
-0.690053
0.510516
-0.703183
-1.173788
-0.697126
-0.634734
-0.753077
-0.155603
-0.129149
-0.199407
-0.692325
-0.760774
-0.387167
0.779973
0.115834
-0.422475
0.399123
0.013171
-0.199956
0.266910
0.023287
-0.470657
0.009253
-0.509724
-0.370325
-0.598093
-0.496403
0.134478
-0.026149
-0.311027
-0.595292
-0.392136
-0.551108
-0.134299
-0.257997
-0.643310
0.114030
0.216618
-0.679214
-0.246022
0.099485
-0.395993
-0.640418
-0.398861
-0.307793
-0.448569
0.374504
0.308400
-0.858084
-0.148320
-0.037054
-0.832572
-0.723903
-0.895207
-0.434474
0.404721
-0.828047
-0.906500
-0.381155
-0.439369
-0.840639
-0.635023
0.021052
0.044353
0.132355
-0.753836
-0.752191
0.423300
-0.154829
-0.444569
-0.377164
-0.804579
-0.311712
0.470740
-0.113682
-0.677392
-0.329181
0.077318
-0.596321
-0.146382
-0.149783
0.435273
-0.423382
-0.859295
0.080979
-0.065913
0.155488
-0.657522
-0.319423
-0.298535
-0.075945
-0.098840
-1.200435
-0.942524
-0.130230
-0.513955
-1.175703
-0.446792
-0.089658
-0.559743
-1.158405
-0.762253
-0.662432
-0.367522
0.720288
-0.827329
0.386432
-0.219186
0.079793
-0.349139
-0.197196
-1.004363
-0.461004
-0.984934
-0.728143
-0.617818
-0.772254
-0.180950
-0.584662
-0.269719
-0.348596
-0.146090
-0.547073
0.123532
-0.309830
-0.814975
-0.441103
-0.770185
0.692793
-0.353732
0.195111
-0.337451
0.354277
-0.386065
-0.068858
0.241135
-0.795000
0.188692
0.067680
0.023844
-1.029454
0.060312
-0.898966
-0.473585
-0.352318
-0.017810
0.097298
0.056663
-0.284115
-1.263369
-0.243392
0.301934
0.380345
0.375531
-0.497941
-1.146677
0.017213
-0.504677
-0.168380
0.420188
-0.360613
-1.226575
0.113924
0.030943
-1.320742
-1.160450
-1.001879
0.092489
-1.538019
-1.243634
0.270233
0.121064
0.121046
-0.553458
-1.045246
0.264794
0.250869
-1.282285
-1.362432
0.211770
0.188562
-1.565878
-0.573540
-1.284567
-1.174991
0.355573
-1.075911
0.014441
-0.931479
0.019602
0.129330
-1.480818
-1.124628
-0.807679
-1.160204
-0.488627
0.152438
-0.440608
0.059502
0.744734
-1.143350
-1.046565
-0.817184
-0.174566
0.059186
0.234424
-1.029728
-1.018517
-1.184366
-0.366136
-0.872461
-0.887773
0.191265
-1.202756
0.018531
-0.358289
-1.098635
-1.108193
-1.557174
-0.475642
0.066402
0.261248
0.368306
-0.167815
-0.005829
-1.307642
-0.318128
-0.014694
0.007766
-1.348321
0.106660
-0.490064
-1.619621
-1.592340
0.314774
-0.227993
-0.793494
0.434603
-1.685838
-1.173532
-0.212115
-1.310500
-0.116700
-1.285495
0.238580
0.369280
-1.189179
0.062180
-1.143352
-0.836458
-0.890013
-1.579424
-0.730415
0.273844
-0.438966
-0.377139
-1.433748
-1.329837
-1.576967
-0.805588
-1.086521
-0.878187
-0.570912
-0.689218
-1.190063
0.062650
-0.760584
-0.622069
-0.257105
0.025219
-0.073233
-1.566408
0.105196
-0.630108
-1.546480
-1.489978
-1.262024
0.312973
-0.935889
0.257076
-1.467678
-0.734317
-1.293480
0.271330
-1.241562
0.328827
-0.364089
-1.486204
-0.505347
-0.054476
0.095431
0.545969
-0.428048
0.301472
-0.015302
-1.600088
0.184200
-0.650999
-1.146134
0.090875
-0.276783
-0.269752
0.383442
0.155542
0.395399
-1.503310
-0.378730
0.077865
-0.860821
0.755986
-1.135621
-1.555317
-1.622098
-1.006966
-1.527833
-1.505262
-1.474872
0.456792
0.155579
0.126040
-1.250870
0.223481
-1.077864
-1.543547
0.102052
-0.296607
-1.259169
-0.451446
-1.034373
0.123481
0.147693
-1.305933
-0.880847
-1.642433
-0.048687
-0.716998
0.286081
-0.514667
0.131339
-0.096958
-1.327447
-0.041863
-1.104477
-0.591917
-1.028149
-1.325707
0.066289
0.008915
-1.267920
0.150406
0.081813
0.041694
-1.226028
-0.597416
-0.003876
-0.954002
-1.138408
-0.322483
-1.163764
-0.626530
-1.170033
