1.568409
1.184732
1.457981
-0.507186
1.127053
-0.416346
1.529094
1.153130
-0.299214
1.312683
1.041477
1.380886
1.587209
1.205246
1.296041
1.534327
1.600196
0.914939
-0.121066
1.872712
0.919765
0.824289
0.844662
1.025469
0.878586
0.979868
1.269635
1.219262
1.286853
2.232187
1.240892
1.071335
-0.253900
1.169912
1.410832
2.080884
1.226918
1.670519
0.951056
1.311145
1.834600
1.317466
1.910845
2.239600
1.186587
1.293982
1.259434
1.304988
1.334457
1.429721
0.736416
0.454633
1.376058
1.434143
1.489889
1.525957
1.209543
2.193265
-0.290252
2.024253
1.531879
1.531338
1.263704
1.371135
-0.123435
2.405984
1.297107
0.981457
1.670794
1.584307
1.553354
1.837538
1.555018
-0.424764
1.613463
2.000716
0.727510
0.231079
1.015760
1.533717
1.478248
1.482336
-0.441995
1.088035
1.578684
1.669464
0.605243
1.476840
1.210818
2.247413
1.094017
1.064102
-0.576562
2.008853
0.889556
1.397862
1.299604
-0.286003
1.205293
1.008332
1.888847
1.135101
1.029844
0.969880
1.340281
1.438543
0.871151
1.229483
0.754061
1.655460
1.324982
0.935904
1.514102
0.856158
1.270890
2.455715
1.622906
0.678624
1.006209
1.460703
1.320694
0.534377
1.782555
1.228379
1.180991
0.658332
0.762206
0.752251
0.867141
1.061231
1.074126
1.072989
-0.616209
-0.378126
1.466638
0.713819
1.365304
1.030093
1.325955
0.744958
1.967147
2.008133
0.713491
1.608133
1.284099
1.397822
1.162727
1.549903
0.732884
-0.342962
-0.359549
1.173735
1.677514
1.607561
-0.183072
0.608691
1.542133
1.725283
1.506095
1.975086
2.511366
1.649986
1.187413
1.455989
1.202591
1.217534
-0.059231
0.750329
1.932462
0.735576
-0.339696
1.094689
0.846655
0.661609
-0.402523
1.366188
1.160447
1.204447
1.097831
1.431021
0.585395
1.143901
1.149503
1.311901
-0.462786
1.532015
1.864562
2.341963
0.985059
1.510142
1.894180
1.300101
-0.420580
1.330908
1.152851
1.413721
1.601723
1.509606
1.905242
0.677905
-2.094284
2.437823
-2.391963
-2.200362
3.017168
-2.774111
-2.680133
-2.958906
2.455468
-2.712692
-1.845822
-2.287080
-3.000441
-2.507685
-2.462671
-2.081328
-3.123594
3.003668
-2.811299
-2.478927
-2.493980
-2.260523
-2.509092
-2.233993
-3.080110
-2.565570
-2.229620
-2.741814
-2.587452
-2.366166
-1.999095
-2.109473
-3.119945
-2.856496
-2.482609
-2.697931
-2.977539
-3.147483
-2.452047
2.945924
2.660838
-2.339729
-2.801037
-2.106696
-2.012893
-2.335082
-2.166949
-2.699325
-2.931240
-1.962703
-2.121129
-2.577444
-2.710367
-2.348969
-2.383792
-2.871629
-2.952740
-2.826823
-1.951272
-2.033500
2.677371
3.126604
-2.747039
2.849176
-2.658116
-2.642862
3.154263
-2.601410
-2.025781
2.790414
-2.999325
-2.596765
-2.921380
-2.881021
-2.576339
-2.057984
-1.825578
2.948134
-2.628222
-2.537010
-1.694732
-2.584323
-3.064046
-2.241563
2.915129
-2.114449
3.070878
-2.125085
-2.387007
-1.989035
-1.687403
-2.368932
-2.236585
-2.878232
-1.648424
-2.518082
-1.970476
-2.403483
2.737818
-2.932011
-2.642344
-2.208577
-2.656323
-3.158678
-2.068675
-2.992354
-2.923973
-2.845705
-2.278285
-2.814478
-3.061511
-2.437874
-3.174519
-2.036259
-2.957470
-2.179817
-2.511652
-2.467589
-1.370911
-2.998560
-2.596052
-2.915389
-2.230791
-1.868236
-2.297969
-1.774281
-2.419865
-2.402085
-2.702842
2.704327
-2.525555
-2.987248
2.361602
-2.224006
-2.820382
-1.955394
2.327066
-2.773665
-1.815992
2.986477
-2.886336
-2.441885
-2.378518
-1.868345
-2.612759
-2.428435
-2.560715
-2.281094
-3.132528
-2.722584
2.606903
-1.564718
-2.639640
-2.795979
-2.262985
-2.765397
-1.887640
-2.658173
-2.081220
-3.008048
-2.677151
-2.695649
-1.880220
-2.989905
-3.031381
-2.728100
-3.187304
-2.008825
2.871452
-2.614378
-2.648574
2.840981
-2.847461
2.920050
-2.655417
-2.824268
2.981448
-1.913913
-2.824400
-2.535432
-2.014331
-2.334296
3.170517
-2.803755
-2.827620
-2.344126
-2.628096
-1.911518
3.004246
-3.041082
-2.710807
-2.463804
-3.017736
-2.803842
-2.256286
-2.267708
-2.342317
2.938864
-2.904879
-2.977273
-0.531931
0.136251
0.574448
0.491728
0.353398
0.615731
0.148620
0.853980
0.302267
-0.256109
0.472097
0.484954
0.288337
0.747353
0.573406
0.072675
0.358722
1.803967
-0.245885
0.297556
-0.165761
0.725317
0.493898
0.029187
0.959803
-0.225422
0.584266
2.377830
0.796912
0.586961
0.711322
0.244694
0.691301
-0.081412
0.366304
0.157579
0.393464
0.448167
0.790376
0.391742
0.658714
1.189760
1.043445
0.658196
1.059834
1.990439
0.565176
0.295816
1.150212
0.499362
1.428385
0.781889
0.815167
0.694631
0.283707
0.513444
1.013581
0.664619
0.576664
0.528840
0.984313
-0.000132
0.124832
0.940977
0.342815
0.896940
0.286110
0.004492
0.855232
0.200769
0.083551
-0.111857
0.003999
0.192898
0.335992
0.043007
0.167402
0.162824
0.138442
0.079052
1.569670
-0.297776
2.059766
1.053332
0.234380
0.944559
-0.073576
0.593963
0.004223
0.348383
0.765741
1.154746
0.674243
0.320205
-0.104519
0.660267
-0.107006
-0.155505
0.170948
2.477972
0.082425
0.132555
0.760176
0.872445
0.416389
0.437940
0.247064
0.301241
0.142236
0.640497
0.383720
0.234119
0.350200
-0.085610
0.471251
0.779038
-0.102197
0.629916
0.131938
0.550300
0.510125
0.236404
0.963308
0.530047
0.037683
2.027424
0.652150
0.636749
0.575902
0.154884
0.241084
1.953594
0.311765
0.219271
0.343233
0.237121
1.067950
0.119065
0.346219
-0.114945
0.959353
0.757101
0.466205
0.485635
0.459287
0.446227
0.110788
1.932217
2.023109
0.719914
0.984285
1.055921
1.785690
0.831753
0.163898
-0.344078
0.401947
0.532426
0.658087
-0.075745
0.604906
1.896376
-0.192256
0.144016
0.289282
2.366291
0.336531
0.468027
0.328811
0.748174
0.334939
-0.165319
0.478088
1.003999
0.866144
0.587091
-0.132686
0.519372
0.418735
-0.154350
0.064881
0.402782
0.169271
0.670877
0.509897
0.554738
0.404039
0.471463
0.174063
0.057292
0.354325
0.352822
0.160931
1.087543
0.252444
0.128731
1.360203
0.316510
1.495472
0.506467
-0.108992
-0.050028
-0.537573
-0.167503
-0.051154
-1.160010
-0.594849
-0.308788
-0.474216
-0.246743
-0.225782
-0.000585
0.228944
-0.174495
-0.147284
-0.487376
-0.671968
-0.464189
-0.193262
-0.362171
-0.250437
-0.196255
-0.083375
-0.286860
-0.612537
0.054509
0.266449
0.327089
-0.485201
-0.266586
-0.481641
-0.111738
0.142945
-0.111019
-0.259202
-0.007582
0.074683
0.147972
-0.674464
-0.261922
-0.210058
0.232584
-0.012066
-0.599014
-0.150955
-0.361548
-0.648067
0.552890
-0.339661
-0.194143
0.380242
-0.143127
-0.416661
-0.013575
0.493232
-0.330300
0.270429
-0.525881
-1.001257
-0.016209
-0.526204
0.009529
-0.294342
-0.216237
-0.299078
-0.422568
-0.608499
-0.015549
0.023984
-0.443731
-0.073838
0.307745
-0.013836
-0.342728
-0.697526
-0.052166
-0.166808
0.208747
-0.064617
0.070243
0.406529
-0.794199
-0.025735
-0.320221
-0.035124
0.111573
-0.041121
-0.009562
-0.035189
-0.087016
0.135091
-0.007127
-0.686758
-0.204366
0.280548
0.205581
-0.138714
-0.192696
-0.092597
-0.342148
-0.673691
-0.295987
-0.243316
-0.109490
-0.800584
-0.032305
-0.282044
-0.591172
-0.602305
-0.836576
-0.223170
-0.419105
0.046946
-0.023624
0.105208
-0.255046
-0.189899
-0.158172
0.131373
-0.226741
-0.742399
-0.683441
-0.271052
0.128233
0.199343
-0.926308
-0.120919
-0.350059
-0.443517
-0.334027
0.208312
0.180666
0.169645
-0.244596
-0.112669
-0.514607
-0.547221
0.392431
-0.363732
-0.505259
0.132096
-0.474761
-0.769826
-0.100776
-0.030278
-0.423078
-0.214526
0.144266
-0.471236
0.040591
-0.009519
-0.084210
0.009286
0.175343
0.061378
0.055247
-0.310178
0.341684
-0.128786
-0.048660
0.034879
-0.111918
-0.063005
0.085437
-0.701113
0.013952
-1.404377
-0.494701
-0.727241
-0.265836
0.107686
-0.267741
0.120308
-0.201291
0.120134
-0.620756
-0.261679
-0.374330
-0.513313
0.097668
-0.703063
0.008168
-0.425305
-0.107410
-0.699592
-0.579109
-0.287766
-0.570568
0.039523
-0.527383
-0.041551
-0.018020
-0.378388
0.032523
0.092075
-0.136136
0.162623
-0.499225
-0.151106
-0.631018
