2.239234
1.650527
1.814845
0.690996
0.852430
0.537133
2.011289
0.025036
0.196917
1.710392
2.487903
2.324392
0.875414
1.752578
2.012442
1.693746
2.227719
2.389000
1.043296
2.473549
0.023815
0.784318
0.680246
0.249422
2.271830
0.739079
0.645935
1.904485
1.582204
2.135676
1.639199
2.264411
0.079560
0.741755
1.804382
1.873085
1.624808
0.882566
2.487848
0.773896
0.065312
0.538561
2.013528
2.192921
1.638228
1.830319
1.926627
1.540397
2.098790
1.800749
1.923755
1.151930
2.290314
2.535825
2.310372
2.250575
2.148665
2.080514
0.767413
0.709517
2.037290
2.232910
2.172719
2.398876
0.345307
2.334737
1.835525
1.814000
1.713130
1.904275
0.926407
1.919731
1.856508
0.733132
2.109790
1.783800
1.471734
0.788039
2.221932
0.106113
1.749242
2.128064
0.284806
0.165751
2.584804
1.907879
2.500198
0.732814
0.831660
2.013876
1.582914
1.165688
1.375991
1.835785
2.565130
2.375151
2.324379
0.590211
2.064875
1.846025
1.471869
1.572719
1.818054
1.607004
1.366379
0.833806
2.212792
2.244345
0.597891
1.883226
1.766031
1.196355
2.006283
0.550193
1.854178
1.623249
2.609177
0.835643
1.579678
2.335299
1.887799
1.917955
0.803007
1.730633
2.625271
0.657259
0.272456
0.310367
2.033131
1.967831
1.808204
1.896073
0.354676
0.032641
2.225120
1.274008
1.766021
2.073743
0.707957
0.196917
1.794231
2.349767
1.239866
2.842918
1.697030
1.555395
2.515611
2.517420
0.196403
0.191498
1.355671
0.262843
2.188085
2.048495
0.454812
0.991105
2.049001
2.529225
1.969195
2.122986
1.544081
0.926151
2.114890
2.478302
2.022820
1.638496
0.149232
2.035013
2.236593
0.641997
0.298859
0.576408
2.519785
0.301453
0.365192
0.153811
0.193296
2.159431
0.423116
0.129077
1.307219
1.902263
2.373106
1.644557
0.506661
2.201455
2.340073
2.248410
2.118889
1.929527
1.573890
2.548371
1.041803
1.632837
2.115121
2.064883
1.323900
2.186548
1.830057
0.754503
-0.681100
-0.995983
-0.961204
-0.424802
-0.976971
-0.960362
-1.113816
-1.231261
-1.642034
-0.906290
-1.281035
-1.080870
-0.808813
-0.777330
-1.369902
-1.094660
-1.076821
-1.343417
-1.678648
-1.244748
-0.964850
-1.044772
-1.340217
-1.078855
-1.164569
-1.379403
-1.448257
-1.274082
-1.225046
-0.924634
-1.299415
-0.714679
-0.629123
-0.866130
-0.357214
-1.566841
-0.662231
-0.907930
-1.573185
-1.574620
-0.962229
-0.823635
-1.389268
-0.821920
-0.822915
-0.460729
-1.141796
-0.918433
-0.975444
-1.481098
-0.817261
-0.501613
-1.136852
-1.220717
-0.921773
-1.076876
-1.357276
-1.243049
-0.797953
-1.310890
-1.170942
-1.211493
-0.534769
-1.111100
-1.214932
0.524275
-1.100699
-0.819665
-1.531580
-0.769877
-1.457753
-1.228927
-0.961390
-1.161686
-1.404629
-1.369036
-1.221909
-1.273493
-1.408839
-1.424660
-1.285123
-1.392441
-0.768711
-1.147008
-1.065603
-1.777399
-1.846462
-1.341960
-0.852036
-1.193400
-1.216585
-1.189474
-1.113076
-0.777997
-0.907720
-0.671290
-0.721813
-0.490640
-1.195582
-1.020770
-1.450673
-1.303031
-1.363909
-1.014854
-1.714959
-1.355478
-1.128973
-1.296266
-0.754362
-1.433748
-1.166312
-1.186517
-1.429735
-1.529276
-0.946732
-1.517945
-1.324346
-1.240561
-1.039730
-1.163389
-0.779366
-0.850791
-1.186856
-1.252266
-1.482727
-0.966300
-1.335612
-1.140655
-0.886820
-1.096610
-0.871943
-1.213396
-1.482195
-1.063549
-0.980062
-1.307420
-1.079349
-0.775166
-0.656482
-0.758814
-1.392366
-0.936721
-1.381390
-1.595114
-1.347565
-1.423921
-1.402008
-1.528376
-0.989347
-1.426797
-1.297514
-1.253966
-1.544590
-0.578646
-1.170116
-1.164066
-0.847492
-1.004710
-0.679203
-1.052944
-0.641026
-0.432352
-1.130201
-1.261459
-1.094423
-0.866892
-1.223457
-1.379816
-0.817710
-1.336649
-1.276217
-1.283906
-1.046574
-0.930273
-1.320962
-0.856370
-1.124789
-1.161352
-1.303230
-1.424686
-1.087310
-0.820498
-1.291153
-0.793779
-1.239377
-1.277430
-1.443891
-1.221202
-1.506535
-1.485141
-0.878916
-1.211075
-1.531461
-0.756100
-1.469953
-1.339714
-0.506095
-0.955141
-1.677340
-0.599052
2.298691
2.579820
1.950175
2.726428
2.723828
2.304567
2.299990
1.998176
0.160901
2.556206
0.470943
-0.249888
0.320030
0.107548
3.134027
0.519368
0.262390
1.780657
2.173536
2.684337
2.310427
2.830565
-0.275596
2.708381
1.728099
2.483150
-0.513997
2.023175
1.622593
0.628046
0.023692
0.068028
2.174883
-0.371487
0.581275
2.514805
2.415548
1.486824
2.672472
1.828555
-0.492273
2.385762
1.983211
1.991773
2.247904
2.134356
2.200983
2.274365
2.686446
2.302910
2.459071
2.818348
-0.368391
0.063742
-0.079901
2.501946
0.131465
2.521879
2.293087
1.775655
1.932757
2.329134
2.149481
-0.473594
2.523290
2.462429
0.968242
2.095113
0.056329
2.218375
2.158056
-0.158016
0.039894
2.719088
0.152270
0.126594
1.743558
-0.062240
2.409803
2.194466
2.084725
2.367407
2.126904
2.496236
2.571084
2.011235
2.138030
2.188086
2.379216
0.105496
2.457625
2.642774
2.101427
2.166968
2.333209
2.418910
0.163187
2.569016
2.246905
1.880907
-0.072760
0.076138
2.332453
0.195415
2.354782
-0.039061
2.141258
1.703445
2.182757
2.542961
1.888456
1.998794
2.204405
-0.058134
2.534024
2.280115
1.924281
2.472748
2.011211
2.610233
2.458801
2.262928
2.527351
0.749011
2.123940
2.159469
2.382596
0.471008
3.007374
2.330645
1.846232
1.601645
2.214860
2.315168
0.086641
0.214041
2.578263
2.111094
0.270413
0.181062
2.537162
2.245468
2.171631
2.259422
2.876403
2.098842
0.207073
2.279783
2.123164
2.082287
-0.202099
0.402066
2.230819
-0.399473
2.255987
0.520804
2.120064
2.864798
1.884537
2.069728
-0.252475
2.069283
2.157296
2.238856
0.161641
2.364792
2.482063
0.454908
1.993931
2.396885
0.208721
2.014365
2.072664
0.469873
2.634724
2.154082
0.354206
0.272763
1.874040
0.735549
2.104710
0.084599
0.308855
2.865763
2.095373
1.940519
2.141721
2.232601
2.521916
2.115794
2.431902
0.233044
-0.245411
2.951933
2.558938
0.429604
3.013688
2.363456
2.864641
2.426620
0.871333
-0.021799
-0.338963
0.223202
-0.243344
0.306162
0.425361
-0.520144
-0.274371
0.068390
-0.249505
0.808236
-0.330541
0.091806
0.201274
0.020505
-0.084360
-0.261894
0.790083
-0.095639
-0.521273
0.032652
-0.385548
0.250271
-0.279170
-0.199293
0.250893
0.281926
0.195035
0.136461
0.057483
0.936946
0.063601
-0.155745
0.088416
-0.303004
-0.700966
-0.150998
0.417713
-0.019702
-0.956672
-0.104776
0.128023
0.275713
0.694990
0.430017
0.567106
-0.206398
-0.071184
-0.129964
-0.701685
0.348131
0.288715
0.348547
-0.106471
0.309813
0.221125
0.447745
0.022466
-0.312392
0.865892
-0.345453
-0.249811
0.268795
0.237193
-0.041065
-0.036517
0.029918
-0.339725
-0.789705
0.066028
-0.759099
0.599261
0.101870
0.021535
-0.197266
0.132961
-0.114433
-0.054231
0.240161
-0.343739
0.706048
-0.198567
0.209371
0.048329
-1.132348
-0.330686
-0.174325
0.347663
-0.139240
-0.517311
0.554278
0.202029
-0.378121
0.681005
-0.265625
-0.464430
-0.458271
0.272826
-0.202686
1.061760
-0.488871
0.019855
-0.227661
-0.141239
0.438517
-0.220778
-0.469965
0.456170
0.187013
0.210116
0.272578
-0.280842
1.113232
-0.074015
0.221766
-0.288857
-0.297104
0.761187
-0.347481
0.093254
0.641925
0.333871
-0.196014
-0.178765
0.872101
-0.400499
0.394688
0.175475
0.754148
-0.365929
0.019968
-0.140033
-0.021204
0.265499
0.082618
-0.027033
-0.432652
-0.623646
-0.145279
0.700607
0.206924
0.066916
-0.086107
-0.230141
0.485469
-0.492429
0.317095
-0.067162
-0.414675
0.068440
-0.201096
-0.571947
0.030957
0.369736
-0.633553
-0.133080
-0.339091
-0.328238
-0.252742
-0.616254
0.152473
-0.417561
0.719322
0.766258
-0.186827
-0.135815
0.025174
-0.290063
0.050453
-0.329002
-0.030102
0.511926
0.208952
0.588485
0.085800
0.212174
-0.112230
-0.167305
-0.062656
-0.177243
0.132202
0.488955
-0.297829
0.293045
0.302380
0.597009
-0.153613
-0.243162
-0.369136
-0.483612
-0.190658
0.884774
0.498737
0.842246
-0.032741
-0.285847
0.286850
-0.744341
0.331026
