0.938949
0.811620
0.951470
0.309963
1.363419
-0.127117
1.112928
0.763149
-0.051749
1.436497
1.743023
1.181082
1.214965
0.801433
1.191939
1.041783
0.833587
1.111289
-0.417805
1.921155
0.854315
1.353700
0.716121
0.780245
0.854571
1.015277
0.978950
1.242199
1.286853
1.361897
0.948401
0.998566
-0.188450
1.104462
1.445997
1.335963
0.862776
1.474170
1.494511
0.898533
0.909074
1.290539
1.815309
1.544363
0.873888
1.690074
1.482920
0.848197
0.862180
1.856280
0.827510
1.472352
1.315747
0.714195
1.191268
1.894150
0.614140
1.278414
-0.105076
0.613101
1.462772
1.204089
1.852753
1.006522
-0.035313
1.162437
0.830864
0.340822
0.855527
0.948919
1.170725
1.845453
1.311862
-0.275511
1.005416
0.743791
0.955432
1.710230
1.499934
1.173050
0.632789
1.809586
-0.281859
1.273904
0.432224
1.060973
1.382538
0.684565
1.063307
0.956651
1.552166
0.785431
-0.018716
1.337767
1.596505
1.580950
1.403617
-0.317667
1.114494
0.925367
2.257552
0.851713
1.370303
1.225452
1.143931
1.330877
0.731450
0.794619
0.688611
1.738179
0.491850
0.925034
1.031838
1.166104
0.981424
0.534422
1.008763
0.970406
1.371679
0.673903
1.447480
1.254325
1.848005
0.861196
1.135258
0.944888
0.762269
0.893981
1.289390
1.126681
1.731312
1.423040
-0.157358
-0.154979
1.401188
1.489042
0.826697
0.878183
1.362996
0.753968
1.561808
0.915062
0.713491
1.213547
0.936415
1.231550
1.034477
1.187742
0.738710
-0.114998
-0.106668
1.453793
1.341445
1.111953
-0.306951
1.020825
1.869383
1.219623
0.801489
1.759977
1.836649
1.500108
1.308146
1.184854
1.183073
0.883341
-0.093448
1.026516
1.844244
0.775484
-0.108707
0.812717
1.362107
1.126300
-0.251134
1.160493
1.018735
0.933452
1.699050
1.361810
1.305343
0.799231
0.476400
0.875911
-0.272440
1.017294
1.880050
1.243622
1.181408
0.873295
1.134407
1.194976
-0.204312
1.652343
0.883052
0.416826
0.881775
1.275028
1.712962
0.890716
-2.548554
-2.898240
-1.430384
-1.263390
-2.288490
-2.128069
-1.655784
-2.669302
-2.301805
-2.387543
-1.105122
-1.939289
-2.192394
-2.887402
-1.529187
-1.375388
-2.971224
-2.102056
-2.280468
-2.897585
-2.827294
-1.180735
-2.442885
-1.324276
-1.879253
-0.951017
-2.295070
-0.948597
-2.030730
-1.094270
-1.184551
-1.468392
-2.302598
-1.904179
-1.925562
-2.543870
-2.312266
-2.631416
-1.651965
-2.541425
-2.708895
-1.745184
-2.436932
-1.807382
-1.450798
-1.534708
-2.875253
-2.562611
-2.387002
-1.500149
-1.274821
-2.052465
-2.799076
-2.570697
-1.925643
-2.599214
-2.264832
-2.498255
-1.376513
-1.361049
-2.405658
-1.995491
-1.652274
-2.550827
-2.515880
-2.081399
-2.099976
-2.605558
-1.887265
-2.357807
-1.980387
-2.615594
-2.464611
-2.270934
-2.784219
2.851322
-1.441511
-2.442387
-1.926248
-2.383538
-1.395396
-1.727848
-2.344097
-1.741810
-2.469283
-2.250883
-1.967351
-1.643277
-2.357445
-1.580503
-1.115650
-1.699623
-1.555998
-1.889427
-1.310951
-2.136887
-1.208942
-0.958918
-1.993196
-2.781215
-2.707794
-1.790080
-2.490227
-2.267990
3.137941
-2.395394
-1.836793
-2.376091
-2.378504
-1.893308
-2.821146
-2.129490
-2.231676
-1.751312
-2.240119
-1.328969
-2.571054
-2.123566
-1.370911
-2.481268
-2.530603
-2.554522
-1.615990
-1.629854
-2.263490
-1.326716
-2.048734
-2.053604
-1.957233
-2.096168
-2.625110
-2.131585
-2.435838
-2.420200
-2.394970
-1.399795
-2.330230
-2.822076
-1.929390
-2.176063
-2.435816
-1.623381
-1.591181
-1.148397
-2.532676
-2.461817
-2.484757
-2.242333
-2.092282
-2.043051
-2.622642
-1.574412
-2.104669
-2.470964
-2.679031
-2.176349
-2.929074
-1.873835
-1.998136
-2.405700
-1.901362
-2.825433
-1.471030
-2.483551
-2.254030
-2.271463
-2.598256
-1.525940
-2.202692
-2.428752
-2.466869
-2.143422
-2.772273
-2.485963
-2.350222
-2.042358
-2.311027
-1.419175
-2.006603
-2.379977
-1.356113
-1.868348
-2.069064
-2.406490
-0.948597
-2.668255
-2.524177
-2.844376
-2.307439
-3.030539
-1.948827
-2.343512
-1.970956
-2.703221
-1.947516
-2.713133
-2.015067
-2.501602
-2.220472
-1.981943
0.978323
0.604614
0.549434
0.652446
0.838721
0.411425
0.868569
1.056643
0.694804
0.951679
-0.118106
0.117203
0.289517
0.691393
0.638856
0.530824
0.858420
1.973089
0.659965
0.232106
0.316029
0.467089
0.428265
1.083196
0.013721
1.018125
0.029670
1.860948
0.153148
0.187188
-0.326260
1.085827
0.015269
0.530908
0.674465
0.502768
0.775224
-0.270996
0.855826
0.595693
0.615417
0.923606
0.454397
0.646254
0.598864
1.780051
0.892425
0.399018
0.596144
0.418886
0.508560
0.652330
0.618818
0.029088
0.579799
0.680803
0.855667
0.730069
0.026538
0.574931
0.505039
0.719816
0.826898
0.426713
0.539164
0.853289
0.381380
0.667398
0.061156
0.368460
0.410801
0.535813
0.381236
0.517637
1.231022
0.891263
0.784052
0.443309
0.923653
0.555327
2.106638
0.255530
1.716580
-0.093354
0.594628
0.149613
0.501310
0.408832
0.928339
0.530106
0.272233
0.800953
0.450757
0.385654
0.353630
0.594817
0.482043
0.695343
1.023273
1.858029
0.793386
0.814329
0.558442
0.403072
0.859686
0.033049
1.115007
0.815677
0.655514
0.444147
1.145931
0.672887
0.181397
1.148564
0.405801
0.525408
0.728437
0.674675
0.328287
0.614477
0.689493
1.144329
0.486240
0.492827
0.702267
1.753841
0.063102
-0.220064
0.037606
0.942147
0.268546
1.658705
-0.153805
0.284721
0.592129
0.695270
0.909011
0.220074
0.677535
0.684864
0.824020
0.959962
0.401033
0.355913
0.793664
1.067020
0.699836
1.906792
1.826760
0.654763
0.286976
0.673686
1.505359
-0.789196
1.025593
1.117664
0.332206
0.571057
0.255886
0.382404
-0.053671
1.746597
0.658592
0.650983
0.252093
1.887480
0.794692
-0.016988
0.216507
0.997533
0.849057
0.526288
0.858276
-0.101289
0.586684
0.610808
0.498942
0.676216
0.484009
0.400563
0.316911
1.135855
0.383640
0.839123
0.962913
0.489288
0.469489
0.680000
0.429834
0.633654
0.796879
1.171643
0.274273
0.557211
0.625707
0.479405
0.670655
0.772278
0.777472
0.582114
-0.204928
-0.307008
-0.286721
0.509497
-0.062186
-0.019413
-0.023219
-0.072736
-0.014881
0.017532
-0.122243
-0.169045
-0.159860
0.310030
0.470494
0.062805
0.337060
-0.083729
-0.633610
-0.325632
-0.022471
0.076012
-0.162801
-0.115316
0.238311
-0.106421
-0.202393
-0.124677
0.164755
-0.020600
-0.066435
-0.309254
-0.273241
-0.185705
0.332154
0.061876
0.373440
0.119704
0.727007
-0.073620
-0.068032
-0.021081
-0.084197
-0.097734
-0.439612
0.494630
-0.027867
0.017805
-0.336570
0.014551
-0.493665
-0.436614
-0.257987
-0.348266
-0.163784
0.155129
-0.457451
-0.144766
-0.661604
-0.184888
-0.317725
-0.082268
0.000593
0.200312
-0.429245
-0.265221
-0.383241
-0.028539
-0.063342
0.051683
-0.173277
-0.098770
0.444312
-0.290665
-0.247818
-0.130405
-0.175604
-0.224015
0.472782
-0.257006
-0.500421
0.020239
-0.213003
-0.922045
-0.457948
-0.031323
-0.115226
0.136085
0.129756
-0.706876
-0.086930
-0.527580
0.310912
-0.096012
-0.485051
0.211968
-0.071972
-0.179569
0.101946
-0.213757
-0.082631
0.081960
0.083934
-0.174940
0.473859
-0.118097
-0.200460
0.214188
0.026581
-0.051769
-0.012334
-0.308368
-0.201507
0.041826
0.097085
-0.068531
-0.090147
-0.080806
-0.135876
0.112570
0.070141
0.360971
0.501709
0.294360
-0.170065
0.142059
-0.468006
0.218448
-0.133798
0.017905
-0.049665
-0.052789
-0.084322
0.560379
0.207423
0.263949
-0.219972
-0.330169
-0.485108
-0.304975
0.700607
-0.409668
-0.179638
0.000936
0.027623
-0.552656
-0.062650
0.282134
-0.158974
-0.267932
0.236646
-0.149660
0.013049
-0.151906
-0.134971
-0.194653
-0.266137
-0.006491
0.293569
-0.263618
-0.333267
-0.247232
-0.180660
-0.213190
0.093023
-0.304691
0.100969
-0.503425
0.079095
-0.069487
-0.026751
-0.302699
0.200614
0.145191
-0.143118
-0.669333
-0.011105
-0.031828
-0.454133
0.104945
-0.189427
0.354491
-0.699467
0.012111
0.091644
-0.261006
-0.378760
0.301222
0.071469
-0.200134
-0.321883
0.005955
-0.453462
-0.284423
-0.374821
0.141907
-0.084301
-0.031080
-0.050778
0.479393
