1.223634
2.065681
1.542283
2.071378
1.476290
0.916544
1.493175
1.367294
1.248998
1.358943
1.772779
1.283148
1.654099
0.141911
1.847003
1.607613
1.531427
1.481095
2.121420
1.353542
1.057218
1.669211
1.032972
1.899216
1.378240
1.733283
1.721728
1.214055
1.661253
1.809319
1.600129
1.903908
1.831765
1.389384
1.800688
1.077672
1.964341
1.402100
1.630703
2.108739
1.947025
1.491489
1.485040
1.747448
1.284561
0.524545
1.754826
0.804673
1.284298
1.367475
1.642740
2.035642
1.911356
1.422548
1.144378
1.732278
1.814038
0.472391
0.664511
2.085400
2.056040
1.865606
1.729781
0.860087
1.216775
1.578567
1.852351
1.627847
1.842790
1.507470
1.801892
2.027023
1.766886
1.361366
1.774230
1.214516
1.105480
1.214693
1.763935
1.816439
1.316884
1.765654
1.745911
1.489109
0.857490
1.316509
1.682006
1.581220
1.540095
1.825328
1.027814
2.007374
1.435893
1.758324
2.226429
2.064884
1.876262
0.567163
2.171105
1.924822
0.686310
1.494424
0.716050
2.297205
2.077568
1.308586
1.376240
1.088923
2.042077
1.540077
1.489071
0.952554
1.245465
1.632095
1.432927
2.271890
1.762899
1.112108
1.220662
1.336159
1.293245
1.425335
1.511055
1.722851
1.828538
1.793708
1.958955
0.502386
0.733107
1.492750
1.667155
1.288137
1.552732
1.187316
1.744254
0.632597
1.599296
2.021724
1.555907
1.541141
1.627002
1.860654
2.047801
1.519341
0.620570
1.619767
1.476184
1.110740
0.795518
1.311314
1.674464
2.055946
1.819959
1.988494
1.120388
1.486327
1.783877
1.618886
1.091324
0.462831
0.571987
1.724072
1.557997
1.615255
1.434544
1.475265
1.774664
1.113669
0.479532
1.670865
1.786379
0.415001
1.167113
1.490857
1.723002
1.682651
1.647989
1.760023
1.659004
0.972684
2.040407
1.539161
1.099757
1.650464
1.018371
1.643951
1.223527
0.459660
1.910909
1.339587
1.755315
1.630550
1.572780
1.387799
0.935941
1.082112
1.769932
1.307563
1.601640
1.877900
-2.692228
-2.816506
-2.698952
3.136948
-2.535319
-2.834599
-2.781741
-2.983469
-1.695821
-2.894814
-2.891145
3.064594
-2.090390
2.862555
-2.459271
-2.449397
3.087431
-2.292291
-2.899193
-2.920242
-2.909337
-1.534966
-1.896724
-1.769648
-2.711129
2.859592
-2.328608
2.887727
-2.153275
3.007695
-2.732404
-2.564411
3.045791
-2.719580
3.004915
-2.501401
-2.779757
-2.157063
-2.919642
-3.013503
-2.815550
-2.411625
-2.169348
-2.783233
-2.774717
-2.959980
-2.964407
-2.364407
-2.989221
-3.094730
-2.895448
-2.720167
-2.992249
-2.894705
-3.001329
-2.574504
-3.127781
2.913292
-2.868887
-2.731614
2.855538
-2.011613
2.676382
-2.639608
-3.075769
-2.256959
-2.653306
-2.959501
-3.067040
3.073493
-3.016038
-3.009556
-2.463380
-2.919742
-2.920377
-2.446870
-2.918780
-2.534174
2.724569
-2.709170
-2.843893
-2.945911
-2.528184
-2.531947
-2.579317
-2.682104
-2.426615
-2.944600
-2.670167
-2.939519
-2.904614
-2.643248
-2.713064
-3.057590
-2.954317
-2.699421
2.957119
-2.161010
-2.427421
-2.838298
-2.449475
-3.125732
-2.782352
3.078606
-3.005569
-3.057849
-2.962855
-2.873085
-2.944455
-3.048452
-2.261758
-2.878253
-3.047017
-2.850740
-2.827280
3.106225
-2.841775
3.195197
3.039702
-2.830957
3.113669
-2.255549
-2.847186
-2.531014
-2.896536
-2.915159
-2.965156
-2.686079
-2.939778
-2.835630
-2.909294
-1.821802
3.061406
-3.124514
-2.868185
-2.525796
-2.296029
-2.977693
-1.668132
-2.848387
-2.488152
-2.775823
-2.822976
-2.848570
-2.236840
-2.861938
3.204895
-2.767385
-3.003887
-2.772409
-2.251135
-1.860810
-2.747767
-2.458266
-2.505881
-2.380599
-2.775780
-2.741219
-2.902034
-2.493404
-3.003360
2.578399
-2.747665
-2.903612
-2.475464
-2.082920
-2.462934
-2.966832
2.980537
-3.137390
-3.054087
-2.532129
-2.224521
-1.678826
-2.852554
-2.612556
-2.016182
-2.905657
-2.894399
-2.588499
-3.098931
-3.070094
-2.682337
-2.421002
-2.297618
-3.027476
-2.105863
3.085944
-2.966133
-2.445802
-2.586683
-2.582142
-2.341225
2.886512
-2.829935
-2.921316
-3.108139
-2.915405
-2.420970
-2.254503
-0.026976
-0.507886
-0.342984
-0.386964
-0.962737
-0.288030
-0.177844
-0.268458
-0.037618
-0.489557
-0.473555
-0.341630
-0.206866
-0.335157
-0.342337
-0.485698
-0.271408
-0.388035
-0.514350
-0.125043
-0.065616
-1.002711
-0.101450
0.012628
-0.564889
0.266643
0.014180
-0.167056
-0.369519
-0.128374
-0.734585
-0.190617
-0.792481
-1.049344
-0.919721
-0.051761
-0.151861
-0.285094
-0.253268
-0.353949
0.149657
0.309442
-0.188666
-0.233846
-0.087370
0.167327
-0.111968
-0.384279
-0.029345
-0.090871
-0.126760
-0.182105
-0.655668
0.044866
-0.211598
-0.278335
-0.450445
-0.116752
-0.137742
-0.377716
0.377469
0.165141
-0.175486
0.005866
-0.611208
0.212370
-0.644178
-0.311077
-0.165135
-0.381331
-0.155131
-0.365093
0.075251
-0.231609
-0.442634
0.171189
-0.854908
-0.327225
-0.508827
-0.145346
-0.068757
-0.393022
-0.947704
0.019532
0.107593
0.189839
-0.122192
-0.582914
-0.361126
-0.443796
0.369922
-0.341091
-0.361818
-0.152567
-0.507076
-0.218542
-0.319064
-0.091945
0.459859
-0.081765
-0.427095
0.266075
0.203903
-0.398533
-0.019471
-0.127751
-0.236010
-0.357852
-0.260763
-0.059723
-0.350547
-0.169238
-0.025545
-0.739700
-0.312985
-0.433290
-0.390392
-0.608662
-0.443134
-0.221229
-0.727620
0.448597
-0.300056
-0.462551
0.417849
-0.334660
-0.143879
-0.296856
-0.074390
0.102165
-0.259868
0.293287
0.412556
0.444095
0.201654
0.243076
0.126274
0.277377
0.029853
-0.119685
0.083182
-0.039329
-0.497916
0.056306
0.115471
0.235006
0.037715
-0.059763
0.112731
-0.036448
0.446461
-0.713995
0.164193
-0.418340
-0.230182
-0.361909
-0.570606
0.431077
0.119786
0.327138
-0.586903
0.129293
-0.531663
-0.207185
-0.511645
-0.919514
-0.399913
0.005740
-0.369602
-0.228515
-0.466206
0.197543
-0.355909
-0.132022
-0.138903
0.261344
0.468890
0.237663
-0.172750
-0.506619
-0.520222
-0.199733
-0.052720
-0.147365
-0.074784
0.032722
-0.182589
-0.246630
0.072835
0.225286
-0.640340
0.337773
-0.572581
-0.290150
-0.625340
-0.583694
0.051351
0.013031
-0.145520
0.365478
0.889404
0.870295
-0.470622
-0.535645
0.845204
-0.000548
-0.154111
0.152586
0.599820
0.791150
-0.418010
1.161998
0.050879
1.288543
0.757963
-0.326954
-0.393366
0.536250
-0.300118
0.525834
0.412458
0.947889
0.633623
1.012838
-0.336833
0.814690
0.828966
0.536812
0.895651
1.023079
-0.846963
0.876330
0.206325
1.581524
1.242211
0.487721
-0.121580
-0.649241
-0.657664
0.472616
0.498405
1.202233
-0.202247
0.778273
-0.297361
-0.010068
-0.368920
1.556036
-0.606430
-0.763930
-0.461108
0.946277
-0.356288
-0.447195
0.584611
0.939609
0.939458
1.703178
-0.348464
0.425151
-0.251607
0.663201
0.787301
0.878148
-0.220294
0.661765
-0.813841
0.672487
0.114306
0.594126
-0.355938
0.083607
0.218933
-0.171150
0.761915
0.351114
-0.660396
0.479483
0.645187
-0.159608
0.410221
-0.245403
0.575790
0.976451
0.905767
0.410506
0.639337
-0.129111
-0.838519
-0.737720
1.604587
0.106962
0.035306
-0.181552
0.872645
0.523407
0.535614
1.553569
0.936226
1.025178
0.165409
1.006765
0.721145
0.549662
1.366791
0.951800
0.102082
-0.123229
-0.803571
-0.567226
0.922854
0.768549
1.091610
0.616880
0.677880
-0.266712
0.565105
0.245711
0.557363
0.605634
-0.166526
0.928754
0.795962
1.238582
0.888541
-0.379144
-0.035854
-0.694085
1.505214
0.834921
1.079669
1.106318
0.853102
-0.417982
0.411060
-0.110337
0.908379
-0.694702
0.919440
0.549151
0.004077
-0.765381
1.009417
0.870838
0.572765
0.654704
0.972820
-0.301402
1.070390
0.472665
0.464487
0.607912
0.736718
1.464046
0.683087
0.447692
-0.887646
0.379574
0.540522
0.613234
0.596384
1.055460
0.401125
0.854404
1.190935
0.961234
-0.640256
0.791047
0.695905
0.050385
0.289507
-1.032126
0.670047
-0.268866
-0.145647
0.791676
0.913948
0.771190
0.575360
0.483226
0.170365
1.264539
-0.494020
0.453182
1.692638
1.140763
0.810608
0.867550
0.450905
0.879640
0.722160
0.199686
-0.377054
0.879607
-0.046812
0.347328
0.772760
0.282210
-0.423953
-0.424176
