1.245167
1.607532
1.625349
1.139179
1.541740
1.374693
1.243416
0.798041
1.052649
1.686193
1.913297
1.348598
1.572064
0.206437
1.257955
1.576866
1.073278
0.283400
1.539883
1.871577
1.646267
1.669211
1.568696
1.404130
1.672203
1.477162
1.675330
1.541305
1.554045
1.217195
0.415718
1.053060
1.504516
1.847533
1.735238
1.952073
1.591679
1.729349
1.827053
1.546371
1.202374
1.234458
1.681389
1.812898
1.480910
0.834680
1.689376
0.379143
0.908206
1.013777
1.524889
1.315694
1.453207
1.357098
1.208141
1.669375
0.950544
0.882937
1.103909
1.644829
0.987749
1.491407
1.873580
1.035048
1.674924
1.251317
0.120371
1.296666
1.586918
1.367499
1.343743
1.837433
1.439637
1.819515
1.708780
0.887267
1.563629
1.214693
1.567585
1.108932
1.644133
1.472920
1.127273
1.190603
1.144692
1.640267
1.733178
1.253971
1.081946
1.367179
1.093264
1.029929
2.493653
1.737976
1.565430
1.267627
0.778725
0.928977
0.779008
1.597572
0.842194
1.427919
1.078819
1.969956
1.226720
1.884137
1.360890
1.616908
1.680611
1.081928
1.423621
1.541602
1.214813
1.310473
1.220315
0.631897
1.507349
1.701156
1.601686
1.794308
1.227795
1.359886
1.707405
0.990271
1.121964
1.728258
0.565374
0.258057
1.136967
1.034601
1.904121
1.220399
1.225482
1.252766
1.024306
0.863151
1.402946
1.563575
1.228658
0.873174
1.549486
1.637278
1.525969
1.061193
0.322221
1.797399
1.477857
1.756536
0.612675
1.963872
1.421058
0.902961
1.570105
1.399445
1.447637
1.682677
0.887034
0.916494
1.657564
0.860985
0.896739
1.565350
1.505770
1.384195
1.630230
0.989069
1.596534
1.414619
0.817520
1.343616
1.817671
0.683498
1.967004
1.125772
2.045342
1.551257
1.458477
0.909734
0.808156
1.289085
2.105857
0.479034
2.212404
0.787162
1.607419
0.458579
1.156487
0.803018
1.214692
2.059535
1.166267
0.910601
1.299277
0.929650
0.668459
0.623963
1.442682
1.916470
1.909924
1.700431
-2.888578
2.877631
-2.950538
-2.479663
-1.889720
-2.428364
-2.639788
-2.808458
-1.699260
-2.706173
-2.883992
-3.022241
-2.393356
2.900277
-2.753102
-3.017302
3.132388
-2.750440
-2.833743
-3.038564
-2.493314
-1.731316
2.985211
-1.640078
2.983008
-2.260706
-2.263158
2.458672
-2.593427
-3.049767
-2.861837
-2.919939
-2.324658
-2.261431
-2.671611
2.956399
-2.583408
-2.265419
-2.941860
-2.555354
-2.881000
-2.859330
-2.847450
-2.717783
-3.010215
-2.612481
-2.755824
-2.691656
-2.686881
-2.298033
-2.965475
3.119962
-2.534100
-2.567456
-3.088504
3.112462
-2.708818
-2.911745
-3.065237
-2.961023
-1.994480
2.965283
3.003631
-2.835957
-3.165135
2.852316
-2.980555
-2.792961
-2.949534
3.101036
3.201697
2.946380
2.984643
-3.048836
-2.710244
-2.509665
-2.905998
-2.730524
-2.576868
3.139610
-2.072410
-2.712553
2.313408
3.013958
-2.528616
-2.960997
-2.778245
-2.660227
-2.979069
-2.783171
-3.030754
-3.101397
-2.516715
-2.861240
-2.017070
3.074091
-2.930226
-2.182861
-2.754671
-2.658481
-2.514925
-3.060282
-2.039929
-2.877330
-2.850806
-2.920314
-3.071924
-3.101742
3.098029
3.054079
-2.719907
-2.573813
2.908920
-2.785290
-2.761831
-2.983980
-3.011331
-2.972800
-3.047133
-2.780495
2.969589
-2.451899
-2.912636
-2.923958
-2.841578
-2.087300
-2.823949
-2.751529
3.004303
-2.770180
-3.105644
-2.541751
-2.894530
-2.899196
-2.933635
-2.853046
-2.934566
3.185116
-1.668132
-2.521138
-2.703184
-2.972172
-3.055586
-2.836291
3.195497
2.439500
-2.590540
-3.094634
3.202097
-2.576060
-2.924715
-1.679235
-2.760157
-2.963997
-2.484516
-3.134868
-2.936221
2.978996
2.855411
-2.166154
2.821676
3.167447
-2.519938
-2.929251
-2.542319
-3.064668
-2.790183
-3.112603
3.008588
-2.679241
-2.645627
-2.990278
2.946017
-1.658872
-2.918004
-2.864791
-3.146936
-2.796522
-2.572989
-2.789085
-2.798388
-2.614273
-2.747787
-2.717998
-2.796446
2.857069
-2.433112
3.129622
-2.769783
-3.034850
2.878474
-2.944074
-3.128092
-2.703263
-3.110424
-2.953856
2.948209
-2.353121
-2.857408
-2.144890
0.038474
0.081163
-0.015735
0.202085
-0.151944
-0.615280
-0.109158
0.189691
-0.495767
-0.515489
-0.146306
-0.127946
-0.141416
-0.661164
-0.276887
0.215425
-0.151761
0.201013
-0.972499
0.071307
-0.131066
-0.282762
-0.559599
0.078078
-0.342065
0.070293
-0.182170
-0.494305
-0.173170
-0.324724
0.012527
-0.386966
-0.997151
-0.722095
-0.330673
0.013689
0.389315
-0.219644
-0.211726
0.104200
-0.832090
-0.218720
0.187372
-0.544110
-0.268227
-0.286754
0.383486
-0.318830
-0.071151
-0.380517
-0.307094
-0.116655
-0.492346
-0.020584
-0.407948
-0.537506
-0.742772
-0.493701
-0.464991
0.407596
0.312019
0.099691
0.151763
-0.651180
-0.250270
0.016020
-0.447829
-0.245627
-0.230585
0.207717
0.041218
0.093056
-0.513798
-0.297324
0.019524
-0.810559
-0.134960
0.234708
0.080222
-0.079896
0.520291
-0.434934
0.164943
-0.307717
0.434842
-0.268310
-0.260000
-0.375718
-0.555610
-0.252185
-0.285598
-0.265568
-0.165469
-0.218017
-0.834325
-0.283992
-0.108524
-0.532379
-0.390989
-0.595971
-0.492545
-0.393772
-0.296850
-0.463983
-0.346720
-0.062301
-0.039660
-0.463787
-0.195313
-0.049040
-0.154198
0.336570
0.039905
-0.019752
-0.123676
-0.004715
-0.324942
-0.251722
0.356354
-0.220400
-0.025319
0.383147
-0.758205
-0.746922
-0.273963
-0.576949
-0.793961
-0.493205
-0.008940
-0.243671
0.460080
0.227837
-0.176492
-0.275853
0.524117
0.046727
-0.086015
-0.573471
0.357103
0.076665
-0.161583
0.287921
-0.170667
-0.130651
-0.639771
0.169557
-0.420434
-0.672680
0.286025
-0.153442
-0.927985
-0.648545
-0.032156
-0.091091
0.392777
-0.296460
-0.112457
0.365628
-0.338363
-0.000111
0.002146
-0.644973
0.057385
-0.141736
0.338407
0.319291
-0.168912
-0.059709
0.186367
-0.316598
-0.400757
-0.391505
0.102240
-0.066572
0.345096
-0.121273
-0.905557
0.172213
-0.313831
0.475129
-0.062073
-0.134283
0.143629
0.270875
-0.140234
-0.294527
0.537359
-0.600058
-0.254414
-0.397858
0.079608
0.534122
0.013810
-0.041750
-0.167191
0.332020
-0.107384
-0.706917
-0.211703
0.169128
0.562155
1.005747
-0.143373
0.446103
0.630176
-0.327797
-0.294629
0.798360
0.776139
0.856599
-0.418010
0.736821
-0.213725
1.484892
0.578109
-0.523303
-0.054294
0.935231
-0.146595
0.650058
0.739707
0.792593
0.566183
0.554689
-0.404434
1.236492
0.836430
1.070676
0.824025
0.669946
-0.127014
0.660843
1.565602
0.915248
1.438561
0.441303
-0.187030
0.389159
-0.767087
0.814419
1.419391
0.887151
-0.214913
1.236422
-0.127958
0.364680
-0.696170
0.965028
0.044563
-0.423874
0.052965
0.984444
-0.156233
-0.147852
1.503461
1.038238
0.862126
0.981682
-0.598529
0.752400
-0.186157
1.520584
1.355427
1.027070
-0.094550
0.845249
-0.451039
0.716196
0.696241
0.784608
-0.102955
1.327154
0.677082
-0.367499
1.220064
0.799617
0.714051
0.529763
0.841536
-0.486857
0.676427
0.081846
0.750374
0.869932
0.756517
0.462841
0.807774
-0.194561
-0.252891
0.431271
0.785039
-0.574519
-0.161044
-0.116102
1.157569
0.306168
0.463521
0.899070
1.320007
0.663077
0.230858
0.810416
0.655695
1.379020
1.059795
1.208286
0.984832
0.234118
-0.613434
0.663706
0.894451
0.572199
0.895261
0.551430
0.474462
-0.074560
1.285053
1.053229
0.626728
0.213571
-0.493776
1.145880
0.833598
1.644722
1.315430
0.209904
0.555937
0.021702
0.672997
0.695089
1.668717
1.092646
0.395257
-0.417933
0.714483
0.478711
0.765372
-0.138707
1.190154
1.269099
0.044910
-0.307232
0.813068
1.067188
0.142904
1.615537
0.989564
-0.497751
0.552214
0.365823
0.604450
0.489113
1.325767
0.905841
1.024048
0.419916
-0.420865
0.505683
1.113819
0.573328
0.318021
0.563313
0.460829
0.840470
1.256385
0.764884
-0.182107
1.044378
1.154054
-0.662231
0.616756
-0.050378
0.804982
-0.024197
-0.003225
1.281082
0.940557
0.836640
1.108833
0.417777
-0.549583
1.329989
-0.399086
0.395285
0.841790
0.813514
0.876058
0.721277
0.151151
1.025506
0.696051
-0.694619
-0.675130
0.683257
1.165059
0.701157
2.067313
0.347660
-0.278238
-0.551664
