0.857240
2.049177
1.161772
1.320671
1.405575
0.511899
1.825984
2.270118
2.360464
0.703307
1.581850
1.148035
1.087032
2.469062
2.024077
2.399296
1.406570
2.298471
1.053394
0.999753
1.292461
1.287305
2.238799
2.366743
1.285419
1.403628
1.761350
1.189882
1.286853
1.224381
1.986215
1.305281
1.233769
1.362717
1.570105
2.046460
2.388338
1.128524
0.921831
2.624747
2.154057
1.418074
1.339805
1.235431
2.111962
1.388440
1.993502
2.524467
2.249349
1.866137
2.377158
1.007391
1.881486
1.423051
0.833168
1.880291
0.860074
1.269993
1.522848
1.273470
2.465712
2.358969
0.968507
1.493747
0.814392
1.658692
2.640928
1.695868
2.237020
2.537578
2.481990
1.841321
1.973331
1.508415
1.912717
2.062931
0.801287
1.288723
1.559342
2.248180
2.388247
0.955532
0.755949
1.587565
0.450838
2.498305
1.018112
1.799395
1.322869
1.210546
1.170806
2.024780
0.894143
1.157088
2.649975
1.175902
0.931000
1.147390
2.333574
2.173904
2.086644
0.781844
1.083119
2.507092
1.513341
1.457326
1.496833
1.556161
2.373650
0.992740
1.954490
1.701232
2.167938
2.130898
2.051686
1.937802
0.922876
1.003673
1.388290
2.510578
1.018488
1.260755
0.609754
2.310313
1.858993
1.065217
2.007250
2.240244
2.559468
1.308011
1.104977
2.395490
1.066402
0.936832
1.245483
1.592847
1.938320
1.221152
2.405357
2.044181
1.409573
2.139409
2.027849
1.838357
2.191395
1.711970
1.390726
1.316777
2.020157
1.283060
1.379475
1.488892
1.267878
2.726151
1.309242
0.815343
1.839126
1.131990
2.466207
1.411092
1.492677
2.390404
1.656843
1.385489
1.100702
1.821775
1.551194
1.416828
1.464174
1.378670
1.057826
2.067446
1.412286
1.302889
1.435325
2.384830
1.036694
2.390201
0.829344
1.065891
0.845152
2.091833
1.067455
2.251737
1.484712
0.866339
1.500558
1.845620
1.346751
1.659833
1.933659
1.570320
1.017618
2.034449
1.990734
1.078330
0.688060
2.404934
1.301699
2.174170
2.705507
-2.847253
-2.992062
2.710263
2.970488
-2.560692
3.034343
-2.926483
2.942530
2.873204
2.585262
-3.068134
2.656321
-3.034368
2.851071
3.022424
-2.823087
2.717841
-2.816635
3.139286
-3.086201
3.107927
3.013235
2.953464
2.964592
2.637091
-3.171905
2.892128
2.433754
-2.624616
2.424200
2.492995
-3.112416
-3.043766
3.147620
-2.747819
2.875066
-1.818691
3.057223
3.041342
2.930541
-3.137555
-2.878652
3.023627
3.007261
2.522550
-2.627263
-2.526961
-3.015684
2.654510
2.575217
-2.699107
-2.304853
-2.237761
-2.925212
-2.525388
3.128207
-2.854985
2.988527
-2.842088
-2.806557
2.845456
2.637070
-2.963546
-2.497137
-2.614869
-2.834010
-2.681595
2.891444
-2.840331
3.194938
-2.194006
-2.804498
-2.626478
-2.178048
-2.274079
2.821273
2.951355
2.896774
-2.672914
2.570926
2.807248
2.983706
2.807822
-3.182550
-2.642822
-3.080751
2.814303
-2.855472
2.648663
2.632075
2.343896
3.138883
2.680694
2.669797
2.889752
-3.127059
2.720417
3.102006
-1.722012
3.030804
-2.873919
-3.110196
-2.531312
-2.521753
2.623107
-3.187631
-2.831536
2.703759
-2.707724
2.550514
-2.977622
-2.849343
3.015569
-3.027016
2.650950
-2.784922
-2.495306
3.151070
3.130603
3.074245
-2.987476
2.925980
2.824236
3.116890
2.343561
2.868953
-2.974401
2.770192
-2.440293
-2.452894
3.016287
-3.179090
-3.106486
-3.086151
2.752068
2.941103
-2.716845
2.759639
-3.200944
-2.774362
2.968763
2.724238
2.621656
3.120503
-2.910079
-2.572301
-2.589134
-2.956802
2.963412
2.692580
2.871842
3.047479
-2.842290
-2.560336
-2.436310
3.137976
2.920465
2.671317
-2.267854
2.717137
-2.694705
2.392926
-2.731938
-2.739471
-3.092051
-2.930490
-3.011770
2.965893
2.878785
-2.849644
2.928506
-3.018858
2.960443
2.570218
3.136597
-3.003725
2.937142
-2.835694
-2.476676
2.802441
2.725703
-3.127870
-2.966963
2.754535
-2.418088
-2.682000
-2.308535
2.916878
-2.310404
2.994330
-2.883370
-2.401848
-2.916335
-2.719538
-2.889001
2.582924
-2.864459
-2.646842
-3.011257
-0.017105
-0.583414
0.237210
-0.417744
0.293759
-0.073628
-0.242594
-0.054609
0.309978
-0.350076
0.027325
-0.255456
-0.002795
0.073614
-0.448946
-0.769201
1.151937
-0.841169
0.266203
-0.171960
-0.322013
-0.057875
-0.320957
0.033049
0.367633
0.998336
-0.233045
-0.403860
0.039281
-0.239343
-0.878394
0.560968
0.363656
0.225555
0.346786
0.385237
-0.010582
0.110938
-0.296694
0.294639
0.565241
-0.328035
-0.538196
-0.308414
-0.351948
-0.049442
-0.387173
-1.201427
0.413157
0.508966
-0.090251
0.479269
0.453851
0.339494
-0.636347
0.092204
-0.341634
-0.605280
-0.410648
0.238395
0.347846
-0.245535
0.090910
0.233820
0.493143
-0.937183
0.563995
-0.255130
-0.125799
-0.359979
0.607028
0.061135
-0.647416
0.725667
0.628633
-0.192458
-0.180966
0.226265
0.439063
-0.432837
-0.452956
0.671006
0.179791
0.338992
0.501877
0.181918
-0.349869
0.539845
-0.126200
0.222391
0.930448
-0.364771
0.823615
0.054176
0.385916
-0.483825
-0.677674
-0.495534
0.012246
-0.309799
0.034293
-0.292684
-0.147042
0.665786
0.445733
-0.163610
-0.185020
-0.515443
0.006053
-0.473194
-0.172897
0.268628
-0.321315
0.167286
-0.466377
0.184864
-0.530018
-0.519096
0.684780
0.110417
-0.852450
0.294576
-0.213589
-0.181813
-0.287598
-0.438811
-0.231479
-0.120283
0.643610
-0.252837
0.169589
-0.160113
-0.412613
0.195073
0.301400
-0.435584
-0.026932
-0.285509
-0.668741
-0.442203
-0.192978
-0.509013
0.747193
0.263741
0.476998
0.015403
-0.054555
-0.144065
0.228044
-0.636844
-0.161488
-0.183029
0.133116
0.450518
0.545909
-0.042855
0.496002
0.647193
-0.399468
0.282259
0.064347
-0.481004
0.118672
0.799063
0.202831
-0.468378
-0.113004
-0.484395
0.810331
-0.192028
0.516144
0.023585
-0.129597
0.271953
0.340504
-0.410570
0.401648
0.924961
-0.174042
-0.429230
-0.066019
0.041650
-0.120960
-0.311999
-0.131520
0.248125
0.105542
-0.276907
0.067701
0.907584
0.898603
0.560229
-0.281097
0.177391
-0.109837
0.398735
0.524887
0.058571
-0.272484
-0.386513
0.183256
-0.135716
0.012969
-0.113835
-0.913386
-0.712098
-0.268298
-0.890249
-0.855325
-0.168207
-1.363741
-1.646908
-1.078189
-1.240299
0.140005
-0.259983
-0.166408
0.071369
0.389418
-0.247910
-1.247723
-0.006945
-1.014433
-0.397036
-0.462733
-0.720387
-0.007793
-0.498312
-0.039998
0.222151
-0.021831
-1.816283
-0.859240
-0.856798
-0.214903
-0.889361
-0.393160
0.037099
-0.755116
0.223323
-0.864557
-0.629324
-0.571960
-0.673829
0.455487
-0.389150
-0.243454
-0.182387
-0.357260
0.192549
-0.669468
0.113118
0.022595
-0.516496
-0.601777
-0.088553
-1.448309
-0.727141
-0.576001
-1.334070
-0.563038
-0.662226
-0.710981
0.031012
-0.553334
-0.570301
-0.211825
-0.117713
-1.223154
-0.846213
0.156381
-0.584133
0.332338
-0.067709
-0.728348
-0.666437
-0.354465
-1.004786
0.028487
-0.294081
-0.989923
-0.088795
-1.459678
-0.041912
-1.608788
-1.321951
-1.569722
-0.143564
-0.657433
-0.046302
-0.564197
0.157085
0.089847
-0.702521
-0.066968
-1.329726
-1.450393
-0.541795
-0.014961
-1.251853
-0.042320
-0.200446
-0.593467
-0.271757
-0.314873
-0.422006
-0.574949
0.086070
0.038867
-0.200610
0.013351
-1.798608
-0.926954
-1.377359
-0.643479
-0.027081
-1.346803
-0.577662
0.578278
-1.158573
-0.080285
-0.623373
0.048783
-0.815554
-0.693925
0.069037
-0.710204
0.101535
-0.151402
0.239693
-0.745574
-0.655643
-0.616887
-1.036352
-0.822577
-0.943081
-0.240191
-0.416402
-0.898255
-0.601540
0.051985
-0.119106
0.126834
-0.642431
-1.132467
0.066612
-0.908618
0.179193
0.375574
-0.569064
-0.685961
-1.399092
-0.894277
-0.642910
-1.152451
-0.926124
-0.468070
-1.056701
-0.931911
-1.015328
-1.826929
-0.800220
-1.331687
-1.505943
0.272189
-0.899004
-0.213147
0.078905
0.134614
-0.116551
-0.944565
-0.311401
-1.016241
-0.183241
-0.092688
0.138777
-0.110272
-0.016040
-0.526487
-1.009478
-0.214354
-0.035832
-0.581656
-0.808026
-0.223426
0.134725
0.334933
-0.532119
-0.907017
0.127115
-1.414113
0.152408
-0.379154
-1.607492
-0.800770
-0.770567
-0.591817
-0.372918
0.258813
-0.468737
