1.069848
0.306458
1.213269
-0.127770
0.708920
0.007269
0.748922
0.947296
-0.137757
1.786875
1.421921
1.442881
0.985017
0.276042
0.400054
1.024749
1.472666
1.005199
0.080789
1.433129
0.734715
0.819050
0.437080
0.529684
1.639969
0.676908
1.495464
1.082803
1.286853
1.081880
0.370898
1.304144
-0.063858
1.099579
0.987876
0.560900
0.273751
0.688772
0.772129
1.193522
1.719532
1.318901
1.291710
1.571087
0.533916
0.891215
1.189039
0.414891
0.665322
1.018007
0.433894
0.556054
0.650902
0.714195
1.260337
1.683666
1.230321
0.980546
-0.021203
0.667143
1.170990
1.630960
1.329154
1.696719
-0.121886
1.313275
0.571058
0.884837
0.375602
0.372756
1.272991
1.583654
0.665638
0.208248
1.393721
1.086253
0.681374
1.710230
1.034660
1.123383
0.872917
1.155087
0.174075
1.255890
1.115728
1.209837
1.453407
1.066154
1.788315
1.760204
1.421266
0.182242
1.355671
1.371409
1.494888
0.660572
1.376244
0.034132
1.360991
0.612018
2.135566
1.375312
1.370303
0.613431
0.636802
0.913576
1.750658
1.352703
0.477685
1.090732
0.627149
1.479227
0.390788
0.848333
0.566354
0.927121
0.630376
1.812651
1.869006
0.681414
1.085844
1.348601
1.033355
0.355596
1.862806
1.028837
0.536448
0.425339
1.079966
1.162384
1.224433
0.694560
-0.081148
-0.077598
0.860396
1.290495
0.551233
0.747283
1.204157
0.548755
1.954587
1.193205
0.300126
1.066129
0.391650
1.553240
1.294971
0.925942
0.534753
-0.128806
1.355671
1.631695
1.073129
0.601147
-0.045152
1.330850
1.152911
1.304735
0.837040
2.021210
1.774527
1.182296
0.892426
0.998155
1.051798
0.474812
-0.016142
1.401085
1.096502
1.234156
-0.083178
0.137751
1.810236
1.259916
-0.005175
1.451173
1.313663
0.528228
0.803608
0.790120
1.018994
0.214126
1.475985
0.361102
-0.084736
1.232002
0.691700
1.740269
1.537729
0.836092
0.741708
1.374451
-0.325048
1.695462
0.239662
1.498827
0.475843
1.261122
0.741691
0.760926
-1.845800
-1.997054
-0.984014
-0.336070
-1.801867
-2.342221
-0.298862
-2.333463
-1.798654
-1.759342
-0.463403
-0.387276
-1.936844
-1.895095
-0.578782
-0.215495
-2.364585
-1.709357
-2.095924
-2.574589
-2.393507
-0.221197
-1.500045
-0.524889
-2.290484
-0.976597
-1.819428
-0.949131
-0.464909
-1.094270
-0.510238
-0.190024
-1.825677
-1.773279
-0.367381
-2.913366
-1.919567
-1.844815
-0.392604
-2.045980
-1.792598
-0.328185
-2.082792
-1.967941
-0.548287
-1.862831
-1.838489
-1.883082
-1.980012
-0.437749
-0.475042
-1.859863
-1.884848
-2.666990
-2.114477
-2.413025
-2.382922
-2.165860
-0.689897
-0.611556
-2.183400
-2.101008
-1.822830
-1.911608
-2.515880
-2.146849
-2.168397
-1.980775
-0.173404
-2.287110
-0.217530
-2.215318
-2.037763
-2.633301
-2.051186
-1.942574
-0.278484
-2.204054
-0.377187
-1.935867
-0.265611
-0.274692
-1.865080
-0.245413
-1.903156
-1.781240
-1.876516
-2.009124
-1.950802
-0.611284
-0.262120
-0.575764
-0.469388
-1.927330
-0.654885
-1.660462
-0.458476
-0.998259
-1.898906
-2.228279
-2.056167
-0.712502
-1.581629
-2.304491
-2.678183
-2.324662
-1.889924
-2.421329
-1.984874
-2.431901
-1.995160
-2.187657
-2.100776
-0.466573
-1.982196
-0.501130
-2.025444
-0.504666
-1.370911
-1.833829
-1.855714
-1.816392
-0.706127
-0.640748
-0.372252
-0.469743
-0.411518
-0.843496
-0.318878
-2.035812
-2.456301
-2.009582
-2.304938
-1.839315
-0.469838
-0.950096
-1.971398
-2.105880
-1.913699
-1.740926
-1.936313
-0.309644
-0.395099
-0.454815
-1.955143
-2.484228
-2.156230
-2.490553
-1.627765
-1.887739
-2.312424
-0.147059
-0.366877
-1.815504
-1.899858
-1.802266
-2.430491
-0.476050
-2.447179
-1.674974
-1.828124
-1.830276
-0.444338
-1.959952
-1.881746
-2.129375
-1.955054
-0.414745
-1.924071
-1.816458
-2.074170
-1.977967
-1.835966
-1.622941
-1.631027
-1.864455
-2.161920
-0.577217
-1.886546
-2.772676
-0.717684
-0.492071
-1.824973
-1.812796
-0.948597
-2.261201
-1.891457
-1.725024
-1.714618
-2.349480
-1.967939
-2.089432
-1.999565
-2.043291
-2.176372
-2.427674
-1.694032
-1.909580
-2.234635
-1.720144
0.596534
0.735513
0.131910
0.654941
0.441133
1.204120
0.460245
-0.240314
0.183317
-0.028816
0.929092
1.074325
0.827106
0.357955
0.671585
0.580204
0.508998
1.590035
0.344806
0.220767
0.801695
1.227118
0.951864
0.497526
0.563702
0.401769
-0.438111
1.718513
0.878845
1.090593
0.577328
0.708923
1.018839
0.870592
0.619051
0.268974
0.653898
0.862368
0.288766
0.488544
0.730082
0.127652
-0.068371
-0.009626
0.097842
1.401507
0.641600
0.657235
0.316338
0.642108
0.225941
0.002056
0.618658
0.349605
0.776285
0.761901
0.812753
-0.122786
0.325650
0.481813
0.679447
0.447021
0.794969
0.688512
0.697207
0.189500
0.539438
1.043902
0.229765
0.643459
0.473785
0.299934
0.662508
0.122641
-0.051063
0.516154
0.102602
0.945240
0.164738
0.293527
1.634510
0.255530
1.317511
0.644983
0.594628
0.848001
0.083145
0.281634
1.046997
0.006507
0.824284
0.214282
0.150577
0.778353
0.623938
0.427477
0.234353
0.462702
0.146330
1.414494
0.793386
0.562376
1.016655
0.899243
0.407878
0.379230
0.329609
0.154920
0.262815
0.232276
0.655029
0.672887
0.409660
0.363166
0.575322
0.213503
0.718486
0.347256
-0.457111
0.175224
0.445420
0.620730
0.156375
0.592249
0.350333
1.344492
0.791776
0.756884
-0.051134
0.799671
0.274273
1.281324
0.435859
0.321875
0.143212
0.111717
0.245172
0.535743
0.501783
0.765713
0.056762
-0.388542
0.804937
0.462312
0.026372
0.699037
0.487897
1.402581
0.929879
-0.261535
0.668464
0.950901
0.939656
0.912500
1.408535
0.592237
0.491491
0.803036
0.648585
0.506446
0.358965
1.311890
0.396792
0.398185
-0.014894
0.881013
-0.091156
0.899310
0.582826
0.604834
0.946934
0.308793
0.077821
0.948901
0.762666
0.086024
0.646049
0.530912
0.514935
0.500287
0.354232
-0.003014
-0.009059
0.176054
-0.128186
0.853157
0.600388
0.381874
0.544202
0.466839
0.680094
0.846033
0.146900
0.357474
0.554415
0.741205
0.439927
0.093900
0.714936
0.516571
0.026988
0.347490
-0.085407
0.378597
0.065344
-0.100582
-0.149506
0.272990
-0.153496
-0.356663
0.403604
0.018729
-0.406555
0.104395
-0.222997
0.173467
-0.013784
-0.467015
-0.154240
0.522583
-0.227509
-0.248403
0.094126
0.224006
0.157358
-0.045291
0.308706
-0.285622
-0.082919
0.068676
0.106782
0.078964
-0.024828
-0.589650
0.232792
-0.072842
0.039226
-0.247211
-0.009089
-0.152633
-0.015154
0.523762
0.152383
-0.099757
-0.139165
-0.094076
0.407356
-0.390134
0.402746
0.287206
0.493727
0.086985
0.424865
0.506932
-0.344777
0.276023
-0.132310
-0.281624
0.279939
0.001414
-0.173033
-0.450168
-0.103029
-0.060696
-0.067914
0.244283
0.395915
-0.594178
0.076495
0.031777
0.098427
-0.015206
0.148499
0.128213
0.020263
-0.130598
0.305299
-0.014721
0.163628
-0.204088
0.024169
0.145372
0.135932
-0.052647
-0.049169
0.080024
-0.019569
0.357895
-0.048217
0.279896
0.025548
0.295452
-0.168244
0.195143
0.348384
0.010287
-0.142100
-0.228692
-0.648525
0.174542
-0.221664
-0.243438
0.192171
-0.436740
-0.197971
-0.539184
0.377135
-0.176075
-0.181895
0.290860
-0.033921
0.037835
-0.083002
-0.071446
0.220637
0.351341
0.191667
-0.496515
-0.065286
-0.021969
0.191680
-0.207866
-0.032271
-0.226147
-0.263318
0.395045
0.237259
-0.272529
-0.002898
0.091899
0.148623
-0.360233
-0.118770
0.092181
0.039701
0.279458
0.241713
-0.001871
0.038491
-0.351903
0.700607
0.324467
-0.227189
0.070528
0.156392
0.703581
-0.107753
-0.765064
0.247529
0.149395
-0.053947
0.157821
-0.155023
0.046139
-0.117685
-0.030962
0.250945
-0.355627
-0.109386
-0.032254
-0.071467
0.233487
0.140849
-0.098467
-0.308405
0.009111
0.428796
0.810680
0.013450
0.064692
0.142652
0.141447
0.059158
0.382100
0.118682
0.116065
-0.213332
0.134474
0.202422
-0.167627
-0.047352
-0.430907
0.301372
-0.061783
0.472061
-0.040092
0.221784
-0.091477
0.050955
-0.030317
0.070092
-0.067503
0.070137
-0.260866
0.049654
0.021282
-0.047984
0.387695
0.364171
0.468801
