1.004399
0.923025
1.671418
0.176979
0.905270
0.156293
1.256979
1.393337
0.177204
1.837857
1.356471
1.377431
0.395969
0.820628
0.876194
1.396967
1.276317
0.723120
0.188599
1.362120
1.847363
1.015400
0.371631
0.568314
0.920021
0.728006
1.363984
1.176749
1.286853
0.986286
0.882951
1.143362
0.251441
1.291640
1.446025
1.469420
0.808297
0.754222
1.476397
0.569531
1.261383
0.468053
1.095360
1.636537
0.870283
1.567369
1.385389
0.824345
0.979005
0.952557
1.109501
0.359705
1.143577
0.779645
1.325787
1.579195
0.668652
1.103922
0.607591
1.301292
1.004624
1.269538
1.132805
1.333771
-0.048462
1.620586
0.782184
0.520225
0.826027
0.934059
1.105276
1.518204
0.911753
0.004239
1.197372
1.675301
1.152603
1.710230
0.707411
0.913788
1.069266
0.958738
0.009331
1.238057
1.181005
1.532557
0.928487
1.219724
0.679671
1.283900
1.224917
0.523748
0.645363
1.567759
1.269256
1.498489
1.048994
-0.031318
1.292232
0.859917
1.119089
0.393564
1.173954
1.302511
0.645369
1.265427
1.582298
0.598269
0.841019
1.541830
1.717165
1.782477
0.731137
0.913783
0.937869
1.385270
1.323243
0.763413
0.913530
1.115292
1.382030
1.057975
0.673396
0.776622
0.808008
0.963387
0.566953
0.403507
1.668678
1.489633
0.897184
1.815221
0.352676
0.183533
1.449445
1.570278
0.761561
1.205432
1.716508
0.523643
1.627338
0.996855
0.695740
1.090390
0.848842
1.031652
1.229521
1.253192
0.497123
0.115395
0.667694
1.328147
0.842062
1.390995
0.151198
1.412201
1.218361
0.630575
1.171114
1.334277
1.447277
0.649260
1.180132
1.014245
0.855449
0.920939
0.180207
1.385546
1.341093
1.495433
0.081048
0.306882
1.047861
1.395189
0.098922
1.231009
1.308226
0.815303
1.287488
0.955065
1.370793
0.564747
0.820237
0.778440
0.054810
0.891319
1.178089
1.282120
1.115958
1.556040
1.068957
1.374332
0.170480
0.146997
0.369011
1.040678
0.685426
1.205459
1.516612
0.403004
-1.959505
-2.294423
-0.657873
-0.501375
-2.602210
-2.586218
-0.680029
-2.064732
-2.184707
-2.322093
-0.524065
-1.219341
-2.185315
-2.569368
-1.146950
-1.135043
-2.350570
-2.036606
-2.136085
-2.342474
-1.887217
-1.115285
-2.418125
-0.652274
-2.359025
-0.956455
-2.173978
-0.948615
-1.349504
-1.094270
-0.583667
-0.417860
-2.807425
-1.969629
-1.608190
-2.560223
-1.985017
-2.196460
-1.285466
-2.345076
-2.512546
-1.011870
-1.984778
-1.915840
-0.576630
-2.085568
-2.110307
-1.989743
-2.149656
-0.780200
-0.540491
-2.710711
-2.329707
-2.636147
-2.965325
-2.283555
-2.199382
-2.545420
-0.642274
-0.572128
-2.035551
-2.246241
-1.979523
-2.283003
-1.665032
-2.735897
-2.034526
-2.308024
-1.036089
-1.959860
-1.691960
-2.288345
-2.399161
-2.607741
-2.116636
-2.459026
-0.400042
-2.183803
-1.473155
-2.285957
-0.421940
-1.531498
-2.367430
-1.315704
-2.098299
-2.501188
-2.573630
-2.101425
-2.419216
-1.211749
-0.279737
-1.306262
-1.193781
-2.216676
-0.701021
-1.955031
-0.670334
-0.970569
-2.320446
-2.366724
-1.919055
-0.746054
-1.911173
-2.071641
-2.215864
-2.422707
-2.348073
-2.444113
-2.327313
-2.199317
-2.191510
-1.969358
-2.689825
-0.887787
-2.157722
-0.649130
-2.365680
-1.264954
-1.370911
-2.161078
-1.972901
-2.798140
-0.771577
-0.790835
-1.479489
-0.737668
-1.129394
-1.196704
-1.499084
-2.612570
-2.658518
-2.066135
-2.501288
-2.326713
-1.634486
-0.374967
-2.208202
-2.211167
-2.082183
-2.029012
-2.326772
-0.834105
-0.722348
-0.769147
-2.191094
-2.731996
-2.318948
-2.354123
-2.020599
-2.150915
-2.332722
-0.598745
-1.474900
-2.001490
-2.056382
-2.723682
-2.198305
-1.284786
-2.020311
-2.028872
-1.911804
-2.681124
-0.497369
-2.156302
-2.289246
-2.336912
-2.140107
-0.849205
-2.170156
-2.295115
-2.532319
-2.101784
-1.465207
-2.473789
-2.042121
-2.107808
-2.059243
-0.532616
-1.821096
-2.576327
-0.390434
-1.158174
-2.052515
-2.166050
-0.948597
-2.198055
-2.060050
-2.389505
-2.113402
-2.528893
-1.789917
-2.418312
-1.779438
-2.767158
-2.355187
-2.624023
-1.945589
-2.199848
-1.893223
-2.309193
0.631236
0.408264
1.007583
0.690239
0.511472
0.869574
0.132995
0.598179
0.526307
0.911191
-0.314455
0.586067
-0.067926
0.102344
-0.179263
0.776554
0.315920
1.786385
0.541155
0.548016
0.905078
1.161669
0.755515
0.788217
0.195533
0.559976
0.625541
1.569193
0.277807
0.784743
0.131889
0.616310
0.453656
0.858157
0.915956
0.858023
0.588448
0.491251
0.717666
0.171475
-0.069156
0.585801
0.680104
0.880159
0.533415
1.740045
0.628126
0.199087
0.942774
0.969357
0.163894
0.604427
-0.035790
0.536024
0.383450
0.172852
0.528418
0.962435
0.895208
-0.107236
0.011834
0.654366
0.860419
0.492162
0.867082
1.040348
0.054131
0.340148
0.557015
0.515409
0.738050
0.618090
0.858857
0.580790
0.980325
0.825813
0.868875
0.799056
0.858203
0.620777
1.699960
0.713679
1.574520
0.888393
0.398279
0.295160
0.609420
0.642571
0.813559
0.202857
0.568086
0.557704
0.647107
0.451104
0.820287
0.580380
0.700187
0.492830
0.434224
1.186421
-0.057462
0.120800
0.153897
-0.267909
0.209551
0.328265
0.395059
0.499790
0.328265
0.378697
0.851379
0.607437
0.826961
0.952215
0.695061
0.263535
0.653036
0.472619
0.655537
0.358808
0.783684
0.817079
0.690579
0.034678
0.677582
1.529043
0.893409
0.953234
1.019354
0.368894
0.732422
1.422913
0.697043
0.298786
0.750363
0.891619
0.331396
0.570011
0.534433
0.176665
0.627671
0.352540
0.480381
0.137647
1.146358
-0.163029
0.446366
1.733684
1.540172
0.851112
0.541852
0.571713
1.659605
0.061652
0.688586
0.134088
0.505369
0.374708
0.583135
-0.075745
-0.041468
1.854193
0.593142
0.371427
0.253732
1.593443
-0.025706
0.572061
0.804544
1.193882
0.390908
0.766941
0.378843
0.484520
0.304517
0.448949
0.580599
0.459343
0.591821
0.466013
0.874088
0.137994
0.449090
0.567681
0.183084
0.580500
0.404039
0.709124
0.726789
0.694310
0.731429
0.605322
0.470623
0.205051
0.548000
0.675755
0.720404
0.221208
0.744774
0.778464
-0.039284
0.151141
0.171428
-0.210451
0.033888
0.046036
0.353313
-0.168414
0.011345
-0.106595
0.205006
-0.072290
-0.094411
0.077828
-0.104721
-0.022882
0.402509
-0.022582
0.042109
-0.381717
0.254810
-0.251237
-0.355955
-0.365042
0.484607
-0.083142
-0.215206
-0.205796
0.113430
0.134126
-0.082850
-0.259366
-0.005650
-0.382054
-0.015835
0.069145
-0.114442
0.144881
0.457195
0.305516
0.394451
-0.086531
0.086933
-0.424984
-0.140038
0.665247
-0.312592
-0.031025
0.839413
-0.008016
-0.109576
-0.109365
0.185642
0.019374
-0.152429
-0.189871
-0.103901
-0.011672
0.320144
0.093232
-0.121376
-0.068366
-0.168479
-0.176515
-0.002464
-0.185495
-0.122926
0.612510
-0.070775
-0.033673
0.260095
-0.059864
0.213949
0.298384
0.065000
-0.082206
-0.219768
-0.080171
-0.340682
0.332043
-0.028104
0.604754
0.069488
0.059703
-0.155743
0.195300
0.130741
0.151271
-0.099184
0.143972
-0.319777
-0.031797
-0.014303
-0.097741
0.103997
0.075737
-0.022920
-0.094841
0.153896
0.109092
-0.370151
-0.158124
0.280283
0.545008
0.015710
0.180764
-0.302578
-0.090122
-0.113988
0.144580
-0.115555
0.821476
-0.372366
0.047490
0.162535
-0.133981
-0.162688
-0.047708
0.063970
0.160602
-0.635009
-0.273316
0.205223
-0.029797
-0.067662
-0.142881
-0.140757
-0.316817
0.455251
0.350217
-0.039912
-0.249139
-0.018872
0.550329
0.191542
-0.177966
0.499976
-0.453071
-0.026959
0.056032
0.700607
-0.347042
-0.160242
0.021398
0.249245
-0.141108
-0.121098
-0.306915
-0.129923
0.132088
0.160283
0.092371
-0.078428
0.072842
0.290043
0.049523
0.456867
-0.112998
0.122647
0.063631
-0.006017
0.064900
0.260493
0.155092
0.462846
0.078630
-0.528117
0.721762
-0.515546
-0.088070
0.300498
-0.106349
0.124608
0.245087
-0.732166
-0.342084
-0.371548
-0.061876
0.071545
0.159623
-0.089574
-0.234557
0.227333
-0.127233
-0.093815
0.058145
0.079389
0.104872
0.015601
0.166032
0.108706
-0.212639
0.266487
-0.087581
-0.815691
0.139385
0.083126
0.398010
-0.300934
-0.382047
