1.502956
1.439893
-0.029567
2.081198
1.823197
1.767163
-0.289472
1.310444
1.615807
2.490328
1.606503
1.907256
-0.820743
1.679705
2.046110
-0.600949
1.113834
2.128741
-0.500497
-0.372750
1.837271
-0.443551
1.158472
-0.233884
1.864827
0.027738
1.637118
1.492533
-0.335005
0.075629
1.833495
1.628433
1.613924
2.523759
-0.049827
0.751770
1.823644
1.922562
1.781898
1.664951
1.810743
1.664326
1.014175
-0.413690
1.671277
1.567374
1.738379
1.951284
2.077434
1.939894
1.866832
1.649449
1.765367
1.660484
1.906056
-0.330343
1.492547
1.085044
0.930846
-0.491359
2.210303
-0.356826
-0.055651
1.697533
1.999950
1.564598
1.605154
1.439035
-0.334813
1.923140
2.042810
-0.368820
2.387544
1.500451
0.176125
1.626433
2.146527
-0.184654
2.058958
1.245689
1.636287
-0.599603
1.613725
1.472610
1.559115
1.563370
-0.390945
1.289826
1.871205
1.408064
1.700347
1.855565
1.552012
-0.263441
1.524697
2.111076
1.943268
2.007748
1.477441
2.094015
1.666834
1.712707
1.708319
1.307631
1.552838
1.972045
1.315557
1.408031
1.662089
1.438318
1.764915
2.040778
2.008413
1.395924
2.122598
1.806026
-0.552354
1.174092
1.526296
2.235016
1.721329
2.323222
1.704015
1.358896
1.435714
1.376202
2.259784
1.887006
1.306530
1.021750
1.612398
1.998385
1.667231
1.299118
1.745558
1.395838
1.623142
-0.802141
1.681395
2.153800
-0.315075
1.498959
-0.214030
1.874278
1.755484
-0.295318
-0.646568
1.746891
1.516251
1.132826
1.807968
1.299797
1.861164
1.671681
1.452650
2.181587
1.412178
1.414897
1.586870
1.589370
1.600927
-0.435629
1.997082
1.833338
1.607159
1.705401
-0.647665
1.286352
1.651430
1.967352
1.831953
1.791087
2.092911
1.851384
1.994199
1.657317
-0.267494
1.713673
1.849792
1.602501
1.606762
1.892962
1.793786
0.824765
2.026179
1.312336
1.734541
1.558497
-0.038739
1.682669
1.493531
1.746844
1.717867
2.080432
1.428296
0.832587
-0.417747
1.472257
-0.198592
-0.388946
-2.961579
1.731690
2.804941
2.071800
-2.802339
0.835760
3.025319
1.613489
0.773295
0.607157
3.181954
2.936562
2.127084
1.502573
0.921398
2.170733
2.640668
2.102449
2.212753
1.472268
1.013807
1.409938
2.888007
1.312716
0.930064
1.746643
1.329915
1.320351
2.719897
1.418423
-2.914009
-3.075007
1.199157
1.143902
3.179284
2.302866
0.999138
1.015525
1.386236
2.326573
1.059397
2.164334
1.207777
2.796715
2.969002
2.276349
1.885158
1.328850
1.444051
1.025166
1.346588
1.619956
2.589859
0.919364
2.165995
1.180321
3.033899
1.026935
1.894068
3.000886
2.766703
0.615804
2.101729
2.166274
1.559317
-3.127591
1.221259
1.618940
1.100136
3.134641
2.091066
2.322187
2.030754
1.369703
0.303308
1.577101
1.400506
3.037618
1.327835
1.404191
2.810545
1.611042
2.587360
2.270110
0.611069
0.660791
0.990808
1.648566
1.792166
1.471346
0.851686
2.034417
2.404722
0.946358
2.780330
2.477134
2.577870
1.866661
2.143330
2.538230
0.840621
1.915678
1.955135
2.555395
2.624350
2.639149
2.850009
0.777917
2.449930
0.526409
2.173913
0.879130
2.257733
1.860478
1.692336
1.853078
2.185445
1.954507
0.554521
0.693941
-3.116059
2.242804
2.982366
1.002241
0.902334
0.790149
1.062727
1.629966
1.661852
0.622008
2.114098
1.049048
1.754671
1.276941
0.878779
1.557652
1.584994
1.120889
1.040688
0.912969
0.672330
1.464717
1.678145
0.940177
0.899499
1.763312
2.890172
1.055905
3.033055
2.079560
2.774193
1.329876
1.362090
3.081173
1.162889
1.817955
1.691723
0.650269
1.542288
2.797387
2.604982
3.000246
-2.905527
1.879894
1.997165
0.606549
1.610671
0.985713
2.361782
3.186710
2.463719
1.833317
1.931057
1.151518
0.930823
1.155478
3.192670
0.423321
3.067845
-3.157425
1.591940
1.501579
2.404349
3.044877
0.741398
1.789848
0.725205
0.951673
1.611127
2.986456
2.067254
2.460775
1.577134
2.475012
2.219173
2.114126
0.594556
0.915265
2.397497
1.696117
0.721972
-0.435613
0.382425
-0.103039
-0.522890
-1.098889
-0.391945
0.050972
0.169492
-0.163778
-0.255224
-0.090185
-0.060852
0.062990
-1.693290
-0.038443
-0.603213
-0.531199
-0.140303
-0.990526
-0.434029
-0.440402
0.132306
-0.334291
-0.141080
-0.518002
0.044232
-0.481824
-0.259701
0.160776
-0.495216
-0.372815
-0.434906
-0.357736
0.353955
-0.323982
-0.479152
-0.037690
0.079566
0.008204
0.104272
-0.369440
-0.214086
-0.309993
-0.062387
-0.472504
-0.149228
-0.595710
-0.174252
0.390139
0.215636
-0.484542
0.280452
-0.385117
-0.228022
-0.644107
0.408305
-1.600251
-0.321273
-0.412991
0.115745
-1.665326
-0.638391
-0.398430
-0.065832
-0.017420
0.024010
-0.371261
-0.885639
-0.442297
-0.292924
0.086911
0.240370
0.385052
-0.214960
0.124375
-0.855076
-0.402571
-0.372556
0.493223
0.049615
-0.321178
0.105856
-0.980317
-0.270236
-0.018195
-0.192642
-0.186007
-0.694185
-0.597031
-0.071751
-0.032046
-0.087162
-0.038744
-0.114548
-0.056834
-0.419283
-0.539637
-0.160025
-0.104886
-0.019984
-0.617240
0.215760
-0.395438
-0.432723
-0.289134
-0.100298
0.169209
-0.228589
-0.143083
-0.509781
0.089012
0.173112
-0.005059
0.582519
-0.055642
-0.247730
-0.168333
-0.118776
0.372171
0.390417
-0.390267
0.161381
-0.124981
-0.343644
-0.084644
-0.564329
0.138036
0.345526
-0.413991
-0.138912
-0.360338
-0.433353
0.254536
0.219391
-0.622081
-0.495592
-0.152415
-0.523842
-0.087375
-0.413184
-0.051272
-0.145713
-0.164574
-1.463277
0.187632
0.048380
0.007824
-0.047191
-0.515533
-0.347143
-0.441307
-0.431782
0.433226
0.180623
-0.191500
-0.418353
-0.022137
-0.086007
-0.368278
-0.052359
-0.411635
0.087629
-0.421013
0.117386
-1.761781
-0.103627
0.387436
-0.220986
-0.126767
-0.378471
-1.213051
-0.363436
-0.593068
-0.352247
-0.179023
-0.179806
0.406460
0.130710
0.279543
-0.243776
-0.270364
-0.198441
-0.255079
-0.506502
-0.920952
-0.063332
-0.517037
-0.477971
-0.593131
-0.093467
-0.187789
-0.654490
-0.741503
0.676212
0.282860
0.164598
-0.305558
0.093776
-0.117190
-1.454634
1.627290
-0.611101
-0.797921
-1.362373
-0.279804
-0.070499
-0.306424
-1.382864
0.934748
1.037152
0.881471
0.376344
-1.302970
1.151468
-0.716364
0.337145
-1.346991
1.396427
0.864040
-0.907753
-0.563651
-1.366318
-1.264508
-0.252538
-0.629562
0.780902
-0.136609
0.858172
0.546066
0.093952
-1.289253
-0.986307
-1.499221
-0.494033
0.581929
0.413575
-0.437749
-1.012833
-1.412971
-0.604072
-0.630990
0.046020
-0.639811
1.125773
-0.348955
-0.412890
-1.243328
0.298497
-0.358777
0.613396
0.876824
-1.293278
-0.231688
-0.281995
-1.221117
-1.331392
-0.682705
-0.279856
0.674935
0.270493
-0.838869
-0.250641
0.865052
-0.341112
0.016353
-0.696899
-0.286818
-1.373689
0.513632
-0.343531
-0.521549
-0.696790
-0.448378
-0.674976
0.452062
-0.568546
-1.007599
-1.199848
-0.008986
-1.399390
-0.196010
-1.297121
0.616383
0.766216
-1.361839
0.786639
0.439778
-0.009452
-0.190238
-1.330859
-0.304785
-0.870115
0.405770
-0.054079
-0.370816
-1.295362
-0.745571
-0.409298
-0.142905
-0.616388
-0.376164
-0.521786
-1.553549
0.605293
-0.359778
-1.350295
-0.399144
-0.540543
-0.022705
-0.845076
0.722340
-0.143431
-0.722162
0.035520
-0.497282
0.424597
-0.659499
0.687038
-0.944484
-0.095831
-1.293480
1.569658
-1.372461
-1.054089
-0.314410
-0.751098
-0.469831
-0.356375
0.674698
-0.217107
-0.038741
-0.703819
0.658673
0.092837
-0.901558
-0.500294
-0.521135
-0.262442
0.929555
-0.354953
-0.513731
1.358469
-0.819427
-0.779435
-0.156343
-1.140882
0.203040
1.263584
-1.327101
-0.273136
-0.778523
-1.022801
-0.528159
-1.038134
-0.952402
-0.648816
0.561030
0.543496
-1.392229
0.706481
-1.204794
-0.507146
1.086817
-0.764894
-1.300137
0.641704
-0.393888
0.940550
-0.316396
-1.385924
0.336029
-0.444146
1.761387
-0.747617
1.590916
-0.513855
1.242115
1.103335
-1.422148
-0.516462
-1.587073
-0.061412
-1.311387
-1.378954
1.160610
0.910891
-1.680870
0.494477
-0.486413
0.869145
0.461984
0.609235
0.688294
-1.300846
-1.511418
-0.731917
-0.430370
-0.303422
-0.389272
