2.289061
0.407619
1.795565
0.501268
1.315800
0.987502
1.028055
1.272510
0.196917
1.482815
1.670269
1.648908
-3.037322
0.390369
0.798690
1.434741
1.044809
2.125434
0.221001
0.709308
-0.001636
0.969077
0.509849
0.176563
1.570712
1.136020
0.863510
2.343052
1.203960
1.808402
0.316557
2.587177
1.225246
0.170931
2.351360
0.902358
0.289618
1.085756
1.385035
1.344980
0.360639
0.415240
2.519868
0.864515
0.279423
1.177423
1.458956
0.280054
1.037652
1.943902
0.594905
0.662302
1.073346
1.187789
1.679303
0.437458
1.355052
1.609670
0.556475
0.681377
1.671734
1.478207
0.476635
1.883636
1.014966
2.213552
0.265349
1.722230
0.331131
0.872883
1.276852
1.223817
0.256161
0.669583
1.562168
1.357990
1.666895
1.313656
1.829990
0.328885
0.943176
1.470906
1.128469
0.528665
1.513814
1.201149
2.387706
1.106819
1.055510
1.736106
1.608050
-0.018412
1.438352
1.407465
1.177621
2.243760
1.764924
0.940103
1.832246
1.150600
0.493938
2.330181
2.013545
2.302764
2.377067
1.005125
1.202613
1.640780
0.263895
1.251238
0.933562
2.376924
0.338038
1.294039
0.888447
2.291140
1.758731
1.131706
2.426311
1.593342
1.325672
1.480560
0.945877
0.407815
1.726877
1.265067
0.597672
1.301886
1.156827
2.530057
1.032845
0.853855
0.707483
0.424368
2.053522
1.046928
0.114821
1.691200
0.641976
0.193832
1.701254
2.134095
1.273344
1.376863
0.334841
1.283133
1.904783
1.579021
0.098305
0.913533
0.871027
0.187927
1.580457
0.288776
0.530779
0.920267
1.655454
1.743945
0.290452
0.394745
1.163140
0.555124
1.049645
0.228431
1.103579
0.319354
0.790734
2.346628
0.297621
0.585036
1.353890
0.068766
2.234828
0.957100
0.494070
0.565835
0.117604
1.172683
1.131885
0.181237
2.406751
0.413997
2.174812
0.354686
0.936319
1.709780
1.669647
0.510231
2.238610
2.426740
2.424930
2.273899
-0.045103
2.428002
0.477693
1.659586
2.379305
2.020977
1.520344
1.239839
0.297222
-0.300019
0.067623
0.532072
0.044479
-0.805171
-0.746629
-1.789621
0.110449
0.064648
-1.367979
-1.195584
0.071028
-1.223469
-1.417469
-1.549572
-1.142271
-1.324195
-1.335701
-1.089628
-1.007327
-1.315093
-1.497943
-1.355411
0.619848
-1.617545
-1.402675
-0.964001
-1.599741
-1.667798
-1.444593
-0.112911
-0.040937
-0.132294
-1.231271
-1.845274
0.113747
-0.034869
-1.812801
0.143486
-0.042477
-1.711062
-1.284425
0.141928
-2.017706
0.044363
-1.348916
-1.634057
-1.342208
-1.105863
-1.109990
0.217122
-1.411493
-1.404645
-1.611038
-1.219432
-1.524074
-1.333789
0.061037
-0.412082
-0.005151
-1.263067
0.333754
-0.001561
-1.449634
0.524275
-2.134134
-1.346505
-0.814416
-1.134872
-1.146001
-1.508866
-0.208037
-0.651844
-1.214359
-1.424311
-1.081618
-0.720905
-1.673962
-1.373987
-0.497148
-1.249755
0.215918
-1.309059
-0.817204
-0.965800
-0.107338
-1.773912
-0.206978
-0.638739
-0.305830
-0.818311
-1.047163
0.386731
-1.198624
0.349632
-1.203256
0.030801
0.476113
-0.985042
-1.492887
-0.572044
-1.538116
-1.756021
-1.481881
-0.853874
-1.214670
-1.754415
0.207633
-1.296871
-0.425232
-0.027330
-2.502132
-1.669963
-1.381439
-0.179501
-1.005039
-1.067987
0.285179
-1.892594
0.117994
-1.530746
-1.002348
-1.623428
-1.408867
-1.451151
-1.686161
-0.808531
-0.991585
-0.063206
-1.000890
0.141878
-0.122656
-1.878796
-0.973266
-1.069084
0.173891
-0.976736
0.344852
0.434027
-0.866961
-1.728165
-0.809346
-0.126145
-1.272925
-0.216381
-0.183601
-1.146626
0.141713
-1.576711
-0.811049
-0.524831
-1.783989
0.145816
-1.512008
-0.639817
-0.339635
-1.591106
0.313330
-0.853425
0.349468
-1.235799
-1.089261
-1.826749
-1.266255
-0.656513
-0.955640
-0.102518
0.272249
-1.539380
0.245776
0.030864
-1.522414
0.005806
-1.610871
-0.145042
0.666020
-2.101649
-1.605182
-1.768101
-0.360931
-1.462980
-0.883762
0.551896
-1.324716
-1.875672
0.046121
-0.880398
-0.180077
-1.419295
0.517102
-1.462296
-1.173865
0.305644
-1.601336
-1.311455
0.022962
-0.373973
-1.247294
-0.048726
0.924244
2.081272
-2.987206
1.342826
2.293462
2.419365
2.871090
0.865793
1.196210
1.971871
0.886641
0.313692
0.015145
1.229741
2.827414
0.326754
1.351684
-3.140968
2.863099
2.532735
-3.126578
1.918806
0.070127
-3.079967
2.868249
1.813911
0.165299
2.218734
3.136958
0.479098
0.281302
0.980157
2.779354
0.957057
0.428076
2.320830
3.055404
1.864475
1.103804
3.122649
0.698979
1.146499
0.685839
1.079474
1.600772
1.170484
3.135877
-2.601356
2.101788
2.794407
3.071054
2.851801
0.493351
1.237096
0.210969
2.714819
0.650917
1.596991
2.913986
2.175286
1.932208
2.882262
3.120730
-0.174447
2.887983
0.812839
1.361102
1.863656
-0.053367
1.797415
1.517001
0.358698
0.840453
1.026701
0.464249
1.317342
1.834536
0.232811
1.497370
1.353337
2.992265
2.816549
0.920408
2.889585
3.023866
-3.142658
3.113783
2.713166
2.342938
1.421863
2.587754
0.926320
0.799367
3.019140
-3.032446
-2.916320
1.196004
2.805577
-2.973471
2.387946
1.070605
1.191859
3.027276
0.563133
1.169147
0.926431
1.871609
0.645361
1.573391
1.808680
0.967083
2.271950
3.076007
-0.138158
2.725182
-3.124059
2.574671
0.714597
1.065043
0.721602
2.294917
-3.111754
1.042717
0.302099
3.024235
0.929725
2.853843
-0.160441
1.881603
-3.023172
2.352727
2.236884
2.928498
3.120738
1.302342
1.442587
0.659045
2.786352
0.252679
0.948014
1.042067
0.820568
2.936056
2.022951
2.024421
1.752399
1.579552
2.879377
-3.186494
0.627897
-0.011216
-0.033352
2.950767
0.023049
2.809848
0.232475
0.678223
1.733705
2.153694
2.887611
0.049070
2.337671
2.124165
1.294167
1.189345
2.400123
1.827508
0.222139
1.598247
2.719425
1.163550
1.299863
1.849318
0.358025
2.948213
1.307729
0.398313
1.321015
0.939823
0.199027
0.822445
1.341993
1.219243
2.693555
0.730421
2.894235
1.544157
0.872888
3.122635
1.600625
2.817097
1.242893
-0.150133
1.603985
2.710725
1.280561
1.796594
1.460930
0.886147
1.317179
1.341221
0.845610
1.134382
1.455372
-0.273946
-0.240297
0.010189
0.345246
0.304636
1.134378
-0.634752
0.679266
-0.466294
-0.457250
1.200275
0.890361
1.024941
0.806751
1.469986
1.459406
0.015698
0.956883
-0.166405
1.144252
0.455573
-0.360047
1.313613
-1.122553
1.355291
0.779652
0.974055
1.669630
-0.401745
-0.479725
0.601488
-0.501341
0.525419
1.366271
1.046066
1.414427
0.368804
-0.387392
0.863964
1.308155
1.417155
0.283564
0.831543
-1.025749
0.940109
1.380106
2.158636
1.453340
1.382743
0.394136
-0.457113
0.747053
0.713762
-0.628809
0.900815
-0.264006
1.274314
-0.451498
0.388756
0.526373
0.431367
-0.489767
1.375585
1.410382
-0.509166
0.184307
0.706791
-0.951950
1.380410
1.278017
0.845521
-0.008921
0.909983
-0.339081
1.487265
0.698309
-0.298873
-0.593652
-0.197577
0.774785
1.562901
-0.539088
-0.033370
1.124911
1.024382
0.535565
-1.079915
-0.671515
0.910621
-0.403226
1.137957
-0.320842
0.079263
-0.800193
1.244246
0.215175
-0.670430
0.802015
0.977056
0.649344
1.102308
0.340950
1.153669
0.235941
0.897932
1.439747
0.941774
0.677534
-0.456357
0.766575
0.110324
1.399243
-0.090529
-0.235415
1.404776
-0.084186
0.674245
-0.584111
1.398080
-0.419472
-0.671359
-0.549303
0.319809
1.308910
1.114256
1.548428
0.268304
-1.092679
-0.516891
0.030572
0.600169
0.922778
1.009493
1.444920
0.894576
0.840121
-0.611403
0.832013
0.362600
0.198115
-0.309895
-0.208417
-0.663133
0.925864
0.676709
-0.227584
-0.706738
-0.720651
-0.227150
-1.140552
0.131423
-0.218923
1.167505
-0.339091
-0.433887
-0.318114
-0.131073
0.977691
-0.445266
0.717831
0.538211
-0.637557
1.067046
0.108492
1.241954
0.736503
0.225344
1.171942
-0.126808
1.403370
0.637007
1.136622
1.321506
0.645698
1.545951
-0.150471
0.697177
1.099546
-0.415465
-0.629156
0.542320
0.974076
1.558485
1.062617
-0.019151
1.144078
0.144116
0.485500
0.752160
0.770645
1.262625
-0.162725
-0.609984
1.492876
0.717293
-0.454043
