0.687959
1.499661
0.931350
1.254793
1.328229
1.557382
1.108825
1.289485
1.534644
0.975069
1.812711
0.954098
1.351149
1.102162
0.748085
1.790664
1.208136
2.012348
1.493242
1.327002
1.488811
0.718231
1.280631
1.788979
1.347180
1.598080
0.932513
0.921666
1.307405
0.913198
1.831000
1.295141
1.790243
1.178858
1.376742
1.561141
1.175398
1.186521
1.376892
1.863986
1.715895
1.173426
1.356326
1.459584
1.440464
1.997237
1.078635
1.460977
1.432991
1.555281
1.528553
1.116245
1.192010
0.859503
1.809504
1.692594
1.056424
1.399082
0.640653
0.871188
1.776831
1.452954
1.757733
1.634338
1.221244
1.129245
1.008374
1.452046
1.242767
1.642958
1.530065
1.238636
1.337109
0.099496
1.654887
1.365991
1.294720
1.214693
0.685761
1.022856
1.439822
1.367467
1.260950
1.520494
1.619883
0.904886
0.953652
1.029246
0.301064
1.306476
1.461155
1.681524
1.441021
2.104559
1.349340
1.485874
1.428931
0.855689
1.024905
2.271962
1.597410
1.201263
1.647102
1.553443
0.159994
0.997953
1.259239
1.430721
1.473771
1.128152
1.345664
1.380475
1.667871
1.746861
0.688371
0.829847
1.028924
0.682842
0.952911
0.852314
1.574197
1.320182
1.003910
1.729840
1.186352
1.145579
1.725889
1.827386
1.553272
1.563485
1.606507
1.351847
1.173675
2.327195
1.286096
1.794519
1.741971
0.578314
1.308757
1.561119
2.016889
0.789644
1.809031
1.858437
1.522792
1.647194
1.456176
1.703691
1.571364
1.112687
1.706725
1.019726
1.707167
1.039226
1.788440
1.252692
1.405830
1.221642
1.588710
2.127651
2.025798
1.435948
1.092487
1.410044
1.111693
1.687906
1.490584
1.473264
1.943538
1.119593
0.914403
1.699479
1.346836
1.013654
1.047602
1.092518
0.672255
1.378980
1.710227
1.427006
0.706034
1.867112
1.779284
1.745899
0.810021
1.541003
1.185791
1.649270
0.748355
1.040380
1.288336
0.878388
0.652469
0.883599
1.605832
1.225759
1.957213
1.597357
1.570954
1.985185
-2.113140
-2.968160
-2.454440
-3.058147
-3.016428
-1.888802
-2.653825
-2.270845
3.154899
-2.873368
-2.706733
-3.027899
-2.731834
-2.832188
-2.673007
3.193418
-2.813703
-2.976296
-2.727351
-2.527651
-2.302841
-2.572331
-2.528953
-2.771353
-2.577344
3.163233
-2.653202
-3.049984
-2.171178
-2.783236
-2.590439
-2.787468
-2.977941
-2.714754
-2.906273
-2.808036
-2.843129
-3.073973
-3.167844
-2.839456
-2.777395
-3.132198
-2.889154
-3.201554
-2.841661
-2.802302
-2.773449
-2.451520
-2.484527
-1.936250
-2.863791
-2.969578
-2.957290
3.048170
-2.624664
-2.226656
-2.575500
-3.074236
-2.975064
-2.882411
2.825925
3.138609
-2.865149
2.761400
-2.760623
-2.744142
-2.677656
-2.470124
-2.849978
3.187840
-2.937749
-2.340239
-2.598711
-2.776930
-3.130597
-2.677452
-2.698775
2.720402
-2.453266
-2.933677
-2.588221
-2.775325
-2.999248
-2.855752
-2.984519
-2.461070
-2.446292
-2.744449
2.534776
-2.564901
-2.656776
-2.115308
-2.820561
-3.077789
-2.540025
-2.325264
-2.318953
-3.119390
-2.390232
2.647145
-2.349485
-2.708495
-2.763901
-2.713526
3.202175
-2.355931
-2.556705
3.180448
-3.008480
-2.821170
-2.738621
-2.976272
-2.510890
-2.046401
-2.625028
-3.026789
-2.377890
-2.731714
-2.994920
-3.023450
-2.841593
-2.431494
-2.026118
-2.837160
-2.417898
-2.352163
-2.697320
-2.776438
-2.384380
2.882664
-2.435328
2.945134
-2.160694
-2.637197
-3.039161
-2.769065
-2.867709
-2.272044
-2.764796
-2.921971
-2.790450
-2.937077
-2.921727
3.006593
-2.913850
-3.177945
-2.320443
-2.584528
-2.693131
-2.185314
2.946549
-2.981761
-2.954051
-2.376855
-2.824107
-2.525423
-2.586282
-3.205376
-2.814880
-2.443074
-3.174496
-2.504143
-2.566734
-2.428477
-2.350314
-2.828018
-2.815018
-2.428070
-2.667762
-2.779592
-2.499301
3.086353
-2.566599
-2.871501
-2.628725
-2.517089
3.063543
-2.651281
-2.448773
-2.667374
-2.986294
-2.914940
-2.751118
-2.798528
2.806170
3.164992
-2.505228
-2.630879
3.095635
-2.894576
-2.349787
-2.583905
-2.325402
-2.697846
-2.835204
-2.437462
-2.685325
-2.504783
-2.502909
-2.684008
-0.691117
-0.674769
0.031639
-0.617766
0.372636
-0.751199
-0.678701
-1.232740
0.572803
-0.318988
-0.885225
0.154856
0.020028
0.346303
0.016388
-0.503153
0.323494
-0.410062
-0.103436
-0.587519
-0.615122
0.353654
-0.644590
-0.416159
0.077377
-0.166573
-0.535913
-0.858103
0.124503
0.390450
-0.220504
0.111820
-0.059731
0.384787
0.217918
0.333508
-0.344374
-0.873871
-0.753355
-0.357897
0.046396
-0.601800
-1.022751
-0.681674
-0.612959
-0.763650
-0.279883
-0.349998
0.063667
0.277182
-0.463704
0.308432
0.469130
0.106144
0.002170
0.015852
-0.798246
-0.699460
-0.511215
0.459975
0.151756
-0.628383
-0.321006
0.500719
0.027636
-0.471177
-0.541499
-0.762668
-0.252925
-0.254282
0.354205
-0.045831
-0.889235
0.453459
0.841785
-1.108152
-0.156330
0.497948
0.379306
-0.192210
-0.673889
0.066326
-0.833649
0.042025
0.245890
-0.016574
0.012353
0.142781
-0.473956
0.173199
0.726938
-0.549943
0.396623
0.749122
0.190559
-1.052284
-0.294948
-0.471508
-0.412083
-0.234170
0.290315
-0.484724
0.001610
0.690327
0.102712
-0.093142
-0.534692
-0.583801
-0.663840
-0.566612
-0.446884
-0.707392
-0.671088
-0.576030
-1.320982
0.118685
-0.570885
-0.757140
0.268856
-0.509014
-1.163367
0.363239
-0.569540
-0.346858
-0.690682
-0.857078
0.046331
-0.615647
0.508769
-0.581111
0.111510
-1.077479
-0.594498
-0.631224
-0.125397
-0.451526
-0.728672
-0.592260
-0.610729
-0.040079
-0.421964
-1.039584
0.070712
0.203976
0.075729
-0.386227
0.389077
-0.944039
-0.688516
-0.383499
-0.432459
-0.940552
-0.474064
-0.779569
0.048219
0.123461
0.437668
0.710749
-0.084719
0.562784
0.494376
-0.494725
-0.286969
0.331997
0.150069
-0.075751
-0.898304
-0.554149
-0.028979
-0.532759
0.424813
0.096158
-0.549277
-1.153638
0.256355
-1.093845
0.281218
0.135769
-0.484935
-1.066700
-0.377380
0.297297
-0.520892
-0.629713
-0.560357
0.653926
0.295516
-0.248203
0.287181
0.379537
-0.102262
0.095018
0.641548
0.267450
-0.862993
0.333285
0.174231
-0.226419
-0.582575
-0.758195
-0.191462
-0.636629
-0.614497
0.190342
-1.725468
-0.013681
-0.250953
-1.817650
-1.450420
-0.361234
-1.530655
-1.553887
-0.136556
-0.756819
-0.486804
-0.990238
0.054021
-0.102391
-0.191748
-0.313083
-1.667709
0.070627
-1.690285
-0.255655
-0.456951
-0.896693
-0.303503
-0.411757
-0.303408
-0.371176
-0.810928
-1.555041
-1.532657
-1.711084
0.096459
-1.596206
-0.231378
-0.273854
-0.374465
-0.207071
0.099930
-0.516029
-0.163858
-0.028629
-0.193102
-0.120114
-0.787067
-1.740750
-0.310231
0.173502
-0.842256
-0.218543
-0.228727
-0.320147
-0.068314
-0.521493
-1.601123
-1.663368
-0.255822
-1.671870
-0.048400
-0.232781
0.282736
-0.280761
-0.178319
-0.440305
0.377669
-0.461884
-1.607568
-1.658261
-0.292044
-1.667782
-0.208528
-0.833489
-0.145389
-1.699052
-0.062639
-1.782428
-0.173893
-0.613368
-1.557488
0.311320
-1.490471
-0.304925
-1.608788
-1.242648
-1.597078
0.145195
-0.074983
0.575246
-1.697991
-0.119801
-0.277771
-0.532952
-0.295667
-1.769654
-1.565297
-1.702815
-0.667907
-0.374416
0.061129
-0.192877
-0.338119
-0.279126
-0.160990
-0.570882
-1.704380
-1.011678
-0.247902
0.160341
-0.106056
-1.569412
-0.545601
-1.610194
-1.504937
-0.573207
0.092560
-1.688114
-0.172801
-1.630600
-0.414382
-0.469131
-0.235299
-0.644411
-0.172507
0.271189
-1.646686
-0.204385
-0.394862
-0.200344
-0.356146
0.104259
0.015534
-1.278008
-1.372764
-0.584880
-0.122364
-0.024898
0.176651
-0.502077
-0.413859
0.223275
-0.132063
0.381211
-1.497306
-0.129461
-0.234749
-0.250800
0.115691
-1.779462
-1.198731
-1.441242
0.282384
-1.811386
-1.814899
-1.802195
-0.538177
-1.919267
-1.713348
-1.423274
-1.548123
-0.112518
-1.427717
-1.671491
-0.292134
-0.899004
0.240825
-0.073193
-0.086381
0.234783
-1.531302
-0.442814
-1.557554
-0.488127
-0.629134
-0.036546
-0.228279
-0.275053
-0.576171
-1.060645
0.219518
-0.199821
-0.418515
-1.578930
-0.347412
-0.210504
-0.213585
-0.985674
-1.440993
-0.565603
-1.707267
0.004374
-0.135547
-1.608798
-0.473521
-0.831722
-0.072335
-0.244451
0.006152
-0.625012
