1.115747
1.626255
0.746894
1.634268
1.162863
1.958030
1.136744
2.059505
1.506159
1.719473
1.209914
1.377271
1.046772
1.749491
1.456877
1.070166
1.324215
1.559221
0.672259
1.603414
1.095409
0.322998
1.157952
1.031287
0.967356
1.138267
1.101352
1.073354
0.874803
0.909581
1.376640
1.128667
1.645318
1.614268
0.713211
1.614606
0.974370
1.254180
1.169366
1.348866
1.497093
0.960590
1.347008
1.726329
0.918095
1.522010
1.716971
1.622226
1.181049
1.682182
1.034257
1.339329
0.979501
1.274722
1.677447
1.690308
1.712673
1.493558
1.765233
0.905909
1.388546
1.161655
1.628159
1.831487
1.640132
1.730856
1.093425
1.832212
1.125630
1.651078
1.259608
1.746745
1.333128
1.331149
0.898373
1.257148
1.505363
0.769977
1.225745
1.439456
1.252328
0.933790
1.242567
1.291432
1.017137
1.587706
0.722071
1.361747
1.617786
1.563991
1.427059
1.530224
2.061476
1.635212
1.328348
1.419638
1.666913
1.165442
1.131063
1.701340
1.476897
1.330674
1.523139
1.452066
1.294745
1.551474
1.282457
1.083357
1.107335
1.883110
1.279953
1.037112
1.390634
1.583084
1.449087
1.743926
0.991591
1.445150
1.471709
1.772968
2.074353
1.500419
1.485266
1.082056
0.739998
1.414318
1.560780
1.444286
1.631231
1.816153
1.388103
1.697579
1.690542
0.987106
1.622142
1.463125
1.295277
0.955249
1.411110
1.392278
1.607407
1.620402
1.060054
1.463490
0.926219
1.657051
0.870072
1.341456
1.292206
1.123277
0.702826
1.685071
0.997016
0.978645
1.462488
1.289441
1.118877
1.511755
1.903132
1.531234
1.446941
1.032246
1.234345
1.358658
0.879284
1.460106
0.949791
1.467868
1.444240
1.129758
1.821988
1.439115
1.774905
1.583540
1.931509
0.917589
0.827754
1.509469
2.151629
1.660898
1.849500
1.341040
0.749035
1.507877
1.221472
1.869981
1.706819
1.427377
0.993889
1.324389
1.172186
0.960393
1.245688
0.812660
1.496524
1.425091
1.036571
1.171224
1.650169
0.818861
-1.297420
2.298586
2.407277
-1.656913
-1.440590
2.154255
2.673568
1.284006
-2.711470
2.385586
-1.381270
2.736498
-1.935993
1.943564
2.593907
-1.549998
2.041539
-1.312298
2.031194
-1.941359
2.071493
2.286759
-1.272213
2.417776
2.675535
1.845205
2.513518
2.462288
1.943512
2.306391
-1.839277
2.026777
2.175502
2.815204
2.612657
2.410321
2.143322
2.268667
2.991365
2.796772
2.840312
-1.425070
3.091908
-1.804412
2.539207
-1.945589
-2.841130
2.803140
1.448186
2.357043
2.577728
1.794441
2.867126
2.854585
2.780355
3.118072
2.648039
1.899493
2.571640
2.421626
2.226301
1.912501
-1.412510
-1.406313
2.305659
2.356541
2.632889
1.524339
-3.050949
2.272183
2.111873
2.425504
2.254365
2.129650
1.494094
2.668887
3.035075
1.426157
2.914565
1.654431
2.079277
-1.543315
2.625717
-1.293082
1.898001
2.675219
2.652821
-1.952872
2.323306
1.363878
3.057244
-1.467015
-1.245487
2.842864
2.203688
-1.385540
-1.511790
-1.542750
2.913414
-1.432788
1.997144
2.210195
-1.605901
2.087043
2.010663
2.125351
2.657872
2.460466
-1.410371
2.429385
-1.607185
1.663688
2.888458
1.550991
2.454854
-1.462496
2.288738
-1.469047
2.161265
2.626760
-1.343496
-1.457510
1.684179
3.072185
1.935984
2.343283
1.915346
2.824384
1.460933
2.200473
-1.145736
-3.086040
2.267924
2.063851
2.864878
2.203517
2.255852
2.943931
2.267023
2.721884
1.625764
3.188264
1.659925
2.699016
2.618153
2.574765
1.973449
2.969440
1.984838
2.063333
2.514247
2.365973
2.871756
2.145220
3.014297
2.639330
-2.913394
2.180327
2.112222
-1.692358
2.568209
-1.619431
2.189891
1.837121
-1.380794
2.087860
1.832389
-2.901400
2.386592
1.871198
2.343193
1.724158
2.812390
2.499214
2.583571
2.930556
1.831078
1.592219
2.326101
2.650674
2.588073
2.330776
1.948076
2.789269
1.784481
1.157791
2.699949
2.076546
2.071903
2.143309
2.359948
-1.790819
2.820498
2.268858
2.947417
2.382961
2.696418
2.409771
2.145898
1.954361
-0.108794
0.075518
-0.472242
0.151697
0.095145
0.645765
-0.039569
-0.049090
-0.360677
-0.875086
-0.291913
-1.290566
-0.363766
-0.300270
-0.213044
-1.087957
0.130148
-0.331735
0.114478
-0.171283
-0.192882
0.048548
0.026259
-0.162325
-0.285620
-0.333091
-1.537583
-1.067777
-0.533191
-0.012693
-0.118539
-0.235263
-0.706159
-0.364434
-0.529252
-0.689357
-0.302108
-0.981720
0.122248
-0.669595
0.132570
0.084562
-0.192040
-0.224789
-0.303429
0.258192
0.083501
-0.024903
-0.097094
-0.235853
-0.523641
0.490151
0.098010
-0.307093
0.166574
-0.220454
-0.031954
-0.194068
-0.466074
-0.303963
0.373215
-0.050921
-0.649623
-0.614709
-0.314175
-0.230773
0.199928
0.018728
-0.507377
-0.798985
-0.612483
0.578823
-0.068849
-0.454347
-0.577860
-0.824444
-0.192583
-0.339000
-0.442371
-1.277264
-0.190159
-0.468176
0.108174
0.191949
0.026378
0.406357
0.373850
0.030892
-0.658594
0.018993
-0.352693
0.028453
-0.090005
-0.008202
-0.577026
-0.179860
-0.149219
-0.022722
0.392215
0.010209
-0.569573
-0.056206
-2.184162
-0.356060
-0.418959
-0.259626
-0.034849
0.113930
-0.010865
-0.937821
0.177168
-0.159601
-0.165086
-0.103447
-0.320937
-0.329656
-0.357573
0.031678
-0.473632
-0.248378
0.093173
-0.806031
-0.428395
-0.193835
-0.000463
0.015792
-0.745313
-0.020234
-0.756684
-1.418259
-0.942164
-0.087787
0.170123
-0.326579
-0.271835
-0.848454
-0.395358
-0.120168
0.054184
-0.294853
0.044398
0.025110
-0.376873
-0.593565
-0.219255
-0.326792
-0.065796
-0.304285
-0.912671
0.289586
0.263008
-0.662810
-0.264986
-0.437745
-0.576704
-0.515975
-0.508199
-0.675923
-0.100923
-0.028755
-0.080640
-0.481623
0.058082
0.242085
-0.273237
-0.566834
-0.112369
0.010232
-0.550081
0.517891
-0.427986
0.047483
-0.058816
-0.196283
-0.086114
-0.139741
-0.108615
-0.359625
-0.193505
-0.255850
-0.601855
0.219523
-0.209334
0.081435
-0.214159
-0.392373
-0.622505
-0.541713
-0.471518
-0.659439
-0.034117
-0.923509
-0.202793
-0.648673
0.082516
-0.571835
-0.605773
-0.229528
-0.430660
0.044928
-1.012504
-0.415557
-0.750596
-0.559139
-0.975990
-0.828141
-1.065854
-0.547855
-0.834935
0.189679
-0.977521
-1.551609
-0.357064
-2.051827
0.125671
-0.692463
-0.620208
-1.708015
-0.083208
-0.810439
-0.590173
-0.031229
-0.947848
-1.679952
-0.887662
-0.358795
-0.637391
-0.460341
-0.008100
-0.138453
-0.855233
-0.932768
-0.670477
-0.788511
0.167880
-0.860547
-0.506058
-0.398563
-0.765678
-1.376985
-0.953978
0.336286
-0.942539
-0.387888
0.049271
-0.611124
-0.659828
-1.687496
-0.343328
-0.634525
-0.098051
-0.651736
-1.240480
-0.333496
-0.339995
-1.465438
-0.835451
-0.912264
-0.260038
-0.852267
-0.327800
-0.059194
-0.644314
-0.196840
-0.485055
-0.585419
-0.380228
-0.203670
-0.674450
-0.176202
-0.266727
-0.715612
-1.100234
-1.050918
0.015687
-0.509550
-0.103737
-0.690735
-1.355863
-0.920217
-0.776927
-0.566340
-1.568266
-0.572836
-0.892073
-1.058833
-0.915269
-0.436106
-0.119746
0.212186
-1.008432
-0.947103
-0.315204
-0.373516
-0.573488
-0.874309
-0.767761
-1.289320
0.129716
0.026126
-0.271802
0.456601
-0.142688
-1.779111
-0.896157
-0.070633
-0.649129
0.089184
-0.383678
0.323424
-1.551350
-0.727194
0.268005
-1.732462
-0.900735
-0.072586
0.013835
-0.630037
-0.357548
-0.664275
-0.317877
-1.293480
-0.702169
-2.065703
0.447703
-0.361814
-0.665637
-0.689439
-0.212451
-0.267684
-0.507281
-0.109038
-0.348335
-0.717549
-0.741853
-0.324929
0.220409
-0.557085
-0.327887
0.410888
-0.368097
-0.336507
-0.201425
-0.298777
-1.037782
0.087981
-0.642083
-0.177381
-0.444586
-1.089964
-1.036959
-1.189347
-0.980910
-1.948397
-0.777844
-0.625982
-0.684033
-0.666174
-0.790631
-0.919267
-1.063041
-1.284183
-1.193536
-0.539108
0.004863
-1.874122
0.091896
-0.271663
-0.440231
-0.049483
-0.703867
-0.836712
-0.844813
-0.392280
-0.102343
-0.541651
-0.021188
0.052706
-0.033984
-0.789465
-0.340187
-0.640896
0.039884
-0.910487
-1.431110
-0.209160
-0.021608
-1.217728
-0.630289
-0.256836
-0.964000
-0.104374
-0.829071
-1.289875
-0.752059
-0.305988
-0.182573
0.001883
0.036031
-0.188286
