1.539324
0.064454
0.959642
0.068579
1.297969
-0.226791
0.330574
1.245476
-0.222606
1.066927
1.487370
1.303407
0.919567
0.109446
0.043072
1.613797
1.403771
1.201549
-0.105478
1.955431
1.465646
0.884500
0.502530
0.442272
0.396422
0.832349
1.572838
0.624655
1.286853
1.555214
0.309811
1.054777
-0.129308
0.670196
1.035697
0.201019
0.068706
1.277820
1.622977
0.866273
2.046781
1.384351
1.357160
1.767437
-0.037672
1.741080
1.254489
0.181128
0.365674
1.141604
0.241490
1.276003
0.964486
1.065230
1.587586
2.141815
1.002060
1.208435
0.044247
1.372178
1.375019
1.528416
1.787303
1.565247
-0.318236
0.855126
0.166043
1.081186
0.056642
0.045507
1.338440
1.649103
0.207489
0.027340
1.590071
1.413502
1.071623
1.710230
1.623709
1.353930
0.647366
1.482336
-0.008751
1.433517
1.695518
1.798885
0.495038
1.524303
1.402528
1.040255
1.355816
0.043710
1.355671
1.750287
1.560338
1.758464
0.918095
0.018388
1.777226
0.329918
1.052954
1.702561
1.647953
0.926963
1.399294
1.764424
1.611242
1.810851
0.557597
0.763483
0.339283
0.890178
-0.015567
0.746829
-0.271624
1.643285
1.582560
0.961803
1.088850
1.601429
1.543993
1.634513
0.706106
0.169699
1.142858
1.078935
0.471625
0.313860
1.276316
1.096934
1.028084
0.326329
-0.015699
-0.100669
1.187646
1.378149
0.021088
1.807727
0.876908
0.493182
1.205428
1.389555
0.379904
1.676784
0.065604
1.153043
1.098621
1.384091
0.455407
-0.167903
1.355671
1.480626
1.531278
0.647234
0.020298
0.562523
1.218361
1.588340
0.274793
2.086660
1.709077
1.172740
1.481475
0.591350
2.033546
-0.087873
-0.212492
1.073835
1.685550
1.430506
-0.127410
0.010725
1.760093
1.440261
-0.396379
1.459115
0.612307
0.357408
0.717645
0.471103
1.084444
0.009548
1.007467
0.275626
-0.150186
1.356483
1.280749
1.319780
1.079580
1.556040
1.330756
1.389204
0.594007
1.499112
0.090309
1.433377
1.326691
1.461528
1.760495
0.564577
-1.862881
-1.974234
-0.656756
-0.720600
-1.736417
-2.025572
-0.407942
-2.224743
-2.296568
-1.955691
-0.340069
-0.466087
-2.002294
-2.091445
-0.120067
-0.305287
-1.638544
-1.730750
-1.802017
-1.215435
-2.372825
-0.223898
-2.219398
-0.257054
-1.899378
-1.002745
-2.058332
-0.951635
-0.319363
-1.094270
-0.343700
-0.779072
-1.751713
-1.969629
-0.429634
-2.055795
-1.854117
-1.761495
-0.301044
-1.741981
-1.727148
-0.218907
-1.991624
-1.941481
-0.517624
-1.885866
-1.709785
-2.457027
-2.068494
-0.507560
-0.724349
-2.079125
-1.950298
-1.540014
-2.049027
-2.085776
-1.793874
-2.496761
-0.241174
-0.347633
-1.615568
-1.904658
-1.845792
-1.722064
-1.926831
-2.081399
-1.710248
-2.046224
-0.107954
-1.876627
-0.344895
-1.757169
-2.286533
-1.913353
-1.490978
-2.645045
-0.213034
-1.486345
-0.573536
-2.023870
-0.627930
-0.340142
-1.799630
-0.441763
-1.897098
-2.108489
-2.216447
-1.910553
-1.885352
-0.308809
-0.851666
-0.608105
-0.278298
-1.685269
-0.404837
-1.858410
-0.313919
-1.024764
-1.878299
-2.031929
-1.990717
-0.967549
-1.908878
-1.846342
-1.827335
-2.027808
-1.752416
-2.355879
-1.788525
-2.104651
-2.098543
-1.729508
-2.297126
-0.401124
-1.806605
-0.419366
-1.855117
-0.401894
-1.370911
-1.768379
-1.839914
-2.143642
0.009971
-0.717466
-0.372206
-0.512214
-0.110386
-0.088749
-0.315791
-1.708563
-2.148761
-2.194182
-1.715890
-2.057080
-0.404388
-0.491947
-1.513249
-1.720843
-1.934009
-1.882071
-1.610348
-0.451261
-0.460549
-0.505503
-1.973542
-1.502481
-1.811201
-1.839647
-1.824115
-1.794257
-2.048372
-0.827209
-0.523405
-1.488255
-1.792399
-2.244676
-2.238115
-0.366201
-2.335882
-2.264023
-1.762674
-2.157525
-0.422975
-2.156302
-2.110652
-1.864313
-2.305843
-0.603541
-1.754233
-1.688345
-1.877820
-1.954562
-2.032316
-1.688391
-1.696477
-1.893661
-1.794879
-0.366555
-1.690196
-2.052728
-0.344375
-0.273317
-1.737873
-1.820992
-0.948597
-2.434931
-1.413094
-1.951224
-1.649168
-2.153130
-1.998729
-1.815968
-2.326814
-1.844580
-2.006254
-1.838625
-2.229050
-2.179943
-1.907385
-2.098319
-0.279996
-0.115335
0.720958
-0.065007
0.113883
-0.039428
-0.128804
-0.174865
0.570090
0.466455
0.340043
0.708733
0.761656
0.347722
0.053301
0.383855
0.394478
0.941170
0.449489
-0.237382
0.698708
0.768969
0.624615
0.584817
0.643290
0.074520
0.936336
1.156012
0.976367
0.879039
0.773678
0.292805
0.691590
0.799039
0.030002
0.072625
0.735357
0.145632
0.327230
0.410773
0.795531
0.716701
0.090980
0.841222
0.218734
1.247679
0.450656
0.068187
0.280799
0.445758
-0.232208
0.101127
0.438071
0.504482
0.221482
0.648206
0.616404
-0.320465
-0.394298
0.809062
0.649324
0.015751
0.140492
0.884861
0.174691
0.124050
0.343089
-0.199645
0.426115
-0.076490
0.257314
0.608531
0.073459
0.449890
0.758059
0.188905
0.692178
0.066218
-0.124650
-0.426421
1.176361
0.050080
1.212818
0.841333
0.267379
0.824885
0.017695
0.347083
-0.138471
0.595556
0.334792
-0.139297
0.477826
0.320205
0.427588
0.623826
0.299803
0.266352
0.735964
1.182330
0.858836
0.195643
0.951205
0.964693
-0.059871
1.258040
0.525959
0.743969
0.188609
0.521075
0.065981
0.607437
0.082410
1.069780
0.346159
-0.113746
0.391237
0.153106
-0.260761
0.813088
-0.274529
0.206113
0.269291
0.561450
0.546683
1.218203
0.595426
0.560534
0.276116
0.488535
0.601522
0.961989
0.108609
0.965091
-0.184037
0.438966
0.441522
0.339393
0.698132
0.569364
0.253112
0.331406
0.341383
0.135062
0.027242
0.371788
0.553347
1.337131
1.660811
0.196614
0.456240
0.885451
1.120927
0.847051
0.950386
0.788587
0.164242
-0.047812
0.666653
0.702795
0.686214
0.653492
0.331342
0.070936
-0.144954
1.157797
0.515244
0.702960
-0.006223
0.408484
-0.070024
0.243343
0.139611
0.490752
0.431637
0.020574
0.449699
-0.189036
-0.113199
0.434838
0.383331
0.323669
0.449090
0.053464
-0.011099
-0.128591
0.142240
0.447324
0.117934
0.477159
0.331897
-0.266614
0.474150
0.161124
-0.165533
0.544855
-0.002924
-0.102450
0.042114
0.332386
0.095330
-0.634257
0.225876
0.016330
0.048041
-0.558731
-0.275555
0.246216
0.173342
-0.317840
-0.177558
0.170597
-0.398004
0.195072
-0.196099
-0.155699
0.217672
-0.018934
0.172627
-0.328265
0.177561
-0.281544
0.143911
-0.000778
-0.038992
-0.002080
-0.018543
-0.248002
-0.220398
-0.127674
0.303131
-0.117386
0.232101
-0.449488
-0.103462
-0.095912
-0.055548
0.080039
-0.364522
-0.087183
-0.080604
-0.196186
0.479632
-0.034307
0.188084
0.102274
0.209352
-0.592762
-0.259937
-0.218671
-0.262327
0.093239
-0.281472
-0.213016
-0.321222
-0.153235
0.268266
-0.425264
0.083589
0.080173
0.285116
-0.224592
0.228379
-0.266762
0.307245
0.129792
-0.193134
-0.266929
0.482001
0.097227
0.163877
-0.606482
0.213949
-0.403648
-0.002533
0.081947
-0.021951
-0.080171
0.098178
-0.169355
-0.280297
0.802793
0.233932
0.143703
0.147180
0.105640
0.122302
-0.063821
-0.128292
-0.224073
-0.514144
0.308053
0.289905
0.401060
-0.633363
0.137060
0.161792
-0.491538
0.343487
0.034131
0.190740
-0.225559
0.257621
0.021409
0.194445
0.442563
-0.235251
0.302384
-0.200642
0.164962
-0.230270
0.007335
-0.148452
0.712785
-0.132332
0.278047
0.049725
-0.418140
0.196517
0.174380
-0.135569
-0.011517
-0.490420
0.101102
-0.389168
-0.245953
0.032392
-0.236681
0.324351
-0.023864
0.214072
-0.820212
0.077580
0.550329
0.314525
0.357888
0.176263
0.325379
-0.316076
-0.385009
0.700607
-0.002782
0.129379
0.119650
0.294977
0.174203
-0.113801
0.331221
-0.210620
0.131725
0.181488
0.092371
0.162607
-0.542910
0.078665
0.096993
0.366000
0.106596
-0.154776
0.174460
0.255782
0.168037
0.217648
0.137662
0.411543
-0.187239
0.493903
-0.040168
0.340699
-0.265381
0.558189
-0.054902
0.124608
-0.337848
0.184132
0.181515
-0.006923
-0.192776
0.353892
0.127031
-0.243702
-0.062238
0.105022
0.134567
-0.314279
-0.405503
0.287234
0.316997
-0.038281
-0.017585
0.193977
-0.263853
0.004687
0.197283
0.041363
0.089940
-0.508503
-0.146724
0.178966
-0.243255
