1.382057
1.172412
1.389499
1.320243
1.393678
1.780116
0.967364
0.700437
0.683796
1.171418
2.270860
1.019548
1.285699
1.953010
1.598933
1.987013
1.535385
1.685099
1.647579
1.711633
1.030662
1.176380
1.869679
1.723529
1.936229
2.318029
1.259762
0.594417
1.773060
1.172299
1.765550
0.967892
1.332094
0.661752
1.311292
1.364792
1.502647
1.121071
1.311442
1.536737
0.865047
1.107976
0.767278
1.655934
1.244115
1.539088
1.144085
1.526427
1.498441
1.228032
1.332203
1.181695
1.519259
1.186752
1.089555
1.627144
1.514573
1.988131
0.596456
0.805739
1.056883
1.125705
2.084983
1.699788
0.893995
1.325595
1.466523
1.648396
1.230852
1.167102
1.333715
1.434986
0.486261
0.819444
1.458537
1.300542
1.752869
1.214693
1.536609
1.873704
1.374372
0.516619
0.933701
1.716844
1.685333
1.493934
1.150002
1.356495
0.601569
0.455628
1.657504
1.653196
1.375571
1.777309
0.629391
2.074923
1.131770
0.786109
1.875753
1.421114
1.794265
1.528512
1.843451
1.487993
0.749043
1.848801
0.931990
1.496171
1.058517
1.455401
1.544615
0.612060
1.602421
1.288712
1.277419
1.549795
1.021501
1.271890
1.672859
1.572262
1.116048
1.385632
1.723859
1.456376
1.644501
1.211029
1.547297
1.500137
1.749622
1.890734
1.648834
0.500999
0.846426
1.607246
1.744245
1.729069
1.283822
1.429162
1.636006
1.626569
1.427841
0.809542
1.612681
1.138489
1.522274
1.974443
1.259826
0.983742
1.539287
1.309036
1.772174
1.085176
1.641717
1.628275
1.330291
0.925442
1.749101
1.810690
1.915959
1.407702
1.305850
1.501397
1.419736
1.606393
0.784444
1.622456
1.425134
1.015115
1.616857
1.185043
0.718054
1.663053
1.412286
0.817304
0.982152
1.439766
0.890251
1.182630
1.513877
0.968857
0.509685
1.670762
1.190236
1.418650
1.529970
1.737353
1.267241
1.714720
0.682906
0.974930
0.961087
1.336537
1.110618
1.079949
1.720176
1.160309
1.106365
1.707692
1.243705
1.396136
-2.702188
-3.164509
-2.568566
-2.207299
3.201307
-2.216051
-2.588375
-2.493888
-3.193736
2.951668
-2.772183
3.124052
-2.780427
2.861949
-3.000256
-2.762518
-2.617354
-2.125448
-2.353084
-2.331301
-2.237392
-3.093248
-2.332603
-2.462049
3.116793
2.979513
-2.654658
-2.853634
-2.629327
-2.848686
-2.524989
-2.729022
2.847096
-2.387505
-3.102622
-2.566344
-3.170379
-2.816582
-2.447896
-3.166705
-2.739313
-2.599168
-2.431005
-2.612506
-2.645311
-2.920732
-2.707999
-2.909669
-2.157277
-2.787098
-2.679968
-2.773228
3.129546
-2.645966
-2.297414
-2.553905
-3.033649
-3.008786
-2.516915
3.204425
2.830004
2.811359
-2.014301
3.088649
-2.695173
-2.940491
2.885581
-2.142874
-3.046327
-2.898995
-2.610499
-2.536589
2.833626
-2.711480
-2.934247
-2.742902
2.995361
2.874540
3.136627
-2.606428
-2.915470
-2.840774
-2.933798
-2.790302
-2.927591
-2.526519
-2.642641
-2.754646
-3.028461
-2.630351
-2.722226
-2.444407
-2.624212
-2.784227
-2.605475
-2.521613
-2.777102
-3.070981
3.042105
-2.785192
-2.676734
-2.643045
-2.619957
-2.255377
-2.753761
-2.653172
2.875633
-2.354432
-3.087376
3.003866
-2.280472
-2.518123
-2.576340
-2.373651
-2.968775
-2.699540
-2.836038
-2.666264
-2.798571
-2.172602
-2.121645
3.000843
-2.876966
-2.509910
-2.535935
-2.978211
-2.762770
-3.103687
-2.449830
-3.065653
-2.631677
-2.618103
-2.226144
3.056939
-2.581012
-2.441816
-2.671360
-2.599293
-2.644998
-2.594721
-2.986800
-2.755918
3.165109
-2.570164
-2.193902
-2.588897
-2.314773
-2.780877
-2.758581
-3.036162
-2.485788
-2.785411
-2.888601
-3.096803
-2.889557
-2.983572
-2.520832
-3.009027
-2.618530
-2.508524
-2.847246
-2.569593
-2.805689
-2.585483
-3.070263
-2.893468
-3.142267
-2.755319
-2.602312
-2.321443
-2.503531
-2.869583
-2.762948
-2.413352
-2.694175
-2.582539
2.829810
-2.847630
-2.514223
-2.794594
-2.920844
-2.980390
-2.685668
-2.698379
-2.626168
-2.921844
-2.439778
-2.827228
2.899285
-2.960026
-2.546137
-2.649355
-2.413810
-3.155995
-2.246156
-2.414336
-2.488975
-2.832032
-1.652061
-2.880357
-0.756566
-0.347520
-0.033811
-0.683216
0.307186
-0.423950
-0.878099
-1.298190
0.114654
-0.646237
-0.557976
-0.695992
0.739976
0.280853
-0.572660
-0.699503
0.400285
-0.606412
0.092913
-0.652969
-0.942371
0.103976
-0.579140
-0.481608
0.535526
-0.115755
-0.382679
-0.269054
0.133343
-0.198599
-0.678653
0.177270
0.660217
0.127798
0.021568
0.268058
-0.278924
-0.765290
-0.686942
0.231151
0.111846
-0.639763
-0.236366
-0.354425
-0.568744
-0.043702
-0.999831
-0.546347
0.077719
-0.180967
-0.398254
0.242982
0.141881
0.433393
-0.185846
-0.311397
-0.078297
-0.388964
-0.707564
0.001826
0.609905
-0.693833
0.080308
0.042570
0.223985
-0.462509
-1.261447
-0.566319
-0.449274
-0.712431
0.157855
0.019619
-0.823785
0.320050
0.252737
-0.911802
-0.221780
-0.222000
0.052057
-0.650359
-0.346640
0.393575
-0.637300
-0.154324
0.704039
0.179776
-0.183996
-0.053569
-0.408506
0.500448
0.399689
-0.857837
0.200274
0.421873
-0.660289
-0.594135
-0.753097
-0.667857
0.046066
-0.828767
0.437309
-0.288375
0.590659
-0.029622
0.184199
-0.420392
-0.600142
-0.911050
-0.729290
-0.632062
-0.381434
0.005679
0.179760
0.013018
-0.993733
-0.208564
-0.374535
-0.560791
0.465206
-0.574464
-0.836117
0.189911
-0.583885
-0.281408
-1.017932
-0.660729
0.635379
-0.419298
0.443319
-0.646561
-0.739338
-0.226631
-0.529049
-0.506119
0.332752
-0.778776
-0.509143
-0.526810
-0.962869
-0.367329
-0.618314
-0.581435
0.136162
0.007626
0.664778
-0.379510
0.454527
-0.200215
-0.753965
-0.316331
-1.283307
-0.220603
-0.801314
0.071279
0.506368
0.058011
-0.020481
-0.009199
-0.281069
0.366434
-0.225572
-1.083774
0.432980
0.399690
0.084619
-0.664799
-0.708136
-0.357799
0.167371
-0.074611
-0.033336
-0.623790
-0.614727
-0.302790
0.060006
-0.402266
0.580806
0.463019
-0.419485
-0.739451
-0.704629
0.231847
-0.586341
-0.553364
-0.371693
0.064877
0.492479
-0.968152
-0.040068
0.183188
-0.298612
0.029568
-0.078400
0.202000
-0.666644
0.278542
0.097079
-0.553668
-0.522999
-0.692745
-0.167776
-0.699829
-0.679947
-0.267807
-0.874620
-0.340931
-0.076270
-1.251067
-1.692738
-0.227912
-1.727005
-1.619337
-0.606792
-0.702084
0.364044
-0.139390
-0.273229
-0.253164
-0.163636
-0.116734
-1.686802
-0.384133
-1.363035
-0.321104
-0.391501
-0.896693
-0.264052
-0.442895
-0.199733
-0.174827
-0.546951
-1.620491
-1.729007
-1.764534
-0.230790
-1.530756
-0.165929
-0.208404
-0.309016
-0.272520
-0.096419
-0.319680
-0.360207
-0.224979
-0.141655
0.111158
-0.983416
-1.733248
-0.967611
-0.153747
-1.038606
-0.157060
-0.366362
-0.385596
-0.258452
0.198456
-1.597393
-1.792464
-0.052588
-1.606421
-0.113850
-0.160322
-0.458710
-0.233370
0.278027
-0.200397
-0.211380
-0.457938
-1.803918
-1.655340
-0.208253
-1.645729
-0.195644
-0.632490
-0.210839
-1.727675
-0.128089
-1.671677
-0.108443
-0.024319
-1.700074
-0.421472
-1.531838
-0.279556
-1.608788
-1.569897
-1.531628
0.079745
0.252266
-0.275602
-1.627996
-0.839749
0.049478
-0.336603
-0.099317
-1.704204
-1.522213
-1.698883
-0.777897
-0.250454
-0.527920
-0.389226
0.197029
-0.213676
-0.226440
-0.112733
-1.628789
-0.422630
-0.313352
-0.428707
-0.171506
-1.666699
0.043448
-1.544744
-1.701287
0.277641
-0.365589
-1.670489
-0.168222
-1.826950
-0.218033
0.119917
-0.224816
0.206437
-0.225166
-0.517239
-1.692376
0.253764
-0.198512
-0.134894
-0.552495
-0.092090
-0.180815
-1.343458
-1.651212
-0.126731
-0.187814
-0.221247
0.765700
-0.043928
-0.155002
-0.627573
-0.328413
-0.469637
-1.431857
-0.168511
-0.169299
-0.054451
-0.473358
-1.321313
-1.918679
-1.552906
0.086035
-1.834777
-1.749450
-1.736745
-0.752570
-1.330219
-1.683086
-1.357824
-1.351774
-0.177968
-1.477574
-1.606042
-0.095785
-0.899004
-0.348224
0.384956
-0.478089
-0.616065
-1.628071
-0.900963
-1.492104
-0.005612
-0.040086
-0.101996
-0.213930
-0.238638
-0.118022
-1.911493
-0.238631
-0.176374
0.364308
-1.502275
-0.412862
0.378545
-0.279035
-0.527525
-1.422749
-0.238354
-1.576023
-0.124902
0.469589
-1.608796
-0.473521
-0.840071
-0.128304
-0.309901
-0.389878
-0.345925
