1.401749
1.638681
1.285667
0.645278
1.286971
0.750925
1.509750
0.053315
1.674271
0.535785
1.767955
1.699068
1.753949
1.644840
1.132456
2.169741
1.794435
2.192651
1.030912
1.423596
0.790716
0.526707
1.050104
0.621010
1.418989
1.274962
1.326349
1.323565
1.675120
2.181535
1.603345
1.564867
0.845419
0.673501
0.964467
1.020101
1.596546
1.896364
2.079848
0.934816
0.065312
1.375874
1.371080
1.583164
0.804334
1.241270
1.743214
1.619336
1.247942
2.014712
1.596506
0.733302
1.028523
1.030479
1.594785
1.500667
2.332452
1.495818
0.860993
1.019643
2.102740
2.795575
1.684762
2.060213
1.065255
1.627047
1.463567
1.879450
1.384627
1.474484
1.236860
1.332107
1.267460
1.148594
2.365987
1.145380
1.083428
0.724076
1.443536
0.065200
1.060063
2.226307
0.827827
-0.044914
2.781153
1.879399
1.359153
2.408163
1.505144
1.947011
1.403365
0.827867
1.356047
1.349582
1.108876
1.553492
1.237873
1.119163
2.171859
1.245500
1.691247
1.713872
0.836306
1.330493
0.354891
1.411572
2.023620
1.439420
1.095613
1.467211
1.948791
0.277830
1.499425
1.008342
1.436578
2.017676
1.777760
0.882177
0.580679
2.741677
1.885858
1.721605
0.692250
1.742495
2.167122
1.692161
0.668054
0.735943
1.784246
0.728870
1.569848
1.145763
0.116394
0.678789
2.124137
1.885257
1.536444
1.809590
1.464920
1.844805
1.620469
1.891618
0.736627
2.406872
1.725746
1.351442
1.664763
1.666572
1.341991
0.675249
1.355671
1.045367
1.987405
2.169596
1.397520
0.304176
1.723319
2.077415
1.511046
1.994610
1.627924
1.034972
1.656741
1.438873
0.998393
1.508533
0.239314
0.641351
1.318071
1.036522
0.862232
0.955614
1.407138
-0.068836
0.764618
0.063710
1.064157
1.177684
1.203413
1.005143
0.448514
1.827706
1.496701
1.527631
1.230727
2.637669
1.383951
1.790261
1.922539
1.572748
0.853788
1.849691
0.845453
0.026773
1.853428
2.615593
1.091359
2.029670
1.110109
0.846699
-1.219077
-1.172687
-1.051843
-1.013850
-1.189831
-1.433992
-0.854577
-1.812933
-0.930741
-1.349804
-1.016706
-0.951854
-1.044002
-1.350864
-1.284009
-0.897309
-1.414794
-1.390471
-1.257287
-0.917499
-1.882143
-1.581671
-1.317775
-1.537004
-0.837320
-1.478866
-1.113331
-1.168917
-1.107504
-1.151549
-1.439158
-0.867526
-0.616478
-0.931580
-1.796856
-1.168281
-1.190892
-1.316529
-1.554838
-0.919572
-1.199949
-1.606319
-0.628793
-1.018269
-1.040877
-0.962811
-1.057182
-0.959604
-1.540749
-0.892049
-1.095907
-1.345557
-1.690653
-1.921896
-0.778833
-1.248671
-1.654623
-1.046700
-1.280569
-1.505756
-1.236392
-1.617883
-0.891716
-1.045650
-1.759502
-1.890952
-1.704695
-1.611939
-0.867163
-1.489825
-1.333846
-1.375071
-1.737757
-1.180119
-1.056299
-1.362321
-1.116840
-1.044308
-1.212489
-1.112368
-1.110325
-1.209848
-1.103277
-1.558443
-0.848691
-1.374356
-1.037375
-1.569253
-1.299414
-1.130590
-1.020235
-0.791818
-1.222034
-1.430840
-1.124411
-1.078814
-1.345539
-1.046966
-1.618901
-0.990082
-1.404937
-0.565199
-1.349391
-1.557129
-1.826080
-1.265412
-1.681225
-1.623516
-1.196831
-1.392726
-1.681280
-1.182567
-1.137309
-0.416629
-1.440845
-0.897854
-0.979407
-0.423224
-0.974280
-1.818741
-1.547255
-1.308940
-1.032893
-1.055916
-1.263736
-1.589233
-1.716471
-0.944305
-1.124503
-1.456428
-1.374771
-1.455602
-1.381560
-1.390798
-1.766362
-1.371079
-1.080262
-2.124489
-1.168405
-1.534931
-0.588946
-1.020132
-1.033461
-1.267865
-0.905248
-0.980890
-0.998811
-1.396393
-1.495105
-1.315502
-1.251029
-1.057616
-1.126087
-1.197986
-1.631015
-1.434399
-0.925700
-1.498064
-1.040564
-1.362511
-1.237262
-1.464968
-1.195650
-0.940046
-1.120059
-1.683398
-0.925097
-0.528968
-1.199459
-1.149724
-1.011247
-1.108018
-1.079944
-1.496237
-1.288646
-1.016753
-1.069955
-1.494060
-1.267602
-0.892395
-0.915228
-0.854749
-1.281349
-1.452881
-0.633657
-0.988645
-0.980199
-1.216441
-0.625862
-2.205089
-1.167046
-1.386084
-1.689768
-1.259181
-1.486186
-0.838010
-1.074550
-1.373960
-1.187792
-1.080957
0.693522
0.795605
-0.098202
0.861198
1.450350
0.746844
1.187342
1.418786
0.576077
0.265461
1.059991
-0.372079
-0.121843
0.386604
1.275485
0.323019
0.857446
2.164867
1.169329
0.827941
0.975864
0.530057
0.182553
1.387209
-0.401364
0.823173
-0.186748
1.939435
-0.045105
0.098162
0.298269
0.699935
0.015038
0.807434
-0.007774
0.878559
0.978481
0.915936
1.190091
1.050256
-0.165024
1.534914
1.238799
1.321456
1.108914
1.988154
1.092070
0.888368
1.685053
0.797563
0.785285
1.132371
0.282594
0.373563
-0.538050
0.572926
0.466593
0.623834
1.204301
0.777346
0.743891
1.216487
1.412786
-0.146345
0.887043
0.777660
0.523680
1.271011
-0.088261
0.933728
0.885877
-0.158772
0.105344
0.785095
0.552699
0.545008
1.547209
0.822497
1.754367
0.950919
2.188688
1.242771
2.026978
0.814238
1.045690
0.042974
1.053969
1.111691
0.910552
0.901078
0.668635
1.168794
1.414045
0.268922
1.044466
1.320311
0.887125
0.147371
1.376097
1.982997
-0.028300
-0.305578
0.577144
0.319413
0.746198
0.053116
0.611291
0.450030
1.301573
0.906715
0.765149
0.540025
1.031610
0.138215
0.215541
1.215276
0.867931
1.476668
0.741893
1.198710
0.953454
1.302494
1.318184
0.029063
1.444769
2.102445
0.415477
0.388342
0.395210
1.210225
-0.228366
1.415540
0.319314
1.226968
0.799524
0.410391
1.784873
0.736647
-0.199998
0.655359
1.077542
1.319059
0.897197
1.801273
1.501957
1.283388
0.500672
2.186577
1.795915
1.241265
0.125150
0.136354
2.346715
-0.053762
-0.103383
0.848053
1.180237
1.637883
0.021754
1.694896
0.056887
1.654483
0.660478
1.626034
1.161577
1.873079
0.131530
1.125380
0.619484
0.946594
1.306230
0.179412
1.129067
0.338968
0.347817
1.344171
0.986030
0.830382
1.133948
0.205013
0.369016
1.210974
1.203689
1.635096
1.538871
0.958771
1.159974
1.182997
0.231171
0.013750
0.664756
0.815901
0.147955
0.821639
0.346692
0.495054
1.771237
0.858109
1.105449
1.049408
0.303069
0.737744
0.146273
0.251822
-0.292038
0.502512
0.796840
-0.429443
-0.339261
0.788339
-0.053156
0.375268
-0.263516
-0.069947
0.166253
0.523934
0.533618
0.068846
0.054544
0.358556
-0.126878
0.490801
-0.168938
0.123190
0.682653
-0.217310
0.199349
-0.482172
-0.039215
0.229495
0.158958
0.285196
-0.001848
-0.531786
0.368017
-0.290136
-0.013092
0.230545
0.221363
0.169245
-0.005785
-0.502782
0.340733
0.478498
0.005175
0.543402
0.312576
-0.072693
0.564543
0.081052
0.187190
0.020898
0.342143
0.413997
0.089878
-0.094555
0.219463
-0.193475
0.480615
-0.096804
-0.235220
-0.291710
-0.139500
0.582309
0.449939
-0.686386
0.421632
0.226268
-0.174576
-0.123196
0.274577
-0.170050
0.290827
-0.225379
0.170793
-0.147497
0.602643
-0.372815
0.289498
0.418982
-0.091530
0.650462
-0.046025
0.013021
0.621301
0.114680
0.127463
0.414723
0.282213
0.371754
-0.545392
0.496460
0.404474
-0.643533
-0.134039
-0.173837
-0.283448
-0.657831
0.207376
-0.517258
-0.002727
0.665946
0.739803
0.644287
0.739555
0.540259
-0.445661
-0.031181
0.329009
0.713504
-0.134887
0.438350
-0.321182
0.150852
-0.081516
0.048892
-0.033892
-0.299480
0.476694
-0.219025
0.267411
0.314676
0.647664
-0.217059
-0.369755
0.506858
-0.596849
0.460137
0.753299
0.146943
-0.229440
-0.163203
-0.351500
-0.492118
0.002388
0.160550
0.483588
0.422797
0.430691
0.823487
0.700607
0.534174
0.606035
-0.756522
-0.163378
0.520328
-0.688778
0.545397
0.253048
-0.049432
-0.148372
-0.144596
-0.136761
-0.700593
0.373609
-0.021177
0.688679
-0.339091
-0.528021
-0.219677
-0.289004
0.872422
-0.274361
0.326270
0.786816
-0.252276
0.584133
1.006922
-0.160213
0.640380
-0.001753
0.568510
-0.303214
0.175898
0.019024
0.223612
0.246101
0.358413
0.552643
-0.651705
0.280906
0.347935
0.567651
-0.232379
0.138164
0.289718
0.234456
0.154424
-0.512494
0.251970
0.105437
-0.125208
0.634021
0.374861
0.284299
-0.359991
-0.374884
0.633011
0.594330
0.527376
