1.351753
1.824813
1.669211
0.774073
0.665510
1.493795
1.725983
1.118313
0.959569
0.807158
1.216770
1.328342
1.450172
1.337183
1.660266
1.701484
1.315698
1.141361
1.690932
1.658407
1.488703
1.669211
0.438590
1.834323
1.518522
1.890149
1.607703
1.448705
1.784393
1.981360
1.463267
1.004621
1.238876
1.086665
1.647792
1.534297
1.247602
1.104751
1.269130
1.533873
1.876042
0.872133
1.144820
1.818575
1.616178
1.305985
0.952637
1.481027
1.573748
1.211701
1.921845
1.077529
1.276972
1.762327
1.344452
1.743449
0.668760
1.594482
0.896141
1.645315
1.259762
1.843067
1.779926
1.045477
1.536825
1.626637
1.441163
1.701312
1.719361
1.658323
1.587557
1.797165
0.928589
1.200249
1.934546
1.203478
0.922005
1.214693
1.474325
0.913450
1.209776
1.702457
1.510832
1.642504
1.540735
0.962085
1.669211
1.673159
1.197493
1.597969
0.999379
1.717974
1.548506
1.683782
1.650429
0.779575
1.569564
1.720802
1.081559
1.746579
1.553108
1.206245
1.493475
1.289753
1.166094
1.279396
1.103171
1.474131
0.789087
0.593588
1.625512
1.072526
1.304120
1.304566
1.413807
0.758825
1.970148
1.080210
0.768062
1.643501
1.050386
0.750953
1.200685
1.768625
1.217023
1.071133
1.416846
1.330378
0.691401
1.152335
0.344201
1.446464
1.795515
1.290978
1.658526
1.802272
0.918296
1.560709
1.546832
1.269283
1.718041
1.738212
1.810091
1.903162
1.602967
1.812964
1.779758
0.747739
1.172220
1.267605
1.473915
1.668821
1.818293
1.608072
1.000208
1.366329
1.195512
1.740261
1.287982
1.709339
1.431050
1.605239
1.593878
1.674921
0.916209
1.561357
1.714333
1.508910
1.632943
0.848898
1.838039
1.549552
1.250713
1.966217
1.329216
0.874737
1.626350
1.129957
1.828735
1.170061
0.933158
1.485529
0.942700
1.316443
1.052677
1.538592
1.073143
1.631819
1.860714
1.193084
1.551074
1.075653
0.977147
1.224236
1.830055
1.447137
1.680786
1.647681
1.733886
1.848909
-1.603630
2.281913
3.192034
-2.075346
-2.071828
-2.388097
2.888235
2.596179
-2.711470
3.071545
-1.684004
2.926649
-2.038775
2.755794
2.951453
-1.602200
2.870913
-1.970510
2.872045
-1.848408
3.069865
2.897720
-1.715893
2.971414
-2.400631
-3.182301
-2.574620
3.003041
2.968078
2.254858
-1.911841
2.993653
-2.987644
-2.881155
-3.137895
2.456121
3.096805
2.952472
-2.564595
2.893656
-2.276072
-1.676768
-2.564421
-1.616518
3.042566
-1.646574
3.059007
-2.813260
2.391760
3.031273
-2.761570
-2.318904
2.841346
-2.391682
2.640396
-2.429961
-1.631610
-1.819093
2.605781
3.052293
-2.206416
2.724447
-1.660944
-1.799638
-2.073929
-2.120734
-2.381844
2.815336
-2.559362
-2.469427
2.589370
2.682867
2.307588
2.186957
2.878403
3.076930
-2.388940
-2.326042
-2.727304
2.725220
-3.041437
-2.200921
2.383129
-1.989095
-2.191593
-2.209217
-2.424304
-1.757148
2.810321
2.605915
-2.333891
-1.794687
-1.583962
2.775458
2.990140
-1.688681
-1.754585
-1.803741
2.935331
-2.436161
2.568285
2.813590
-1.788196
-2.796198
-2.980249
3.181860
-2.121659
-2.540801
-1.669460
-2.501014
-2.060048
-2.215214
3.002493
2.738636
2.822108
-1.956318
2.688013
-1.835013
2.938385
-2.826135
-1.727032
-1.900019
2.888761
-2.338775
-2.311778
2.808815
3.167496
2.837941
2.686937
-2.162323
-2.166417
-2.367893
-3.200939
2.309301
-2.154462
3.053767
2.768115
-2.369247
2.935218
-2.705590
2.765544
-2.544196
2.671090
-2.549548
-3.043859
2.883886
2.952163
-2.706870
2.725994
-1.614132
2.856132
2.905103
-2.836195
2.864074
-2.339212
-3.047310
2.626355
-2.951489
2.449254
-1.606790
2.096928
-1.801155
2.761688
2.965523
-2.186449
-2.954622
2.899735
-2.462633
2.650055
2.516443
2.557834
2.795435
2.670143
-2.793250
-2.505111
-2.503669
2.860493
2.901216
3.121608
-2.663879
-2.241665
-2.228605
2.381009
-2.143635
2.475403
2.783711
-2.691282
-2.072699
-2.113935
-2.183800
3.000962
-1.718154
-2.207077
3.100393
2.564405
2.693946
-2.172680
-2.029649
-3.163877
2.824822
-0.025516
-0.521101
0.735977
0.578556
-0.073673
0.368149
0.249064
-0.266379
-0.028966
0.134973
0.166905
-0.099230
-0.120187
0.569552
-0.193624
0.220598
-0.488839
-0.563478
0.246552
-0.182058
-0.167373
0.044487
-0.381036
0.341177
0.069336
0.132763
-0.010648
0.327170
-0.614561
-0.331738
0.049900
-0.656653
-0.631429
0.120080
-0.692631
-0.193492
0.267953
0.434924
0.401975
0.330540
-0.346133
0.012246
0.289012
0.384175
0.118270
-0.190141
-0.141481
0.362659
0.308434
0.153621
0.576037
0.221240
-0.438152
-0.100272
0.385205
0.169510
-0.173326
-0.238157
0.541854
-0.082478
0.586077
-0.045531
0.632235
-0.112671
-0.569484
-0.195815
-0.048188
0.290054
0.865926
-0.493450
0.351409
-0.397067
-0.264016
0.038223
-0.292097
0.442450
-0.363532
0.446398
0.217384
0.066277
0.099325
0.055423
0.511202
-0.331650
0.782013
-0.232577
-0.034274
0.093342
0.504829
-0.077080
0.385358
0.135303
0.131304
-0.246298
0.609894
-0.141807
0.117596
0.555415
0.569025
0.013621
0.091454
0.118282
-0.875165
-0.277843
-0.224684
0.217166
-0.023060
-0.030493
0.400548
-0.337220
0.146966
0.198012
0.274327
-0.369127
0.324904
0.133074
0.213283
-0.052232
-0.526912
0.100527
-0.674546
-0.300644
0.098992
0.224804
-0.077822
0.284726
0.101096
0.072957
0.133481
-0.634766
0.105034
0.016409
-0.715459
0.661598
0.147728
-0.014099
0.182404
0.780833
-0.233894
0.157650
-0.011153
0.252101
-1.048050
-0.054322
-0.405613
-1.305294
0.313579
-0.025579
0.214740
0.263592
0.565456
0.302802
-0.785904
-0.266199
-0.338473
-0.189452
0.197701
0.063483
0.068581
0.268759
0.127862
-0.189614
-0.230843
-0.279147
0.398392
-0.074885
0.052509
0.235396
0.214472
0.230126
-0.018368
-0.083417
0.151048
-0.307849
0.745946
0.114816
-0.607849
-0.054208
0.292575
-0.156391
-0.277033
0.094973
-0.083521
0.271789
0.071492
-0.306795
-0.116240
0.075595
0.516542
0.012121
-0.514265
0.013438
-0.163280
0.123190
-0.061327
-0.060628
-0.095203
0.358037
-0.573689
0.120350
-0.571613
-0.759540
-0.689484
0.380653
-0.443591
-0.506267
-0.660572
-0.553702
-0.561504
-0.505666
-0.448841
-0.569259
-0.052317
-0.569220
-0.345784
-0.040346
-1.063550
-0.344462
-0.375524
-0.539487
-0.369667
-0.615482
-0.609890
-0.509336
-0.719863
-0.291632
-0.633236
-0.979204
-0.195099
-0.577799
-0.695658
-0.508503
-0.063363
0.101812
-0.376804
-0.493814
-0.375158
0.081117
-0.464341
-0.450635
-0.598752
-0.730500
-0.689420
-0.401342
-0.723230
-0.202174
-0.053382
0.114307
-0.655308
-0.817747
-0.655053
-0.144454
-0.493886
-0.085916
-0.768213
-0.768442
-0.511389
0.206610
-0.007495
-0.484251
-0.181138
-0.696862
-0.600612
-0.457692
-0.168576
-0.645757
-0.201190
-0.439577
-0.436940
-0.401322
-0.227913
-0.329840
-0.571809
-0.111892
-0.645016
-0.435309
-0.917580
-0.700760
-0.632722
0.365645
-0.529313
-0.279159
-0.504734
-0.544835
-0.554043
-0.792095
-0.468241
-1.053439
-0.409763
-0.985497
0.113769
-0.082108
-0.502586
-0.373516
-0.155469
-0.598582
-0.359333
0.010780
-0.724311
-0.575267
-0.889276
-0.569502
-0.624697
-0.472647
-0.897336
-0.405351
-0.475487
-0.357079
-0.372164
-0.611911
-0.407906
-0.485531
-0.662273
-0.555041
-0.470999
-0.593115
-0.773235
-0.417612
-0.653758
-0.486157
-0.199622
-0.013019
0.224141
-0.237345
-0.336463
-0.354060
-0.476117
-0.660185
-1.026693
0.041667
-0.526179
-0.544191
-0.789921
-0.590823
-0.521382
-0.793146
-0.603061
-0.601017
-0.644727
-0.469163
-0.438998
-0.600787
-0.451882
-0.337234
-0.688853
-0.895440
-0.116529
-0.439522
-0.501642
-0.500728
-0.553217
-0.603855
-0.741692
0.108214
-0.601476
-0.559373
-0.123684
-0.698119
-0.865294
-0.414926
-0.597607
-0.379365
-0.462706
-0.453427
-0.566142
-0.188433
-0.732072
-0.617814
-0.571048
-0.143582
-0.571258
-0.627855
-0.563383
-0.734301
-0.085003
-0.450947
-0.636244
-0.699399
-0.387282
-0.676192
-1.050087
-0.500443
0.025704
-0.388595
-0.699512
-0.594433
-0.411757
-0.303231
-0.475467
-0.686121
-0.708166
-0.476484
-1.124165
-0.563952
-0.503785
-0.736260
-0.247992
-0.737918
-0.976164
-0.283059
