1.249424
1.047194
-0.814965
1.715250
1.457451
1.767163
-0.325968
1.198234
1.953534
1.312230
1.772783
1.776356
0.169505
1.845720
1.522511
-0.077351
1.701395
1.712975
-0.893196
-0.372750
1.453896
-0.242361
1.682071
-0.495683
2.124864
-0.288726
1.637118
2.147031
-0.159628
-0.156825
1.687777
1.836335
0.828526
2.500554
-0.704325
2.011986
1.784782
1.529862
1.520099
1.795850
1.405395
2.057025
2.173435
-0.349676
1.544745
1.653451
2.279064
1.789976
2.077434
1.523605
1.473827
1.911248
2.027166
1.675362
1.755060
-0.285197
0.838048
1.307406
2.501642
0.356961
1.847596
-0.336662
-0.579250
1.233119
1.390612
1.644186
1.484200
1.789004
-0.292922
1.661341
1.650110
-0.381002
2.125745
1.500451
-0.216574
1.888233
1.326467
-0.348402
1.744751
1.519428
2.111208
0.033353
2.268223
1.472610
1.716755
1.170671
-0.390945
1.319737
1.660193
2.193462
1.700347
1.592634
1.813812
-0.220053
1.393798
1.456577
1.419669
1.238621
1.870140
2.486714
1.796736
1.712707
1.653235
1.438530
2.076437
1.317547
1.315557
1.146232
1.531190
1.612495
2.006662
1.909878
1.746614
1.508014
1.831897
1.367611
-0.553422
1.305064
1.788096
0.971945
1.750981
2.061423
1.965815
1.386475
1.255311
1.697330
1.997984
0.982508
1.721884
1.545349
1.829814
2.129285
1.596848
1.951893
1.636442
1.657638
1.252186
-0.739530
1.546018
1.892001
-0.312883
1.477901
-0.444480
1.481579
1.518644
-0.308569
0.214977
1.877791
1.482644
1.900149
1.040419
1.740468
1.861164
2.064380
1.583549
1.773711
1.412178
1.604561
1.455970
1.666289
0.954599
-0.337507
1.864649
1.517213
1.607159
1.979703
-0.436918
2.333550
1.594287
1.443753
1.815190
1.660188
1.569312
1.458685
2.386898
1.785725
-0.742021
1.806313
1.980692
1.471601
1.737662
1.236867
1.531986
1.348364
1.776381
1.966835
2.258140
1.706048
-0.300539
1.516968
1.624431
2.151120
2.141852
2.132189
1.854676
1.879784
0.300875
1.603157
-0.198592
-0.258046
3.190707
2.517089
2.934389
2.546430
-2.802339
0.941900
2.763520
1.599167
1.020875
0.852904
3.066650
2.936562
2.388883
2.407596
1.183197
2.721290
1.986169
2.083153
1.608011
2.075876
0.741830
0.996378
3.086655
0.822897
1.041985
2.139342
1.125271
2.105749
2.719897
2.858319
-3.175808
2.957387
2.226608
1.143902
2.868784
1.910167
0.805411
0.842272
1.206251
2.457473
1.269669
1.791988
1.151943
2.534916
3.020472
2.930847
1.510483
1.115546
1.503401
0.944641
0.986374
1.619956
2.312348
1.046177
2.558694
1.175842
2.976743
1.023779
2.162422
2.697343
3.203397
0.563484
2.490180
2.035375
1.583913
2.631996
1.221259
1.615330
0.969237
3.003742
2.483765
2.060387
2.422967
2.368012
1.088706
1.527823
1.092264
3.037618
1.066036
1.491951
2.879450
2.265541
2.071470
2.139210
1.039517
0.884077
0.866210
2.960915
2.914801
1.585465
1.045389
1.828262
2.374981
1.339057
2.950315
2.704112
2.839669
2.390260
2.164915
3.061829
0.795317
2.127164
2.216935
2.817195
2.192821
3.016053
-3.139048
0.905388
2.327104
0.788209
2.808456
0.825664
2.358191
1.662255
1.421333
2.098388
2.709044
1.954507
0.882935
0.857772
2.959452
2.223803
3.071629
1.521119
1.013840
1.182848
1.193626
2.820061
1.529814
1.243740
2.049175
1.406771
2.670969
2.148858
0.920483
1.537386
1.530234
1.110889
0.909788
1.088931
0.632124
1.119264
1.530339
0.955085
1.097277
1.859948
2.956698
1.015908
2.882235
2.388108
2.774193
0.946069
1.284688
2.975171
1.424688
2.210654
2.886182
0.899760
1.709374
1.813788
-3.154605
3.000246
2.854059
2.665292
1.919742
0.999248
1.540536
1.247512
2.023123
2.560100
1.972181
1.479142
2.846437
1.023808
1.045346
1.112537
3.108726
1.208719
2.675146
2.842897
1.547098
1.596524
2.666149
2.895236
0.708644
1.534434
1.026449
1.213472
1.534159
2.862269
2.487278
2.759941
1.467235
2.475012
2.376643
2.768624
0.719145
0.522565
2.790196
1.637938
0.021794
-0.435613
0.382425
-0.103039
-0.261091
-0.104689
-0.108667
-0.472627
0.038592
-0.163778
-0.124324
0.168255
-0.096192
-0.100074
-1.693571
-0.211957
-0.341414
-0.531199
-0.068405
-0.205128
-0.303130
-0.581460
0.488868
-0.245961
-0.010181
0.008364
0.175132
-0.089125
-0.594545
0.029876
-0.513077
0.281684
-0.887328
-0.178816
-0.431443
-0.040728
-0.217353
-0.692188
-0.095567
0.400903
0.235171
-0.229514
0.178613
-0.128947
-0.062387
-0.161951
-0.018328
-0.534581
0.023204
0.128339
-0.438863
0.146493
-0.272021
0.531181
-0.444990
-0.251408
-0.246194
-1.730208
0.327776
-0.411534
-0.295144
-1.726344
0.168463
0.043033
-0.106727
0.285160
-0.499589
-0.109462
-0.231140
-0.564109
-0.554723
0.004026
0.026226
-0.400346
0.045910
-0.268324
-0.069678
-0.275973
-1.027054
-0.684874
-0.604884
-0.975676
0.133226
0.066880
0.426528
-0.934493
0.508621
-0.186007
-0.098611
0.079836
0.190048
-0.016270
0.305537
0.063638
-0.245448
-0.056834
-0.026584
-0.146938
0.232674
-0.019947
-0.019984
-0.289659
-1.002845
-0.526338
0.303711
-0.096306
0.815999
-0.346980
0.226543
-0.214596
-0.247982
-0.041887
0.173112
-1.160747
-0.464679
-0.212847
0.193741
-0.763847
-0.642375
-0.584659
-0.742860
0.395131
-0.071821
-0.134572
-0.049093
0.209470
-0.171630
0.144665
-0.566557
-0.194383
-0.008013
-0.098539
-0.305079
-0.399963
0.018111
-0.105429
-0.174876
0.085437
-0.000801
-0.414285
-0.167068
-0.748533
-0.145713
-0.285807
-1.725077
0.318532
-0.475219
0.531422
-0.047191
0.008066
-0.319988
-0.964905
-0.457601
0.171426
-0.081177
-0.005171
0.105246
-0.414836
-0.662418
-0.033841
-0.275455
-0.149836
-0.435970
-0.391296
-0.144414
-1.761781
0.027273
-0.267062
-0.090087
-0.388566
-0.640270
0.103423
-0.101637
0.353397
0.171352
0.064931
-0.090416
0.042004
-0.190686
-0.244056
0.541623
0.291993
-0.333249
-0.006388
0.147997
-0.659153
-0.325132
-0.225755
0.176527
-0.187204
0.395346
-0.056889
-0.382518
-0.130116
-1.034205
0.017213
0.371746
0.087141
0.093776
-0.046322
-1.295034
0.071827
0.251597
-0.286376
-1.415121
-0.743388
-0.201398
-0.633509
-1.310948
0.752671
0.362361
0.534898
0.260378
-1.349656
0.675638
0.223118
0.206245
-1.225249
0.699553
0.733141
-0.765058
0.090848
-1.328462
-1.264508
0.724564
-0.090268
0.485925
-0.136609
0.771563
0.798868
-0.621594
-1.419969
-0.874709
-1.276917
-0.032787
0.433033
0.286731
0.769103
-0.071747
-1.405450
-0.359475
-0.157659
-0.215779
0.755576
0.476458
-0.382284
-0.735797
-1.284010
1.401467
-0.416869
-0.397323
0.505806
-1.292850
-0.231688
0.110704
-1.286274
-1.371430
-0.798871
-0.627121
0.395686
-0.244166
0.404360
0.210059
0.413388
-0.623058
-0.114547
0.925837
0.760379
-1.276339
0.384183
-0.081732
-1.608817
-0.760178
-0.414250
-0.209066
0.333313
0.981069
-0.353101
-1.275863
-0.270786
-1.279200
-0.786623
-1.166221
0.642888
0.546214
-1.337360
0.550854
-0.345620
-0.295639
-0.782288
-1.420001
-0.244902
0.654912
0.301142
-0.184979
-0.243923
-1.204205
-0.830189
-0.213465
-0.332640
-0.223689
0.032535
-0.259986
-1.320962
0.464690
-0.670816
-1.326977
-0.399144
0.772983
-0.018411
-0.781009
0.853240
-0.106510
-0.930226
-0.973948
0.095603
1.406345
-0.865289
0.569869
-0.655104
-0.283589
-1.293480
0.391561
-1.241562
0.424132
-0.200954
-0.619106
-0.049866
-0.119059
0.358333
-0.940375
-0.104630
0.499874
0.372522
-0.702886
0.752894
-0.003710
-0.128436
0.159211
0.798655
-0.093154
0.111870
0.795653
0.106947
-0.203102
-0.413619
0.560814
-0.189233
0.571545
-1.243722
-1.013408
-0.976828
-0.106503
-0.968651
-0.617005
-0.658193
0.406744
0.405510
0.400679
-1.365402
0.548905
-1.264287
-0.899845
1.066759
1.273817
-1.269763
0.903504
-0.001189
0.579506
0.803582
-1.312196
-0.054319
-0.532896
0.829628
-0.137385
1.031887
-0.305982
0.587616
0.898143
-1.288350
-0.385562
-1.334248
-0.306070
-1.257538
-1.255459
0.672628
1.056867
-1.227477
0.371100
0.995839
0.513738
-0.323415
-0.306313
0.557394
-1.222447
-1.271000
0.272480
-0.093433
-0.041622
0.237784
