1135.273340 1545.208106
1049.476136 1218.302478
1622.748648 1952.703499
1102.073954 1408.547681
1406.926148 1340.084807
1223.649066 1356.090627
1668.029684 1456.060512
1232.325108 1234.406843
1167.965456 1445.942507
1031.436572 1424.221977
1330.300879 1332.983256
1162.618843 1483.969163
1670.351062 1731.172334
1133.403242 1132.381691
1006.962245 1324.884851
1691.680027 1703.084197
1246.207317 1197.176020
1080.795145 1209.974687
1610.066783 1911.256192
1644.527485 1401.636244
1065.836759 1542.029622
1614.292983 38.344823
1149.080763 1189.724718
1672.983418 1615.513443
1039.253877 1514.477883
1707.402723 1672.081317
1059.666325 1399.125253
1000.848787 1453.370635
1666.071890 1563.610249
1632.749966 1674.457070
1045.843064 1188.895143
994.378057 1279.340498
1054.814090 1306.338672
1257.289287 1430.149194
1644.131591 1913.435523
1175.149114 1384.160363
952.761285 1288.774364
1127.167671 1451.788804
1030.284831 1326.172816
1134.699792 1384.894582
1098.782274 1332.066788
1217.827017 1254.096279
1167.357808 1315.868628
1642.522934 1359.528251
918.626187 1349.237077
1181.349411 920.133516
1158.542153 1412.913687
1268.296254 1110.125965
1200.471190 1337.065102
1107.532419 1232.662403
1309.836550 1240.868377
1192.023764 1458.546338
1029.818673 1485.469115
1078.545289 1306.405848
1327.962626 1312.669468
1689.892670 1280.389880
1313.708632 1263.501072
1168.023301 1053.840908
1260.100586 1390.255556
1619.492373 1794.354214
1276.799851 1297.585530
1627.967395 1622.024996
1655.535248 1287.561080
1063.801726 1366.132556
1339.150059 1228.045349
1358.148073 1261.978796
1107.373430 1196.174548
1193.545149 1246.262479
1643.472232 1590.448550
1313.883776 1145.925695
1188.086964 1497.848177
1650.789110 1325.790770
979.894818 1423.522186
1073.934903 1365.485339
1640.184803 1714.203232
1260.910156 1246.006060
1103.792288 1389.562085
1414.963593 201.067932
1128.437526 1304.415318
971.318277 1301.707693
1295.386013 1378.201949
1653.502950 1794.798217
1052.338542 1506.603088
1127.553305 1306.496404
1068.552340 1437.637372
1038.230004 1454.951887
1618.693142 1993.778790
1146.122266 1201.133790
1323.107444 1425.447601
1150.691198 1413.110520
1171.686531 1351.759408
1160.924144 1230.039733
1082.431089 1307.943927
1668.727647 1251.854196
1256.741976 1277.148326
1271.285320 1307.856605
1298.485659 1234.595991
1052.330690 1478.580581
1117.152655 1167.662620
1206.501090 1383.226130
1175.098954 1108.396872
1146.170501 1356.576211
1078.401677 1533.547080
1173.691906 1315.742515
1249.699239 1329.696674
1075.735342 1389.128038
1134.271089 1354.504994
1178.836757 1397.679163
1104.076365 1234.271578
1291.790787 1429.313565
1165.180225 1469.461606
1260.468686 1360.100441
959.291305 1241.176540
1049.852743 1279.862952
1195.029233 1182.841019
1217.609307 1291.566512
1667.204377 1679.865174
1030.865234 1553.092620
1115.113635 1503.195762
1167.306548 1328.881784
1134.908092 1472.218670
1233.293167 1431.339823
1258.487561 1351.531765
945.026276 1211.036237
1037.193078 1387.461939
1287.661023 1201.687981
1109.114901 1200.224072
1235.500942 1145.184735
1303.287138 1394.627059
1350.445667 1299.104369
1330.850572 1358.856868
1221.169233 1312.614569
1114.866275 1348.896186
1196.971044 1439.050985
1182.860379 1277.803007
1174.120265 960.974776
1253.109084 1170.759276
1651.939262 1830.782809
1123.488923 1435.674723
1055.727917 1255.649050
1677.321286 1356.797984
1298.100563 1272.752256
1654.748432 1647.136659
1154.469447 1243.131643
1284.438197 1142.647623
1679.857405 1398.706378
1616.835584 1832.816886
1028.217498 1389.409790
1078.618781 1155.109440
1059.521309 1481.923392
1171.054045 1410.484142
1286.962708 1179.514665
1100.836795 1432.243817
1211.024257 1323.289936
1367.103234 1404.538194
1382.562091 1375.612656
1177.591752 1293.677374
1217.982021 1209.734072
1232.919027 1392.702295
1169.230648 1008.042115
1141.580355 1029.854389
1642.611514 1761.167034
1104.988660 1521.888915
1077.905517 1360.150828
1176.415201 1370.456178
991.528276 1325.032344
1613.609084 1869.456610
1147.753559 1508.564418
1147.124163 924.501194
1120.203345 1458.308189
1226.965243 1474.322212
1169.368555 1153.196524
1270.933171 1254.068495
1146.893418 1277.992958
1231.636810 1438.080029
947.727814 1369.404510
1648.360258 1872.713385
1234.371812 1274.119447
1299.140489 1328.025083
1131.286274 1393.153959
1222.538106 1346.752918
1014.244679 1188.641418
1001.506703 1405.677667
1176.672752 1175.474331
1068.897784 1424.300309
1117.051967 1270.521751
1109.228488 1392.975165
1149.746694 1084.150509
1611.259954 1745.612337
1370.856183 1337.984447
975.003329 1387.660105
1049.504675 1341.187664
1088.606237 1459.098432
1082.536206 1494.116041
1203.371131 1017.420921
1004.096213 1365.419237
1675.803079 1766.848106
1219.570455 1223.033896
1683.898402 1314.806683
1691.431263 1647.179513
1923.715181 475.514938
176.934509 743.765028
732.430099 431.385149
1896.323395 244.262525
1874.477120 348.714697
830.236583 601.172897
711.342325 459.154519
315.013952 778.207413
1185.254302 1619.583595
600.087602 509.168065
1939.310525 332.465553
649.124675 544.837900
1835.375148 428.317877
190.623546 778.967003
786.668037 359.015794
1899.549881 545.860179
194.842251 644.627065
1799.556523 368.651088
259.363896 669.604382
1862.270109 264.301517
639.238937 465.709290
1032.996244 291.155282
1898.851100 503.739141
1125.804225 258.518524
1008.245046 869.993647
86.083899 659.065822
1105.290066 834.060621
217.426202 837.474898
699.038785 500.048467
255.859381 817.640993
1952.101216 296.921839
735.450023 395.186328
118.716091 764.508089
1113.484234 848.670619
690.816382 468.483525
296.980652 794.583351
626.745668 533.660854
930.256349 329.719608
1207.430559 913.458173
239.255334 761.363202
1111.938156 972.887096
1885.375790 433.540579
1177.830785 922.091972
1902.844276 614.157119
758.977986 454.113766
1969.581404 636.183131
159.295418 567.606070
1144.833732 822.674818
345.543603 687.184310
845.920613 397.089335
1047.532681 778.720948
412.828845 929.879416
218.335136 734.682239
1088.145762 886.969458
292.982977 723.759978
1151.097675 997.662539
679.428759 591.812044
846.381997 532.021785
310.468154 632.288740
767.203935 415.732358
718.351093 468.823937
514.156940 567.940201
1946.941971 554.399061
1803.727148 423.045819
855.346615 576.234654
792.662741 483.364048
1000.934495 753.051157
305.146030 756.897897
1173.356516 970.605255
820.008968 508.519800
207.118256 664.832349
226.145685 728.782325
221.360879 589.818550
254.843767 689.982573
488.521679 599.725424
682.994547 552.919196
1206.621979 1021.277463
371.581263 913.292783
1104.032864 888.722982
410.165311 580.796372
803.175442 425.827285
1864.243358 229.099599
257.322102 719.486186
1860.677799 381.026723
625.516521 608.965236
715.750268 597.093289
986.082911 809.605306
1929.821070 252.277840
197.163080 798.147620
341.583785 583.661050
973.960218 775.054568
1888.797845 470.082200
1965.774137 511.185135
1080.175671 951.029550
795.757652 392.198940
1871.338249 525.383704
1889.762729 292.778170
1851.473599 313.552571
185.055632 718.853008
1888.414128 314.125738
550.635319 575.170787
324.482953 716.406273
1820.658933 390.312998
676.646781 416.332101
154.216414 642.222229
665.946505 447.258849
798.928333 543.138755
747.403056 543.958041
1858.642650 558.661757
754.929310 613.995041
1909.168007 349.721502
907.770411 679.173212
243.240911 643.867636
296.669914 657.084385
650.862971 497.651754
1826.263177 335.873506
265.294439 704.752853
1853.716909 468.197415
604.760843 543.262739
604.276559 580.231963
1891.946284 391.510678
1919.219841 423.346729
248.723324 593.688125
1168.474288 1034.382401
951.882285 730.247890
818.901467 369.182480
742.919482 483.557881
265.915805 626.232427
291.945528 602.339431
640.004131 588.570987
1858.554616 395.378594
1106.599661 799.664621
119.370143 732.207162
186.927829 716.233803
756.783255 548.515292
754.112234 345.302413
536.089023 513.795689
1141.925980 912.184620
1001.539772 311.483981
1076.272042 853.644267
395.997279 527.080513
1217.539571 987.451641
341.247440 620.622714
1013.626508 791.934706
1030.632973 829.295416
143.565101 776.406335
325.703386 667.709197
1141.163445 941.794993
618.463359 497.767515
162.975991 683.035269
605.685311 439.738988
1079.707983 273.892418
1054.383622 880.767763
589.180808 474.572495
1105.724024 920.231168
234.151603 823.717299
298.199099 685.738722
687.575338 496.114915
356.142225 652.308735
1882.508505 585.646885
287.127127 825.286716
1948.045719 386.530077
455.629808 557.623942
135.211642 702.374635
1907.313674 364.654463
571.192026 496.638837
583.110474 548.562506
1186.869525 1004.063009
193.597059 608.051847
651.372762 375.718808
350.526156 768.921613
426.291083 611.879070
199.826081 703.383795
1193.241932 234.322690
1036.121566 910.715514
1074.057549 916.007519
500.057853 533.800460
420.547553 549.816909
703.765670 432.520981
746.185563 501.848526
943.349894 684.786444
879.829227 652.316251
146.479345 608.640044
659.155302 564.941236
551.001210 542.533765
366.244905 729.715245
1063.966317 820.224742
722.357878 499.364787
692.985786 521.153851
705.674701 563.736906
640.244136 422.685852
11.864857 585.449372
771.064270 581.233822
211.076393 745.376457
274.386844 764.909810
248.970640 754.798531
799.499870 618.489055
589.913312 597.616572
683.960930 388.588770
455.446607 588.259963
938.101288 1752.886734
838.561980 1823.673885
827.336364 1794.274438
959.318642 136.725701
916.604476 113.783846
1070.303720 165.851219
862.213027 190.302947
770.806622 1766.119724
941.347995 160.950107
893.595266 146.093346
1095.886502 78.809060
1051.250591 40.248083
967.028949 1725.927983
1015.168917 47.589362
765.929361 1856.781128
1038.325697 139.915595
822.497683 1693.083860
801.260071 1898.205369
1081.802619 214.746743
872.601494 203.929823
942.983338 1808.776942
1037.714149 292.880169
1089.956779 143.851115
944.906271 2.485377
988.604692 254.812241
807.368821 1726.351922
1060.388915 103.133806
986.953837 132.855993
1144.166745 196.232215
1066.718878 267.806919
1108.645794 272.483597
815.670297 1682.847392
981.341214 1855.844564
1004.973731 229.603538
917.660142 1789.267454
709.811586 1780.474519
858.200099 1781.215404
920.295156 79.303240
855.200257 233.540135
905.374142 1865.471463
1134.976600 194.781855
769.666095 112.687075
845.508560 182.087685
808.801367 137.380296
793.110002 226.820541
910.628183 1639.175561
868.236676 1802.327798
931.721358 211.250184
734.771297 184.953607
913.932031 1739.773370
735.668960 1799.813749
775.662530 1764.768668
1142.216827 127.657795
951.300265 283.281848
847.870160 1716.720495
1070.253276 274.199239
1043.956558 189.849807
674.940155 1685.048480
1013.743244 372.409466
1000.710807 296.787261
941.386411 361.791941
680.307299 1772.108747
1030.241214 264.118771
888.866567 295.389579
821.153476 1918.757185
679.542669 1734.093472
981.222074 315.957698
970.050530 287.708638
1079.304753 250.566110
903.055927 1793.403987
1003.906169 164.402401
908.567617 237.676187
919.608847 1730.918512
709.565124 1714.694686
812.225909 1648.668914
783.912476 1624.139100
1003.372294 134.532323
861.563303 1641.496038
867.715077 1946.747382
955.648466 78.311758
885.214781 1753.693281
883.588985 1775.470485
894.741554 363.696188
900.788160 1672.516073
852.607532 1848.815496
1106.866626 166.060842
934.255593 276.697173
1059.085607 180.055988
1031.150772 326.609586
1019.788680 164.454470
890.253993 1948.729361
766.799249 221.641199
940.501051 164.386381
704.054316 1739.891065
981.889766 370.953827
805.391781 1858.066974
953.059935 116.173900
909.543220 180.813376
905.712375 214.091979
744.530520 1695.560899
893.789576 1700.026694
793.914002 1591.331351
1043.514886 74.811257
1107.307602 111.893534
758.776226 1609.576501
966.552704 337.933573
801.357235 1832.957182
830.443730 1602.431104
950.645235 242.275187
954.672935 51.938977
829.296054 211.921339
875.382302 1681.014309
970.331103 171.815955
998.254207 235.601144
1014.260346 185.865414
837.968853 1614.137710
1038.170793 154.560226
720.921866 1864.356052
781.124470 1662.344847
744.848916 1679.008923
1162.835688 167.941964
894.061580 1839.878340
742.469698 1757.985546
991.476983 1815.381513
896.817185 179.238954
928.039667 307.504490
1098.794324 240.475869
1066.256354 349.774708
994.334484 101.390740
901.724045 1797.160167
1041.735379 221.408117
837.225217 1968.057716
776.395069 1707.207405
963.250225 243.471571
758.601460 1821.546507
919.457977 38.437264
840.567863 304.161716
873.503988 118.713409
1091.055719 178.092223
1013.073968 238.677746
787.172031 192.285365
841.200884 127.375148
704.795579 1683.158261
754.255777 1663.006009
674.177473 1673.093460
723.827035 1643.585150
716.694701 1609.655431
779.401718 1657.187773
858.743856 1675.252211
813.284961 252.947220
958.235454 172.071433
1074.608331 122.385587
837.257040 1745.763055
862.365416 1803.520007
940.000268 1727.533992
970.982616 1773.432435
742.691852 1732.758045
830.835440 1873.399000
1009.190193 114.178148
839.288135 339.400264
989.787768 273.082585
881.466403 1706.876147
926.879520 1695.528175
805.617871 1736.054983
853.556005 83.885352
743.441404 1884.596283
820.782436 167.321394
1083.921683 305.533507
980.980565 208.269103
1051.490648 232.379382
932.550983 1851.823604
1076.417889 213.632099
941.662178 209.742687
1133.068440 158.175009
929.778980 270.020280
755.469796 164.969098
917.472492 149.243615
802.823670 1801.235045
866.094198 156.139569
918.556291 1898.453445
956.137914 1769.192952
946.709516 245.201972
886.197125 83.423839
787.291207 156.904910
864.021265 273.841177
870.782087 1869.603995
876.295178 1748.222882
774.078226 1736.123740
1036.952967 192.783689
784.623107 1798.649710
994.818435 197.908904
889.574519 1843.429862
1102.891614 147.877994
821.804962 65.993425
984.783335 165.763606
998.964662 85.847005
678.968034 1590.364572
893.646904 200.909852
1144.271622 240.829946
803.334084 287.366080
1582.418466 482.582884
1855.574133 409.142278
61.900006 359.525186
21.773776 404.881987
1433.729555 565.057579
19.865132 345.885599
91.476599 401.944089
1117.313181 677.299713
1207.043603 712.072043
1795.085057 429.319276
1551.458799 616.570350
1562.112056 571.902285
854.721472 970.771342
1828.284104 218.784999
1744.403058 450.564329
27.878119 439.778452
1972.624686 349.886966
1639.233655 545.688698
1778.102887 498.896657
1809.273759 468.529031
1103.725032 756.786009
1756.389159 355.295931
1379.685925 648.540097
1763.044303 275.019971
1939.138586 449.424901
1831.146687 374.907642
1647.721838 643.310107
1964.392361 362.864887
1667.474398 463.124609
1694.889632 484.105270
0.993309 379.114375
1587.207926 563.765840
1053.091644 804.703526
1640.190916 510.065954
1768.555891 395.315916
1311.200218 679.909022
890.015698 969.889315
1864.392306 477.875084
48.375021 391.439536
1573.091004 532.135905
56.642184 299.375315
1905.678489 341.120222
16.825541 359.284536
1866.987820 512.985486
1733.887000 490.049623
1995.105257 402.257925
1969.205872 396.415340
1618.096328 474.967409
1962.559762 502.340364
1941.533884 244.525805
1899.644262 335.523176
1673.103035 496.997527
1785.813464 184.393743
1923.760107 407.474133
1896.503863 188.377321
1721.856865 382.587321
1538.611166 543.835350
1593.509506 453.646323
1990.759198 210.772564
1478.418419 604.980295
1918.287589 232.740260
1895.712212 383.210830
1962.196034 286.746776
1673.179781 544.842251
37.693441 273.014484
1949.609100 204.363928
1910.612846 437.888999
1796.463007 534.590957
1148.062125 694.096873
1173.396719 704.838416
1826.066821 517.974691
1074.230040 741.354985
1497.219127 524.479604
108.347373 368.446156
1792.960506 354.287199
1098.522219 823.353943
1905.809734 492.450805
1249.438777 622.625302
1809.723010 411.526524
1863.029354 216.452545
1205.547702 676.874500
111.280898 344.307990
1503.105633 549.694141
1664.142556 528.522949
1627.398556 571.070916
1443.101352 598.739288
1524.368328 640.605525
1897.767409 279.833645
1954.624866 483.510524
1824.705581 265.899819
1563.029666 497.820160
98.520553 313.225947
1937.394689 358.208658
871.125526 938.172009
1928.918031 283.434326
1285.093928 612.228934
1474.317282 572.938172
1628.141932 440.330040
1833.485460 328.299350
1910.103849 372.955323
1883.200016 415.933248
1738.072493 322.281954
1828.361420 425.961693
1783.592333 240.184910
1677.168315 607.792703
1835.448181 292.216075
1134.460464 759.697832
1857.575750 243.763278
1907.445882 506.827873
1893.468227 304.117119
1687.545100 393.809424
1602.177448 525.580972
1878.033597 240.137961
1534.035518 519.674632
1315.552773 587.921856
1873.712589 380.963376
1950.164189 304.874822
1054.828568 770.290850
1507.989932 598.115641
1202.721110 642.283560
1869.963287 178.288194
1842.336680 178.743304
1701.804367 515.428221
1901.266374 221.821840
1913.421028 329.183568
1983.645482 285.832739
1101.651660 719.263423
1851.058411 334.234537
1796.287491 275.692339
1634.478991 620.307732
71.048073 334.658669
1931.281510 200.612863
1875.664585 275.020475
1492.811478 636.964727
1136.415813 725.535867
1901.388370 439.294782
1801.250670 352.836326
1980.239897 416.278867
1857.404941 451.390756
1765.399939 436.618841
1926.572845 309.147113
35.269112 474.914482
1774.581274 473.989371
27.206123 415.314946
1280.352153 583.351023
1885.737848 371.074855
1965.583318 458.806316
1948.694276 369.018309
1712.246819 546.325466
1378.643110 612.450025
1403.697398 593.071796
1460.670682 540.557733
80.467537 278.486539
1531.836738 484.317824
1237.727519 691.528484
1170.648501 666.641559
59.410087 427.706755
1344.601257 644.313225
1270.536498 721.454301
1420.230847 625.478442
1456.777276 630.671108
1803.057338 315.841029
1463.606907 482.122327
1650.924975 585.695487
1934.242282 415.537348
1883.008282 321.014766
1920.139948 273.022763
1807.815245 386.635136
1687.623674 572.880737
1839.626614 412.670792
1275.208851 687.065422
1980.048346 466.963883
1255.593499 658.582702
1851.048178 547.430295
1957.935879 323.486934
1876.059301 425.166763
1711.910325 463.309664
1695.427768 434.206591
1752.366012 518.166852
1299.078990 645.035779
1964.879451 431.616015
1705.326602 418.158683
1999.408937 315.853794
1344.445206 608.707121
1612.239272 593.673312
1818.137765 463.094978
1636.248010 475.195647
1662.804160 429.409755
1174.006128 740.002811
1844.403352 487.632193
1532.343352 555.128878
1976.173699 254.030037
1962.534861 267.271868
1607.077155 514.822398
1084.960101 787.599610
1737.373340 414.731827
1886.008400 578.462117
1940.321873 374.926355
1866.294078 357.457805
8.468882 281.295270
