519.821624 218.400437
1799.827498 1939.563059
393.939492 79.301060
571.121492 54.231092
499.900599 187.685509
301.076348 182.244561
1766.437549 151.162886
1950.025678 34.001610
1723.631660 282.916366
544.406809 13.392797
547.522013 103.920289
571.096830 145.600204
259.443185 1953.550175
1858.277829 1879.734383
1869.116898 24.001031
1783.950132 102.648753
462.241977 17.216203
1817.508899 81.045402
453.443483 119.968873
335.241107 1341.875448
489.871981 156.716126
521.066450 164.371204
1770.205878 1921.586776
1770.027724 1893.606773
415.457750 121.694555
343.461266 1999.123391
492.124586 126.442478
490.893209 125.398965
903.362955 1632.689344
282.084474 1908.847170
1831.474882 1909.913756
493.615369 1955.786931
465.641781 123.342527
339.659353 199.495821
299.826985 144.505302
1832.010840 106.630254
1873.837066 1964.165561
1802.117248 149.126328
412.161509 1988.282597
1674.372199 236.981573
1844.559557 55.414085
1813.885102 199.520044
422.962487 64.118431
416.066282 1337.307266
1834.698816 44.681078
437.701010 1271.103878
1738.264471 121.341228
1853.163252 1940.577389
1685.743679 125.949276
1855.075484 124.705077
1762.205591 127.718357
433.327751 156.560899
529.766070 94.988470
261.149226 90.303702
416.581090 87.724771
422.875213 1306.151971
480.127793 21.352458
370.636618 1328.286871
405.276003 220.503067
287.959142 32.162163
1919.269143 113.870158
1809.421661 63.939571
437.705805 1357.805769
1717.511613 74.431679
419.968427 186.834311
392.513640 54.523900
1792.071437 63.667275
459.175470 53.405055
1776.919036 36.326954
1944.686103 1971.065871
1692.382538 269.595035
459.835303 1332.224374
1917.970836 30.397760
462.679668 159.504133
1664.558922 63.643387
1766.134296 202.493132
452.193304 88.669957
493.805561 304.550896
509.799095 1952.737760
1904.631302 34.858312
1698.759720 160.065075
251.307315 45.885482
527.111329 131.674353
1894.522144 1977.196119
327.772760 1940.750253
1904.092586 176.546810
551.080838 175.011314
1902.547967 66.107725
530.572313 59.034016
321.722095 25.888177
347.841723 173.042471
1806.510673 1773.133865
371.188779 1981.196664
355.722633 1291.538316
1850.768014 177.550791
480.704951 77.862930
404.315987 1977.810580
428.260990 230.985107
1886.334247 62.788764
1762.956936 167.231695
413.499911 1380.112173
595.345780 63.129051
513.482509 48.488644
1722.949927 192.856423
459.548042 59.068042
438.943061 1953.798184
509.803985 22.082731
1759.626847 99.492171
1795.425094 1960.365214
286.146069 113.522646
1786.323934 179.872915
489.005171 229.930486
1740.474591 25.833989
1827.847751 1955.761359
1881.185277 11.455666
1741.395111 240.890586
361.642082 1965.477608
592.691292 116.851042
404.172844 133.129162
1957.241515 88.428897
518.181303 1995.336724
516.400162 95.359954
417.302769 106.397380
1890.606039 1887.942338
344.020601 51.431385
534.623493 55.284299
1796.116404 1856.307569
1802.662591 1885.059531
1776.017309 270.575667
342.424187 151.348805
467.802898 129.243749
1869.426340 101.470690
431.144535 52.258321
518.211112 61.065771
297.920004 1996.913333
533.309817 1271.771238
1822.873986 1978.400616
409.290104 20.614654
1738.513392 249.441006
1793.209817 1819.560528
490.474039 1361.360677
1731.612979 188.723795
1795.085764 1999.502407
1842.863916 80.420342
1849.036030 1996.466382
374.884498 1319.220274
350.560632 94.882845
353.883655 104.837581
1772.113292 1771.916777
381.020359 205.676694
437.089036 154.256100
420.496697 16.849856
325.631694 30.677021
1838.178239 222.657137
390.988846 160.485760
462.881111 221.819285
1854.647612 177.746444
293.572864 1945.615960
1819.661631 140.449306
406.559311 1341.702226
441.844572 1392.032970
1756.774156 217.643465
529.047367 134.064345
322.176425 73.182853
320.240712 128.079345
1843.986842 12.886508
372.991752 128.188041
533.902061 203.813349
401.691748 1282.221021
349.558811 53.937681
400.926451 172.791374
1816.719418 1720.233286
417.118410 30.827749
339.812356 1906.974220
504.292904 164.856770
1917.773824 1.140374
315.396154 170.038146
1883.991137 135.674442
380.665334 112.015971
576.835915 86.039613
480.535765 189.040924
1828.822372 1816.325398
471.391513 53.898588
1867.344707 1929.121003
477.774036 22.781218
377.677271 1937.795687
287.542186 72.843940
409.227930 1364.997467
436.239351 12.429877
381.156043 69.147751
1712.175635 211.112150
482.374704 1980.605616
468.927783 188.064880
344.157260 144.082077
1840.518513 1764.681558
323.140588 1973.936978
371.746563 70.423959
1898.729692 1938.919761
515.933797 1311.194904
1800.900018 1906.220505
156.990719 250.063452
1874.761886 447.056468
164.811739 374.728511
222.229578 405.535388
1962.224235 329.971272
1889.433686 1018.888221
217.469269 319.245555
1886.491879 1062.582359
1723.956695 411.672692
16.154651 305.286752
304.650670 344.738432
123.230602 302.362922
1851.040885 399.453054
1667.403760 1134.826696
308.293063 220.257821
269.686188 202.334003
1741.172536 1128.515348
1913.613700 287.694260
1940.392745 1103.243137
33.428876 1053.752214
1787.465455 1110.510065
340.784217 198.412583
102.326452 196.493688
389.803149 330.119876
1982.953845 327.150155
1719.121729 473.952952
1992.578756 423.309499
1719.928411 369.183769
189.822196 271.037051
1696.027574 1071.181678
304.670397 316.764973
239.188342 277.887698
1787.298312 441.205442
12.590156 350.678677
66.553652 288.398504
1820.278506 1133.794105
1864.633962 485.416337
178.179617 1287.838716
218.544315 317.675842
1756.939345 442.542974
1834.651509 305.298726
96.976174 299.774532
1979.047216 1032.900140
247.661371 199.224731
311.586315 283.882779
222.587775 281.941606
1769.753437 1184.780111
1726.910889 1057.864750
30.645473 970.554246
363.269651 200.338337
422.065854 310.664441
1813.450138 514.914426
1724.204026 1205.393827
1799.803811 1112.304636
1990.793942 976.414110
1936.142174 1020.520394
1709.347678 1031.459253
1849.639226 1118.367386
209.925291 368.544531
353.189488 342.207260
1712.112127 407.657132
1842.259322 343.620989
147.801595 282.631203
1847.636983 401.069392
1809.633591 1062.814121
1747.152090 1061.210923
1875.166706 424.582568
1837.990975 1226.652389
83.113832 430.395578
1814.624624 1109.549787
32.253842 412.497598
1754.391586 1103.166512
1847.933034 436.026866
1889.440796 997.851186
74.949343 1132.213933
1750.248744 1180.204681
339.414308 269.454475
1733.430118 444.002863
85.872384 237.993815
1935.131287 342.046422
335.369560 240.133559
217.812425 218.602979
1966.817778 461.017711
59.624521 400.829455
1783.081920 433.380595
1735.537614 1140.954560
1905.980384 243.919719
307.979354 184.256693
1753.230753 424.145911
185.216668 308.077386
396.860493 284.404651
141.562645 349.885699
111.397537 341.862026
1948.249708 500.425268
367.312818 300.498505
155.548583 178.569333
282.173890 322.591807
1692.233567 435.713543
1817.939282 423.632133
103.218724 1204.573349
1986.018547 409.183479
181.551369 343.849077
41.083198 322.961821
1939.241980 1069.912067
1692.397431 1188.078085
1813.077194 352.673720
1757.941619 1128.772434
1703.139817 1128.870518
193.939528 209.181013
1820.280532 1165.227505
1828.235218 454.555002
49.798280 1157.357568
1902.161742 1029.091517
152.311533 319.051413
1915.635049 331.205713
256.584414 313.819809
1918.018610 1148.384716
78.291312 337.492556
1816.235079 637.269269
47.847635 251.912779
1981.440015 364.920442
1854.468150 1055.752132
107.719012 372.147316
282.406951 251.044625
108.755778 265.730096
400.106712 213.945781
239.316737 245.042161
36.475550 449.564105
91.206525 333.479615
1851.567270 377.629402
1777.775526 1145.188774
1913.058831 492.524837
1827.137180 488.471452
1672.506297 1078.488331
1942.990063 525.793366
368.948739 255.753862
1764.552996 402.933585
1766.906413 1086.379226
271.267742 158.223374
1946.693364 480.127538
26.214776 1182.213087
298.832369 250.750235
216.820502 356.150955
408.517725 381.904492
1874.502730 298.914657
1904.652121 363.687472
1935.947605 1118.619984
1806.163888 1028.165567
1948.267756 395.157175
41.690701 281.702292
1774.527810 360.398006
392.388436 251.242870
47.939764 356.574909
1940.282514 417.002957
1946.096173 452.434470
1712.238767 1101.305971
1852.319142 1191.665480
65.534742 366.650317
190.308076 226.166791
1927.201788 991.511575
1923.937721 471.257449
1855.071778 1028.096210
290.508891 385.521590
1787.668565 1077.717852
1873.851903 324.977651
1743.686519 1005.901944
1859.618309 339.058105
264.802053 255.520576
1946.818141 362.557897
25.383407 383.035102
1998.558881 1047.934509
1767.551322 518.720749
1912.966785 398.629358
1804.511739 460.538684
1983.464504 385.473601
1898.125602 428.802996
1760.624475 352.514394
333.020929 317.190433
85.440055 382.410308
1787.358707 1059.303915
297.613313 278.700990
248.868203 362.081940
1843.987632 514.407885
1834.586117 476.995696
1772.957970 479.893465
1861.151945 1157.418462
1779.548957 394.687276
1783.056865 1215.230563
1819.562058 434.244161
1746.750858 1169.202103
150.267466 216.400347
1855.376479 1155.019802
1715.566699 1165.694987
1902.969416 440.407829
1860.098458 1087.027502
1903.598880 1106.950180
159.654214 280.268878
1830.543063 566.449816
1921.354410 1060.129861
1812.921184 390.030503
1295.968020 1861.068568
1192.795392 1961.833541
1195.230909 179.895670
1205.271164 1831.834370
1074.574583 100.506253
1430.752134 1774.209109
1185.131492 1938.495173
1092.916480 1893.199101
1132.467696 111.796225
1120.175733 1881.254005
1509.292811 1689.080043
1548.462053 1787.333403
1307.967963 403.220537
1307.407589 330.758182
1075.026427 1938.389010
1435.486438 1770.033020
1022.541851 181.803639
1237.460391 1847.409977
1259.663141 242.478546
1110.776540 1823.825501
1263.977721 1795.101115
1294.963752 208.486099
1535.067710 1760.378355
1301.457210 1858.861475
1269.449114 429.688677
1262.695100 1962.758388
1384.271577 1715.117931
1252.738402 1820.298287
1538.656968 1720.100572
1285.025034 448.284441
1444.170602 1660.299183
1037.136990 263.893674
1386.206812 468.064953
1250.915406 342.936868
1325.687482 500.615682
1075.130643 158.235377
1257.020296 1993.479621
1404.400489 1911.415252
1041.757655 1888.288988
1289.148725 363.778393
1353.729628 475.369816
959.322186 1954.559635
1069.721061 1833.955197
1016.954538 1910.357368
876.916974 1942.106045
1343.579916 1707.456399
1243.087537 1877.381622
1255.639986 1936.741608
723.288105 121.622776
1186.515793 262.861671
1100.393985 1856.347084
1136.763048 219.984483
1350.388104 412.421310
1162.045827 252.582934
1476.561206 1730.382384
1205.652266 304.576359
1514.316633 1796.691403
1061.302387 1873.245156
1406.331145 1766.399605
1275.133314 330.090266
1237.993261 384.323678
1131.069262 1932.069502
1261.062500 1850.349314
1316.188133 404.433198
1101.046306 243.557884
984.161897 1853.725295
1372.848495 1844.668290
1221.789436 1798.167794
1482.707893 1680.251709
1307.542035 1891.570565
1241.841143 270.513078
1278.429964 330.742410
1401.020565 1694.923383
1141.619143 1987.064312
1096.063519 181.353057
1211.993399 1876.770536
1357.458124 1866.133863
1257.525129 292.051231
1154.857098 151.389948
1188.505135 1904.053797
1324.187789 1776.890509
1225.473949 183.261734
1235.373764 1755.337373
1187.469797 410.788613
1100.337730 193.278430
1359.050985 341.130985
1268.043071 1912.517537
1216.887583 244.080209
1389.930166 1791.918763
1131.844279 267.091558
1185.298596 327.313746
1040.024411 1933.689678
1105.079473 130.304727
1171.899540 292.100562
1335.909641 1925.114718
1264.019457 1896.893388
1291.144090 1912.279917
1213.068720 1913.252630
1184.065730 1867.448275
1158.071472 1794.269624
1283.349888 282.373368
1406.580968 1823.265307
1290.077027 370.275053
1318.880551 440.228388
956.120541 132.596856
1537.376781 1834.606806
1232.216865 1972.634149
1267.043501 1795.641973
1171.597163 1784.624826
1232.217771 1925.235651
1096.598674 1943.512258
1342.715628 1693.449878
1297.505587 1802.333858
1357.797066 1900.034287
1351.895616 1741.736667
1099.667814 127.446250
1354.425698 1793.997494
1002.111987 1961.772611
1137.081308 66.509223
1147.931920 1826.357232
1033.740201 1840.342541
1169.878671 206.963436
987.286534 1929.921902
1450.229383 1718.878678
1303.570183 1952.226310
1294.665772 1748.806362
1324.920743 367.379308
1400.410488 1748.026174
1201.902619 226.331180
1327.639431 1831.247835
1419.422239 1715.370172
1206.106059 1810.415737
1412.974006 1821.660320
1224.356447 1843.064801
1152.541162 285.025857
1231.244677 1785.765975
1086.965921 1971.379267
1353.031964 1806.262654
1480.761962 1844.004616
1287.866830 1817.765745
1034.476006 1981.461183
1066.440746 1796.347504
1168.431899 1980.766283
1003.373447 263.261701
1034.658340 82.468549
1177.203375 1849.024108
1148.685215 320.713102
1146.906382 1866.859070
1268.992442 1870.929832
1015.899520 1871.797693
1494.434562 1769.278931
1448.339886 1811.187730
1194.960568 1717.152432
1438.386222 1901.918477
1256.945466 369.084580
1449.002865 1822.807815
1201.584304 28.238786
1033.413851 151.539964
1395.125741 1874.934349
1080.484945 255.112666
1358.857916 382.240157
1267.708198 1762.967940
1427.749818 1859.291243
986.150035 146.548220
997.724581 205.655370
1311.326762 1781.961997
1117.384566 1957.985258
1459.820665 1749.002910
1308.215263 271.994639
1365.631953 1730.994589
1220.130149 307.367624
1409.895189 1799.779572
1148.393918 1902.167454
1485.888607 1820.596265
1236.716042 440.695666
919.640078 1915.882933
1196.283041 268.481611
1071.572707 212.424227
1163.574633 1939.210180
1396.127461 1872.452478
1347.656232 1833.566008
1117.483103 300.366243
1205.362658 1947.043100
833.338153 1942.801205
1100.170562 1766.247159
1099.672427 280.256233
1081.273244 42.088878
1090.029629 1856.415310
1398.981797 1825.931403
1127.170610 256.327481
1213.346585 347.019154
1127.831617 172.845164
1329.430522 360.187761
995.929773 89.641794
1310.637830 1839.516904
1234.326096 271.986082
950.040179 78.421365
1150.838395 1747.204249
777.813985 1939.294826
1022.083914 1938.771406
1929.700667 443.563457
356.434683 615.582644
354.588246 463.789402
465.542667 447.450942
1611.636213 577.103841
453.169605 371.406936
583.441813 529.009874
1321.403878 645.465489
1388.245916 702.670113
207.190042 441.200818
1656.253306 555.378071
1839.266428 413.808853
1122.267397 784.388269
1649.233117 589.532895
131.299723 403.243258
267.275653 319.923948
431.551062 560.382377
115.126328 405.201126
1964.679499 382.990033
289.884288 516.000914
1197.973054 667.201986
171.354851 411.587122
1483.067904 616.275230
340.595207 475.449776
345.748632 402.217333
1626.768689 621.671899
1979.468088 469.750737
1151.123933 845.636649
44.315274 380.618752
89.307247 380.824723
364.924846 364.021047
1894.830664 446.629972
1267.079785 665.774675
1164.749464 777.218051
261.068307 422.044827
1509.677524 598.582547
1256.911582 788.529222
71.070621 322.945818
441.043877 528.362748
1921.272776 503.863990
1291.047821 729.354168
1239.424033 816.021216
372.479172 418.845978
433.533903 603.627979
1955.425863 428.338702
511.639961 442.870253
420.635865 453.678045
1145.083591 809.409896
400.177943 440.483598
395.841638 482.252316
343.031782 374.215765
1978.344771 348.533589
49.080487 351.564842
482.041514 477.944324
1116.164641 848.769920
238.634852 382.267690
1870.835030 471.696249
1167.786903 727.105546
378.269059 329.889952
1727.841437 545.945117
419.989066 414.061407
1105.859816 815.552560
1236.534389 733.638612
1989.420769 370.187371
491.341803 448.183393
1216.214688 790.348664
299.573397 488.344367
480.528914 557.157486
1536.679835 559.771970
1330.089884 708.341468
1979.885531 333.629700
1137.528625 752.024743
1909.590020 471.142955
417.275510 368.996149
338.656624 535.692989
1201.050538 707.474550
446.931695 501.992807
1470.306654 581.801477
250.516798 467.598308
474.527999 677.609293
1360.337388 724.179934
568.666937 551.635129
1778.522859 546.348625
1964.090932 505.043686
1936.067167 316.573406
1610.394407 542.484517
1782.199212 511.492660
300.420622 366.447104
300.732439 419.895428
379.433857 470.991819
1100.549863 755.837275
555.761829 463.467826
311.006394 400.298589
1263.953558 753.141425
540.165653 531.763365
1584.341926 606.440627
1690.836365 558.806538
1203.856872 741.987975
513.617207 511.848888
1297.278207 813.668988
387.660345 431.461758
341.202096 590.692424
357.349440 581.734830
466.898446 404.069844
286.064920 559.104139
513.607193 607.958356
1296.081110 700.376897
190.701309 291.625885
75.432103 288.098442
233.266668 294.552720
112.730488 302.047769
1885.261189 503.904405
1310.702678 762.427266
1861.472740 437.368052
1401.770959 598.695504
173.881759 345.850969
1290.358508 697.216487
1232.581157 765.582390
1910.787991 414.518257
1437.609498 593.096494
402.371415 318.958887
531.623758 456.071971
136.555511 356.958230
1339.678935 753.668189
1080.923744 842.486818
564.708443 513.717529
1232.511071 678.679602
155.212986 316.075924
413.319754 479.857615
1944.769040 474.808576
1273.881139 799.378238
1187.038680 772.436421
1327.859715 788.512893
1482.767221 548.166164
1319.637828 674.149371
269.528218 385.430009
450.480016 465.266618
345.498876 511.667490
491.480263 417.749249
373.526423 522.079255
361.454809 306.077631
423.150091 406.290590
338.262262 337.992415
1278.611250 777.237983
1527.603707 526.020303
585.089205 485.195926
1180.882368 804.067694
499.167117 572.667359
208.233301 405.402500
1571.155407 536.473207
1545.354884 610.230111
1702.320729 518.174912
1264.161310 726.058651
1084.555824 787.053230
1386.850111 666.853611
1355.430091 682.620771
509.814676 663.421834
1466.587236 655.430722
1425.670613 662.877991
1573.712800 572.288655
1720.325961 579.286112
389.681446 513.486653
1755.905989 565.815664
1880.762320 407.957887
479.730331 514.166996
1686.591402 593.657278
339.152860 439.963444
431.494711 531.104181
163.291097 316.915766
236.487945 347.607480
1367.922840 637.073131
383.954779 353.229713
1387.860327 666.357670
26.639047 318.824926
483.622166 482.123711
469.023732 524.853132
52.715877 448.372143
107.596974 369.462978
382.766435 560.027177
1414.904259 629.259659
303.041144 454.839278
187.449010 373.998529
499.514780 383.255688
1512.242848 566.954552
224.450012 495.838934
315.213680 545.632456
1977.484634 420.873323
95.863634 250.812327
1449.173995 626.276224
451.954780 413.528235
1745.857749 519.980070
532.713618 429.891390
507.339565 542.948314
1942.449551 360.273999
1935.554349 398.233855
1502.755670 646.713416
1060.219126 813.106391
412.285432 361.149028
140.766768 252.603045
526.774590 551.654375
