898.883651 1522.640477
613.925736 1278.746985
1834.938769 1803.151141
693.075053 1374.238848
956.796660 1377.248400
840.096195 1373.131825
1892.220725 1318.361040
817.567358 1231.525611
744.310995 1481.450125
816.221194 1399.309705
743.824939 1368.269848
959.069745 1466.238510
1887.394837 1618.045775
670.751887 1067.348857
699.668528 1340.651960
1899.016306 1585.624893
828.981391 1258.219786
625.736549 1222.732217
1821.642383 1767.068841
1885.594217 1283.200759
859.189760 1518.415764
1826.525341 1888.796632
549.423776 1314.105234
1902.129072 1491.094381
677.186076 1507.799416
1933.956545 1577.084421
635.998961 1375.121936
833.641525 1474.235106
1903.798904 1439.309859
1843.461948 1558.914513
685.103404 1202.466346
784.785196 1263.727559
765.423139 1336.564975
712.367674 1457.581455
1855.800046 1769.204670
802.534677 1419.069596
632.486685 1267.779684
893.708373 1419.434834
586.692271 1356.623072
802.551994 1389.970510
722.756971 1320.959986
798.853634 1263.295141
813.968333 1319.582908
1901.498699 1247.858787
630.827704 1340.206864
705.187950 896.820433
790.876116 1412.700205
737.561976 1073.191644
834.920211 1333.584635
857.973932 1207.947972
785.184610 1303.608853
929.241936 1434.417448
654.749323 1483.247446
778.527493 1295.141446
903.495895 1316.824249
1929.097708 1183.050345
907.728386 1283.019108
718.205321 1005.379644
822.184786 1475.294353
1826.772660 1658.933741
777.698488 1337.564594
1867.674449 1499.682483
1896.872067 1171.492910
676.004226 1368.296268
897.677060 1426.088096
695.571617 1408.118008
754.495322 1179.851156
895.069223 1276.787663
1873.023045 1455.585087
788.733821 1187.351524
777.115445 1485.585733
1908.768502 1211.781405
619.073047 1424.528934
733.975365 1420.868228
1864.802556 1590.399824
822.284690 1270.604915
764.732830 1418.295960
661.934433 176.581062
848.851880 1287.059627
616.892319 1302.981139
682.105815 1472.094117
1860.860466 1656.274574
880.862114 1488.945482
597.705962 1322.865620
665.026083 1401.628623
832.440915 1436.282586
1830.925593 1844.230608
816.615563 1291.010579
873.440293 1418.595751
664.489790 1441.302498
913.793719 1356.895603
675.416491 1241.254160
706.591870 1297.414036
1923.254859 1150.689999
781.897687 1280.932086
783.042749 1326.425276
723.156899 1281.776864
921.394280 1468.843813
601.955331 1249.095173
869.642118 1359.265400
705.194391 1060.135942
880.051726 1358.463675
767.009662 1512.596157
653.998525 1339.484221
722.645391 1355.047867
745.067226 1385.185780
860.265341 1315.112976
792.847671 1444.290532
668.726819 1312.732578
717.537828 1504.880546
811.257142 1460.886875
850.033108 1504.403151
675.202280 1281.697316
668.589597 1280.941503
743.814230 1154.851407
708.066177 1297.337941
1878.100507 1558.060782
835.665772 1520.004302
752.132484 1509.026070
710.155830 1348.842849
622.993244 1463.931931
680.591017 1469.214888
777.231149 1436.132371
763.242007 1219.183757
800.370593 1382.422548
927.039697 1217.720538
655.432635 1209.368773
726.484061 1106.536656
815.297244 1424.515770
930.252599 1315.736064
837.340365 1393.408724
869.091611 1306.058340
820.464183 1297.957442
678.240802 1436.468512
741.881110 1300.707272
695.933174 941.447830
724.638144 1206.450717
1870.952989 1689.098587
786.357453 1457.697776
731.253935 1232.606165
1935.702364 1234.226804
942.006645 1291.648173
1890.947679 1525.055522
766.831519 1238.417226
765.337325 1126.874086
1920.205811 1278.284535
1836.602552 1691.905808
746.047633 1423.738388
611.598213 1136.252387
888.239690 1470.031202
711.880873 1456.470442
900.490951 1230.652195
731.091196 1418.127070
758.270881 1318.488056
903.966469 1392.446303
869.716038 1441.652110
746.899247 1292.973253
828.972041 1204.364607
937.369602 1385.132812
684.747918 994.838195
726.205451 971.717511
1851.373344 1623.517690
851.371808 1496.351700
770.276900 1344.904940
870.131110 1395.267046
641.008991 1297.336192
1828.601277 1725.004351
922.815144 1504.189996
670.195019 899.073265
728.549921 1471.102829
876.546001 1460.705479
694.501163 1120.028735
884.004504 1252.331086
744.471469 1265.534494
964.043946 1421.137846
530.561641 1360.400779
1864.299839 1728.369981
940.435435 1253.014624
843.025083 1343.661092
877.743887 1359.957773
779.822621 1355.217217
672.051873 1164.772589
554.739735 1424.324268
650.881706 1242.260466
637.454031 1407.004706
709.943437 1261.758454
598.430226 1375.229080
687.318729 1026.055024
1816.663077 1615.354970
774.403717 1378.443817
561.161447 1385.844142
827.013878 1357.171005
800.839985 1512.287274
797.986428 1479.679825
710.305940 1163.950633
721.554474 1363.148882
1890.885350 1637.006111
690.523217 1252.586393
1954.637237 1205.368153
1913.072275 1552.352665
749.071526 148.718969
97.864508 125.941225
704.458539 337.283457
367.723267 126.141266
569.230246 136.566519
283.035710 25.398260
710.311806 395.738642
185.701010 211.643065
1147.508160 507.586152
530.780864 231.743842
468.256036 126.760534
586.462416 329.637730
609.227085 202.201503
15.089831 85.196281
826.415128 260.674219
759.615705 230.497033
131.549313 133.965121
648.189103 109.521767
218.801827 85.775881
334.309981 129.448161
607.267049 327.236387
1052.906486 453.178695
743.621211 209.051724
1136.466078 540.326594
534.917722 204.303051
1953.365234 56.415098
578.373922 149.568406
47.968838 164.624468
641.529718 340.382537
49.703532 147.129887
431.655949 146.711424
705.652944 300.013981
1959.397574 113.239337
558.631889 232.010975
661.237655 374.501707
163.236922 165.890847
572.133425 359.675639
961.266925 390.236189
694.260887 264.913014
1995.004659 112.490677
523.171902 360.108408
695.194314 165.087852
662.043432 279.088439
705.698154 300.314701
743.678682 334.585793
808.355031 221.260506
79.141168 121.521104
587.923600 234.228056
303.145070 182.812366
870.867557 331.474062
494.364691 164.045359
57.421917 98.621947
87.032622 187.713759
642.876823 203.284791
230.948396 119.590344
710.032667 237.135427
53.039503 1991.041133
177.019395 80.899676
257.981238 110.925665
785.376516 333.527264
96.461639 1825.598500
474.296515 366.756399
699.621614 197.526240
634.846649 133.219036
212.935534 7.231321
138.158941 14.013690
527.161357 168.849550
223.150914 238.084484
662.348677 315.033908
174.912032 2.953856
108.198838 94.117006
87.220605 180.478729
125.850247 62.553220
141.714609 66.309557
476.039822 317.629219
592.316402 382.342792
795.768080 243.530604
1995.013798 69.383013
663.960618 221.264690
407.965122 270.635069
805.822514 367.780338
321.955959 99.223376
179.801647 71.310304
663.761013 154.411301
1994.912200 41.366921
92.196114 32.927512
492.603950 187.163027
443.388739 115.708075
1963.869223 46.486928
297.906704 123.418838
462.417387 209.813402
681.873282 250.820780
754.620209 110.711026
557.649766 300.198839
834.662269 329.403555
693.554069 182.762506
401.870032 142.923375
464.388361 164.406411
7.010897 130.670034
528.696096 136.388467
514.691199 309.163069
275.731707 152.034907
610.992226 138.242217
647.155698 278.440283
86.316949 86.236065
673.836709 313.001064
160.829656 33.376823
144.252960 1915.394516
723.907774 245.541075
167.374966 37.950988
583.689423 106.321912
368.475672 199.164166
193.843140 110.743672
250.070631 148.816568
550.786829 266.513918
363.730523 161.050653
206.656489 195.343151
666.772892 182.819358
542.935700 233.435107
533.539387 319.056286
717.538466 128.368368
700.197786 152.527746
202.406959 43.573999
731.380780 271.112686
434.910794 174.454334
844.185925 290.477431
739.889212 363.260682
222.829276 58.819148
245.891127 65.932656
63.041101 1829.166062
638.491396 184.406024
549.874198 168.077274
31.134286 148.360253
40.429020 73.256086
152.017919 93.132069
790.372302 286.567525
435.250223 221.353655
647.138077 222.512452
1022.262857 435.765420
568.723465 189.580436
361.441085 232.071823
761.791796 265.331625
310.871364 154.673730
489.187818 190.289607
422.508412 270.871876
87.748055 239.818813
255.694149 216.774963
617.870110 269.086815
553.719668 294.966341
592.792648 186.095929
494.704274 245.456958
1094.489548 488.902281
578.629838 241.260695
489.312867 235.087316
608.979889 219.060939
1994.220847 166.803308
238.920526 154.152204
615.931311 367.960551
332.491045 214.535618
660.178148 253.235319
77.572856 114.109850
681.301873 133.989466
417.127995 242.318218
83.106988 71.422770
576.518461 211.963620
531.548408 254.153853
472.358579 262.228949
750.008242 300.859360
132.151756 150.371021
600.830173 296.436288
268.170278 187.396544
409.572677 303.775558
142.425925 96.679840
1193.318607 572.209364
508.541061 265.431073
582.001405 269.605456
475.502445 284.716186
399.778352 232.774522
703.598362 361.836204
177.952809 1872.007201
402.794993 192.251182
336.837655 178.200617
60.735445 41.686538
126.536794 1877.679797
498.628863 292.964963
293.976619 217.297574
515.878309 203.136766
119.985559 28.914416
112.863295 1931.491188
98.001149 67.648565
626.853896 249.841989
706.904242 211.415535
119.082895 72.680765
52.617064 93.020204
165.406583 122.185451
195.753245 144.276416
279.570333 77.834467
19.264094 13.029774
662.194669 280.392875
441.395770 195.213499
931.538747 123.823034
808.593664 121.927581
897.471384 68.108681
927.906454 323.875042
845.853100 184.514708
1112.342945 170.318477
812.074865 246.939511
758.054063 109.416904
877.301797 200.985048
829.067817 201.065959
1039.847322 97.507953
1109.473652 136.857705
1005.765742 40.658917
985.134420 66.936741
770.937345 176.884815
994.860718 130.713672
794.547452 52.613927
860.014239 234.525296
1049.812315 167.152397
864.137865 316.484598
911.823718 241.290793
1003.041246 221.295623
1094.037174 197.746378
940.595805 235.472026
1017.049578 157.774233
878.857895 91.104737
1030.668189 135.263104
971.689254 262.773405
1121.541862 130.140750
1043.164717 306.134578
1097.561712 260.754785
829.517015 41.938573
1041.879072 37.487368
955.556713 47.399934
946.919436 1959.130533
797.845004 181.092789
822.920722 1864.185043
926.670153 220.091137
812.511496 347.390279
972.671347 160.670847
1085.142872 104.651293
716.000209 163.617752
764.104352 239.290595
720.877567 130.518196
718.341946 297.127691
911.167920 1979.845145
869.503446 120.795897
892.968047 305.091327
653.593062 80.153692
943.019696 80.588847
683.719618 47.694370
850.919248 69.816245
1127.193436 93.371839
933.241227 132.685950
899.140754 122.055096
1019.931596 221.980093
1048.952416 91.662781
685.855707 1996.403047
1049.718843 135.956840
1013.422810 325.393835
939.204277 342.713088
718.685286 72.073028
1003.327397 325.548190
876.527948 378.604702
838.236318 279.617103
676.939878 63.024398
961.606673 120.539855
940.994680 266.614348
1100.795233 67.348895
958.603459 151.955321
991.019861 157.757665
1009.099846 259.874755
961.856571 46.980785
737.173912 1974.875528
781.902596 1915.251346
736.449091 1899.844366
981.812463 245.091533
870.262208 1934.038589
897.981655 189.416325
916.148669 216.516604
921.910166 83.746769
912.992093 156.881704
902.874905 174.728266
948.796865 197.212871
865.944879 247.496178
1089.886814 161.911239
933.187662 205.885337
1016.605170 175.063047
1038.095567 263.608500
944.023735 234.713925
905.106636 269.807237
730.055761 185.754695
935.979948 359.927810
747.062064 58.110358
953.597553 419.756439
843.879897 103.772309
907.042857 221.420357
882.244846 273.429404
828.921970 305.048161
726.454451 63.586043
931.710380 63.688738
841.314023 0.193865
1063.153955 190.704975
1073.165395 35.314336
781.890196 140.290677
1027.080623 68.132362
837.364442 73.898513
790.232843 1849.400456
892.768226 343.339375
934.313275 278.068308
781.310729 173.515731
939.600857 12.377736
986.580120 188.933853
993.649503 371.873191
1007.041947 288.919695
897.561210 105.810613
992.833544 212.041848
731.861719 154.396080
804.729411 130.519342
749.726512 17.560614
35.381831 1485.642542
919.173976 150.094787
734.471975 130.000578
1005.246249 91.041616
852.518665 345.962852
910.128018 410.069132
1068.548378 250.970472
1056.686556 220.515015
992.307307 256.093538
907.090757 1944.395258
1055.297658 276.079909
847.906752 183.433029
847.699708 127.785587
907.855911 368.306543
856.469869 172.757426
861.356764 157.238782
788.687342 292.364422
823.701647 159.455169
1098.697081 239.237668
955.738105 256.726833
685.897787 241.096084
787.848014 261.288726
874.462133 134.664791
751.456432 1847.886566
781.907569 54.275085
815.032277 174.639017
815.650368 97.421756
762.020064 21.463670
775.805515 1882.599025
743.303971 212.027178
933.464189 174.574839
1067.951934 59.890230
911.281820 192.936198
866.701957 35.492888
976.788168 20.179768
1010.548388 0.476359
804.966591 14.469456
840.540436 138.242663
952.204520 225.428088
799.611987 230.226334
1017.037558 288.774469
888.525145 31.868595
1005.615429 124.878826
765.246399 81.661836
824.121055 220.307800
877.526158 312.933324
723.682763 247.364339
1073.248648 206.342253
975.091013 297.796857
1017.414046 155.023746
918.505737 150.776175
1015.593977 177.149715
858.596491 285.652636
1100.454273 97.699524
903.560310 298.482431
687.643046 121.036149
862.490651 251.716087
796.754156 86.157667
820.419374 312.926305
908.522947 106.063683
946.810601 150.624635
877.773394 335.977802
874.875252 203.157187
697.233136 191.930988
852.098248 361.324562
820.506234 1897.856619
804.608011 1879.189588
765.191948 162.982360
1022.081846 374.998556
824.518253 156.670040
954.544388 383.775802
989.738634 121.019990
1073.606628 127.249340
796.441505 216.502880
950.543048 316.093977
985.209340 165.929119
712.503020 1998.407533
834.796920 273.748085
24.315253 1616.964050
745.969216 272.972802
1615.053566 1130.955209
1896.073463 1140.676903
117.266285 1049.464685
155.559154 1065.350089
1437.980065 1167.499594
177.168611 1090.734591
255.623675 1166.396969
1127.590126 1119.002561
1229.002581 1177.221356
1841.329438 1227.995301
1580.108417 1274.202372
1579.214760 1227.273765
832.060164 1638.471360
1994.425250 1054.846193
1787.348691 1200.016248
121.230252 1171.704592
151.649690 1102.701172
1685.401008 1285.591442
1843.605724 1267.212686
1827.350828 1159.996760
1110.756403 1187.271158
1817.389891 1124.054079
1386.933592 1251.322008
1929.453104 1095.240748
53.703799 1225.605321
1943.455710 1149.227429
1687.786022 1234.887262
121.455126 1130.474646
1726.886891 1126.802023
1731.524481 1235.664579
84.591060 1075.178974
1608.426209 1231.433505
1073.790955 1250.921778
160.860075 1809.125414
1829.397223 1198.012694
1330.249178 1187.266893
866.789724 1637.038042
1996.869780 1161.350444
218.411294 1205.741084
1581.378802 1166.652290
225.412983 1157.140782
65.446204 1149.511903
154.079219 1148.092807
1947.355421 1115.519016
1806.817190 1292.819261
101.738317 1080.255184
92.055055 1033.847357
151.810709 1773.384165
125.597839 1247.003662
128.654526 1097.987302
43.889305 1132.530947
1695.194048 1144.307478
30.867982 1129.209395
81.657138 974.998349
63.421115 980.315622
1801.294230 1161.975932
1542.265385 1176.859187
177.283257 1710.310287
121.644257 1015.873643
1470.152367 1219.895242
167.271326 1252.623340
26.837543 1112.239296
87.957535 996.556873
1714.357160 1205.703833
161.408517 1047.281208
212.975807 1111.363367
80.376661 1263.915435
1879.919285 1210.027131
1161.551812 1103.370418
1187.215568 1134.436149
1935.040577 1194.698180
1082.306586 1110.889024
1504.102965 1201.291715
248.527382 1106.217711
1871.164348 1112.810745
1147.117817 1191.836620
108.007072 1280.314139
1259.096485 1116.433860
1873.928498 1210.588191
155.897842 1215.412767
1218.980150 1140.096152
241.334370 1130.299448
1523.187995 1232.406275
1679.571555 1200.017774
1631.261475 1257.769478
1442.422251 1208.527451
1537.373828 1277.518654
97.532407 1145.760428
67.039875 1112.907951
76.635952 1189.762277
151.539939 1735.117271
231.793120 1063.324289
60.878746 1072.521399
849.180544 1611.453015
21.465642 1004.137497
1293.878917 1209.700113
1467.751142 1186.448299
178.862515 1858.235267
1979.875659 1119.595827
112.520308 1129.669986
51.479530 1204.201248
1860.953184 1147.210787
1905.561018 1105.859382
1982.092807 1024.324697
1754.190998 1326.089579
18.444444 1123.724843
1165.484961 1162.507531
1980.476650 993.162573
6.757105 1211.661103
40.045938 1154.609667
1769.034540 1163.794157
1597.460894 1197.597839
39.550968 1022.735364
1550.018825 1210.949805
1318.518306 1154.909122
18.032459 1233.144762
50.554859 1021.747421
1079.165234 1159.744950
1502.215746 1235.362008
1235.525904 1094.109799
167.371171 1165.139380
29.068541 1089.879310
1750.447723 1284.765273
77.682307 936.635731
41.356575 1056.374005
179.618916 1183.134285
1110.139872 1142.033579
24.681994 1203.648250
1941.454624 1003.716996
1670.053827 1160.846897
196.660611 1062.146554
140.957355 1065.950023
177.689013 1099.639094
1504.727158 1266.410973
1158.055512 1137.363769
87.895908 1198.290776
1924.882711 1146.965550
111.713908 1212.868746
1969.170691 1188.430848
1841.204566 1231.755415
106.478732 1109.456369
141.018154 1200.970800
1809.709792 1248.985633
74.322611 1042.822374
1287.286627 1137.899556
36.288065 1185.207167
93.269250 1150.996724
154.737581 1138.979268
1768.655038 1258.158248
1384.402190 1215.266674
1393.167143 1165.448484
1469.251910 1145.761357
219.481203 1035.140756
115.702951 1740.489919
1258.426896 1197.665395
1197.686914 1097.670472
186.446685 1224.319766
1364.351960 1185.088875
1347.488745 1218.012540
1413.579314 1195.359492
1473.463397 1250.704353
1902.414473 1067.113782
1495.943823 1167.084678
1648.922762 1194.127489
1968.802354 1100.694704
48.108083 1160.537090
99.986768 1099.814196
1878.606092 1169.727478
1710.633070 1261.039556
83.156639 1215.019545
1285.413388 1173.606434
128.772570 1166.326127
1255.756694 1155.008102
1990.857592 1225.796460
141.599198 1121.534031
1970.814341 1172.376097
1755.282767 1195.583006
1768.406416 1224.118819
1889.382375 1242.243712
1329.699809 1223.557627
114.629059 1157.433590
1806.041963 1217.775000
167.478113 1202.182721
1357.941519 1147.102705
1688.935366 1311.212825
1852.480674 1186.082053
1654.374856 1109.435460
1732.399475 1168.820407
1196.814877 1168.042217
1912.042987 1171.000319
1559.373223 1246.567069
201.208348 1133.754581
219.053580 1248.778264
1642.284923 1155.063134
1118.922418 1226.468864
1820.749383 1208.318365
4.635061 1282.935712
97.495482 1194.822385
16.636495 1168.973465
208.343429 1149.576465
