1467.975153 1267.869883
75.175228 1852.118808
1373.776937 1263.699894
1778.127620 1641.657487
1238.475046 1389.969729
1725.064575 1563.829897
459.775076 1930.505437
1191.840065 1021.814032
1689.380802 1508.700687
1429.958891 1191.322135
1420.362645 1250.426682
1467.125950 1221.355034
1226.525965 1139.175163
7.828698 1834.166992
250.209819 1925.305300
1250.642597 1082.656190
1353.275341 1157.527541
1243.276759 1128.993613
1850.417848 1669.816007
236.826774 289.849240
1345.529769 1420.514528
1240.651185 1409.506915
1732.085114 1680.877181
1667.504321 1611.295105
1314.194880 1303.139425
1187.126144 1193.869006
1497.103348 1196.840621
1339.294833 1302.386839
14.042606 506.077097
1254.868385 991.941498
177.774454 1820.270612
1268.088508 1218.557280
1753.245090 1595.751120
1211.265747 1409.223113
1455.662415 1249.352296
338.701142 1963.473937
148.137751 1869.180968
1173.552083 1235.339804
1297.439509 1113.389399
1317.447835 1356.794823
1194.009945 1065.773801
1222.302685 1285.238273
1431.835331 1279.493876
149.328901 343.365766
283.789864 1944.367111
214.446483 212.281188
1219.055826 1175.563292
122.040683 1841.001954
468.028153 1964.340648
1260.742247 1110.547914
375.376400 1992.510381
1249.547817 1346.719985
1331.783082 1269.363183
1353.616444 1252.044747
1277.504236 1272.496006
246.298617 244.768837
1328.492826 1109.871732
1.009866 380.392486
1736.845435 1627.506951
1372.117427 1220.345327
1370.902877 1116.813089
1289.422015 1037.223926
21.504707 413.696069
1319.490531 1066.574536
1777.880497 1642.313862
1346.886255 1234.252602
302.799609 1960.099521
1463.190698 1170.212278
220.525168 1947.876136
283.962947 1905.473600
1334.987837 1378.316809
21.928656 345.895289
323.633549 1930.669159
1788.974572 1650.056661
1226.399441 1073.294800
1236.018289 1230.102425
1292.258059 1313.796499
1684.907750 1688.511036
1312.627943 1102.982918
1191.492060 978.697551
557.493574 1937.043097
1332.981748 1131.599475
1826.814376 1696.244711
1140.494703 884.999382
1226.136235 1013.176512
1236.163354 1196.329133
1281.990537 1349.080506
1283.910306 1082.166958
1396.854425 1197.823072
1402.121654 1132.416159
1302.065788 1281.805306
1914.661480 1755.455095
503.409792 622.898408
1982.569418 328.464575
1308.975744 1184.402294
1496.919748 1157.146632
1257.904474 1159.036178
1857.493809 1628.990453
1298.833099 997.074071
418.678556 1969.177881
305.230664 305.751998
1335.939414 1343.125436
1366.698935 1205.853886
1309.519656 1264.479612
1331.626355 1417.737469
1439.849739 1120.458745
1386.061955 1168.171021
1196.937238 1105.198180
1738.190580 1653.987209
1355.934196 1247.377309
445.794344 1993.172024
1401.643334 1398.870847
194.412873 1974.609021
1765.315978 1674.531385
263.085175 1878.941226
1363.032991 1321.161805
1324.449127 1021.255647
1295.631508 1387.756462
1429.044849 1322.599256
1223.166441 1110.708823
1466.268184 1098.042145
1430.271762 1203.893405
1369.176483 1393.972343
52.571359 1828.031249
1361.985922 1153.412528
1240.141639 1248.009429
1647.988916 1565.291397
1700.992176 1629.423092
1286.432001 1314.746097
1350.143796 1285.270657
1442.694692 1232.426301
381.283522 1922.977920
1760.050560 1558.425847
1772.022372 1613.691535
1249.024756 1161.035979
343.672435 262.676839
149.023834 1914.607701
1301.402568 1148.466792
1216.339134 1336.957910
1660.600643 1488.731393
316.674923 285.978029
1331.765740 1201.148558
1761.286658 1706.804458
1242.340777 1048.120618
175.032083 1891.592211
278.583850 261.763395
1310.174232 1238.089739
1362.859010 1183.108586
1623.121760 1452.393948
1682.774798 1579.891997
511.758243 661.105351
1395.433573 1444.766768
1284.545774 1186.494949
545.359996 1969.786691
1824.405245 1597.122905
1414.340972 1344.626903
1321.544493 1250.481852
1362.133943 1049.771935
380.974717 1958.155313
1978.069146 407.220182
272.449402 305.886564
1234.141962 1365.696304
1531.281558 1200.359967
541.700927 1905.567451
1401.878449 1254.347789
226.966015 1893.091510
1835.733869 1664.616164
1395.984523 1303.617516
6.439947 299.869070
1273.776023 1201.546435
1711.134715 1596.447457
1880.512175 1763.134381
1514.250715 1111.514801
1219.964429 958.186926
1803.110743 1669.549047
1160.844831 961.597678
1284.757858 1424.787197
418.504077 1934.579216
1243.725077 1286.361315
1366.635417 1421.510154
1392.375299 1370.801877
1956.268607 1780.545113
1331.951703 1198.103975
202.807313 1863.310494
1812.592818 1617.819675
1271.490924 1073.595160
1269.785356 1242.567358
25.427663 448.852694
1303.337123 1214.052562
1211.585613 1330.171983
1330.940656 1327.605038
1400.066161 1092.780458
1795.310333 1711.556268
1455.919139 1298.877147
1942.731777 1733.350814
1296.727797 1114.764198
1370.347064 1319.029465
1183.326676 912.955347
281.775966 242.045780
1706.587829 1661.178613
1877.466673 77.436877
1884.193213 1643.979062
206.113115 1679.177131
128.109361 1841.594087
1966.939479 1700.480885
1837.553521 1312.689567
235.648574 1697.244542
1940.684835 1267.462470
1815.819781 1512.325879
1910.226338 1911.321297
1980.196534 1820.368809
416.836931 1587.208015
1838.446207 1843.806537
1778.026553 1137.206919
440.584388 1641.407500
321.242928 1735.229169
1726.606186 1167.545865
1895.911262 1882.166238
1951.746300 1405.188477
1936.847083 1331.183115
1868.925519 1248.781104
461.091100 1586.023194
1958.360228 1965.457296
154.848996 1836.490244
1954.228982 1665.387883
1932.583209 20.082816
1898.970306 6.932724
1977.799266 1931.811175
491.614949 1559.432132
27.065082 1511.160991
126.808030 1917.838997
218.265079 1743.887445
1878.485694 1579.077483
1929.647293 1884.162092
541.624579 1504.446853
1835.136618 1354.386498
1817.594090 1903.985055
1884.863743 1747.137772
420.285333 1552.991312
1880.261835 1462.165630
1851.068568 1657.995538
524.846769 1534.447784
1972.361993 1304.231790
1933.690505 92.907452
120.908716 1877.088080
1868.699450 125.978302
1842.728869 1276.845165
1846.126209 1155.937260
1976.868296 1263.996778
287.935248 1749.289272
282.584192 1830.162570
1885.588510 1692.046480
1817.142625 1212.371461
1855.717906 1157.190957
1934.395068 1201.377152
1899.416563 1330.354425
1826.163354 1109.842415
1936.001222 1239.455605
129.893376 1759.097250
207.555325 1882.907615
1846.495536 1471.844106
1911.513739 1787.453693
1842.246440 163.675605
1862.217466 1608.764077
1873.316751 1225.060470
1783.671809 1102.269779
1876.628704 1786.334528
1908.374075 1364.425539
266.927807 1463.974848
1787.879757 1201.888758
467.078505 1501.401421
1877.702676 1271.862065
1888.252606 1682.124430
1914.078036 1128.781496
1956.289088 1485.063754
1830.702134 1235.929200
196.045903 1812.703623
1901.373986 1478.731025
500.319161 1491.144074
1932.770012 1811.859942
191.514889 1763.144841
659.988595 1520.987345
1861.578904 26.576729
372.157579 1588.283019
1910.912838 1514.810137
1863.648427 1073.192641
1923.269506 1653.397921
1922.875768 56.023827
1824.601465 1688.064317
389.945195 1688.850709
336.998775 1803.743131
383.721327 1616.788335
385.019696 1652.586966
1873.577192 1988.964430
236.100484 1788.786884
1817.893808 80.058926
200.693865 1847.674854
1916.823062 124.068747
1837.009978 1634.688222
1950.339302 1541.230689
1938.087050 1930.936724
302.630762 1705.011337
1947.349195 1914.811875
1906.736645 1312.386414
1819.228831 1179.625784
1908.263945 1551.705365
1906.879973 1160.376502
1819.600647 1137.888425
1889.721650 44.333654
1872.129023 1307.277628
1923.883238 1695.206383
1969.493578 1452.844479
1901.499830 1269.175280
322.976609 1695.006164
1943.126048 1772.007906
164.473924 1750.144522
1888.518851 1408.711240
495.094279 1524.527354
1970.458118 1640.391386
1976.547053 1796.676621
1891.330948 1961.398378
1894.158899 1220.199660
255.407743 1669.510952
256.348338 1735.092247
608.112938 1518.134334
337.395318 1767.828313
441.111669 1605.835218
334.039900 1519.605128
573.184208 1519.073759
1864.980974 1718.704023
1803.060243 1256.481947
1870.395498 1917.314544
1836.916103 1561.383941
1827.865172 1079.726596
652.207389 1484.061775
241.726063 1772.625032
1842.810294 1515.769573
1750.089686 1230.190959
1876.906467 165.264495
1883.397022 1847.670210
1874.646059 1542.397630
341.654467 1565.563033
262.983325 1498.722465
234.360061 1823.040828
1903.277652 1616.632414
1912.063748 1579.899402
1919.420552 1419.135172
1875.141439 1138.539677
1881.956423 1937.466722
1939.728825 1989.659730
1932.983476 1462.950596
278.832323 1787.102653
421.923259 1517.614606
1905.014339 1979.290444
1852.458939 1813.616508
1782.229634 1166.047637
1858.864287 1393.376893
455.548295 1549.204981
1834.113531 131.272538
1937.502117 1155.779678
1845.374584 1943.831780
1843.504686 1117.367405
36.707920 1759.777697
1871.968607 1244.656022
1918.933689 1741.195626
1855.808261 1104.575762
1938.238033 1627.959676
272.761865 1699.406962
1918.313208 1852.019704
1922.318033 1952.794927
1906.156357 1438.330364
1831.872531 1595.270645
1940.706947 1604.475805
1848.287052 1765.417187
1906.770926 1911.832550
1862.087756 1876.196652
1775.486145 1556.127116
154.328367 1891.882889
1953.671701 1854.761983
1879.923025 1185.039597
134.250761 1807.499851
404.165458 1622.947079
1851.416635 1682.495508
1823.039316 1802.982822
1961.324630 1871.141200
1942.698927 1283.511876
1810.529451 1641.119006
1803.257852 1323.548615
1876.421118 1624.474451
1848.934649 1197.286048
1851.664482 90.039378
1943.090077 1366.906220
1905.851240 1079.377740
1859.523415 1902.411918
1906.383560 1238.837079
1899.508298 1386.180548
1886.767208 105.738005
1876.330724 1503.725077
1874.319631 1353.725898
1909.364356 1614.778687
478.538631 977.209971
294.517396 1065.932458
385.193902 990.152150
302.825819 983.078619
270.254945 1148.289916
580.778551 902.456326
303.876501 1152.447015
183.496625 972.027963
330.709628 1171.028079
410.660152 913.722772
672.188232 845.991378
662.028857 1000.109767
600.647771 1014.115974
605.545001 932.836106
307.113776 930.509211
619.794063 907.133761
175.615436 1156.074606
1178.951115 1208.676634
496.469548 972.676880
234.673855 1054.627385
418.866100 1074.819442
561.217929 1035.561282
774.954835 847.823199
451.139415 1051.116103
592.884028 1079.695630
358.129083 1042.865757
648.342559 772.143397
1205.526859 1132.980571
776.469683 872.987247
569.967255 1121.372375
701.293972 886.821053
324.181411 1232.820293
738.153053 901.505413
482.094605 1086.477164
693.976982 980.181814
235.779419 1166.392056
452.793041 932.113341
534.226432 995.147707
174.537516 1029.641302
555.085006 1000.489159
740.355650 859.632870
140.697799 998.555780
253.248806 883.178173
263.661975 1050.016582
110.645140 1050.682369
1172.005695 1097.402485
332.687922 1040.491438
404.209870 981.246951
88.397706 943.857128
414.456070 1046.639828
250.277519 1075.623855
366.245363 1029.162945
688.079832 960.988705
371.677527 1196.081569
667.335278 885.875202
398.827451 1045.468286
638.541147 954.052121
264.181380 918.886352
552.764785 966.762756
643.402928 887.521557
529.803224 1038.835624
311.126176 1063.698781
374.052399 929.061305
693.248783 909.193408
372.828750 995.452114
171.436808 928.331139
597.010560 870.759028
340.113872 998.484852
750.131296 929.220545
424.986667 1034.498455
412.262550 1133.243756
693.540624 859.167424
535.314844 1001.011452
264.780072 1033.584014
256.344261 1252.518234
328.839192 1045.648239
487.712925 931.293670
488.855833 1110.148306
281.490917 1064.818792
278.729864 1087.135901
1242.537728 1181.596508
428.447035 1142.151261
1157.877487 1046.932230
585.977459 836.103566
353.668966 1100.083507
708.291411 938.023808
336.974221 1081.064035
446.588873 1068.702178
543.090242 904.892920
357.855514 1073.189619
380.363201 1147.421301
191.125053 1005.668809
315.587967 1095.186504
400.029241 1115.804522
449.019346 995.095982
363.989047 964.946207
359.648188 1078.035627
350.343057 997.239153
352.369871 903.019015
1145.385386 1122.384935
583.310688 976.277184
507.325175 1022.472224
559.074991 1083.143715
724.087920 903.363864
155.395060 1108.199489
780.718935 945.670693
382.964494 953.525920
429.578249 938.521387
231.422179 1095.132273
342.899124 1110.712287
286.598196 954.734480
509.007596 910.032470
411.864609 1001.434938
637.937596 855.115280
469.685858 969.961512
270.251235 1116.611516
472.363322 1006.309667
138.584522 1037.131576
353.839387 1162.250908
285.303028 998.411473
289.227597 1129.760604
442.068878 970.420414
115.470235 952.130023
648.133847 886.176629
393.228111 1024.046136
1152.128039 1008.490775
665.214231 931.478985
584.795993 1008.416061
377.356924 1023.346406
475.638751 896.232572
565.583688 931.724973
1118.161661 1107.000864
610.080537 919.758578
306.683948 1014.724970
326.095012 1204.244335
325.708259 1006.631279
201.352843 1076.343073
492.606752 1010.246285
641.360265 963.860576
448.279865 1105.761208
226.097889 1035.131355
233.172429 934.821667
337.626413 1139.613651
237.501530 1136.964099
151.988102 1072.668373
314.495075 975.592425
348.671511 1195.535084
1160.498741 1143.186254
1212.584808 1204.143549
225.735298 966.040886
731.548965 860.352841
637.241631 1021.279097
1176.472516 1199.504689
599.380175 1038.453594
676.098394 807.643400
664.360142 928.201196
300.138292 1101.346344
240.928645 1065.323967
514.335120 965.809087
319.699007 1139.265694
778.611213 913.484186
1192.317251 1166.002548
499.823057 1062.272118
222.182582 1105.807444
210.833657 1144.176570
1153.509159 1180.357062
272.751432 1002.222658
643.826839 921.287149
597.199943 957.004959
532.368268 936.722430
410.625753 1170.545619
572.711029 939.034403
327.762554 953.316605
621.680396 988.680626
587.299839 975.278540
101.966563 1020.269279
521.208156 1000.661326
253.996016 1203.423138
193.687850 1109.331780
535.670341 1123.864462
475.616880 1044.345499
290.369937 1212.097291
299.143202 1165.357074
72.374621 1035.728001
285.338842 1042.820799
350.048610 1036.375075
184.627309 1080.120567
247.916254 982.497377
516.431399 965.376223
430.734496 1003.982142
425.531564 1101.424930
272.329008 1179.516994
749.119439 963.973950
248.090832 1023.489605
436.860739 965.835761
475.758636 1043.407004
126.442443 1065.026986
264.313192 1140.279052
86.842629 979.264860
209.332885 998.404199
878.204499 766.277072
1306.642890 829.266724
1370.640240 934.412675
1439.939409 810.320110
485.924720 715.166431
1538.534534 929.933036
1585.401474 892.134502
255.225711 550.818157
294.072161 619.084016
1142.861365 847.460805
536.550319 678.000342
767.814818 757.034026
1994.926208 1311.534815
517.297098 701.700602
1093.165498 827.846331
1266.991020 878.083606
1458.463867 1058.966892
1064.971599 847.668110
942.567793 741.168476
1341.746196 953.538132
154.383996 537.131202
1100.734822 794.494342
338.370901 783.884764
1276.316798 810.985676
1361.766091 841.766057
513.299801 733.866380
968.994176 845.406587
20.863180 1343.885921
1039.165661 810.658593
1025.377891 775.326651
1306.213891 791.019588
875.461404 803.030476
232.537309 494.067647
44.344876 1308.745608
1168.197979 822.346386
378.902920 718.322902
220.327299 571.666058
1030.719295 741.444779
1385.241798 819.597740
917.908725 848.050680
226.612744 621.035088
241.589606 633.798531
1354.390367 930.738573
1367.532089 917.144529
912.375229 765.747309
1534.211497 897.312877
1395.679561 793.025756
10.173515 1300.438454
1465.955374 879.754053
1342.053606 816.831126
1347.190355 757.829758
963.334532 778.811219
1000.198571 795.949511
1419.437014 749.140056
1989.671644 1345.982362
1165.889484 722.735622
844.193937 855.716562
55.221292 1270.644911
1389.147731 861.805130
579.657324 709.125068
1454.817110 915.999081
1964.847301 1289.636863
172.980369 506.007292
1023.791292 837.493620
1451.781706 975.745937
185.106514 628.758480
1206.326984 812.179695
1461.956947 846.029290
422.377287 706.584672
245.837098 597.458106
1003.941569 830.110828
30.997033 1277.957446
877.762393 837.203504
1364.160477 795.120849
1251.179113 920.187529
166.637439 581.847108
1355.683440 850.638400
364.727736 651.988286
1219.643589 849.493143
1445.042440 770.746225
302.082585 680.804722
1564.758426 956.618213
650.667419 734.903840
938.089330 820.209609
981.086256 722.888497
486.488626 681.914520
653.348242 700.384797
1291.590463 761.983499
1290.493485 947.716438
1316.106465 879.172274
4.057661 1277.098880
1561.891692 913.725394
1328.683522 903.131937
213.671792 683.892855
1485.348086 905.766271
479.392344 752.527717
545.485271 718.203621
74.005033 1282.577580
1494.106585 882.526829
274.533801 619.154518
1490.776551 1034.833216
1308.127446 986.654845
1321.937041 839.913717
1449.112840 884.176936
1390.633957 1023.688282
1486.440596 940.146069
243.428079 663.740495
1269.908863 735.571499
1065.202504 806.160720
1409.951660 802.904476
1083.220375 763.411967
878.035136 871.657746
172.893044 1187.695542
839.628238 816.458234
348.287795 598.270720
1160.137170 759.001266
223.184071 531.844762
208.903356 564.641427
869.147688 732.195868
343.193520 675.126267
1440.318076 838.469173
1565.967232 871.693705
1126.536694 746.698303
278.627161 658.144943
1960.346078 1327.638659
1587.030359 920.300399
222.345525 448.863812
1130.467212 780.058663
1404.075198 844.185639
902.475155 811.160003
211.642985 604.229309
66.524665 1316.392774
270.608886 698.869887
386.577717 649.244829
265.850449 513.153662
1228.398312 764.025790
1418.392007 916.182904
1389.434906 934.653660
1480.063948 870.733259
1298.454288 869.624058
1632.324261 1510.496198
1400.164776 897.524072
1317.727217 743.594393
190.744147 533.800292
426.380313 668.427984
1559.567031 837.329092
70.573273 1349.018375
1493.799043 913.447363
1186.662029 864.318390
452.270138 695.303479
417.350756 740.963954
576.704363 674.188549
212.314883 658.137955
1969.778646 1253.615818
272.147244 624.574380
289.613232 549.314866
1487.511586 804.827419
344.043218 1127.970587
316.467503 646.705228
451.559526 730.444821
577.663412 744.155027
1326.708744 787.663349
629.012474 759.591778
842.263939 768.774076
1498.616237 842.410003
548.093643 759.929328
1430.215240 931.171130
1540.442455 965.958522
1233.089214 732.409207
1174.050640 788.221295
280.966823 581.177065
1411.162557 999.873861
317.397292 552.216880
997.508786 762.240715
1497.609734 988.196944
1432.454552 872.801257
975.628238 809.099917
1043.828540 771.806337
1348.855940 874.182676
318.019745 585.897826
1242.806096 842.150850
1130.694322 814.885696
1517.965687 956.960183
380.960161 682.441734
1212.718809 890.864138
1240.304356 802.820428
946.045205 779.565632
1275.526945 841.739627
329.150854 628.478163
1466.387831 946.350252
612.970334 725.872312
1524.907833 866.476084
1409.671328 813.161715
918.952234 804.101377
909.102428 732.300785
384.384301 743.958826
1936.671089 1266.494543
1427.563348 842.332612
1191.562152 760.481860
1543.614749 933.039748
