1209.946342 1276.424708
1079.540220 956.871216
1650.653273 1670.077719
1047.996822 1140.587726
1334.646086 1073.027327
1233.051960 1079.363985
1679.270612 1172.386535
1215.639461 954.721720
1196.700967 1168.100703
1028.417943 1151.290669
1269.241519 1066.891302
1139.720567 1211.387327
1681.391185 1451.422192
1127.875928 854.818214
1081.537240 1071.180394
1687.245750 1426.285963
1258.035317 927.158746
1113.595866 935.555698
1637.178824 1629.006849
1662.471617 1118.719479
1147.636217 1282.681115
1642.197608 1755.719042
1144.429773 918.682605
1675.249757 1332.539056
1088.551087 1259.748121
1706.092793 1398.683321
1001.271151 1135.513673
988.284406 1190.634076
1679.838974 1280.122734
1634.567001 1391.790923
1069.376803 913.066034
1058.933400 1017.059597
1068.503178 1043.497959
1229.694004 1159.111403
1672.717673 1631.331659
1194.612481 1112.551364
1018.590491 1017.849478
1120.158518 1181.435287
1119.964165 1071.742256
1113.176582 1112.871326
1153.617680 1064.036934
1125.284201 997.597360
1185.137470 1048.940460
1661.428365 1077.231846
937.834250 1072.826128
1172.617783 636.737580
1168.572568 1143.995640
1185.876874 852.538767
1197.075068 1068.641445
1106.900108 971.218075
1161.962467 1007.172229
1179.964065 1196.314515
1025.876739 1217.471610
1102.031158 1033.410037
1326.861259 1039.132287
1710.895258 998.265986
1346.575926 998.395074
1163.613504 770.255763
1254.646137 1116.091306
1648.342415 1512.674642
1291.059182 1029.900325
1630.988597 1339.609566
1676.533948 1004.945340
1033.537628 1092.030468
1383.229738 952.017890
1319.170885 992.451894
1141.082088 942.494016
1218.997531 983.033749
1650.904015 1307.751581
1327.233151 870.398771
1177.732053 1231.470046
1669.432459 1043.543323
963.302350 1167.070881
1145.948882 1110.821288
1651.619041 1438.562400
1149.954246 1003.649019
1162.322007 1132.361236
1315.954203 1934.885399
1150.578150 1039.617103
983.471174 1029.270141
1304.918775 1099.383236
1682.828994 1513.164866
1059.006508 1237.990871
1067.290120 1035.943948
1042.528550 1162.699163
1008.005235 1189.577266
1646.597767 1711.153009
1277.177923 962.455292
1268.510895 1155.153972
1147.838945 1152.678573
1227.644591 1091.909115
1151.697572 953.333672
1067.405028 1037.131706
1691.632925 968.988061
1192.122644 1013.563454
1223.649489 1034.752010
1277.859380 961.523728
1116.041740 1222.375137
1124.788272 890.690672
1188.682117 1107.559897
1162.154300 824.909651
1107.001610 1098.120406
1162.226191 1270.968849
1132.602998 1043.949612
1211.049939 1053.319338
1129.225282 1128.296445
1064.461697 1089.801821
1139.415095 1141.012468
1169.184427 980.046815
1229.795622 1157.141845
1168.831360 1195.559712
1191.480723 1100.792433
959.776975 989.102466
1053.220527 1013.595895
1167.027645 912.160223
1210.290408 1018.338135
1670.234876 1396.845256
1101.787184 1286.331008
1124.266174 1242.491675
1084.032917 1069.522218
1092.885181 1199.210384
1135.741840 1187.948353
1270.706666 1077.857010
1045.783638 966.179223
1004.034589 1116.338131
1284.833323 949.531731
1093.104826 923.360300
1195.360118 887.307705
1240.542969 1134.198590
1367.218464 1024.663260
1302.176068 1080.106638
1263.195180 1038.016711
1153.462825 1078.868267
1162.134006 1168.317581
1107.429764 1013.792725
1155.953751 678.405501
1260.043881 900.605249
1678.868123 1548.697065
1089.343292 1170.695479
1015.612689 995.114963
1696.891744 1074.495939
1246.966523 1009.838590
1655.990642 1364.185516
1183.327912 972.294210
1225.393599 873.480787
1697.427639 1115.771036
1644.428739 1550.792269
1068.330834 1121.550054
1085.835921 880.512704
1037.037880 1208.739609
1186.020363 1148.774104
1297.970813 901.294658
1115.900316 1155.253122
1169.295005 1049.090522
1284.295144 1144.485747
1334.694260 1106.716865
1146.868845 1027.152971
1185.444773 942.894950
1164.296732 1131.232137
1157.368521 725.069856
1129.490706 746.711612
1670.341283 1479.182685
1184.233828 1254.523683
1027.807353 1091.126670
1174.910219 1093.919192
1018.617277 1053.132300
1641.287569 1587.300543
1212.115479 1243.451372
1138.071521 641.145437
1067.256846 1184.483567
1205.185242 1203.478720
1164.981171 887.523201
1300.719746 984.628359
1082.492497 1011.454417
1231.902644 1169.020111
968.155147 1090.147995
1676.378852 1590.590888
1198.713552 1013.671313
1270.309349 1058.527344
1112.374483 1116.216483
1179.857750 1074.989441
1024.330433 914.090122
963.586484 1139.856617
1202.386699 911.659882
1087.013028 1150.425092
1083.792915 995.150083
1081.161199 1117.090793
1136.562827 800.759259
1637.635897 1464.423300
1296.177641 1072.316995
970.120393 1108.959967
1052.324479 1069.049427
1092.138639 1193.689703
1064.301359 1226.015732
1190.794731 734.516390
996.206169 1096.544151
1705.668129 1485.557273
1187.394105 946.563677
1702.337166 1032.516928
1691.211882 1364.400605
1954.847503 756.982387
379.583692 551.744894
972.050153 286.673529
1917.377982 525.860950
1897.648937 621.978635
1028.303577 789.573654
950.355075 312.689656
503.542694 581.260659
1443.386074 1738.006517
811.941080 323.141240
1962.497905 598.918537
846.905337 356.029305
1873.465216 702.164256
388.830231 593.990028
1032.696691 218.201120
1941.445396 826.391170
395.842023 460.811569
1826.859306 640.137564
473.444667 497.934802
1847.973714 538.430461
861.885268 301.451944
1293.453282 178.174591
1930.033557 785.654373
1389.993266 154.541461
1172.165786 1088.071620
309.317802 551.061111
1230.640193 1072.634169
400.338749 647.278210
903.580237 342.323355
443.761395 616.651692
1937.730449 571.313931
959.974908 252.945616
342.518289 615.780638
1227.523193 1099.806301
922.076288 307.453427
500.607282 622.530621
856.840120 387.150553
1186.576065 208.033423
1306.906818 1174.827698
403.903828 583.950943
1218.774585 1228.686874
1912.376916 711.607881
1276.681604 1182.700238
1943.687519 894.805063
1002.223164 315.398124
63.144508 862.038688
395.427322 429.545640
1268.217381 1069.414148
563.934530 519.199618
1090.478759 254.750936
1201.916676 1012.742458
643.679833 1058.157307
446.413462 589.082954
1225.140240 1132.771465
486.791973 529.543789
1288.622240 1245.561586
878.782036 737.693337
1026.693098 723.816464
538.978487 470.581924
1013.469664 277.464803
918.868596 650.306981
742.292461 407.901381
59.732134 718.138103
1851.908508 686.929801
1077.694837 741.421994
976.305977 679.800328
1174.321986 975.485751
503.746343 563.617583
1310.709983 1218.658303
1016.851863 671.071570
422.092347 497.645505
425.886620 532.726643
401.871249 383.683596
426.905197 479.122290
733.497807 463.547818
904.762294 404.262428
1359.056681 1258.466254
605.152825 1017.200082
1270.703642 1094.848590
647.860226 429.282269
1050.300083 289.235138
1885.108641 510.775028
445.127534 524.604759
1886.221806 655.649258
821.317638 710.408012
926.997381 743.397583
1141.973246 1042.489205
1950.922455 531.209470
340.978759 567.188475
549.094353 417.688475
1145.756433 998.768169
1919.784575 752.086975
81.124938 685.496027
1191.058244 1207.276133
1042.472224 252.292780
1897.376703 807.453754
1899.394084 564.411746
1868.684021 588.154951
420.391422 613.369520
1911.989891 587.617014
777.843267 417.457425
530.659127 538.774219
1855.121847 664.376405
886.138046 237.254009
367.075445 476.102379
892.372351 282.501360
992.246417 718.459138
949.779775 711.065928
1879.561358 840.326666
926.753741 811.345282
1934.554399 623.841051
1099.717324 880.813819
452.438994 468.164795
513.045701 498.863811
866.179622 336.954803
1855.819409 609.151259
481.245880 549.277799
1884.861938 749.514061
816.111277 361.273362
810.461863 395.313497
1922.354655 668.740069
1944.065012 696.935441
475.454197 438.144462
1315.220881 1276.749526
1138.430200 940.207824
1065.719230 230.604617
978.910015 333.485362
494.266538 468.978227
517.997664 441.907346
828.115154 641.434354
1886.871635 673.918013
1230.250322 1032.858964
375.608739 628.185904
380.254804 521.990687
957.711207 714.156474
1001.927056 241.766081
757.200981 353.606112
1252.385401 1170.017409
1259.665601 193.230061
1201.521287 1107.150271
637.709588 392.895197
1372.613823 1224.351292
577.735321 469.655356
1172.083719 1025.846379
1144.645309 1082.596669
396.894773 664.079028
550.965946 508.123122
1242.678097 1201.638472
839.646695 329.604092
78.568275 632.524626
831.331539 277.019581
1341.932405 165.059919
1179.573125 1133.917850
798.036276 287.257210
1215.110289 1178.308383
344.299414 573.226840
501.924426 499.533027
870.959807 305.091474
593.223406 500.994303
1907.824683 868.028375
496.002864 658.951079
1963.797304 657.414034
697.702686 414.143040
362.986088 562.742050
1924.582094 633.585606
771.796390 318.283398
782.781595 359.628884
1333.280376 1246.854838
430.043809 478.759849
875.023628 226.971116
545.036280 581.170159
663.964856 460.050308
414.945095 524.895829
1459.232417 135.016966
1128.885115 1172.499259
1178.924754 1169.064788
730.132417 375.874541
664.383649 415.983263
939.432879 280.477965
933.314577 684.055273
1135.250378 887.107745
1072.973208 851.192949
361.416066 453.200481
885.945962 671.565459
775.705720 381.637078
576.129732 553.063432
1200.128850 1065.749369
919.986385 689.168194
868.200570 701.495937
908.552218 711.899858
867.578067 268.001953
86.192003 740.034361
959.881453 749.839571
387.270267 570.007587
454.281697 556.526801
471.449167 596.042732
997.963488 806.765794
797.856914 681.901855
923.682389 244.981600
701.043824 448.014087
674.191784 1825.867723
559.813662 1807.419376
577.853714 1699.037153
690.758116 191.304758
651.223011 165.166659
812.712481 183.164966
585.228053 234.350413
496.934239 1791.889959
664.233722 191.250434
619.328556 202.787805
816.767875 72.332794
776.378610 52.634321
701.183661 1768.735221
752.446815 38.319998
493.025817 1822.181973
763.136969 160.076420
548.860976 1704.962406
527.126542 1869.401310
803.218596 241.166443
605.880649 254.505051
675.462004 1876.595377
758.714993 314.300280
812.711152 159.938457
688.332668 96.925699
748.390407 375.689117
536.720369 1738.237647
782.798232 94.383100
724.322284 195.507425
871.249439 176.941664
787.558948 267.159876
842.426668 314.224335
543.859009 1736.086258
714.976857 1806.451326
730.965407 272.543448
663.743477 1689.072763
433.286142 1777.540618
587.274207 1740.890861
687.900829 175.754463
589.754230 278.609378
635.960352 1917.580971
861.399562 227.047736
499.602825 152.939122
578.760570 246.528833
532.523571 162.529788
524.968388 296.436416
638.094851 1690.016982
590.149855 1829.359828
656.022229 223.582969
460.209327 239.686305
663.809806 1845.165544
467.272873 1762.038049
499.754237 1786.207988
867.977949 124.085559
680.930555 327.708212
569.645897 1744.574314
796.585220 305.697436
768.902331 221.170853
421.517300 1655.887638
748.597426 446.777911
743.918545 404.950554
683.655274 445.951492
397.762862 1760.669668
752.876228 305.421362
630.247785 333.459873
543.494966 1894.256210
396.319803 1726.780177
723.042241 365.835977
704.199920 345.604373
804.012231 277.107560
628.827814 1838.853125
729.820666 195.452540
688.487273 396.066279
671.113232 1768.391870
454.437173 1726.585062
537.420655 1673.157903
510.364734 1667.161466
726.166050 161.322115
584.810659 1669.083248
608.759762 1934.893179
692.629300 140.146083
621.250673 1803.602247
604.550083 1786.732653
651.731254 444.517731
627.150981 1722.904937
581.474299 1836.800307
847.523510 149.372652
686.187425 364.300980
791.324505 181.742604
773.803177 363.505507
741.029173 192.230764
655.134298 90.097270
488.765301 262.142884
694.201675 236.675551
429.853494 1704.570891
727.247702 469.255460
556.143139 1756.394961
679.807604 163.311811
630.320129 202.033370
636.031359 286.787519
477.873755 1730.133317
623.683674 1757.743940
523.575095 1624.594317
766.193894 114.269466
827.346076 103.439730
483.932125 1613.124403
701.335548 417.745020
539.944240 1797.669185
561.841468 1611.047265
671.742911 257.144810
696.056293 136.284484
554.944632 237.929037
604.763789 1673.244816
703.389259 230.343918
748.761348 341.750880
740.732315 241.477077
570.058977 1629.804279
761.250376 161.021454
461.599149 1795.932282
516.499659 1706.034836
467.545120 1691.246185
898.185260 225.388271
618.049358 1859.836906
465.896580 1728.175353
721.351823 1741.120406
625.659408 240.526290
670.613101 408.562909
842.087966 259.348679
808.602079 360.400951
719.561155 115.583354
633.312362 1759.653252
768.331410 256.245200
587.847322 1890.894408
503.464415 1756.240837
692.757049 293.760713
522.045938 1911.682966
666.005296 125.683930
566.563989 293.820314
599.714780 162.370778
813.490676 207.273495
744.124551 290.525602
506.933664 227.771472
564.521590 150.473867
446.274938 1658.360913
479.493607 1631.951933
420.892258 1624.356794
449.810879 1604.951895
444.264695 1541.452236
510.790017 1715.552389
585.139137 1721.957662
538.884436 243.050773
688.849441 209.616466
794.507432 130.555661
573.164507 1775.142687
586.808805 1785.918833
678.871270 1811.040919
702.611177 1715.222414
485.510876 1688.296083
557.297528 1840.326419
748.161498 193.992967
565.918436 331.668705
722.634552 303.650048
606.601721 1750.285104
660.085109 1760.369874
530.421459 1774.064958
578.069586 120.148087
473.685710 1972.594192
543.151375 201.185414
854.077216 188.642649
711.205768 262.241994
777.510000 251.361610
661.357562 1910.201179
798.372638 235.800501
662.954245 224.151805
855.885969 151.187795
661.224904 310.483614
476.548248 206.076965
637.729607 161.928575
532.055237 1814.619545
588.403442 198.326127
652.558500 1948.954150
698.232893 1837.702472
669.135142 264.205504
620.684480 134.897930
508.934029 189.264667
593.577334 317.304393
611.277585 1836.606648
602.086547 1713.341447
501.449388 1747.191974
761.212818 214.734738
521.597364 1854.945222
722.929981 230.515398
634.610118 1788.039184
830.848091 124.688538
565.422846 125.093624
703.820199 171.884532
749.149356 104.065213
409.023044 1591.229079
637.822792 258.190068
872.367615 244.677800
533.604277 346.427133
1335.660571 613.766681
1597.524412 496.552349
1803.483125 455.531700
1825.926579 598.976824
1174.071233 677.421675
1820.300025 536.910061
1867.965580 536.120042
861.546941 798.664063
957.482511 845.474631
1567.661421 591.620425
1303.726123 738.493919
1327.773425 713.258069
597.266607 1086.794288
1629.071553 401.412319
1515.573982 610.290789
1800.115219 597.993181
1756.681592 516.402260
1392.002185 677.185577
1552.139176 655.359126
1551.703235 554.537544
848.063233 878.518585
1523.450505 498.783113
1128.740019 779.715725
1525.477335 413.110770
1713.285364 588.419760
1624.759247 558.756375
1435.477037 818.351888
1731.861510 486.135682
1418.570292 585.840334
1433.806836 579.108212
1758.220963 501.635518
1345.232437 706.892491
798.085867 926.074650
1391.371049 642.334724
1528.168241 531.774078
1057.676759 805.171854
634.783446 1089.947980
1665.144314 668.794815
1836.064955 555.407654
1331.453183 676.046107
1801.092195 402.832372
1690.113105 516.496957
1771.701442 478.453801
1665.369353 699.965689
1489.385883 629.073406
1757.131399 526.386392
1754.245472 530.177012
1366.325965 594.267159
1820.170554 733.402901
1747.020810 409.461793
1669.266828 489.891417
1426.682380 634.746922
1570.140929 335.801949
1776.176922 635.974820
1689.530905 363.386341
1493.228103 536.125075
1289.152793 659.856664
1341.620678 574.554196
1779.111894 373.114314
1217.857674 714.334304
1771.237672 454.209165
1694.793699 569.606608
1736.159947 438.997972
1423.412190 643.608220
1825.187810 429.653385
1814.693212 442.199451
1730.744254 645.225160
1574.925563 683.597851
892.386226 815.974044
922.257736 835.002899
1593.651072 654.069785
817.815372 861.374214
1255.124529 658.533869
1908.125960 516.498884
1576.342499 532.533508
843.954924 940.032544
1716.836217 662.646982
1004.799162 762.957157
1594.625842 576.623339
1683.310898 405.933048
955.442186 809.956416
1875.613594 458.813630
1269.229668 688.877119
1432.865675 674.289129
1377.525456 699.471753
1183.321033 711.593739
1276.448801 740.518407
1659.745782 419.517827
1758.101647 670.920498
1637.172229 472.494452
1334.457683 654.593234
1839.453746 403.419277
1715.016877 515.605010
615.918867 1058.285066
1698.698669 435.762194
1035.092201 736.871877
1213.533025 681.740854
1383.670443 566.327170
1594.438401 453.012144
1692.710313 538.527564
1660.437622 584.162159
1506.365240 461.330718
1617.462929 609.651460
1568.059555 398.898946
1438.427526 742.473677
1588.817693 408.475598
880.448908 882.884949
1611.424754 377.050737
1677.170056 623.069602
1682.614677 482.964836
1445.787705 525.140002
1363.331250 672.986129
1643.670021 363.939436
1287.385980 648.287851
1067.052395 719.633958
1660.415007 557.222989
1735.766678 456.040901
799.363245 890.340249
1252.138606 709.307955
952.806510 774.142682
1704.962735 392.746813
1615.967470 325.074680
1442.152555 618.126084
1769.033913 457.988143
1696.651406 501.082431
1825.697598 500.990602
847.309850 843.406276
1624.931427 479.058006
1572.462872 430.376560
1409.730420 776.630337
1837.394378 470.318426
1770.282364 405.601066
1671.298607 454.712171
1235.440230 745.146487
881.637675 847.780475
1683.269320 605.890382
1558.960894 464.596720
1757.062754 570.209690
1641.688244 630.298662
1531.880157 591.912748
1707.952596 464.490734
1827.186766 647.838447
1541.327648 631.815914
1795.517943 526.250791
1030.472825 704.572253
1660.829989 515.835359
1711.577809 560.718503
1698.344380 430.109005
1456.831470 646.469859
1128.197401 744.844380
1148.318250 715.905402
1200.203725 648.525108
1831.074480 375.363111
1283.994951 612.565137
987.212730 824.200148
921.896914 800.349008
1854.522179 609.935493
1094.133957 776.041042
1033.017962 862.261821
1164.442369 747.342183
1198.710917 743.889027
1585.539549 463.424026
1238.590219 627.547480
1404.419708 714.880994
1687.886883 534.199491
1642.281004 441.959558
1667.911323 375.791445
1592.138323 560.211580
1442.832764 707.940333
1625.275410 580.004816
1029.205272 825.765008
1802.168480 673.535620
1008.763579 796.333541
1627.399828 705.586828
1735.876474 484.075445
1624.119299 521.943650
1468.148304 603.511644
1445.743290 558.047588
1509.749333 655.167454
1045.322826 771.127883
1751.113153 597.602965
1476.391440 574.237501
1796.604008 504.730340
1094.541077 741.021325
1390.569797 761.145234
1587.305272 619.809076
1389.523322 609.554390
1412.608651 529.421667
922.637203 869.503692
1624.875462 663.736212
1293.311293 695.158982
1790.872502 441.712389
1730.352765 375.206783
1355.937845 639.448782
829.392592 908.261585
1499.184435 560.560894
1657.346388 735.079525
1738.744300 561.763757
1644.621807 525.628978
1846.778990 504.499105
