1570.674057 1665.457383
493.261061 1881.645603
1446.950075 1649.096431
57.720369 1940.684994
1380.869260 1735.356323
1995.977308 1880.568785
877.977640 1915.198081
1336.580854 1415.511616
1942.015949 1843.651116
1507.454255 1585.555602
1437.708463 1648.025253
1568.918260 1620.998451
1250.233463 1542.901857
422.416122 1869.972323
668.850265 1908.868823
1348.536419 1480.096063
1519.386580 1530.529220
1291.258367 1536.513782
163.396196 1900.383842
327.996599 673.382612
1316.862455 1785.048793
1371.359918 1779.045266
1996.205324 1998.046777
1941.503073 1923.909577
1381.980239 1673.913453
1271.275410 1582.972737
1592.041765 1594.146095
1490.769667 1671.008440
109.996381 914.087961
1369.164289 1387.315800
584.079574 1847.056546
1489.143969 1510.101324
38.500784 1892.381297
1331.573989 1773.086229
1517.924377 1647.914059
757.488445 1946.600192
566.473513 1881.288547
1310.394966 1611.439169
1389.503320 1509.524569
1445.228878 1734.630733
1317.757219 1460.086305
1443.102737 1607.070719
1480.516315 1684.709717
325.041450 683.804762
700.045687 1925.319964
303.001821 614.561637
1310.479138 1573.936981
538.497382 1860.596846
886.318549 1949.512444
1366.080896 1508.621574
792.938214 1974.970867
1402.317083 1717.451297
1500.219480 1606.694389
1433.773458 1648.232250
1317.712023 1667.022502
299.011008 637.117829
1501.699383 1470.658620
262.489111 696.672646
22.073085 1930.270849
1356.566160 1583.854178
1430.066781 1524.067084
1397.450469 1439.640721
305.475232 694.737592
1447.851958 1456.167099
54.715359 1946.183768
1396.232181 1630.936332
721.689699 1944.175226
1543.944951 1573.128178
638.680737 1927.110467
701.417360 1891.260970
1361.574416 1754.802602
278.067820 665.536992
742.254102 1914.767282
109.727451 1901.246558
1366.561714 1460.719983
1329.880847 1632.389139
1367.910555 1714.542251
1942.774884 1995.401315
1433.790071 1488.293158
1326.552239 1375.957064
976.114495 1918.510544
1432.981814 1522.914437
129.336569 1932.570995
1296.828047 1274.643911
1371.781052 1406.060537
1374.694658 1573.486482
1491.945106 1694.660073
1389.997499 1474.066990
1500.541594 1595.196501
1461.703637 1534.803384
1368.293440 1686.468934
287.165543 1866.812201
593.066986 1033.217293
151.181956 680.800308
1453.114733 1553.099093
1575.719327 1557.057341
1334.251834 1549.370505
168.761794 1866.958540
1405.884535 1398.299377
836.765111 1949.056062
346.020753 715.678151
1418.571564 1735.647288
1460.763632 1602.015674
1379.350399 1660.131283
1356.311440 1823.438912
1567.912675 1505.985499
1551.790059 1542.525590
1300.919785 1496.136062
10.106210 1962.112561
1471.882380 1625.064349
861.280546 1973.774329
1450.881272 1792.543812
606.382550 1940.039308
36.334048 1989.272606
676.743195 1867.366917
1442.050107 1706.495256
1476.997158 1388.701037
1410.926590 1774.273255
1476.706048 1729.576203
1335.306263 1504.247925
1525.594880 1491.211882
1555.198872 1588.316741
1352.696233 1795.067707
469.687754 1855.950493
1487.877056 1520.036443
1364.157150 1638.157806
1926.977946 1875.404267
1974.073625 1945.566465
1402.292723 1689.081816
1433.380736 1681.193341
1532.237435 1618.173871
799.259962 1905.608296
31.322836 1860.572594
61.192766 1898.289913
1334.561092 1557.632044
396.394427 641.797953
566.789811 1925.430417
1397.245795 1537.136145
1337.222757 1712.104353
1912.822948 1823.952292
372.215603 677.533485
1406.298342 1589.245511
35.550100 12.253416
1367.895419 1439.469108
594.104521 1903.548612
300.800479 667.510140
1434.544728 1619.007832
1509.589056 1560.465659
1885.178250 1780.016955
1958.935183 1891.656120
601.415437 1071.424237
1386.487781 1840.336176
1423.587394 1556.865046
962.714670 1950.725784
154.193098 1842.892713
1463.960008 1755.386839
1294.466574 1654.479967
1488.554341 1438.777091
799.953340 1941.618245
186.771910 733.473740
282.898450 717.763514
1331.559271 1743.297107
1598.906499 1607.242586
958.256393 1888.521975
1406.584643 1657.117529
643.669148 1886.426739
149.863030 1897.105935
1534.665808 1685.312015
256.991058 629.803946
1401.407170 1582.292526
1983.876404 1913.960665
238.718272 1884.500414
1616.296577 1496.278570
1354.559326 1355.599280
99.530517 1913.494857
1296.415955 1357.969219
1310.455766 1821.591055
836.623262 1915.641048
1286.129652 1688.020853
1418.937972 1814.134418
1447.845246 1777.354184
343.393158 1873.114788
1492.160879 1556.029046
615.812251 1857.586900
129.446624 1873.876571
1428.776091 1437.614672
1462.819510 1588.201682
311.709201 728.377328
1358.175240 1606.379576
1320.728148 1695.571812
1511.932449 1654.513975
1568.776740 1452.276320
85.214149 1992.102899
1520.254417 1702.400505
325.079855 1843.671272
1397.229777 1509.061766
1401.615110 1699.625923
1320.825300 1309.629021
333.281385 637.055274
1969.308598 1973.188267
1940.523765 1675.373056
1925.440122 1239.863072
568.124785 1495.985295
473.807774 1610.601237
1930.373335 1299.803346
1766.126847 918.016046
609.390677 1535.146032
1847.435845 865.495816
1743.669351 1110.159825
1948.677198 1498.851851
361.453855 1654.586600
790.467335 1423.296869
1855.709307 1437.028025
1621.436856 768.011113
822.242788 1489.633455
684.989658 1543.392765
1680.240578 796.670467
1877.951087 1469.771885
1840.906888 1001.573951
1879.048412 946.055397
1756.070677 860.869183
848.592554 1428.227163
1975.477563 1554.362519
515.973248 1632.904113
1982.185224 1284.336901
63.987665 1628.059727
1917.961710 1602.591952
77.092032 1544.235108
881.388478 1410.047544
219.716964 1137.951596
467.434274 1678.109505
587.114324 1553.354414
1853.772422 1179.143447
1919.995287 1474.001531
931.925926 1354.695197
1722.876393 960.017888
1806.676607 1497.910683
1866.748727 1329.605553
811.386836 1421.370750
1826.561758 1048.484918
1878.674580 1251.816136
917.928384 1390.028376
1900.439317 903.022630
1983.910513 1699.481350
466.039029 1642.313918
1933.587147 1727.214679
1733.778099 888.939337
1766.931436 749.804136
1872.330812 882.246693
658.427757 1566.976202
629.873117 1624.110067
1854.142108 1279.401502
1715.779150 820.383242
1772.115513 750.569857
1862.703041 800.591525
1823.355863 925.305423
1647.678181 740.379369
1859.761181 844.253600
490.394497 1555.256189
547.101813 1656.236269
1772.553865 1078.146727
1902.276010 1371.436170
1907.914080 1759.031540
1835.052750 1198.353513
1805.649751 816.250699
1663.491222 714.978020
1866.234799 1371.482609
1811.725541 957.088529
679.330581 1455.797055
1729.553350 798.490272
853.794392 1355.066395
1772.479557 878.843596
1917.076413 1276.114829
1832.968164 732.020215
1878.923852 1109.735451
1761.202342 827.674712
554.785948 1619.579675
1818.393662 1070.180894
889.122016 1340.490083
1908.591699 1416.491874
570.706069 1588.243048
1043.678733 1365.637771
1886.175493 1616.833081
753.104903 1417.166927
1841.786222 1104.483435
1729.025389 690.830281
1986.191463 1260.649848
1973.588257 1662.541521
1786.296351 1279.772873
759.741324 1509.567886
693.562677 1615.006345
764.710264 1444.742502
752.370082 1478.332347
1855.397157 1583.894014
603.874812 1610.730871
1870.054361 1669.974227
524.750150 1603.570292
17.299089 1729.294208
1804.940569 1223.265359
1907.500824 1138.503300
1926.161299 1523.878706
659.938364 1503.161547
1986.333729 1504.531548
1856.707705 901.947309
1741.621787 774.199857
1870.638682 1145.148916
1793.052496 776.787685
1681.813384 768.878765
1917.909115 1637.646995
1793.968535 906.247555
1892.305217 1286.507902
1883.732059 1051.082869
1807.044050 870.413303
694.746173 1513.183045
1933.673472 1357.996317
539.793388 1571.514471
1741.873540 1030.954463
885.323651 1375.405692
4.776872 1235.942782
1960.363876 1389.470796
1923.298012 1567.242008
1829.051325 808.995557
625.667573 1496.963903
627.172856 1564.762537
999.970468 1366.986092
700.429511 1580.148782
825.671796 1455.998267
727.062310 1391.764360
965.053606 1369.219637
1835.761330 1315.234573
1729.046309 852.911172
1841.887706 1504.315727
1845.232374 1150.503551
1696.933753 695.604501
1038.891929 1336.261226
609.741940 1579.071173
1783.985445 1111.102339
1695.822476 835.683027
1943.757955 1761.063308
1923.905720 1439.952816
1818.988942 1128.349556
715.922269 1544.825952
673.912015 1486.203969
598.152134 1643.979103
1904.577085 1207.295147
1890.439546 1179.947494
1808.410124 1015.418270
1796.206610 731.633630
1877.137088 1532.944970
1950.213409 1590.302000
1851.475887 1056.554247
643.451790 1597.288284
807.291691 1383.066494
1884.667737 1570.459126
1873.620013 1408.466079
1720.286477 771.711577
1757.206194 991.259957
843.608267 1393.549692
1886.984679 1730.317953
1858.108135 772.217230
1832.216340 1549.686378
1746.361648 730.269674
434.901360 1626.913714
1795.076369 846.449594
1900.576610 1323.878524
1707.797491 734.939785
1963.257959 1224.117620
646.208488 1533.576941
1886.698465 1440.287809
1946.421536 1551.710114
1792.026453 1048.026503
1804.424569 1184.378359
1933.596000 1198.190181
1836.713988 1348.640262
1902.107758 1503.662933
1840.744572 1469.124201
1788.238880 1148.204044
501.683014 1663.130571
1963.954742 1447.738159
1769.718132 795.204316
489.054022 1591.010568
786.141536 1471.622428
1820.437004 1269.747585
1837.543929 1394.203617
93.570554 1510.833075
1823.644578 892.717873
1771.309486 1228.301147
1703.419711 929.675335
1864.226044 1217.454935
1771.257954 806.007705
1905.556403 1679.868054
1848.374491 959.395239
1759.192323 703.119352
1865.666745 1493.170545
1825.215258 842.151889
1794.462760 984.020813
1911.437692 1694.236712
1809.278137 1092.994098
1778.753573 947.046617
1905.126926 1209.366735
876.511617 914.205514
701.645768 1011.528078
795.680152 993.505883
700.555345 938.171138
649.706168 1028.589770
986.942761 955.068566
665.271115 1032.694146
600.082697 982.589524
719.871668 1040.215200
787.000514 802.737587
1074.880875 923.663948
1061.775984 1054.595294
994.066682 1075.803193
1016.673444 958.279226
682.668446 810.353658
1018.815205 922.804389
580.235104 1125.290853
1303.090931 1607.019968
905.323414 934.634307
634.349971 990.343211
815.057085 1020.476188
965.843152 1044.723964
1161.748228 901.115530
830.376857 974.088493
977.422636 1158.076478
757.777760 958.345491
1042.509789 854.215339
1365.983002 1505.102822
1159.938943 978.927355
937.685837 1141.105105
1059.577468 1039.548967
716.603686 1179.226706
1105.047872 1035.367168
884.613067 1035.192187
1098.933166 1018.091560
641.167070 1130.367016
849.223907 866.941771
942.857303 1046.004146
564.048714 962.852191
946.488076 1022.198269
1118.399735 945.229390
552.540036 943.176529
649.396368 801.016394
650.248268 938.363392
521.090492 1028.016705
1303.099501 1493.529603
722.274306 1032.324873
789.000148 885.914650
494.451671 908.144840
821.514977 1006.946235
637.928586 972.960231
766.970036 1015.203388
1097.746045 985.150188
760.594678 1144.562551
1058.080992 911.893513
795.911189 1072.027528
1044.590017 989.120088
674.079159 866.134931
931.858324 1068.167958
1012.516734 1012.901476
914.658384 1130.874157
695.231318 942.543448
777.747403 834.602911
1087.001231 954.715522
782.074153 957.578339
561.111485 868.124770
997.446930 932.114212
736.627451 912.317964
1125.837633 984.839687
814.645199 966.478377
810.889609 1056.710531
1091.683330 853.038081
934.814089 1085.758879
670.649331 992.959894
653.224761 1199.733383
721.749726 959.800453
901.182573 902.390118
874.578048 1106.316474
682.975702 1122.560564
672.875310 1017.052878
1365.754517 1579.579467
832.962332 1107.025817
1284.469942 1446.473578
993.049595 879.632000
729.412948 961.868799
1106.302233 903.941630
744.914881 1069.658084
853.151754 1024.631472
939.451075 891.232748
759.456019 995.391096
782.348209 1108.762716
585.896488 987.802900
707.713572 1002.016281
781.930030 1025.068066
857.434904 993.436762
775.657950 925.558765
760.639335 996.680252
735.493346 879.648027
747.263978 818.189047
1276.994786 1512.649912
981.735233 994.136399
904.900084 1082.739195
933.304249 1112.421374
1103.955135 998.446135
558.913422 1079.974800
1144.565657 1043.449584
765.759144 931.173499
806.863611 865.226306
623.750012 1079.076986
735.699601 1003.788550
695.772414 900.784336
912.442302 875.910847
795.187712 898.266306
1030.252451 893.476370
860.119490 942.926216
663.455934 1045.831148
874.244289 966.896042
546.999265 998.668059
750.124166 1046.849607
672.899454 862.695851
622.862744 910.331399
839.151280 946.958573
527.282365 919.116527
1040.446061 902.294572
800.266435 1032.912199
1276.755495 1408.440025
1069.525738 970.814525
961.829749 1077.668130
782.663752 1074.786067
882.385594 854.889144
963.191742 991.873018
1246.879776 1489.972460
999.173531 959.637310
707.874458 953.084500
717.944665 1125.144001
729.392519 925.626482
598.754767 1016.491077
906.497938 972.169663
1017.208564 1049.343140
856.140183 1063.579438
612.753563 952.258582
622.273286 857.175056
687.231444 979.816093
641.576947 1110.814983
557.035690 1034.472862
717.989548 884.945604
742.217126 1105.580648
1321.239618 1516.792509
1339.003367 1602.671499
575.790703 832.619420
1115.162299 882.310692
1029.899176 1077.758712
1303.972061 1596.281553
995.436207 1121.601267
1037.805073 977.630536
1064.406655 1010.593877
704.489564 1047.913541
638.976724 988.813692
920.333269 941.073946
718.203978 1083.406605
1165.830729 941.667059
1351.465722 1547.826918
902.772072 1079.646525
626.675772 1069.162085
616.110810 1123.810753
1315.753544 1554.009655
669.485010 900.087940
1037.328741 941.442818
999.060278 993.284109
943.954296 959.777458
811.419740 1138.705740
968.492412 923.340699
717.579685 840.191574
1021.260654 1049.466519
978.250874 1025.520680
519.517803 993.952174
931.700164 989.047956
654.421428 1162.071686
598.393214 1106.182432
900.472069 1010.928541
886.070469 1014.226675
686.365468 1146.820159
682.547071 1078.447490
487.437077 1007.910645
665.794105 955.984275
751.886412 967.583195
589.587127 1053.489920
640.026721 879.941164
925.602961 924.878426
813.287835 914.864979
834.294692 1079.503257
674.169412 1110.614575
1132.403385 1005.740044
631.504923 920.630315
830.246334 910.038987
885.029319 1019.518325
526.748932 1064.854213
636.938020 1030.428663
505.251304 961.186669
593.623797 884.448184
1276.360552 870.503173
1709.304673 886.576178
1775.158261 938.675439
1848.991700 826.138328
874.170048 851.803909
1905.805663 986.067604
1967.074093 818.180667
601.534967 779.126026
654.160595 821.864250
1546.659395 944.382452
924.602075 807.576593
1173.392107 853.333354
377.231399 1143.241825
906.419177 842.543328
1500.354748 924.544563
1670.339701 939.540773
1863.911117 1022.222852
1468.847415 942.452847
1344.487213 821.126022
1746.403623 996.034681
501.872495 759.374118
1508.428591 889.542883
739.691041 837.340974
1656.181975 913.728933
1758.498888 919.460305
899.085491 880.302831
1373.678235 910.901116
402.248209 1188.045841
1444.661978 904.973913
1427.301008 873.440538
1708.735156 848.858872
1263.244479 878.647359
580.086997 717.813269
430.712747 1159.210287
1571.181794 928.547858
769.902418 855.290828
561.610649 790.265865
1437.091926 837.841789
1796.164327 876.005460
1320.915760 923.196312
570.141244 843.341024
584.919494 850.205831
1761.241830 965.031146
1776.751920 947.777789
1311.865139 853.592202
1924.016069 864.342221
1788.155095 877.708086
394.443789 1144.775252
1851.128703 925.870520
1750.382970 878.565082
1758.519900 816.663127
1374.171339 841.340607
1408.729108 853.328297
1814.364171 813.477531
370.091198 1178.733394
1569.733552 822.345227
1248.937485 925.230345
424.100146 1088.275852
1790.257019 910.105452
981.185370 827.604420
1837.179350 971.096802
346.109675 1126.741322
520.520984 728.281308
1426.713611 934.653424
1861.855609 994.856835
534.469023 839.960511
1607.093699 907.406836
1867.563142 857.312647
809.292235 837.789986
592.742972 813.160028
1407.233323 909.434408
419.496825 1126.627720
1281.047241 912.382148
1778.548834 845.205335
1655.382393 971.024691
525.129126 788.500637
1766.844126 903.137578
749.858946 802.682043
1610.846797 953.478617
1852.188153 798.661039
671.432475 868.313231
1947.451706 879.628270
1051.594712 852.938775
1345.145653 891.427053
1377.858578 787.790942
878.082543 810.691731
1054.012447 818.555958
1687.422267 832.565222
1689.272220 965.914881
1715.389465 933.215448
378.141938 1108.364312
1944.406096 979.527720
1726.466962 965.529194
551.476944 922.064623
1884.828424 921.507803
864.814239 892.281282
946.477444 838.514555
459.276906 1122.508630
1890.122186 826.435970
610.117219 847.628299
1882.838233 1047.314302
1707.165397 995.143823
1726.683769 907.502056
1858.123381 901.947559
1784.010624 1069.537395
1885.011133 865.054711
591.800982 878.788781
1660.062680 777.622896
1473.986399 896.861984
1801.784193 846.592679
1490.288535 859.796764
1279.191229 942.277420
571.540695 1058.638352
1238.285149 893.249429
710.096885 778.513176
1565.528070 856.938836
575.907766 751.936371
561.642604 781.245441
1269.923403 834.875204
725.123722 830.926810
1845.947201 898.043326
1927.723266 807.029578
1532.452063 842.369487
638.706398 861.745871
335.617360 1161.612944
1972.263766 865.402830
546.640676 705.802365
1537.345627 877.690585
1812.102807 913.308685
1304.187383 890.216663
561.987931 819.775262
446.843207 1154.166744
625.706623 896.108794
780.288887 789.055786
609.344184 745.372453
1632.076365 862.916679
1820.104678 932.136500
1787.946201 986.409656
1883.164487 911.772056
1694.705062 921.532929
1953.393560 1781.262713
1797.377507 943.493303
1721.787853 817.849612
538.103573 755.487438
816.676800 797.163742
1944.332287 794.351216
445.778923 1190.025726
1904.806884 886.457056
1572.373182 959.085040
845.097384 822.808375
800.332410 871.159176
974.596181 793.036906
559.811410 883.966512
346.262685 1092.917423
630.454233 829.226209
624.439891 792.850475
1876.131165 749.394874
741.537021 996.665451
685.375281 837.996257
839.962148 859.048656
979.174270 861.024659
1738.091031 848.346301
1027.355586 879.714127
1236.160330 853.066944
1913.893566 857.203195
947.213937 878.824858
1825.675180 1010.314427
1918.244411 1018.822004
1624.421857 828.856720
1582.582839 881.889402
636.020800 793.156098
1812.886995 1029.572138
668.288705 735.057586
1403.854615 821.034026
1897.807442 952.252619
1827.656796 961.982423
1382.612782 874.460545
1450.744371 870.726349
1740.788405 935.641375
669.945641 790.482547
1636.809847 932.892426
1536.935110 912.741041
1920.434848 913.174678
774.986105 824.306659
1606.481849 983.931341
1645.257320 894.933987
1351.090296 856.910306
1682.325576 885.125090
702.492637 806.316979
1877.161129 964.705360
1016.095749 838.671805
1915.620789 764.564791
1814.135862 846.210483
1321.281650 886.920123
1308.044108 819.735907
756.107036 903.901433
314.212485 1110.927928
1835.013820 865.804617
1597.787269 850.564511
1931.750508 936.954639
