1947.546087 685.310687
1451.190456 338.811970
1802.891580 674.513888
1177.057935 1922.941738
1924.699495 675.164125
1111.441818 1893.003677
1624.895948 583.534745
1611.090486 440.090953
1011.536332 1892.072244
1892.122065 535.026688
1847.468877 636.673993
1896.524026 662.693739
1767.893388 439.917072
1412.675722 283.309929
1580.857262 425.248699
1615.908693 535.841918
1861.585619 539.511792
1789.798208 506.867375
1274.838480 1905.325467
323.166260 1763.371064
1779.344083 755.524163
1924.660670 714.740924
853.719830 630.117346
848.325654 578.101315
1885.751002 592.746538
1718.864425 562.804210
1891.367315 612.808272
1892.937786 665.286065
427.118896 0.760547
1768.772397 400.305864
1519.804159 325.444607
1808.077739 517.774884
1146.643056 1895.157635
1805.891823 742.724959
1750.032665 687.994366
1554.850063 551.757213
1509.910546 359.168482
1713.382237 584.067192
1878.868826 443.014627
1739.692381 721.995017
1656.563243 465.403596
1848.272298 599.713767
1853.408883 654.861093
353.024693 1778.809982
1582.290981 464.020824
362.070943 1688.936675
1728.141894 547.422752
1486.169006 333.345270
1684.070334 593.821433
1801.541685 487.920118
1593.984212 592.585923
1837.793147 678.290451
1892.542712 615.691358
1820.875031 650.186206
1818.182400 616.816638
325.843796 1719.519539
1899.559969 472.500205
300.211740 1751.224157
1117.831061 1954.328232
1777.646337 556.167267
1758.478163 532.291094
1702.323789 469.518325
382.446627 1767.239262
1685.096449 517.635473
1142.824628 1928.800910
1794.922282 643.880951
1579.401412 499.895647
1968.094908 508.378052
1553.957392 443.921438
1614.576947 403.535024
1722.642433 750.171732
386.157196 1757.512854
1618.393745 467.219045
1218.781257 1876.068116
1709.693181 487.635117
1727.809970 640.211334
1772.885558 720.697031
1814.996758 1111.125712
1836.334819 491.529312
1691.288281 437.610364
1632.247104 640.084558
1672.755372 560.937051
1248.399207 1899.998769
1656.355938 337.204379
1687.998044 434.740365
1710.460581 603.085071
1966.045527 662.058008
1777.779792 480.667469
1936.435752 542.482614
1806.898273 550.057087
1763.242954 696.712958
1316.324417 197.547944
1179.042499 1848.856365
356.404548 1744.219960
1741.243523 601.348849
1908.929738 584.962560
1682.894811 561.159974
1285.095404 1868.813291
1735.455944 455.271965
1653.387614 576.470396
403.563710 1789.362308
1850.409885 705.073493
1785.942881 629.287819
1581.619631 674.914211
1706.378946 781.821690
1824.224158 558.275640
1871.877724 541.607188
1647.475068 509.105388
885.861768 638.989081
1846.601535 638.707713
1623.554129 615.649192
1944.235968 747.038630
1517.557208 448.781151
917.131147 629.574780
1582.766923 387.771221
1832.271102 704.135697
1799.512512 425.795902
1839.649124 741.086673
1893.562466 698.591185
1747.083914 501.488823
1932.634600 472.281273
1912.584711 572.609929
1851.647068 732.545927
1445.876564 294.393830
1790.699684 561.986754
1874.587152 577.775474
812.271978 552.618501
890.715221 561.530966
1767.347145 719.692556
1835.367056 666.941971
1897.492900 637.139020
1606.243702 500.334256
1146.440670 1860.476931
1178.883240 1884.768280
1723.807703 523.862904
407.715156 1729.041176
1516.752943 393.562361
1828.196545 520.431472
1687.895943 716.948483
770.866338 526.432038
436.574188 1769.963446
1754.886506 622.435799
945.296997 652.054164
1663.023747 472.819697
1543.213129 370.973289
262.876288 1723.740718
1760.049212 638.122898
1785.998508 609.458750
729.073055 492.990786
1040.620468 1911.781046
1198.190453 1880.237718
1866.007448 771.563225
1868.592868 504.760018
1633.466921 683.364432
1269.077359 1834.678900
1881.027103 706.770488
1751.479223 594.601764
1838.222139 446.097911
1601.341751 557.643284
351.552274 1784.228253
376.577462 1804.668209
1709.387791 691.042464
1937.470266 630.976657
1650.032563 609.313760
1818.945621 640.115001
1551.853980 406.252258
1270.528223 1875.212027
1894.802847 692.427519
297.439958 1695.319971
1718.206190 612.380960
1092.612593 1922.324957
1291.007569 155.841770
1914.834927 511.392764
1716.115654 414.765723
1196.062077 1909.942757
1659.178625 414.091331
1833.629171 759.262636
1655.499459 534.633139
1660.449139 690.764410
1903.443622 766.466794
1896.869336 740.664427
1365.340090 233.248951
1821.939549 586.324461
1546.733115 335.996482
1246.520023 1860.742396
1852.074300 408.958363
1829.221492 569.694641
344.971435 1814.334669
1744.840464 612.974350
1739.398724 680.363071
1802.390348 704.793556
1916.694098 439.461502
1169.026468 1952.618718
1851.965877 690.664197
1350.399332 189.475496
1703.860139 521.691960
1810.893323 689.518829
1676.170344 372.980135
359.152842 1733.952050
887.185508 602.755112
1542.501613 642.713623
1356.911414 322.804462
1387.333219 904.582027
1353.356986 993.504356
1489.560392 367.444427
1130.012567 40.337498
1413.935247 887.813699
1194.446163 1.356365
1232.912574 155.092490
1479.110038 501.989091
1309.725485 1097.668417
1484.121842 742.176746
1399.547793 428.567666
947.984529 1991.220213
1551.081946 818.454881
1479.971845 885.842670
1048.079642 1989.888551
1422.501591 465.664373
1268.590960 62.529292
1301.180236 57.580078
1106.382267 5.872361
1573.720341 748.114387
1537.888781 573.698589
1408.590615 1030.825487
1531.621688 305.024003
687.133670 684.260525
1473.308569 596.632296
731.856494 620.907378
1512.187461 726.248420
738.959656 132.063418
1352.855113 1069.280949
1418.783283 931.297837
1323.233621 238.482259
1475.710850 460.514717
1485.106538 644.300787
1132.438334 86.423753
1381.916798 480.171732
1467.974513 316.684264
1533.631580 740.502485
1280.299708 95.542259
1391.952088 290.856058
1493.811596 690.739656
1276.698939 28.080034
1620.913192 642.776150
1376.626428 1040.947996
1595.653257 673.655053
1089.811483 43.624895
1119.799215 1894.730802
1287.269111 1981.294001
1489.430803 928.205115
1477.752952 1031.639942
1313.305526 365.072418
1047.642948 17.975373
1146.098268 1929.231018
1239.516619 1932.886790
1187.767879 37.975289
1036.807778 1830.117959
1231.752610 1989.282158
1365.919417 958.583026
1433.183207 1054.897230
1229.573797 121.812015
1409.914061 389.257061
1558.932543 703.338017
1366.490454 237.763342
1198.483804 1907.966280
1062.431028 1807.597913
1373.760863 394.660532
1164.714646 71.244566
1428.425393 789.841729
1155.969346 1943.052070
1443.323422 666.164110
1126.630439 11.286370
1386.830414 324.713438
1215.640495 1873.182845
1358.207833 168.264274
1031.643956 93.638280
1418.691778 1008.439816
1263.112808 127.496562
1466.104274 639.026046
1455.708717 408.360913
1427.110191 970.489219
1595.570939 617.368242
1448.717815 619.565612
1445.890532 757.654541
1345.132260 131.356626
1098.254883 1801.050122
1425.000331 346.419116
1632.107439 602.548529
1297.910582 324.332201
1479.579763 807.216993
1535.133940 987.416489
1501.794301 778.587167
1466.295870 775.285443
1426.121284 596.033375
1452.535786 1000.981061
1518.600325 621.600329
1390.359547 987.957120
625.626540 775.855033
1329.076541 263.350199
1407.420487 204.739414
1465.699935 548.126976
1445.404786 839.136211
1518.439427 515.101422
1253.946035 1988.600209
1006.129919 39.239842
1346.985318 198.856379
1161.481668 1907.310605
1015.680760 1973.982055
1547.239406 603.022041
1171.784187 4.530212
1351.918380 371.650190
1367.869878 92.405586
1214.884112 1951.796086
1449.647783 825.861315
1452.868745 375.909080
1399.356943 947.063136
1182.461740 121.917963
1428.405382 708.029606
229.543830 126.481735
1497.909461 390.428536
1480.581421 562.398035
1186.983407 1927.431909
1412.299880 848.566369
1453.873833 928.523362
1514.687976 636.804326
1533.978497 937.758778
1533.276076 783.458859
1388.679586 752.323220
1472.980752 704.492412
1384.614800 341.311604
1031.473127 45.888414
1420.126002 499.824920
1313.938376 203.968000
1009.391887 1848.535468
1394.549868 641.028955
1461.207996 963.590135
1287.915443 159.719269
1051.625768 10.642057
1593.831197 704.436853
1467.542354 442.137036
1322.683021 168.852523
1509.585647 872.856970
1481.514735 846.275888
1442.726783 1033.119594
1387.184006 257.003334
1422.097767 234.860261
1232.123817 85.414242
1071.312328 1934.419059
1449.289004 526.406730
1508.342834 584.300703
1323.814796 98.597858
1495.436055 976.076995
1407.549833 725.160362
1451.509873 570.484148
1423.730582 400.149667
1110.591281 1905.197726
1161.987219 98.859968
1445.191201 719.779098
1525.144115 696.125845
1236.943944 1903.782190
1426.841522 552.944747
1148.960152 1876.931981
1343.661230 1029.090617
1143.492016 1978.295392
1416.408850 354.904735
1086.417220 1857.207150
1418.699103 306.025847
1449.925270 874.106884
1432.603178 434.105829
1512.972712 550.472873
1247.682845 89.058348
1289.457158 227.779666
1439.216551 277.446053
1342.485239 398.836486
1455.621093 492.694516
1400.160210 451.602430
1285.979877 194.358177
1402.018117 1067.804597
1509.355580 475.175705
1115.211941 1937.951187
1387.066701 1002.630636
1511.175831 814.510081
1332.683353 336.401129
1344.782794 434.095015
753.327341 590.971683
1174.127208 45.659577
1292.219979 280.314984
1091.096995 82.521776
1360.913214 270.260414
1112.037378 1977.514450
1494.462713 676.099180
1227.772311 61.210632
1127.286603 1848.638793
1386.796066 527.647622
1185.996798 1968.981162
1199.874642 85.729101
1532.140690 673.144946
1302.679026 126.941797
1225.698528 22.309879
1346.702756 290.538973
1826.622603 1327.590816
1676.064135 1385.651319
1725.009452 1522.386469
1715.209512 1236.531550
1665.012384 1337.312455
1923.657722 1480.040369
1671.070396 1350.741005
1605.258714 1326.433161
1686.968582 1431.185938
1760.714925 1232.395880
15.786826 1349.855386
58.742543 1430.929701
1966.300645 1510.700108
1969.474645 1447.823895
1645.347496 1201.044162
1910.659055 1545.234142
1588.294585 1409.779709
1418.492287 678.278796
1833.261879 1521.811219
1636.185054 1286.612659
1781.578689 1493.592730
1868.124544 1584.091116
114.249763 1433.744348
1802.843777 1426.608542
1952.045280 1551.790310
1733.270502 1364.204944
1932.560157 1402.458423
1459.447440 596.185098
98.778581 1493.760893
1906.467333 1609.426079
1984.749671 1523.019865
1638.018831 1585.831859
35.771326 1526.037684
1865.062883 1517.599088
1993.787871 1585.676360
1621.561962 1436.099601
1772.439914 1396.389772
1864.957619 1444.093791
1589.359430 1245.324983
1898.838811 1554.382287
55.414404 1465.387573
1544.137685 1320.421738
1609.126407 1201.048499
1579.620548 1297.774065
1540.266256 1342.088286
1491.773630 547.696786
1707.467093 1425.476034
1783.342922 1318.739331
1501.041829 1224.901622
1732.272207 1556.208089
1653.086897 1242.479666
1741.380206 1456.601978
30.734571 1495.811768
1691.258296 1615.837960
14.596608 1323.730370
1728.314870 1591.453677
17.284481 1394.382849
1647.213892 1161.985613
1897.380935 1410.316222
1991.800873 1415.371708
1839.949373 1598.887675
1661.812265 1368.683748
1732.908367 1328.764457
19.093729 1450.828511
1751.276122 1419.602921
1543.308509 1201.707885
1918.597008 1478.963425
1729.336582 1315.382927
68.158202 1370.001028
1784.348793 1456.693458
1795.621895 1512.295419
1924.917248 1513.719478
1959.694001 1345.669981
1695.401764 1262.247312
1593.401650 1557.825211
1702.037903 1392.410205
1822.682237 1457.436046
1793.316709 1620.402784
1673.988573 1497.750782
1691.480629 1306.666990
1470.291873 643.674939
1777.780628 1574.728287
1455.134568 543.194671
1905.972679 1439.787550
1663.928053 1441.212232
59.095238 1398.313964
1716.258168 1497.737499
1763.719469 1570.034154
1864.689162 1369.679380
1685.524587 1513.918133
1729.685864 1622.639002
1596.890058 1276.609424
1700.422297 1316.988327
1748.508602 1505.659256
1820.750371 1487.503676
1733.812693 1420.328414
1733.657272 1455.891938
1721.971379 1291.013879
1715.667246 1264.523948
1404.974955 593.503903
1864.981327 1568.295021
1873.915951 1548.780023
1898.679959 1587.819366
9.116036 1561.078577
1570.577786 1386.097478
73.365348 1514.045768
1744.461903 1384.962235
1760.726467 1291.124864
1642.581239 1358.755606
1728.549087 1395.289877
1703.352984 1159.551621
1837.190680 1398.395456
1781.676676 1355.750801
1820.751823 1594.200008
1849.847909 1422.521111
1647.669490 1409.038594
1806.605718 1423.154638
1585.205051 1307.745850
1708.964908 1351.766546
1652.168228 1315.231089
1574.344510 1184.354049
1766.303055 1435.619591
1547.416415 1234.375877
1949.159553 1459.301249
1781.419043 1495.899155
1439.712750 510.683124
10.427000 1469.590809
1932.048976 1508.180717
1756.308632 1531.791447
1825.732523 1364.890766
1948.442908 1433.930970
1440.832865 567.318500
1978.271304 1368.444247
1709.824478 1348.784020
1691.747230 1530.459783
1740.328844 1261.520567
1599.911862 1346.842091
1845.600274 1509.415847
15.502121 1454.669688
1797.551005 1599.590427
1611.062074 1278.931115
1614.313239 1127.360085
1645.681894 1408.044345
1629.273834 1439.134458
1572.543058 1346.202092
1702.561572 1204.988200
1696.258552 1566.399860
1418.183661 616.190281
1452.702695 674.660199
1577.072641 1220.549463
38.626846 1419.553832
1960.497755 1616.139128
1440.855331 644.228260
1983.641370 1431.684359
1949.808554 1501.798610
1984.221971 1497.400509
1696.833098 1452.926998
1635.960461 1344.100496
1856.205345 1479.073201
1707.306157 1459.367664
100.654221 1457.355300
1493.797122 612.568295
1887.135204 1498.712496
1633.260845 1385.546799
1576.754196 1455.749033
1474.245670 641.754887
1658.535654 1250.015954
1925.604234 1539.409168
1944.237132 1470.590128
1885.645426 1486.128725
1761.720817 1620.622102
1899.455151 1446.425760
1667.900849 1216.402733
13.627249 1504.794240
1919.047680 1578.363788
1560.976778 1261.462781
1877.402502 1512.001258
1615.024904 1500.590915
1618.993544 1386.707849
1828.196643 1557.909675
1818.626653 1488.081419
1656.660278 1567.996312
1647.400670 1531.921610
1506.253990 1319.905268
1696.846583 1092.470843
1700.417908 1466.570806
1603.169378 1364.451378
1641.231229 1195.655697
1875.747469 1399.093858
1749.322209 1479.915732
1786.351916 1546.069072
1632.303895 1491.035961
1969.771542 1620.847006
1626.844706 1250.948062
1784.904585 1460.947072
1827.371742 1540.317196
1536.204363 1374.519255
1662.620128 1286.424786
1521.876764 1269.256544
1614.937019 1215.663006
386.661879 883.392408
807.074543 908.404131
850.504810 886.601653
896.277008 878.213891
1990.371352 936.159094
976.178311 989.174622
1036.753625 915.229290
1706.204157 881.785655
1754.622882 949.502455
650.976603 914.860878
30.590536 912.461294
295.326830 899.979426
1440.878085 843.723157
26.555280 957.775330
607.321056 921.241497
753.096426 871.887696
936.124343 1010.030470
573.636869 920.082978
441.448566 880.322083
791.449063 1038.847839
1583.323526 877.039768
612.931074 873.058684
1845.603519 928.348274
770.493397 916.172721
842.632716 923.839267
15.449274 982.039856
464.563434 960.925608
1479.782066 900.548654
556.009685 950.848805
540.096548 908.611710
814.924766 861.655814
350.040758 933.573146
1656.808250 785.123036
1506.663281 864.602621
691.582896 909.078934
1885.198241 922.413467
1661.587767 888.638206
546.095199 840.048106
858.157463 866.121501
405.845521 972.072897
1670.022754 879.333837
1660.979052 913.578099
854.236197 1002.943908
872.364184 979.013770
414.363818 916.361523
975.418969 910.818007
873.021817 825.939957
1472.587966 858.606052
908.213279 1034.291750
850.775998 853.427079
826.031982 810.568587
474.600440 875.100992
513.205743 878.659489
875.495543 752.337950
1444.920647 909.901469
663.080727 849.386355
331.442309 993.484285
1503.483669 831.246008
866.690106 880.501889
99.891673 929.033840
925.637463 946.490716
1424.075698 878.203737
1603.328780 853.143005
520.056416 942.458022
943.437847 884.392696
1595.573199 946.070513
716.237549 909.946495
916.462695 817.667996
1921.048186 929.065745
1691.937744 905.328962
506.527577 906.450952
1470.689026 820.494621
379.837052 943.292036
849.779405 724.991362
760.703620 949.727508
1551.329503 896.050187
835.105689 779.683679
1852.197841 891.387067
718.970588 988.749834
924.500333 879.359592
1752.297115 988.770217
997.113214 966.413271
170.551554 956.477846
429.717286 944.111590
462.209174 837.402186
1993.197866 904.062113
173.445882 921.493305
760.247699 835.930694
787.755036 1000.757553
815.599964 889.561662
1422.792970 813.992894
1017.821231 907.246783
810.136890 967.951229
1626.307256 971.467417
977.827302 931.297429
1979.552352 976.807980
60.230373 931.504646
1561.897369 931.165866
963.192583 868.952500
1694.877110 996.260332
934.985479 972.191949
780.044621 1011.694449
831.567990 932.883984
928.804708 849.078885
838.962052 1025.607445
956.230938 921.960295
1684.754121 939.155141
720.818606 822.635891
581.651816 856.017006
855.670455 947.189986
594.891770 825.119920
370.316053 963.772013
1671.555249 966.803127
321.319746 927.868801
1795.796835 895.482314
664.577301 883.255937
1665.507344 843.379637
1590.567273 910.742518
378.186354 852.421843
1810.197249 896.408745
915.815645 775.300062
996.960021 857.767902
610.405814 767.244393
1740.618287 911.998663
1410.672853 910.537164
1042.079849 950.071271
1632.855611 828.039539
632.843945 830.451563
904.975122 987.691094
397.953845 919.812981
1640.441988 941.882416
1522.256545 895.482871
1727.580215 943.904067
1870.585213 855.575314
1701.827951 853.746687
741.444231 905.756303
882.359275 933.215594
856.145074 1038.072065
977.716320 931.230152
788.910687 850.229136
818.751765 511.042937
892.273362 900.285622
806.543026 828.630778
1636.158432 871.950110
1918.870439 894.330051
1014.632124 873.323090
1526.840694 933.089105
936.506456 920.041936
681.525238 939.580446
1958.148033 908.682018
1915.590893 964.531826
82.528607 900.861549
1626.475972 906.843104
1406.196754 846.271882
1742.261544 856.716196
1717.854204 915.049959
944.655221 834.433736
1836.319368 967.828875
1792.068376 961.755264
1952.707933 943.261914
95.687419 963.447045
839.350118 887.845120
134.971424 967.979586
344.724080 896.327241
961.783195 1019.826688
57.234735 968.036754
893.173786 1007.999630
952.549908 1057.557687
721.767278 857.727155
698.395523 874.274176
1724.303154 830.740121
881.290071 944.118350
1754.983644 881.097849
503.473538 848.859171
894.137301 794.958197
910.173323 904.986279
484.601721 932.369658
567.148102 885.261986
833.293294 971.095351
1775.079687 925.557846
735.932271 938.047491
626.413986 886.573376
989.556439 868.219887
1882.930033 888.810757
704.295890 1016.211760
759.802994 910.690784
451.411153 917.341441
788.385075 894.071459
1810.019550 931.386686
937.230020 946.884924
131.983426 933.085267
986.597585 801.945249
902.831592 825.897446
426.877712 863.980018
398.305227 841.893101
1868.895838 952.961409
1385.676496 878.360681
900.979108 898.170479
682.464832 820.866044
998.350687 967.302846
