1146.744712 1482.953724
1040.537331 1155.575232
1629.037014 1889.013183
1095.286962 1345.814671
1400.691832 1277.533332
1232.083787 1293.301644
1668.689643 1392.089247
1232.246952 1170.807254
1171.037785 1383.505779
1016.924668 1362.055940
1329.695638 1270.473914
1135.806607 1426.863462
1678.322678 1667.766455
1124.793783 1068.968449
1036.751165 1270.148920
1698.993197 1639.857347
1232.483390 1135.465736
1091.084120 1147.082330
1616.197100 1847.668736
1647.118815 1337.789338
1066.574829 1478.305476
1620.581349 1974.654506
1137.968186 1127.197433
1668.590432 1552.134995
1038.510965 1452.375680
1725.009487 1611.103640
1058.565237 1335.707214
974.182911 1395.768739
1670.169239 1499.755619
1636.388876 1610.663172
1067.477246 1129.386406
1003.724529 1218.932873
1028.111045 1249.430842
1278.309073 1370.386503
1650.549837 1849.876484
1164.595608 1322.545368
963.582623 1226.851409
1142.632239 1391.557278
1060.469180 1273.018862
1143.111115 1324.349662
1136.204221 1281.993022
1183.397760 1200.955392
1167.635577 1253.018282
1643.436602 1295.740191
911.824902 1286.163674
1177.001520 856.347833
1143.431683 1352.673258
1233.953726 1056.888840
1195.450038 1273.494067
1129.436747 1173.740810
1269.631759 1192.676363
1203.628434 1396.938930
998.849894 1429.742214
1071.006661 1243.330240
1317.918270 1251.380428
1694.719887 1216.643036
1320.502086 1201.460154
1164.116698 990.000738
1267.717612 1327.601434
1625.488671 1730.835890
1297.550693 1237.721046
1628.717967 1558.425056
1660.170098 1223.797822
1074.050165 1303.511801
1335.725595 1164.710263
1357.077350 1200.584514
1154.807794 1155.109102
1195.035032 1183.418753
1643.227870 1526.949221
1307.972788 1083.087663
1195.568391 1434.863350
1652.258948 1262.013101
953.421172 1366.204961
1086.233304 1302.867788
1648.399851 1650.841205
1249.034094 1183.637119
1096.641665 1327.868454
1392.651618 141.083136
1119.464064 1243.730991
997.533689 1244.957924
1292.315913 1315.161228
1660.347131 1731.357415
1064.159234 1443.997979
1126.209052 1244.404307
1047.334918 1377.790946
1016.574523 1395.938381
1624.981508 1930.088473
1188.788637 1154.832921
1311.136119 1364.924207
1124.347381 1355.832728
1200.209689 1295.629274
1167.228772 1166.795190
1093.154074 1245.253577
1673.353178 1188.067846
1247.953609 1216.656985
1260.706186 1245.282463
1297.368621 1171.744531
1094.724893 1431.272829
1111.310451 1104.684184
1211.445140 1320.909675
1170.108341 1044.595923
1156.559614 1295.344668
1088.286792 1471.075493
1160.711038 1253.596717
1234.048877 1268.025563
1065.052049 1326.405418
1142.291537 1293.332563
1190.793517 1335.446733
1125.893785 1176.938248
1286.266651 1366.594560
1175.423449 1406.817086
1271.508651 1299.092546
999.034626 1191.974069
1076.217974 1223.956007
1202.438353 1120.127226
1209.398077 1228.558471
1670.862952 1616.072361
1035.217172 1489.512968
1116.622096 1439.485197
1160.205602 1265.653339
1128.506396 1410.035051
1225.206970 1369.761833
1268.157413 1289.026496
984.912844 1164.148241
1009.056171 1330.702340
1311.056071 1142.958285
1104.372720 1137.287042
1213.809462 1088.036529
1299.822877 1331.473171
1349.706414 1237.002123
1319.981769 1296.218086
1242.920647 1252.948610
1112.234696 1287.049749
1179.377249 1377.837094
1185.104232 1215.331019
1164.543561 897.699034
1256.260899 1107.224339
1657.557760 1767.113717
1139.253146 1375.182794
1044.639409 1193.130258
1678.161515 1293.001856
1273.577723 1215.110808
1652.865846 1583.538580
1159.137279 1180.518977
1266.549887 1082.120220
1682.853471 1334.902637
1622.814995 1769.180674
1048.537082 1331.528661
1066.901782 1092.196387
1048.578067 1420.282032
1199.482548 1355.377838
1288.895127 1115.969299
1098.004227 1368.578379
1203.767110 1262.376518
1336.909857 1348.961449
1359.740873 1316.624465
1198.429072 1233.526324
1185.594313 1155.198795
1226.053048 1329.961428
1162.709142 944.422605
1135.669264 966.202780
1647.273471 1697.517303
1118.746557 1460.389434
1076.097454 1296.567641
1175.620012 1306.988710
1003.477479 1262.843787
1620.120628 1805.907062
1151.625512 1444.868137
1142.066509 860.767556
1103.538123 1397.611969
1241.605548 1413.106019
1141.929730 1099.728740
1258.273699 1192.099531
1141.734823 1215.693896
1232.354603 1374.749945
940.177651 1306.159317
1654.398845 1809.117153
1226.157274 1211.694414
1282.410553 1268.640715
1141.671544 1330.277432
1196.017498 1289.135928
1001.955403 1125.979675
1001.219124 1341.894040
1152.119929 1119.495793
1066.906057 1362.636487
1109.039572 1207.208861
1098.912127 1330.172808
1144.678902 1020.378197
1616.270002 1682.083274
1356.641950 1277.526270
974.665733 1323.994495
1050.851792 1277.337981
1083.082593 1396.737377
1100.717816 1433.536806
1196.912744 953.808858
1016.758505 1303.450850
1681.536910 1703.338834
1197.814038 1163.515010
1687.096371 1251.115289
1685.748077 1583.705007
1930.668098 538.986602
214.741971 693.091257
787.189609 398.775462
1900.620707 307.672603
1873.081556 412.471038
890.768677 619.735704
768.656930 432.406609
360.136710 734.441097
1243.424842 1646.270451
642.462451 461.447346
1938.182146 396.149767
678.629851 489.043611
1854.404045 488.496437
221.755159 724.097229
841.422163 326.307429
1909.907089 608.982947
225.954464 591.350202
1820.306825 428.399223
307.010528 628.008552
1873.603027 326.650570
691.375329 431.218989
1090.705657 263.495199
1907.726249 567.078171
1184.465241 232.936878
1049.289812 915.290059
146.994909 649.201628
1115.553862 896.488147
256.026771 787.131421
756.942185 476.871549
299.533455 771.927155
1933.383996 356.140934
789.556643 361.601497
153.141121 711.935405
1141.402823 905.623341
737.590563 426.182679
350.885900 763.347611
675.403782 496.663210
986.709730 299.576899
1222.330436 975.157003
299.642324 744.386875
1144.413402 1026.577734
1896.922979 496.418026
1193.678945 982.903269
1916.707670 676.594418
815.270123 424.238913
19.624819 673.871249
218.793288 546.545171
1166.666535 882.035945
396.026944 648.475293
899.837288 363.521210
1084.932459 829.878509
476.470169 924.602188
259.220936 686.288518
1122.058151 940.925564
344.513501 688.804152
1183.404571 1052.810502
742.959204 586.994984
907.053639 544.968196
358.092589 589.778451
821.519884 382.036056
773.573161 499.386682
554.117137 518.364545
8.437856 558.896659
1806.112509 484.720087
914.599136 595.784544
849.225203 506.540017
1046.923079 797.227380
357.016359 722.937434
1205.447839 1025.880437
881.088414 519.345386
258.277416 627.868874
267.986002 681.305363
270.618156 549.010025
292.177727 641.582024
540.453523 562.541256
717.631035 500.278835
1241.216750 1074.928309
434.153579 899.968262
1157.678939 922.456736
459.846755 540.525551
858.682179 394.236754
1869.255027 292.407971
306.850166 681.344933
1858.351078 444.402204
684.176248 585.770219
779.515529 594.738308
1026.346682 858.650040
1937.951472 315.021510
247.785142 760.581112
384.958472 536.613558
1019.600738 819.655965
1896.083713 533.621628
28.621359 504.068861
1113.669799 1004.635905
851.350063 360.791871
1880.419619 588.683190
1905.590545 352.892357
1857.274754 376.534801
248.184704 722.341016
1897.783427 376.025883
597.566598 533.845614
370.594692 674.051123
1825.409833 451.825784
719.820144 372.258814
211.955639 619.343912
711.689311 402.987656
862.422026 546.419114
810.421136 547.531434
1868.011430 621.844517
817.216374 626.485226
1909.218602 413.603759
964.403016 708.113059
289.245320 600.125584
324.023217 599.940726
711.515542 479.352397
1835.274005 398.477178
314.281167 664.344683
1862.062846 531.424745
646.927166 496.506018
647.103413 533.316266
1899.697144 454.792238
1930.773397 486.223302
298.896198 554.810952
1202.587757 1088.389311
1004.589719 765.931571
874.555134 338.451108
798.886024 453.521914
313.740746 584.500821
339.485499 560.060130
676.497538 536.693329
1863.883943 458.915928
1137.991744 852.114357
180.474158 716.079251
216.199478 659.548746
820.162301 552.800211
803.558550 305.173120
577.994325 467.168587
1175.808446 965.592435
1058.879117 283.083528
1107.754439 909.009101
438.007163 479.161688
1252.153628 1041.184200
390.402349 579.731090
1053.481216 841.342153
1067.933551 881.066891
198.561659 747.113524
361.760400 615.320115
1158.427217 1001.026371
666.758942 456.896888
206.668528 639.976323
665.799541 418.460646
1137.867900 247.190948
1085.320680 936.619043
632.242477 427.956059
1141.825727 972.264745
266.277105 768.710776
347.746041 645.729860
703.736277 434.813415
405.374638 611.513200
1892.371862 648.868450
329.393042 778.233479
1934.281473 445.723246
504.027056 516.626790
189.693560 674.658967
1928.311991 424.867079
600.661503 439.877543
626.613941 505.408470
1220.980383 1058.117769
233.994295 559.558328
703.398313 341.061540
394.546764 726.447271
476.446415 572.228186
242.885651 656.472463
1252.386365 209.876129
1067.347553 965.799679
1103.932407 971.756130
542.008082 485.784078
467.132252 506.620310
753.896819 393.643396
807.216775 513.356207
998.970748 715.362753
937.609155 678.711723
198.779316 576.999076
720.516643 549.047775
593.405631 494.954151
403.429287 679.464812
1101.532483 871.576887
768.983686 542.507873
755.193804 529.463958
769.562950 563.003404
684.555783 377.626728
66.486145 558.009391
834.641521 584.379470
262.266207 711.969263
321.429753 724.222271
291.801037 707.955079
859.715804 637.649610
650.117700 577.468144
742.347680 364.600898
507.607908 551.332230
878.776467 1775.882936
774.866184 1825.078863
766.884376 1775.322973
896.655774 139.942033
854.136537 100.849035
1017.853197 197.241988
801.900210 208.925371
708.968398 1781.674541
879.128054 174.404929
830.587008 153.031774
1032.602826 85.399660
987.637135 41.508246
907.631743 1743.875767
953.807808 57.183621
703.088405 1849.449622
975.952032 127.703039
761.416322 1709.499768
740.083413 1883.749568
1018.407010 217.869020
809.853422 197.130002
889.904401 1842.588522
975.333202 300.637176
1030.426929 149.543671
890.959135 32.760434
933.131308 280.485990
750.420243 1750.882392
997.529646 103.649533
923.729596 134.619540
1082.828615 195.369418
1004.030032 256.165881
1046.535742 265.037138
753.320610 1695.267711
924.412860 1827.031782
943.236245 240.382104
856.539696 1788.413721
648.171175 1770.017410
800.345424 1761.485368
857.895754 69.532871
794.095060 235.150305
841.721961 1868.544294
1076.197778 218.417652
705.908892 107.263935
783.991461 198.089541
744.996888 134.548827
729.537779 231.784617
849.532768 1656.756746
805.241230 1812.268518
868.076141 213.912562
678.218238 212.976981
852.376505 1745.581653
672.815856 1806.314470
713.162442 1777.740597
1081.057226 132.413197
889.675537 278.269012
785.841233 1730.605633
1010.880350 290.782078
980.498877 195.717886
620.591695 1717.400599
951.285033 375.008709
946.480286 330.220148
887.501287 396.303724
616.744377 1767.518931
966.889311 263.748327
831.279868 269.727015
758.317240 1920.535169
615.894063 1732.181784
919.137168 325.165203
907.042682 293.224597
1016.589955 243.465955
842.923931 1813.981841
947.333046 191.292508
855.411627 265.047447
858.136458 1742.273229
648.989285 1706.508999
749.782354 1660.836658
724.713490 1647.264521
940.205592 139.476441
800.066336 1658.212334
807.631772 1935.503084
898.867639 103.474691
824.297910 1736.393600
820.662678 1774.041919
839.229592 395.485654
839.542705 1689.757124
789.386642 1851.444669
1051.024776 193.674159
871.196566 279.364986
999.155687 192.091038
980.729200 362.163193
956.652151 169.687012
835.892911 1982.061179
705.055263 227.938358
882.168133 185.705533
641.412850 1731.146844
923.016826 394.070742
744.707029 1841.575376
893.536357 132.401578
847.116954 184.091408
843.031230 224.405362
685.230420 1718.620774
836.600764 1725.263187
734.060299 1612.424802
980.258524 79.468800
1043.798975 115.755398
695.809652 1617.574153
907.534558 360.640012
741.535944 1849.649953
768.443224 1594.679163
887.295641 235.934560
892.350762 56.810415
768.727685 229.448698
812.378692 1673.398312
908.385557 174.383728
936.192394 240.462443
956.495987 212.063485
780.128414 1640.312803
976.798658 168.687457
671.684728 1825.273963
723.913826 1688.392803
683.562079 1692.990247
1101.188705 156.424524
830.904715 1836.468782
680.451229 1748.828554
932.967911 1789.748882
834.674654 190.278157
868.168271 325.803439
1035.118933 238.925395
1009.202985 322.036959
932.100839 104.292581
841.205469 1816.800983
982.733495 239.440633
773.905018 1964.368198
716.271980 1723.732399
900.866536 233.046119
716.297830 1868.980919
856.495941 32.420892
778.737234 316.540637
810.457749 116.754223
1027.876679 185.674354
950.666550 228.395293
724.062818 197.522475
781.636604 146.336617
659.593358 1641.168344
693.323079 1646.046617
627.271654 1630.938629
660.656263 1635.934433
654.077478 1598.700391
725.223501 1688.372785
798.090131 1693.957223
751.053852 266.939265
896.220015 185.381035
1011.863589 132.344383
785.812980 1782.328978
799.034702 1798.489994
880.656072 1742.186781
913.417318 1745.741291
691.468155 1694.962865
770.082453 1888.143449
960.821196 153.135504
780.400960 363.563462
927.511092 264.484033
818.631946 1716.880684
863.873088 1705.206508
742.848220 1747.849790
792.669101 96.850139
683.118785 1905.866135
758.884433 172.407924
1020.894546 309.681371
919.456609 215.617769
989.526642 234.691639
873.085870 1869.880669
1012.785584 213.729991
878.626414 205.985554
1071.725232 158.523384
867.068583 262.820509
694.629865 180.704733
854.031749 142.861452
743.254086 1823.443430
804.954197 172.335708
856.369135 1895.614689
908.578183 1810.685482
883.403738 239.573476
825.010603 87.819307
723.563788 156.547777
805.985280 291.808646
813.652015 1896.450664
815.750293 1728.662241
710.702748 1729.127780
976.436870 208.091401
722.623982 1812.315736
933.269314 212.473255
826.749789 1841.283464
1040.130594 152.902334
761.008681 74.672225
921.664340 171.405580
935.550085 89.342603
617.637963 1595.664598
847.871143 243.816373
1081.031569 241.883684
742.846997 308.263590
1529.224343 516.799838
1811.077311 451.052546
1.225278 379.011902
1969.496368 441.399944
1374.308732 588.616522
1974.848191 390.825333
28.497605 396.107904
1060.972713 707.224671
1152.198683 744.676074
1745.915162 469.264978
1493.955354 637.990454
1511.984635 609.252330
796.953133 998.021152
1774.670862 250.013255
1692.702772 486.999136
1972.073768 469.058825
1927.866256 393.660186
1585.287993 579.102203
1729.088489 538.385259
1763.831798 512.925461
1047.852938 787.403610
1719.005775 406.401803
1322.769762 677.477788
1716.105544 314.175950
1889.356168 488.800817
1777.228979 409.025890
1596.719361 680.715481
1901.444372 373.011601
1610.402899 491.806196
1637.422463 509.172681
1944.630354 408.965150
1533.080017 596.941525
995.552580 831.049945
1583.035424 538.774886
1723.306950 439.508088
1254.251058 708.304557
831.863153 995.580350
1817.985849 521.389245
1992.710829 416.696922
1519.757004 567.205490
1994.107878 310.722804
1867.959588 390.970685
1958.465553 383.849539
1819.934136 555.331126
1683.313368 529.099297
1938.722280 430.621950
1917.377765 432.668092
1561.312269 502.596138
1931.480981 557.696611
1917.305205 303.173634
1845.929071 368.916183
1617.078005 527.334377
1748.454778 234.007896
1881.460318 452.466295
1849.353919 230.103481
1670.756955 419.859481
1483.544590 574.364608
1534.489443 476.516821
1961.769941 267.422271
1419.724662 629.294186
1881.816034 284.675479
1859.376796 434.826411
1907.882050 319.751262
1619.845061 579.324145
1975.131236 277.743142
1938.582230 266.922941
1866.529780 483.541212
1748.054450 574.273801
1091.609862 723.810396
1118.830513 737.854564
1790.157765 570.744272
1017.532467 770.490524
1440.934653 553.369912
44.964748 371.120940
1750.763748 401.676429
1040.703322 846.254569
1843.664023 501.070573
1193.262465 652.785153
1756.366061 444.096758
1851.703776 279.094975
1150.173426 708.689244
47.443999 344.059576
1451.559102 584.685603
1616.199632 567.354250
1571.458349 599.923196
1383.841404 622.696637
1479.224751 685.911716
1845.571597 314.864360
1903.736894 519.251312
1782.421803 312.572007
1509.912912 532.982297
34.845836 313.800461
1890.256149 399.796058
814.260355 966.599111
1879.703729 319.688847
1227.080607 637.994294
1414.178377 594.651850
1574.686100 473.053970
1787.954918 372.012639
1861.127899 412.683745
1840.266152 462.702203
1704.633751 376.329669
1782.136201 467.440178
1742.405278 288.588747
1627.935141 647.285141
1780.426817 321.635794
1078.902992 791.097910
1797.706987 265.303727
1850.057724 532.837051
1856.297020 355.249840
1632.628281 424.900851
1554.993693 568.036186
1815.186459 246.974819
1471.709129 533.743681
1259.595549 618.271722
1834.264263 430.231902
1927.172107 363.760275
997.811897 798.860503
1453.620345 631.867988
1147.737977 674.807405
1846.469783 236.880652
1803.567487 228.716941
1646.968715 547.882684
1856.992735 267.589279
1872.189137 375.078286
1937.350724 329.380597
1046.098021 750.550957
1792.325096 353.123466
1750.784544 319.944273
1580.343712 651.922801
8.499974 344.725258
1892.822865 251.050872
1815.367738 294.701695
1437.660877 668.121399
1080.753588 756.704249
1861.227448 487.759833
1739.073357 364.518175
1937.364283 459.846280
1807.950721 489.832853
1713.006047 472.048981
1866.669947 329.823437
1979.553609 504.993032
1719.989843 505.155529
1964.358473 409.167050
1220.239570 600.690204
1828.982141 393.773479
1902.570321 459.716295
1897.794329 406.563083
1658.872194 580.592207
1322.435068 642.767420
1345.217641 618.956756
1400.685724 562.679161
18.644719 285.599554
1469.576138 498.670446
1182.123144 723.099299
1116.664446 700.302293
8.153119 465.971757
1287.936122 673.540814
1217.371738 754.978223
1361.307850 650.148067
1399.617596 658.266811
1748.529647 347.042544
1416.868705 521.517481
1595.707844 614.692981
1878.002327 443.676480
1820.159667 326.812157
1860.136351 284.684925
1769.486017 436.779212
1634.657471 607.856917
1791.017127 453.614934
1218.959557 717.231579
1949.736865 522.698560
1199.282275 688.553818
1806.130132 590.140807
1900.224739 350.754984
1832.013106 470.868892
1660.558559 501.196276
1642.262484 468.043234
1700.560570 554.451984
1242.432806 674.472835
1916.106758 471.274283
1652.969280 452.947540
1953.962420 360.140769
1287.981803 638.257006
1557.677991 625.665206
1768.915925 502.448203
1579.406398 502.629008
1606.500707 458.064541
1119.837232 773.737901
1793.863536 525.660364
1474.833624 580.463340
1953.001437 313.115605
1899.349983 261.728294
1546.704891 533.679874
1027.934206 815.993213
1685.916823 451.550813
1833.648515 613.247115
1885.495414 406.091159
1812.603853 390.958443
1986.865971 341.027520
