1028.235052 448.760240
958.934235 124.863087
1738.297279 782.393919
842.871160 308.614868
1125.681135 282.196390
956.658703 277.712302
1775.416574 286.009636
1063.135361 157.733324
938.915197 384.906411
837.747131 323.290923
1039.000973 255.704698
1076.752964 391.453370
1800.510869 584.522878
982.051061 1990.558135
896.356814 252.810756
1810.831249 551.335565
1151.485170 74.212954
917.100233 121.379097
1725.121316 743.457793
1758.518280 236.111959
992.844971 450.315658
1729.841711 868.035252
821.840315 190.641940
1808.372244 452.604030
878.939188 432.267390
1841.566716 526.651536
808.037458 311.538221
801.621827 362.292588
1809.689949 398.116747
1757.758301 521.665739
953.933196 93.419482
1003.672770 161.100739
1073.512654 183.569659
901.130782 376.331471
1759.887313 745.705441
1007.769353 296.888252
915.413915 158.490040
1035.367004 345.938351
876.346063 241.890063
970.539324 275.765382
977.646282 235.826864
971.270968 166.436420
1006.904342 218.967315
1763.926267 199.644538
832.606792 228.501880
983.959093 1835.300553
933.462439 339.470114
1052.762827 1992.221531
1037.498625 247.532802
1072.585353 134.509072
1015.936039 224.660335
1015.411695 373.823301
818.513130 394.211857
985.786814 193.791583
1115.744365 203.782225
1816.859762 129.350045
1078.242304 219.086159
1013.960910 1934.677100
948.075137 379.381836
1741.591039 627.836937
1044.499059 220.394451
1768.211566 467.817308
1754.326977 123.665585
845.970870 265.645786
1174.082289 159.343416
1002.652007 254.704321
995.958248 82.286742
1076.209553 177.862863
1782.724900 428.397307
1148.961231 30.139625
975.669253 413.816773
1797.830873 167.116875
772.268324 343.402400
1002.790051 282.695192
1773.546270 560.045086
942.638141 179.546114
942.309272 293.186054
1004.981050 1098.847303
1113.037233 190.296499
790.131965 217.402853
981.606507 371.553679
1777.574464 628.526570
1006.879786 424.241457
841.295202 214.708313
899.685383 315.998812
821.527649 354.463143
1734.241870 823.469219
1101.019974 147.893871
1007.463613 339.299009
868.872421 343.133475
1158.617576 242.477995
1008.035343 112.683968
949.172149 223.840131
1754.094267 87.945618
1026.130055 193.426499
1077.460628 203.068502
998.633383 148.600834
1080.304206 391.268999
900.166858 143.560334
1121.365974 256.501324
1012.021659 1986.886104
1076.727707 265.364960
921.935573 440.011078
889.270291 226.725928
924.672932 267.541483
928.412669 296.876925
937.909017 246.349576
961.553281 346.083014
1038.007280 162.946064
1035.343321 394.909067
994.330019 374.847528
1041.851574 299.607346
845.122187 151.909549
872.469701 193.257663
1027.277556 49.574993
962.257219 196.834029
1792.675057 521.750305
953.645629 451.542766
972.674571 421.853531
903.406016 240.374159
867.082721 366.536283
901.158572 395.809359
980.253035 309.671847
991.228113 124.110036
877.262126 262.249445
1101.403933 132.815458
962.727532 84.903300
1043.204445 25.594996
983.852470 334.036196
1176.391713 206.566501
1039.032150 286.106834
978.250456 242.506220
1043.535843 216.268159
936.050138 332.781998
922.140508 193.662083
980.235623 1876.709666
1028.046199 83.553998
1770.527506 663.324441
906.588440 346.707559
951.565273 144.843335
1801.973799 197.036925
1119.404670 166.326227
1796.617495 489.612077
1041.626741 126.285555
1073.004071 16.839577
1793.066703 233.438419
1735.605864 665.430320
897.056901 289.359418
958.991905 10.467159
875.360099 387.260876
976.651028 341.776127
1164.741925 106.762158
959.513295 304.442744
987.277034 227.093829
1120.382581 304.894441
1053.022927 368.544738
975.497132 203.372411
1043.392290 97.076992
1086.088299 293.742070
983.675929 1918.042080
1020.854691 1899.161610
1765.829874 594.590199
1051.278832 409.429908
929.265168 256.024720
861.504446 298.095100
898.136852 205.930047
1729.414945 701.156502
1060.398333 426.813617
948.445297 1837.866227
920.577730 411.708648
1127.849587 367.234137
1005.912489 34.799438
1182.532612 143.899165
1044.764300 167.486646
1117.169022 331.803364
817.547003 256.351626
1763.657982 704.364311
1134.239075 148.315589
1097.816327 240.087170
1014.159746 280.177054
956.404087 267.117507
983.082371 40.114759
736.476372 320.959599
1075.612021 45.744376
898.907161 315.840593
864.126119 175.363640
806.834141 299.625542
984.744272 1954.981973
1732.065588 583.682839
1019.220484 257.155650
768.258846 290.364875
763.943099 272.723933
1083.403639 368.209706
941.629856 404.803932
1039.720687 1933.535425
804.454459 272.417784
1801.102707 602.786047
1075.927375 87.086441
1829.465533 163.240246
1830.693901 486.649028
132.024730 1607.749394
1164.203700 203.753024
1806.271674 66.371497
57.316180 1372.661002
85.243891 1447.463048
1640.028701 1427.788565
1800.780014 110.907415
1274.101522 217.557370
254.661860 107.226175
1623.157254 90.271460
112.855426 1428.333529
1673.732396 133.331115
33.269528 1560.372269
1112.694577 206.013034
1894.195589 18.037830
117.276265 1649.107160
1191.968269 151.371600
67.854726 1460.294862
1259.732517 119.356178
19.588751 1348.281986
1700.092096 128.292246
144.834891 83.523865
86.897956 1626.668633
243.181717 140.500430
1799.277067 1631.676441
1032.409375 240.602870
1906.406723 1570.418376
1139.351496 271.031791
1742.176632 151.152977
1125.866772 233.710527
96.056391 1400.175299
1790.457531 37.055832
1050.689447 287.369791
1883.349464 1642.863135
1775.391768 137.718828
1250.545634 262.446368
1661.490543 157.386507
45.229804 45.116320
1879.766615 1830.978455
1081.295027 184.179459
1769.557233 1880.238148
69.486414 1572.174174
1847.009460 1843.935409
41.803124 1773.438469
1838.888877 94.835346
97.973452 1738.228442
1169.688406 127.771325
1924.018264 1601.312541
1359.805973 145.718676
1944.149226 29.698792
1835.500380 1561.088854
1249.176938 1713.070697
1179.885339 171.175854
1891.451613 1702.583782
1270.901220 150.566943
1858.184492 1911.508076
1363.626114 1434.225632
1497.562732 1450.756586
1317.057098 72.492267
1880.241603 135.221665
1408.256499 1355.545407
1575.097630 103.547718
126.312120 1564.367843
19.583826 1533.285797
1562.584989 1432.346356
1448.046954 1414.224137
1810.952335 1570.170776
1288.771455 183.918528
1894.358357 1853.512072
1529.324572 1368.832598
1216.719384 249.192374
1203.146523 224.940241
1185.333315 97.527809
1208.923252 125.356373
1557.580611 143.099216
1698.860658 162.773127
1924.530465 1920.956250
1216.589827 1666.668167
1912.225256 1675.344532
1477.975943 112.470982
1899.949018 85.482353
61.835485 1326.385531
1229.751568 147.181972
52.170886 1510.419580
1331.938603 1389.429711
1403.933325 1455.030315
1768.686102 1647.525463
94.292401 1360.674341
1052.512339 216.179650
1356.634424 91.444538
1776.060407 1609.848363
54.716907 1622.895891
99.936522 1516.001820
1825.295050 1728.240852
1904.197916 50.951037
36.660170 1671.459992
42.922401 1390.587492
40.041212 1404.461172
1086.078255 224.993031
71.315608 1405.526022
1583.720391 167.099982
1321.787093 164.616439
44.810726 1475.587387
1722.328893 50.899198
1157.001991 165.637826
1753.538403 109.255954
1493.558422 1408.902530
1424.490729 1380.587982
67.871446 1656.090407
1423.520756 1484.011371
51.288978 1437.021981
1670.985542 1562.371333
1235.568735 96.745322
1302.627528 122.107140
1656.881121 36.528079
5.080414 1426.660176
1255.988808 173.682325
41.970747 1599.641271
1639.210773 121.218575
1622.955975 161.890222
67.053677 1531.729521
100.433320 1543.424365
1255.264792 69.080045
1834.445930 1970.642540
1759.479354 1565.814159
1913.769645 14.948271
1828.861217 131.580629
1282.111711 97.262056
1290.038937 93.698223
1361.251163 1324.207572
55.037655 1535.659081
1803.408651 1659.623497
1140.335992 298.085183
1112.086257 161.702223
1438.028310 1450.112530
1868.203643 58.136825
1563.374204 21.407477
1842.030997 1794.083026
112.330718 70.507400
1782.189492 1723.551293
1463.430579 81.499607
1919.309183 1865.670203
1385.199649 103.808304
1826.811611 1596.243845
1803.591360 1610.135838
1181.016005 329.940041
1334.831616 116.481832
1814.400217 1856.995419
1652.127761 114.696227
163.011655 1454.965929
1624.018057 63.233436
193.287588 102.019483
1851.659462 1664.425359
1600.445101 29.300561
1868.390552 1731.519113
1098.960236 249.632692
1282.141198 147.182139
1714.029464 109.864621
1399.786670 134.579285
28.046765 1722.772026
1187.650126 256.199178
127.967484 1478.582062
1524.437974 90.509845
1179.646189 317.309501
80.376292 1480.519608
1611.328903 91.108202
1584.982263 66.959499
1889.570294 1923.093160
1217.501302 179.142506
1685.454600 42.441683
1319.379424 199.364647
1494.224018 143.932139
1199.031933 199.210669
309.354485 148.331986
1786.141863 1677.925481
1839.968917 1697.013116
1563.100466 76.691481
1489.353757 106.481778
1787.841391 76.521421
1456.528663 1361.907939
1709.349134 1563.378313
1614.485316 1557.867011
1164.021745 237.092645
1393.145702 1370.753117
1601.637529 124.468209
1350.481256 190.095693
1851.890055 1620.128327
1428.480181 1384.915335
1376.386991 1400.884849
1409.503044 1416.688147
1696.275676 79.689604
99.466542 1593.014493
1470.256965 1430.020387
1131.482547 194.976836
1244.458833 192.638840
1245.512987 213.227748
1521.739644 1527.815523
1345.824759 1355.345779
1746.425661 76.098067
1528.416657 124.147679
1827.015493 1847.810577
1716.548657 1921.318298
1758.391235 1767.871212
1855.204568 208.705514
1785.328989 138.377943
20.642190 344.832808
1736.020675 116.813657
1647.254682 1846.640954
1806.060903 109.272406
1767.687037 176.815184
1975.951037 69.191001
1990.927442 323.110938
1853.552021 1760.715894
1945.977293 29.517481
1636.994751 1914.475337
1942.483419 172.709746
1710.382766 1831.183418
1669.272828 1900.282178
1969.528112 316.969058
1774.956850 116.516484
1838.462190 8.948778
1911.696352 204.582717
20.777122 214.361655
1854.234730 35.682773
1895.426425 275.203081
1689.334934 1694.546463
1963.300185 60.610290
1920.176241 250.894401
37.052296 299.075954
1954.926783 341.558089
1990.984497 383.325225
1693.966899 1720.335753
1883.180465 1786.499756
1883.668512 163.578248
1816.461912 1692.675782
1596.084297 1778.240940
1743.973696 1706.024552
1838.564526 162.968823
1748.917479 231.512083
1838.012015 1816.697924
29.886486 165.188742
1634.079401 61.174462
1718.075600 168.730376
1660.398081 87.965739
1652.387435 225.828032
1790.202616 1763.512438
1744.669121 1861.900122
1810.958819 142.191040
1598.934444 133.564349
1814.625121 1856.393573
1601.586301 1755.800341
1636.909510 1733.065990
46.760744 255.970772
1852.962057 163.073975
1720.600982 1783.756101
1963.002337 192.488711
1976.603818 238.480347
1582.626025 1755.679749
1929.087035 357.922335
1925.059826 300.099220
1892.440233 316.450357
1595.868402 1806.762555
1918.298950 392.075426
1794.467337 302.061366
1717.375485 1966.606902
1562.856716 1770.129796
1908.173853 152.835373
1855.773274 360.608686
1981.862338 203.125113
1819.266435 1887.091230
1932.506659 63.303133
1940.412350 311.708082
1827.677435 1734.826723
1612.174955 1669.520175
1672.013190 1664.951281
1653.935383 1699.761770
1874.357712 122.167179
1761.314848 1735.252363
1763.084143 1914.907116
1831.198369 94.947214
1783.143172 1834.318894
1742.080042 1759.928632
1845.616513 220.377723
1780.290215 1865.770144
1742.968967 1897.067695
1996.967866 112.559069
1881.424347 218.397788
1956.576254 204.365245
1943.843393 254.759804
1890.702802 233.656987
1827.334192 42.821422
1661.347153 124.403374
1871.321420 267.748244
1630.515001 1772.562533
1888.970715 416.472586
1705.960623 1737.674898
1826.601895 128.014214
1786.645193 73.376910
1780.632688 259.057107
1620.541263 1741.884178
1793.870972 1805.235950
1658.999569 1633.144419
1983.232292 272.505460
1979.060422 165.012517
1654.060992 1801.506382
1971.205649 99.185257
1683.504789 1769.375529
1705.862557 1642.584108
1815.586703 195.070704
1857.798583 89.182326
1694.481522 151.745398
1813.506342 1779.815885
1917.256764 124.502756
1910.007116 252.966866
1931.591639 230.124611
1704.734855 1707.961580
1902.593108 80.574009
1611.626639 1860.227318
1706.981254 1921.537044
1615.965399 1705.511508
130.932961 506.292767
1772.066682 1857.267409
1625.283526 1829.642268
1900.098842 1872.499438
1795.369096 217.710959
1847.672432 299.374975
3.289471 275.363808
1965.047957 378.728718
1892.523809 34.611445
1783.803728 1685.052394
1962.676641 313.557110
1763.029708 1920.682601
1669.335117 1740.330461
1850.496366 266.894320
1728.778140 1834.750263
1799.925182 63.558673
1699.666848 196.733640
1752.426081 86.877528
1979.725603 334.308664
1914.712798 201.069820
1627.110920 199.471593
1697.571834 119.764641
1762.916123 1893.641160
1623.387838 1585.240325
1586.794257 1709.736384
1693.022316 1860.809159
1616.063244 1636.147252
1651.120422 1762.351844
1713.859317 1676.965690
1675.656923 194.368534
1851.009551 247.106790
1974.617072 262.618990
1725.470576 1799.386606
1724.229307 1740.165033
1840.994541 1766.755823
1859.138617 1724.026287
1638.666972 1665.384909
1721.584953 1868.230700
1893.975919 102.280499
1737.574832 199.233014
1949.524256 138.715851
1771.215172 1789.052780
1845.954317 1791.622254
1672.165710 1826.319393
1751.592602 64.252420
1671.563884 1971.464733
1668.833046 160.214858
1999.159386 178.575814
1900.183178 190.401223
1940.693801 100.493980
1789.968187 1889.037417
1937.893359 201.666022
1794.490806 172.520360
41.328136 114.541071
1823.232102 262.267584
1610.145679 93.569249
1812.871307 168.894223
1688.459411 1802.739747
1730.007422 149.462101
1793.531834 1932.645397
1867.928998 1975.949470
1814.880248 221.878124
1783.254307 37.137954
1632.700011 150.766222
1744.548064 279.264872
1748.360256 1822.181127
1745.848578 1737.613702
1643.172847 1799.678926
1943.190451 239.238065
1678.108928 1860.673673
1913.006213 285.594300
1800.235508 1797.332412
12.317835 234.908579
1703.377809 84.790801
1860.451195 141.789861
1926.229246 172.080451
1576.106284 1673.995276
1769.929400 203.151833
118.249220 637.458593
1689.968362 230.817289
574.746345 1029.237697
835.554024 916.858828
1044.658836 835.347677
1067.128343 918.115332
391.615780 1090.554829
1064.202478 906.854093
1147.727786 914.596918
78.129001 1209.312701
168.717775 1252.457249
785.100214 1005.155703
536.452837 1149.800210
540.824831 1085.014502
1774.010143 1401.489399
926.828563 887.771538
719.637110 979.142416
995.170794 871.754758
1063.813237 975.475684
593.248932 1019.580368
783.126003 1075.157226
775.135876 955.286042
68.451573 1301.910186
756.685074 923.202905
336.104669 1176.612829
847.040580 871.767639
937.493867 956.970745
860.572177 945.227322
634.363981 1103.202678
994.361308 924.086516
624.778811 923.747071
671.548493 985.017684
988.960962 840.350666
563.404694 1114.377989
21.983819 1337.294388
551.123828 712.353612
761.855595 960.671066
274.022284 1175.321303
1808.419739 1398.684797
920.178425 1014.728833
1078.198607 916.352260
541.233660 1023.674628
1039.964117 766.442104
996.854702 1015.286593
1033.695324 875.684745
869.832831 1029.658256
737.533178 1061.062661
1014.831728 900.893767
984.793986 871.344436
536.282800 679.040013
1045.583605 1057.302987
981.644819 760.618347
944.508689 893.862613
640.390733 986.734146
916.432965 842.553831
1008.274330 1009.063049
925.018594 731.324154
723.098947 940.702810
498.971459 1037.628416
551.875315 612.453343
1023.561456 732.959537
434.541510 1130.915193
1075.475729 954.102720
954.303661 1027.767447
1006.325489 846.452367
665.194271 1023.792697
1069.203983 776.870422
1094.472192 851.031459
993.208895 1065.052687
833.097878 1119.481864
104.719327 1223.373727
133.923497 1241.452575
846.884734 1110.765221
31.690140 1256.425407
471.598676 1075.075695
1145.739243 873.060083
798.837239 901.182808
80.767074 1373.676291
1003.069356 1116.636585
214.584598 1148.265110
824.211419 995.318816
959.798653 812.992484
165.774924 1217.314268
1116.068211 820.895738
488.171995 1104.557094
638.117542 1050.318077
587.436897 1088.332452
400.228416 1124.427412
487.044748 1140.780118
974.433554 917.305757
1013.930426 1078.259260
945.922664 954.470193
528.906432 641.338667
1133.288659 833.519154
956.319037 829.456185
1790.897313 1371.022746
952.201553 852.542363
251.459322 1103.883182
431.926176 1093.941928
573.309970 759.440203
885.130814 910.480339
971.199023 1023.238099
954.451391 1057.960972
776.245979 879.132938
842.859057 1020.761674
843.743633 798.439564
683.293826 1101.956725
891.822913 873.324763
107.542528 1318.846308
886.719390 776.983055
880.679275 975.785662
933.024126 928.277234
694.067842 934.497404
566.160693 1060.325236
929.688088 809.581753
511.224757 1071.439844
271.752519 1112.147637
920.457991 994.550990
954.197210 778.494644
22.704429 1301.079639
466.993134 1109.568199
168.906075 1185.148106
1023.153828 899.004568
914.985772 787.937720
677.740919 1021.289983
1001.226640 791.891954
978.650436 916.978247
1097.055858 951.721323
64.930348 1256.844573
899.967867 926.348619
808.992044 786.144077
624.254924 1017.943493
1095.003118 795.698874
1033.458624 818.892256
1032.752721 996.811588
452.105038 1159.993533
102.107070 1271.420963
957.433215 1089.257702
854.441395 954.279850
1008.217626 980.505507
900.931876 1051.957505
791.215310 1039.010634
964.609625 885.928337
1054.974485 1017.241267
752.232648 1024.952511
977.126303 811.869242
237.438544 1070.942676
868.892147 819.565533
957.812881 987.278029
1038.567726 921.481608
701.001105 1070.923321
334.622289 1141.259353
361.347934 1118.802813
423.170722 1060.090807
1113.903343 801.176753
494.069733 644.746631
216.364203 1265.264667
134.241347 1205.731959
1098.285452 983.447043
299.408613 1170.425649
264.022991 1208.980419
376.563032 1150.938151
415.315634 1158.122707
815.155477 873.468882
459.004138 1042.219598
602.457246 1053.569512
898.358684 900.814482
921.286532 843.232808
970.823488 871.195852
819.957155 960.266827
662.999131 1074.745484
888.970094 1003.200337
241.182105 1212.265162
1023.783940 955.817831
216.034345 1182.268398
890.058186 1162.383735
1033.608789 929.225892
870.206104 910.143254
711.199404 1020.203866
721.273306 1034.660831
832.330218 1150.187469
258.828221 1142.925028
977.947035 957.320989
711.929834 995.558230
1045.282427 880.271462
299.648268 1135.858377
608.461945 1154.764589
792.089254 986.415788
603.346238 969.692833
661.402461 925.618384
136.956447 1279.490264
842.523730 1054.767291
516.897025 1114.209086
1069.138260 854.870544
1057.239328 851.791632
569.458377 993.983895
56.568497 1338.012611
751.405178 991.085048
913.037060 1095.442087
1015.797944 1040.123381
900.517094 944.097250
1113.433791 931.969872
