900.679385 1542.473779
627.697606 1293.131704
1832.978272 1823.054820
699.862397 1392.960934
971.670938 1390.490015
851.042545 1389.767989
1889.664612 1338.194839
825.007990 1249.997793
746.188357 1501.317102
829.582226 1414.076809
756.848022 1383.335832
968.259806 1483.905635
1884.592740 1637.762083
677.662036 1086.103879
712.430862 1355.939450
1893.893926 1604.869262
845.668852 1269.087774
635.963298 1239.820170
1819.348151 1786.919575
1883.070070 1302.984302
863.951596 1537.752502
1824.560226 1908.699856
564.552742 1327.183932
1897.378317 1510.520503
687.540813 1524.882179
1930.990187 1596.852820
647.319213 1391.505965
849.825896 1485.839014
1901.088135 1459.095122
1838.427790 1578.182149
699.987147 1215.697322
797.506515 1279.102516
773.064235 1354.955141
725.350580 1472.682074
1854.192848 1789.122804
817.275840 1432.550676
646.226863 1282.279646
900.005775 1438.327353
599.141319 1372.245575
810.846907 1408.075177
732.531657 1338.357594
799.034348 1282.170879
822.493007 1337.648045
1899.893622 1267.771367
645.546364 1353.621244
709.708594 916.282115
798.012521 1431.336004
744.290138 1092.000504
849.516233 1347.132354
864.608969 1226.789885
798.190926 1318.743483
935.572897 1453.342040
655.543911 1503.146018
786.309946 1313.472239
911.752832 1334.946267
1928.016337 1202.976507
924.449495 1293.835255
724.032220 1024.494099
826.132482 1494.876414
1821.155328 1678.039503
790.936148 1352.497297
1863.235060 1519.158961
1895.026141 1191.362832
688.864904 1383.581698
899.506930 1445.918278
708.845383 1422.963602
762.800055 1198.019062
908.217574 1291.744447
1870.061180 1475.347266
796.385634 1205.737233
785.408525 1503.736383
1905.743007 1231.506203
629.025945 1441.777828
742.675978 1438.781460
1858.709945 1609.359376
828.357242 1289.570902
778.847249 1432.344722
668.906926 195.326311
857.081685 1305.193982
633.607078 1313.944976
688.647643 1490.903397
1857.206399 1675.850895
886.945412 1507.908025
604.499038 1341.658418
678.198786 1416.645989
841.931398 1453.860189
1828.960464 1864.133830
830.137478 1305.630509
874.377426 1438.488119
671.861662 1459.802228
924.736781 1373.583043
688.554641 1256.274488
708.081565 1317.334433
1922.136678 1170.573012
790.642520 1298.823772
801.585678 1333.687806
722.328748 1301.674067
926.536473 1488.082897
614.012750 1265.021881
882.886760 1374.136983
711.953356 1078.943328
886.260664 1377.462898
767.643181 1532.500508
660.888937 1358.168620
729.871940 1373.670928
754.455382 1402.748441
858.404011 1334.981462
787.075857 1463.414537
683.255765 1326.442105
718.750083 1524.758045
822.197706 1477.616877
845.827485 1523.868435
690.690026 1294.281074
667.464712 1300.824137
750.321929 1173.715953
710.671179 1317.143379
1873.860773 1577.518665
844.098267 1538.090603
752.286906 1528.939901
718.714545 1366.892497
626.956307 1483.448044
676.534856 1488.711864
781.326121 1455.621233
775.609439 1234.792445
813.851116 1397.182780
943.250993 1229.357340
655.659701 1229.281909
732.904691 1125.462844
833.109763 1433.512181
938.508579 1333.941220
845.861198 1411.453576
882.221800 1321.085627
821.212052 1317.857825
695.718227 1446.099757
751.638887 1318.137911
701.013900 960.789863
739.500451 1219.798121
1866.981012 1708.613163
798.156926 1473.740125
736.504474 1251.858518
1933.649482 1254.076412
950.224689 1309.787862
1887.224806 1544.681566
760.915171 1257.432519
772.109928 1145.645157
1917.984303 1298.099012
1832.135957 1711.312870
760.179841 1437.769255
622.630765 1152.933373
887.307166 1489.964884
724.871178 1471.564697
904.403115 1250.220441
732.802602 1438.012484
758.776427 1338.396068
916.463166 1407.951693
872.828326 1461.321838
753.275380 1311.882674
846.693023 1213.584596
946.665106 1402.756952
690.577226 1013.951916
732.914594 990.533163
1845.733753 1642.616892
852.820924 1516.275090
781.667467 1361.315192
877.753674 1413.664900
643.348091 1317.187838
1826.559949 1744.840309
925.050264 1523.978598
674.955529 918.473753
729.926786 1490.969604
877.989190 1480.608707
700.479194 1139.079349
896.833506 1267.562673
744.178518 1285.446769
978.207736 1435.136832
546.609450 1372.336078
1861.854707 1748.162153
941.823014 1272.944730
860.680733 1352.873179
884.646407 1378.637702
791.782165 1367.677567
681.199460 1182.557736
566.108606 1440.674598
663.545744 1257.629483
648.397579 1423.642714
711.750723 1281.590706
613.330458 1388.537894
693.984744 1044.909915
1813.915586 1635.078961
772.538024 1398.332522
577.105170 1397.906216
832.475569 1376.321840
811.380330 1529.256143
791.021519 1498.336582
716.568492 1182.909763
731.908274 1380.160154
1886.384633 1656.421352
708.433119 1261.387339
1954.239985 1225.353925
1908.965445 1571.839031
729.163396 147.663602
78.341174 129.868560
686.830102 328.019402
348.994440 119.372547
549.341291 134.938404
263.535316 21.358558
691.623482 388.858885
165.822611 212.840484
1131.259494 495.966246
512.637353 240.052528
449.019123 121.376987
567.056851 325.164632
592.946004 192.113929
1996.255440 91.922853
807.104109 255.489368
740.205856 225.862488
111.878209 130.861540
632.831991 96.746771
198.951537 84.178847
318.297320 117.608430
587.924468 322.498340
1035.088537 444.094672
723.813135 206.289234
1119.179706 530.315464
517.376337 194.788794
1935.029937 64.342736
564.182909 135.597019
28.324119 161.358044
624.275434 330.438986
32.960446 136.347791
412.700172 140.474456
688.779994 289.361466
1940.535886 106.850186
539.294011 227.253769
646.168879 361.351695
147.993325 152.980613
552.981456 354.217928
942.636099 382.963999
675.863461 257.182815
1976.824141 104.184435
507.004597 348.480736
678.177931 154.663649
643.895070 270.889568
688.232548 290.668715
725.535596 326.375251
797.202815 204.712112
59.943721 116.225581
569.921354 225.713147
286.208070 172.220887
852.115267 324.520611
474.698043 160.913667
38.545691 105.158725
67.399705 184.377129
622.968021 201.647425
211.779917 113.967998
690.254958 234.805887
43.611227 1973.499977
160.560960 69.687876
243.283493 97.488372
767.428636 324.703189
86.814270 1808.129971
457.974377 355.347090
680.357415 202.860627
615.018084 135.066348
193.195306 10.416858
119.317752 7.564341
507.340376 166.365582
203.274037 236.862071
644.741384 306.039578
156.998478 1994.253906
88.544186 90.910886
72.142726 167.469421
107.143793 55.604130
122.538104 60.938693
456.296083 315.027434
572.407047 381.893211
776.720066 237.620168
1976.357782 62.416120
650.590789 206.450206
389.134417 264.155170
788.467058 357.842012
303.966692 90.585810
159.857900 70.175270
647.169058 143.398056
1976.329241 34.207440
72.604516 36.498764
475.569465 176.847463
426.164688 105.630708
1944.066527 44.380336
278.725547 117.926416
442.955174 205.251473
664.503075 240.997483
736.501746 102.446291
541.181819 288.891846
815.658517 323.362870
673.608975 183.873639
382.189727 139.627972
448.339399 152.512202
1987.920567 124.857931
508.862352 134.597620
494.800674 308.187605
257.237731 144.648609
592.509662 130.827409
628.445886 271.619180
71.592500 72.767143
655.899521 304.255863
145.930071 20.163689
133.615260 1898.486509
705.917730 236.857773
147.550685 36.058264
565.302339 98.567147
350.302254 190.841389
174.416001 106.182147
230.868903 143.308843
531.145450 263.227467
344.374714 156.366935
191.937453 181.837916
647.970239 176.134934
528.097552 220.153017
514.109829 314.505073
703.600418 114.058504
680.785445 148.084146
182.494176 43.830145
712.239442 265.470836
416.421257 166.947118
824.598512 294.071564
722.998784 352.710897
203.428895 54.323623
226.507192 61.190893
46.995925 1817.281530
623.401028 171.348381
530.984318 161.643479
11.311088 150.654180
21.703800 66.477393
135.485439 82.029744
771.823767 279.088491
418.528620 210.538272
627.928042 216.984028
1004.274140 427.024374
548.811640 187.896874
341.578633 233.509715
742.933415 258.932720
292.777206 146.355917
469.848549 185.538060
404.793359 261.774545
68.072663 242.895094
237.514118 208.646554
604.915982 253.907493
537.982431 282.696027
574.875976 177.402403
476.177382 238.153617
1077.028017 479.150720
559.656906 235.209879
474.486682 221.730464
592.502796 207.755164
1974.408550 168.817614
219.871704 148.133479
598.566686 358.210970
315.883922 203.435677
642.188415 244.694005
57.683202 113.116769
665.056992 122.470422
402.096227 229.161952
63.246542 73.568475
559.685489 201.245771
512.372956 248.779231
453.260174 256.390604
732.235599 291.875057
112.494012 153.558128
583.159786 287.163819
250.254583 178.575203
389.618641 302.838631
123.902462 89.367803
1176.795344 560.940860
490.150486 257.647351
562.898722 263.834082
456.956802 277.293214
385.034282 219.297269
685.424936 353.693041
159.986695 1863.263871
387.684717 179.279517
318.564717 170.180580
42.884494 32.858850
109.153762 1867.789227
479.274545 288.275088
277.326024 206.261314
496.191480 206.523529
102.006223 20.256199
102.043151 1914.701346
78.781420 62.434491
606.966643 248.193227
687.032586 209.588362
102.313390 61.939804
33.342567 98.245373
148.696905 111.351652
175.868255 142.600569
261.214728 70.110719
0.636856 5.986299
644.165414 271.839090
421.788009 191.541790
948.202590 112.806785
825.294074 111.079501
916.403315 61.735035
946.823606 317.462264
865.594942 187.130851
1131.909663 166.613339
831.941089 248.324302
777.622917 113.429551
896.717896 205.412194
846.995993 209.829619
1059.791425 96.379187
1129.093593 133.445604
1025.054749 35.544676
1005.096424 67.684918
790.785075 175.256268
1013.588708 123.763580
813.995692 48.052422
877.968538 225.768327
1067.436723 157.792829
881.817423 307.229628
931.710899 242.332216
1022.881370 219.576899
1112.740820 190.908385
960.138292 231.332875
1035.877608 151.099902
898.118495 86.043727
1050.137082 130.883212
991.600916 262.441369
1139.888054 138.051395
1061.296896 297.899979
1117.218164 263.949848
849.366598 39.694594
1060.518854 44.497577
974.425480 41.031719
954.844901 1940.772635
815.819974 172.346968
841.122187 1856.104744
946.492546 217.563710
831.043256 340.099298
990.744594 152.210410
1105.069055 105.732249
735.726882 166.345921
783.555997 234.779204
736.822080 118.518456
738.077395 294.463755
928.765520 1970.522644
889.417777 120.732941
912.747405 302.775831
673.442196 81.765031
962.298621 85.880869
702.997953 42.409041
867.808317 59.264284
1146.064930 99.731971
951.701505 125.215834
919.063689 123.194357
1036.582645 210.944516
1068.312159 96.586371
695.389940 1978.919257
1064.785938 122.872348
1032.223933 318.705109
958.422801 348.086128
738.551351 73.460121
1023.163196 327.316140
895.203612 371.515204
854.242479 267.665359
696.242405 58.125724
980.593324 114.532227
960.795315 264.488465
1119.921733 61.656948
978.385136 149.659714
1008.286235 147.835123
1028.908131 257.821379
977.354169 34.409162
753.750119 1963.686698
801.366636 1911.039968
755.631233 1894.187251
1000.994472 239.589551
879.200889 1916.149917
917.698976 192.211278
932.014712 204.413301
941.854695 83.085694
932.708308 154.078956
920.601526 183.937408
968.704008 196.674158
883.968582 239.026783
1108.485207 169.144567
949.903099 194.946629
1035.002858 167.440080
1055.677817 254.257081
963.000917 228.461848
925.020530 269.661040
749.874274 188.088741
955.218725 354.784465
766.184125 52.548767
971.084372 410.227762
863.571918 100.804335
923.308207 209.930235
898.421680 261.814992
848.088005 310.456268
746.031007 67.238849
938.217136 44.823866
852.298822 1983.549037
1082.774263 194.114969
1092.155943 29.319036
800.112206 132.105339
1045.799095 61.215710
857.279503 75.457908
805.631523 1836.707863
909.000501 336.491146
952.793468 270.647595
799.901968 166.377781
959.326798 15.395768
1006.357187 186.598865
1010.006335 360.513675
1025.097393 280.518183
917.138327 109.678137
1011.245757 204.454031
751.424146 150.668347
823.873922 124.888272
768.175096 10.061660
37.323928 1465.737059
939.008949 152.464428
751.041122 118.953049
1025.182693 90.170132
872.267889 348.824569
929.767383 406.770667
1086.853627 242.955924
1074.024347 230.395413
1012.166661 254.613478
915.694385 1926.349211
1074.948236 272.488785
864.055895 171.780146
866.400269 120.820654
925.606883 359.279500
875.008092 165.315942
881.133508 159.576503
808.041380 287.673395
843.081839 154.584511
1116.493027 230.208515
974.333893 249.600738
704.914576 234.903359
807.603404 264.107565
894.372209 134.248368
770.595726 1842.384567
801.182487 49.268883
827.421114 158.968724
834.525191 90.943923
777.880020 9.420151
794.411926 1875.500715
762.042696 205.165588
953.204090 177.681515
1087.320976 64.518915
918.868048 174.523331
886.393609 38.727096
996.551496 22.628317
1029.868449 5.472010
824.539786 18.450005
860.161632 134.837784
972.080548 223.405254
819.531492 229.028595
1036.954132 287.528948
908.455611 30.520304
1024.123237 117.416767
783.948250 74.818934
842.998695 213.754186
893.785247 301.328006
741.050439 237.620194
1093.080184 208.740492
994.784887 294.841203
1037.257252 152.909885
938.361582 152.964056
1035.211849 173.725733
877.981782 290.212797
1120.234057 100.011387
922.648124 292.662069
702.907246 108.182143
882.444483 251.972656
814.675708 77.474206
839.561679 307.434794
927.564471 100.025328
962.274014 138.076035
895.887109 344.400077
893.243856 195.358748
716.680319 196.219528
871.296929 366.842898
840.416943 1897.471644
822.965820 1871.365770
779.429302 148.966645
1041.908154 373.127176
844.415007 157.508915
973.198693 376.687914
1005.461474 108.731233
1092.302095 120.389016
810.002120 201.918839
969.140838 308.973109
999.929876 152.455921
727.262703 1985.038304
848.876156 287.832106
26.163894 1597.049670
764.060296 264.648298
1634.302348 1125.614256
1915.351840 1135.443781
136.734609 1044.928906
172.684361 1055.185847
1457.722393 1164.887116
196.790372 1094.368837
274.968482 1161.668015
1147.070180 1123.139231
1248.782861 1179.859879
1861.292513 1227.276270
1600.083789 1274.041483
1599.095074 1226.108573
851.803561 1635.866973
11.352538 1044.355651
1800.921876 1185.387854
141.142410 1173.018826
170.978484 1107.662924
1702.756985 1275.826474
1862.796985 1261.743064
1847.180487 1157.872106
1130.749962 1187.518017
1837.249050 1125.784091
1406.813555 1252.493152
1946.577304 1084.994626
71.554027 1234.526678
1960.960320 1139.645680
1707.463123 1231.675155
140.577632 1124.914585
1746.508991 1130.661614
1751.254354 1232.672358
104.334932 1072.578195
1628.211671 1228.678947
1093.091139 1255.829672
168.459105 1827.625536
1847.801959 1190.246930
1350.195335 1188.477658
886.386645 1633.496122
16.576519 1158.467609
233.374059 1192.470851
1601.140506 1164.190660
243.762921 1149.403579
84.552076 1155.128860
173.993633 1148.118614
1967.331432 1115.500163
1824.533454 1283.724289
120.612257 1073.902319
109.361204 1023.994350
158.888976 1792.089705
142.592257 1236.545063
146.827577 1089.743427
63.803713 1132.561131
1714.918058 1147.610321
47.271507 1117.917411
101.573098 973.743049
78.879225 967.760489
1818.604608 1171.904280
1562.199727 1175.569473
181.695848 1729.777316
141.162163 1011.919418
1490.079045 1218.325272
187.083156 1250.604450
44.774699 1103.588114
105.650965 987.417561
1733.844252 1201.405637
180.623312 1041.894843
231.027924 1102.954705
95.624593 1251.042136
1898.812445 1203.731653
1180.416495 1109.877722
1206.503080 1139.556026
1954.281761 1189.563846
1101.244210 1117.319362
1523.975348 1199.276054
267.599444 1100.487006
1890.691676 1108.903316
1164.588899 1201.521799
126.580295 1273.016424
1278.755189 1119.615038
1893.757543 1208.746047
175.680250 1212.638292
1238.023367 1146.207598
261.167337 1128.091575
1543.110854 1233.546881
1699.274520 1196.930203
1651.171373 1256.421437
1462.300773 1210.498686
1556.233076 1271.098832
114.840623 1155.609803
87.035955 1113.154701
96.181456 1185.946804
157.657692 1754.146286
251.707221 1063.438839
79.526802 1079.509571
868.783255 1607.943275
40.972694 1000.130070
1313.807120 1209.507306
1487.294699 1182.314202
186.833358 1876.578267
1999.780339 1118.972750
132.391641 1131.500664
68.906714 1194.479389
1877.665146 1136.305211
1925.387124 1103.985869
0.955433 1030.956285
1772.824987 1319.063984
37.200236 1116.910042
1183.274978 1171.593601
1996.760281 981.698374
25.401405 1204.662916
58.892087 1148.174823
1787.244884 1155.733891
1617.352409 1195.671468
58.827821 1017.496631
1569.971066 1209.975405
1338.491262 1155.538544
37.745766 1230.321629
70.393369 1020.010163
1097.489814 1167.646282
1522.169352 1235.635636
1255.436774 1094.486308
187.343386 1165.529235
48.199737 1084.203167
1770.280059 1282.958905
96.944637 941.772837
61.136484 1053.581769
199.304244 1179.738808
1127.310483 1152.201733
36.761079 1187.815366
1960.774063 1008.548539
1689.707024 1157.631871
216.466689 1064.221123
160.332266 1061.030497
195.444531 1090.528343
1521.420296 1277.270241
1175.959940 1146.175845
107.689239 1196.097926
1944.464551 1143.341178
131.436546 1209.829208
1988.268934 1182.788007
1860.675173 1227.383150
126.024400 1105.432923
160.968454 1201.425510
1829.403935 1246.031776
93.789731 1038.311678
1307.048079 1140.560281
55.769016 1189.626888
109.421874 1162.714830
171.582767 1128.242363
1788.649949 1257.753237
1404.371244 1215.794166
1413.134805 1164.870674
1488.907392 1142.314142
238.062714 1027.864169
123.838528 1758.734199
1278.380414 1197.063393
1217.202034 1101.638419
205.783948 1219.391122
1383.361853 1191.022550
1367.400615 1218.331890
1433.315324 1192.272212
1492.579453 1256.286551
1921.994530 1070.966396
1515.795901 1164.802101
1667.282790 1186.414259
1988.699906 1099.874983
67.450099 1155.691025
119.905871 1098.609785
1898.395640 1167.500745
1729.917890 1266.007478
102.512192 1210.334771
1305.169653 1176.307923
148.019615 1171.596094
1275.652045 1156.801534
10.808095 1224.787097
158.323251 1116.514551
1987.129652 1160.885583
1774.710790 1191.025245
1788.362073 1225.020561
1909.289194 1240.850939
1348.259049 1230.778370
134.501554 1158.725287
1825.947028 1216.092804
187.376732 1201.389334
1377.427765 1151.498346
1708.840182 1311.831553
1871.747627 1180.885344
1673.600913 1104.244771
1752.160771 1166.355505
1215.919290 1173.807864
1931.821787 1168.680062
1579.299856 1245.163263
213.701575 1118.193715
234.063785 1235.571617
1660.472003 1146.800476
1138.640311 1229.259781
1840.215196 1204.115192
21.767394 1272.767456
117.098779 1191.089824
29.574208 1153.753183
227.008894 1156.518002
