865.286567 1335.681664
1155.333965 918.598566
749.289705 1200.666735
920.310749 1184.301527
838.913469 1275.119534
833.160630 1198.155082
1042.679122 1042.285552
1272.577265 959.901940
1002.818142 1181.297137
955.244505 1086.197030
770.677263 1253.014155
905.296169 1280.110352
730.662516 1037.087685
1191.739578 862.251915
1188.386355 991.329367
1038.505136 944.976970
852.782781 1132.440736
1005.769749 946.589069
858.968363 1206.130870
527.502631 504.924735
802.987316 1287.228227
869.543403 1300.706605
1120.596101 902.949307
1153.776771 872.875544
612.429939 1260.918622
709.621279 1097.945519
872.601851 1220.747721
840.792993 1242.784691
1071.829745 805.608994
753.927487 973.251311
1190.715180 890.173037
878.252406 1040.882891
709.500077 1233.950218
648.127268 1285.195283
660.330785 1262.609402
1104.124294 1032.946477
1226.669661 938.722622
1142.281123 1098.586243
846.848540 1023.791589
971.328084 1118.518926
1122.533058 995.690072
1078.036750 1049.194067
830.707996 1156.765324
569.012351 493.667731
1084.425607 956.598694
561.374425 428.919871
1084.779436 1100.229752
1263.194637 922.277954
1023.823156 1094.788883
1177.752798 1045.354612
1082.191969 1025.352807
677.654858 1289.535124
768.868674 1216.683947
654.559432 1166.090437
791.632204 1171.469140
586.824826 454.638863
938.926297 1109.927222
600.282732 497.438872
776.708789 1322.265506
713.571814 1126.361527
1159.455462 1004.215614
1040.135716 915.278490
641.019817 512.989837
1013.561296 980.812587
908.985864 1225.516642
915.441190 1123.470985
1056.307654 979.128234
816.206081 1158.680204
1052.881909 882.492745
1310.943809 908.112693
976.554082 1166.712793
604.688589 490.762207
1291.988912 989.784524
737.445758 1265.299843
1016.454669 1021.569795
1018.090567 1092.366004
829.560666 1191.295918
906.260893 1456.527416
945.985905 1026.733462
1253.090485 992.419651
1069.224260 1141.400397
679.063444 1137.253057
860.215945 1263.545171
1224.930463 906.957486
811.238568 1009.335167
1129.969938 1046.031901
835.126144 1308.894574
1221.751732 1003.075367
899.940520 1164.068258
748.117963 1125.712625
722.900864 1274.629740
1292.052638 832.111185
801.572367 1072.943596
517.903941 454.635468
1040.545538 1045.350785
862.308818 1178.329157
853.263024 1060.032581
829.475399 1330.182225
1125.355873 977.281982
1046.370383 1114.481692
599.660103 534.813529
963.776141 1177.466257
959.885242 1142.136479
940.194618 1004.654183
935.624617 1128.020603
838.805315 1052.293830
881.745059 1102.357400
1076.284888 1047.329514
1158.347614 950.726464
750.312447 1177.550187
1100.003608 1115.520889
777.738418 1347.092960
987.131833 899.298268
1192.892259 932.353107
1194.306774 968.590065
977.786196 1074.431075
883.608701 1005.785359
946.645796 1221.511659
816.222379 1225.135829
1275.078213 1032.488957
910.837453 1060.346583
835.678851 1219.114687
861.741268 1175.150403
1291.858456 878.599111
829.681904 1090.810984
982.420324 1126.790265
1262.503198 851.903600
1213.928320 867.619404
1037.915066 1146.669692
759.571147 1227.818454
840.424900 1206.880660
1140.351409 1024.554335
920.959111 1139.410055
939.811814 1171.960022
765.790037 1092.328993
620.425987 443.101935
1188.974694 934.536458
882.663964 1066.953269
1002.469302 1133.625039
1213.818749 835.646202
670.625267 509.140240
1010.250060 1061.139523
1094.392409 925.778316
1085.102883 991.893471
1151.158171 965.966060
546.531339 475.684563
826.515308 1167.241373
678.736713 1238.058324
1226.996897 798.894692
724.599427 1309.400729
797.244258 1263.592799
877.832329 1087.327852
792.194413 1114.741766
1068.783831 1080.618792
779.789597 1256.203179
860.591804 1287.309837
1038.165068 1006.194162
791.851937 1032.827903
1106.856171 1075.876050
635.589284 478.502884
627.804248 531.505604
986.880511 1015.860936
882.028397 1239.976980
700.613825 1187.026579
780.619547 1200.729777
1124.064802 944.143969
882.098164 1150.738862
902.919714 1319.125498
592.006060 412.647785
776.971498 1147.113105
827.225427 1240.122116
1312.726033 792.180676
750.575987 1166.080775
781.717088 993.675230
822.481105 1273.078723
1241.228109 964.674218
728.297147 1232.548234
1177.739994 1011.205324
686.589039 1201.969158
891.233473 1202.302000
754.409055 1297.213932
1241.057608 824.986895
853.101044 1111.620579
1315.941928 944.644675
782.419195 1152.902677
893.608110 973.146792
715.112791 1149.764894
569.103926 518.965910
802.568901 1126.213878
705.609914 1198.583008
983.129025 1102.997848
856.897348 1095.552754
763.822732 1299.274376
692.738398 1275.580266
1330.617845 822.552930
768.207242 1059.979609
915.969384 1020.650144
1255.486030 881.145109
686.642025 469.562194
1175.116195 902.343848
1007.098985 352.579304
720.778950 335.018178
1017.600562 496.712967
1059.480040 412.676871
810.308538 258.619753
861.860359 536.570526
1097.541164 417.046666
827.563713 616.048821
609.149196 260.253368
844.697919 255.877773
1213.735108 429.463956
974.493139 223.883456
738.482740 385.619380
703.280059 519.935564
1164.131393 314.496908
1129.003953 318.503884
740.603075 563.644592
766.232308 349.556408
921.340713 514.910021
1049.808859 540.148790
781.198370 511.065661
1195.658187 288.866041
965.583023 359.792533
1211.728231 374.954898
811.033363 289.686581
593.087681 305.512497
807.863557 386.888550
702.352309 185.821096
1033.717168 383.419600
732.021300 429.768880
1174.203734 493.018182
1106.150279 386.328810
617.126155 256.167989
843.947435 298.801532
912.009650 362.756696
846.772745 504.997795
772.943872 438.448071
1434.836849 482.669059
1044.418135 341.755165
656.746520 473.602658
693.505606 319.003640
947.680588 313.275049
936.353620 487.414156
1093.708672 309.865847
1183.285231 438.066552
1099.471784 371.596395
812.610060 533.055458
791.411821 441.478654
987.511704 536.455280
1230.794205 251.405179
1273.122299 393.710585
655.291368 361.306733
695.634752 631.166519
771.958274 536.951156
972.799609 429.486486
920.726041 445.902534
679.705211 471.435196
848.897879 496.252965
1021.681511 417.747675
1206.735102 426.131614
577.257712 272.717453
686.949650 370.063203
974.107746 393.488728
682.153073 373.691112
879.015660 431.489558
802.965896 442.736653
724.260235 301.579358
848.626063 654.798749
932.227393 354.278996
771.949038 616.209182
840.063584 392.541718
715.935841 583.501432
721.535165 451.188918
867.074491 465.002502
1216.288984 465.565949
885.305148 378.420304
1184.917541 376.535870
630.363400 316.099810
931.729353 286.294537
781.686148 261.637302
1204.994943 325.336084
1072.565140 344.873258
817.675341 470.664744
871.465345 373.410455
652.029413 430.623757
746.749410 507.097844
806.403714 193.765033
1173.987024 346.251958
618.582527 350.974608
1054.101316 424.200763
1249.400099 363.022088
994.646191 414.621680
955.271668 260.320932
781.306214 388.616314
1231.264233 299.236709
1022.127417 315.326559
1139.678687 400.666018
610.580226 206.429082
668.007307 243.286652
1296.971495 464.630782
853.123362 347.493908
1066.036446 465.987422
866.023100 306.470300
867.731483 553.001981
757.070742 463.666500
675.857099 273.656189
843.317643 412.769565
719.211309 486.143953
1054.278902 303.137988
846.745546 583.149662
704.961724 401.103460
1086.162858 562.221099
890.312624 455.305557
996.798461 377.981446
753.818312 262.583929
1124.954922 438.883632
894.933780 632.689900
905.550691 299.364831
666.411207 399.594775
890.335841 235.910963
809.885460 327.509824
846.959836 451.077969
947.402359 422.659779
1138.437962 363.283795
1158.767625 516.264164
1262.431778 333.561374
1115.903528 350.878365
913.464607 380.985328
938.825191 386.143336
707.275224 243.789506
803.883006 506.221326
747.583133 343.308789
720.858268 353.406151
667.181045 505.684092
880.148911 400.420388
1224.979678 390.547637
637.700278 259.327627
755.549592 505.242774
1129.140841 281.637819
831.725621 355.718829
1007.356091 573.012602
1166.063575 255.818516
1072.405806 376.540092
1241.672833 424.519832
761.644230 205.891772
731.648042 322.747916
974.379022 570.911004
787.059918 463.538976
786.506550 350.599339
865.340948 268.878210
644.056932 195.692258
1231.623980 344.532765
870.570596 332.443185
764.710844 309.605882
784.065190 302.355525
721.039040 487.667455
947.360784 540.216605
883.410191 338.366222
1049.917981 376.209991
909.891942 419.013120
773.642180 418.639989
852.095038 416.467627
1145.441811 466.023873
766.520022 464.022278
691.930925 343.383080
739.001228 411.315834
745.286449 245.261656
1127.774725 402.645144
786.984702 379.472890
844.496287 300.323835
956.739985 521.833517
638.483675 374.652396
741.359863 377.262044
675.871930 442.599203
813.980240 335.392636
826.013683 420.542500
621.129977 220.215395
1163.056994 411.830490
991.555710 454.847910
784.392309 555.041871
1150.344450 428.164129
1123.858526 510.264752
733.986525 453.404649
690.104897 414.313334
670.816829 296.193842
910.219257 579.534183
659.373627 331.092518
767.426437 644.356892
698.549497 303.818433
776.092867 580.890657
981.342778 328.316040
883.372422 484.054115
738.137705 547.315664
740.708011 315.378127
818.485609 571.188664
896.575194 537.289077
1015.951062 459.535932
702.645623 423.299466
892.740457 489.961717
644.499289 280.206577
399.778071 1453.295926
306.105849 1607.090416
238.921660 414.116625
284.789154 1453.309286
161.755085 541.419980
525.264443 1370.785387
332.498639 1643.288336
229.703998 1567.458721
205.850612 483.358342
256.946157 1597.610699
599.873679 1368.668338
621.555079 1380.720851
432.503569 477.222175
428.578136 440.382668
196.479764 1557.506336
534.041346 1391.289870
115.586237 597.041583
274.960320 1353.699429
345.977950 415.268625
240.950004 1486.030771
370.837441 1487.573970
389.484649 464.826416
611.681349 1452.318462
385.735357 1418.687624
410.943384 507.821197
181.899520 535.385299
452.648028 1310.149540
364.458428 1448.408662
622.943013 1338.357888
402.933630 587.186655
558.883008 1340.188129
131.171576 664.062819
495.229908 463.600123
330.829092 521.285373
429.955436 571.843339
133.660646 602.677012
206.313726 435.707306
479.047204 1461.037298
175.488211 1528.762283
347.424601 554.735039
484.421971 523.972993
115.974304 1591.407209
168.144134 1446.520677
165.515627 1554.225569
51.566788 1604.565831
473.940266 1394.964584
339.930847 1482.451038
297.439979 1414.591532
1859.682883 569.472865
287.703766 519.961465
255.416751 1567.440410
182.534394 632.888144
475.806375 493.626720
241.783273 440.509570
493.201774 1298.112825
280.639449 572.958701
597.063170 1418.870791
183.953784 1508.161981
505.318920 1444.347956
398.975244 516.856152
316.440314 583.433603
280.565533 1649.694082
399.797689 1518.145346
428.287171 472.600890
108.224413 704.458126
128.086222 1554.110105
429.855714 1416.072704
331.678641 1391.570917
584.139605 1336.471818
421.056677 1512.241989
351.117512 492.651300
387.809341 615.887301
505.519430 1384.450583
112.887671 565.725431
186.563259 557.685902
294.276299 1482.039192
454.713622 1520.419064
275.729138 425.717749
236.692870 469.351114
322.569543 1529.548398
405.842934 1382.928824
300.602665 446.073801
365.338562 1424.697241
255.176988 541.979388
168.813664 673.484957
479.389075 431.196377
365.947832 1566.509262
335.824254 460.637833
478.314996 1438.806882
237.735673 577.714226
221.676170 648.130177
183.277744 1630.577381
153.553709 630.014282
257.952975 624.681532
403.357738 1559.937877
314.883873 1456.989544
340.255362 1525.799844
349.768172 1591.093486
263.655375 1451.457051
258.512823 1399.250780
369.173477 446.724720
485.261520 1351.689832
422.592933 537.116235
446.990613 515.232582
27.528248 638.534577
542.346762 1305.892942
359.215678 1638.138370
371.311569 1377.089327
294.265804 1552.592311
329.585349 1493.080414
225.905841 1583.400093
413.581080 1348.290449
403.884347 1476.446383
431.581852 1554.125489
443.240076 1484.812386
148.176407 567.105654
413.172523 1443.912801
144.812053 1628.630943
164.588170 594.413567
263.707386 1496.821453
163.455972 1494.261694
265.511250 556.133098
138.609860 1586.167243
525.445853 1323.365260
378.359155 1595.452759
346.918287 1346.427509
456.826552 497.589278
461.336450 1335.900777
292.285173 479.252400
394.896500 1372.989189
501.269968 1315.821006
264.567055 1328.989361
445.082538 1382.504698
325.274314 1450.262980
252.369591 508.409659
354.700154 1415.432616
211.081196 1612.462391
441.628237 1450.547482
569.711259 1472.108617
381.928726 1530.264799
160.400323 1655.940477
208.839389 1509.713305
170.771102 501.929294
117.951272 629.605993
75.291114 542.089651
224.713391 1380.884079
215.487196 613.962286
238.400304 1431.231428
337.421690 1424.900286
121.466291 1502.264515
590.008130 1407.361249
534.253418 1357.726344
313.725681 1348.341976
506.797437 1478.833795
379.545793 490.432271
519.730980 1418.850024
186.075164 594.587213
136.620808 520.626647
474.939771 1428.273715
92.397462 663.869657
458.781429 547.892036
367.358320 1444.983674
538.095029 1455.983964
59.814018 631.743307
95.262146 599.358884
415.142893 1505.906774
236.103298 1625.954443
560.616009 1368.007881
381.923668 534.779824
470.424420 1394.010620
309.383297 550.834311
502.769540 1392.836659
286.937050 1524.730323
554.142748 1410.159690
366.647887 523.486201
87.100066 1570.563212
291.439604 516.630344
153.152260 651.820404
284.763862 1559.840413
494.186885 1517.852198
416.446254 1418.851807
215.497875 544.037977
331.248772 1560.544956
13.048572 1619.430267
222.592964 1457.603365
195.727053 584.749483
118.089808 495.355764
233.140628 1536.650348
385.579615 1484.831938
147.959252 697.070951
269.214311 596.091357
230.743457 509.276417
457.320131 420.234026
57.623788 595.203196
444.819741 1484.711864
314.826159 507.890922
36.244535 598.273737
265.317267 1418.046235
1962.698419 1637.112150
166.560474 1592.910060
1053.195858 289.975184
1493.058886 391.019524
1531.914770 297.576989
1618.872555 195.518349
1931.746185 1494.875181
1580.364665 106.483207
1700.933367 252.971706
1885.885114 1640.840651
1947.398329 1702.290937
1404.576887 325.544935
1872.403072 1425.637623
1899.427663 1215.130890
2.014334 12.338707
385.549970 1630.677568
1334.504594 313.074102
1407.017273 147.880662
1573.904331 293.824176
1298.924633 348.486994
1034.885839 260.594902
1457.000679 307.119203
1967.646247 1845.603896
1369.424601 309.309554
1942.559189 1600.922960
1510.719135 358.542185
1496.820283 230.310317
118.210449 1577.091843
1163.600090 296.121015
11.907135 74.590179
1244.581188 285.563289
1284.662784 314.241158
1509.081367 199.953790
1930.126170 1248.979561
1888.029634 1726.250406
1984.276508 1956.092534
1440.354343 194.503972
1855.891634 1556.379406
62.239217 3.512746
1279.178027 276.646540
1552.951475 181.619093
1004.250315 300.991573
163.002723 1948.987315
45.503217 62.761093
1507.559065 129.256329
1548.584570 355.590784
997.485272 267.129007
1644.441177 260.209736
1567.453463 212.692033
1981.235152 1990.113051
1522.173499 101.087889
1545.907213 266.039927
1462.845398 144.758652
1146.845185 264.878980
1242.035940 250.633869
1604.930177 215.632713
1993.476259 61.026887
1420.137090 256.775312
1911.602507 1282.669855
1921.151529 1885.279164
1497.266314 53.690693
1893.958387 1387.106805
1557.942300 234.079293
1976.703775 25.214367
93.660529 1953.840252
1204.994238 273.203297
1628.249895 231.537335
68.938732 36.039638
1476.321847 268.300202
1625.204508 303.610556
1847.254444 1520.524091
1922.000074 1719.302041
1099.513626 238.230904
1930.463940 1926.347429
967.939776 290.778720
1551.529774 74.051746
1473.242859 232.823082
1970.437127 1872.279714
1516.452341 156.601291
1880.022456 1533.625282
1423.737753 285.513811
1518.098975 194.746150
1952.333135 1737.431038
1664.092510 187.633553
1980.377571 1385.881874
1125.454045 292.899645
1919.848795 1097.145835
1906.447061 1464.818828
1940.522057 1345.105486
1420.923702 55.414053
1465.373634 196.336030
1422.689246 103.886944
1949.089260 1971.524871
1659.466825 261.347322
1471.808798 179.641789
92.068358 1908.274912
1647.244586 306.091272
1913.477747 1523.161620
1905.816806 1408.147814
1980.029426 1918.406490
1661.741283 318.097615
82.642108 2.437361
1490.868882 124.350732
1488.886364 332.158314
1495.279012 299.498927
1624.221350 170.629784
1445.077098 349.851699
1641.877653 340.668136
1968.256879 1775.506184
1367.810144 146.350757
1275.723918 241.335680
1404.022994 193.733382
1321.707094 251.006240
1924.559527 1315.252572
109.546859 1920.959566
1894.536907 1250.009656
1801.417524 1566.387917
1378.169519 207.958080
103.579082 1856.688872
1941.373432 1893.139229
915.097967 272.809029
1823.089636 1538.756370
1560.071771 178.361716
1699.769568 296.082466
1342.224877 279.324913
143.662210 1879.075663
1957.612624 55.267301
1661.835438 198.716824
1942.186655 1798.639793
1342.438739 176.426452
1567.127884 260.313219
1084.518661 304.625540
52.588254 1939.659974
45.636736 9.877721
138.852643 41.806020
1853.881450 1493.631841
1874.060970 1673.981786
1429.853240 163.520402
1556.793621 179.121490
1487.353384 265.511917
1624.377845 278.007525
1541.489452 303.248564
1459.617531 31.636102
1501.146699 183.723755
1465.703038 99.325525
141.391803 8.655545
1874.478863 1456.263520
1692.448118 234.215213
20.343768 26.594437
1521.588094 338.965483
1387.570483 238.693176
1910.665729 1451.295976
1922.997006 1559.148003
1869.840729 1351.070508
138.588961 1909.045233
1957.518556 18.978319
1975.949104 1681.132588
1909.979403 1675.700264
1604.364321 327.494422
1908.177667 1614.900878
1960.795073 1635.966657
1888.880158 1492.087140
1941.138642 1453.097088
1566.047375 331.626793
1935.062643 1412.454620
1932.190515 1206.965937
1594.425905 245.378933
420.161223 1624.552036
1508.804882 268.293338
1517.626025 136.298318
1346.286289 224.341055
1421.581729 222.800643
1871.340633 1608.557128
1536.519534 129.159581
1951.330431 1651.255518
1225.541229 220.774957
1560.220655 209.537467
1588.055195 239.028003
1246.958735 320.439933
1294.555754 280.053424
1525.582431 385.244806
1894.624143 1583.090797
1455.444581 250.477405
1391.371277 270.719079
1641.739248 164.856690
1950.096834 1528.277449
1394.236941 359.656881
1471.275567 359.094913
1084.677235 269.053002
1292.101353 210.891721
1804.837698 1596.091767
1606.211569 239.208103
1904.942973 1346.170528
1614.834753 130.262834
1588.325299 171.366739
1922.479895 1165.905564
741.242603 1636.007787
1995.118186 1645.891362
1924.375154 27.986770
1555.747133 141.925616
1306.779513 167.348210
1665.846164 286.858537
