1117.392370 1653.079300
1037.937895 1326.947714
1611.744008 64.161554
1113.201393 1519.280660
1418.816700 1448.057624
1207.365227 1464.984726
1660.859017 1567.792098
1214.219136 1343.768054
1148.439480 1554.085218
1050.066104 1531.915659
1322.609948 1438.907868
1184.530811 1593.126367
1656.767702 1842.106843
1161.630333 1236.837945
970.545858 1429.129378
1681.850810 1814.591854
1301.028158 1294.074487
1075.657994 1320.606191
1598.182765 22.273591
1641.651795 1513.468382
1080.726173 1650.582255
1603.288342 149.802877
1171.574144 1296.860718
1661.517494 1726.834714
1009.299349 1620.653499
1696.146210 1782.956615
1080.205096 1507.332956
1045.538319 1555.128702
1659.941203 1675.111304
1623.407098 1785.714662
1045.959466 1299.422493
1020.428569 1387.390485
1037.831351 1412.699415
1245.539884 1537.592855
1632.526582 24.446782
1115.788493 1477.301622
918.784635 1390.526799
1100.041553 1557.140074
1023.823908 1436.969529
1129.245560 1492.364175
1070.990598 1436.661379
1229.186119 1361.415753
1140.875872 1423.581822
1641.967279 1471.309196
921.139964 1460.850717
1189.103663 1031.739572
1177.408049 1521.855457
1255.153514 1219.368448
1173.654695 1441.472677
1123.505983 1339.763249
1341.582721 1335.552434
1179.013298 1566.960014
982.724699 1580.307559
1109.530725 1406.937240
1304.927894 1418.270557
1690.024578 1391.962339
1319.492657 1371.430373
1175.779996 1165.550419
1228.296844 1495.524657
1609.200001 1905.700957
1278.560781 1405.847395
1621.310589 1733.230894
1656.027865 1399.373258
1005.923054 1458.423085
1406.138030 1314.212313
1363.760954 1369.631938
1066.462422 1288.360327
1178.129841 1355.669969
1636.504815 1701.792738
1342.689647 1250.633769
1202.209394 1608.316793
1651.228062 1437.386664
1003.912553 1531.279579
1090.332277 1472.792148
1626.848360 1825.160861
1267.816932 1355.328993
1076.768282 1496.144640
1454.009549 306.041325
1149.404606 1411.130985
943.905205 1408.166252
1272.302435 1486.456030
1644.305147 1906.251637
1054.030471 1616.955969
1106.821003 1412.693382
1113.867951 1538.323304
1070.194495 1557.957783
1607.688501 105.236844
1121.241744 1308.073169
1331.198489 1535.599825
1179.962551 1519.873932
1173.246663 1461.300349
1163.421981 1337.999026
1107.771687 1412.129083
1666.923753 1363.834383
1249.829143 1383.620131
1237.949580 1410.475099
1307.587795 1341.225779
969.540130 1545.908683
1147.106085 1273.329354
1200.861050 1489.353000
1206.827695 1210.130213
1074.429284 1437.842068
1076.056342 1643.293630
1189.979520 1421.804300
1257.666604 1434.034776
1035.704041 1491.781209
1142.032223 1464.513467
1212.168329 1501.234284
1091.683302 1339.224596
1300.787555 1538.836018
1154.539384 1577.354903
1242.122438 1468.449529
972.773798 1348.637591
1010.093567 1374.816585
1215.405978 1290.615222
1210.360120 1401.977091
1659.264470 1791.258690
1051.052872 1660.923480
1144.773452 1609.689583
1141.282149 1435.770346
1119.880854 1576.431662
1195.819579 1533.307520
1250.759750 1461.220666
935.199327 1315.813797
1049.420466 1494.930943
1285.801141 1306.103108
1149.856574 1303.083907
1200.288656 1246.765559
1264.030537 1498.698937
1352.796302 1405.291464
1300.470018 1464.524810
1221.745160 1418.368432
1089.307674 1455.026068
1181.680595 1546.605530
1177.562346 1385.743406
1180.434232 1072.745062
1249.517620 1277.381414
1640.202555 1941.807164
1145.844445 1542.290643
1063.724315 1363.355729
1675.727577 1468.568948
1300.014765 1382.506063
1646.439414 1758.590094
1147.514340 1354.158850
1267.841470 1253.334639
1676.585317 1510.499611
1604.762480 1943.800488
1008.139896 1491.311377
1105.334635 1262.870975
1089.742892 1589.072650
1124.123732 1510.356287
1332.320860 1280.614023
1148.996219 1529.957496
1174.216772 1426.917694
1358.176052 1513.847532
1378.897957 1474.881494
1175.854366 1404.763491
1185.368682 1313.495747
1193.902121 1496.967063
1176.979864 1119.699917
1149.471718 1141.484904
1627.950678 1871.944912
1117.878397 1630.507941
1084.379498 1467.711333
1170.316209 1478.608714
991.477920 1435.127479
1602.860294 1980.770048
1169.776359 1617.550130
1154.453637 1036.080178
1120.946077 1564.114043
1227.975851 1584.235109
1179.593571 1262.815958
1275.123617 1364.905178
1145.495145 1385.383972
1214.818168 1547.527113
948.868900 1481.152894
1637.138906 1983.980177
1205.091766 1380.846559
1278.922519 1437.200165
1137.352533 1503.413193
1218.380727 1456.377679
1001.692006 1297.825847
1021.850215 1513.450977
1207.175645 1273.712196
1078.572605 1533.764949
1102.106619 1379.349019
1093.643455 1502.681814
1156.788922 1195.833096
1595.751279 1856.033749
1383.312980 1445.348393
978.446949 1498.868145
1051.954013 1451.856214
1069.418410 1567.666603
1088.055623 1604.540498
1211.057347 1129.093517
960.516599 1464.396031
1665.635508 1877.757540
1244.602912 1322.726358
1683.575450 1426.405364
1681.453523 1758.344036
1913.389916 364.353930
82.359750 794.990497
637.507369 488.319082
1881.524815 133.787938
1844.107452 241.432611
718.757855 607.760527
620.697782 522.507799
257.182607 864.343612
1083.455857 1572.881598
533.119117 597.597471
1919.355542 224.519288
545.665144 543.693962
1837.841555 318.235728
90.682796 827.449743
692.485507 419.104475
1877.388202 437.209220
123.784707 728.818640
1827.200560 261.287504
190.940003 754.945295
1850.667534 156.210603
564.076699 541.310372
933.372669 342.306488
1887.781160 392.491967
1024.525205 306.307602
942.129028 792.610852
22.061443 749.483338
1060.499981 735.526145
131.033261 903.588257
601.152594 547.773583
176.912111 893.332047
1910.611798 195.621116
631.829092 409.750332
62.828084 857.277570
1041.304427 763.982064
591.537887 517.712690
206.841367 857.812494
550.423897 614.056994
832.504776 384.364831
1160.938458 821.484608
168.641893 844.690143
1046.512287 884.480708
1870.619546 322.898316
1114.183412 832.819342
1892.237986 502.802239
658.581017 502.707148
1935.356805 529.704956
106.900754 664.791502
1099.985906 721.552921
288.105963 780.433416
750.580498 454.970504
957.127113 722.801939
302.958892 950.205605
146.525866 819.049719
1026.795116 794.484796
217.731551 794.690432
1090.102111 904.008091
580.856369 635.647018
736.544863 551.967611
234.096758 711.843486
669.707490 468.127214
613.850974 437.367916
443.614665 653.399848
1906.377740 454.953959
1802.244517 314.099624
744.197330 584.237678
685.399854 514.778953
901.219500 703.760711
209.594528 808.914096
1112.728663 876.706251
712.067332 537.355030
154.791339 762.532517
151.936784 809.128906
132.639329 655.366929
151.507161 726.943542
399.870315 667.915334
610.332190 633.588332
1144.603308 929.381325
261.846274 935.124335
1040.809681 798.853404
324.358590 652.468623
709.419279 486.758944
1850.646973 118.339311
178.943191 794.759040
1837.603518 273.951601
540.693679 679.243035
644.937628 667.101267
888.415994 758.322187
1919.558446 142.340898
110.667240 865.736395
267.626298 667.709190
873.943316 726.053752
1878.965897 358.694625
1909.310721 424.749467
1016.177867 861.837570
701.719646 452.876195
1860.287010 414.001163
1873.488532 186.114319
1844.841532 202.903637
79.357898 748.653229
1905.917135 205.444143
473.305011 654.486825
236.805811 778.122346
1793.532191 294.709605
596.511194 491.940651
73.433135 716.009374
582.718680 519.991424
689.145578 564.022757
642.099028 577.605966
1840.078860 449.459344
646.848657 635.270566
1880.592791 242.257895
797.301096 666.273517
154.665516 708.609725
224.281495 738.967870
586.050492 587.256794
1808.617546 227.921979
182.116519 777.896267
1843.732918 356.940476
564.514110 644.919325
517.664905 650.131507
1886.160714 281.304889
1904.629133 312.705540
182.669693 681.459480
1106.713932 941.289081
844.976786 698.218425
725.893592 430.818410
650.202102 542.465755
198.160256 712.959090
225.636254 686.974723
551.356319 654.236836
1852.904785 284.598598
1018.742795 734.255107
52.015851 807.679036
106.717670 790.791881
650.409685 575.434185
660.258204 405.815728
453.053493 585.776316
1077.742357 823.431793
902.805347 364.269934
1007.462001 766.029123
315.875877 604.691556
1156.467048 893.851083
271.204376 706.866520
919.053173 736.872565
949.385220 752.915368
104.692935 880.581879
260.457404 754.654470
1070.328841 856.976543
543.537249 579.048050
85.072171 760.822603
530.253341 518.375519
979.251309 323.391049
991.606425 788.421130
513.217666 552.584922
1035.819908 835.944968
141.118001 883.615114
216.134368 761.371369
596.349541 553.311973
300.209125 744.082830
1871.972322 474.181517
216.210245 909.683511
1918.760501 281.178388
378.477885 636.874398
50.073423 753.043514
1873.165304 259.687545
501.882325 582.494987
501.077625 622.636255
1125.103964 910.835424
121.392663 689.525477
578.751784 459.036143
258.762099 820.392264
340.529011 683.659054
118.562636 777.661811
1090.977915 279.976201
973.709520 818.313274
1007.193703 826.837326
432.037821 618.586861
344.226941 630.842766
605.198645 476.868818
641.651749 525.615990
833.350085 665.738278
768.509914 646.360692
76.418711 681.941484
562.968652 614.239485
464.210982 610.227602
295.510011 810.807789
983.675509 742.958785
618.580881 515.892635
590.341790 564.150493
602.627460 595.856895
558.756596 495.512617
1937.320531 655.629034
664.760716 609.301002
129.669144 816.855372
224.411591 859.288336
174.391680 837.629872
690.692406 632.720369
504.439362 662.113436
593.736164 443.761114
367.002577 656.749951
1045.261488 1729.056431
938.833521 1869.481817
933.486327 1777.018574
1066.178097 108.319330
1022.467506 92.660214
1163.663421 132.515821
954.317118 127.723062
879.189581 1743.941357
1043.383357 139.215973
1003.713780 131.573120
1206.090808 78.086553
1162.451978 39.993305
1058.650505 1662.351548
1124.300907 57.184628
873.826417 1840.678639
1128.931570 80.617015
932.632517 1683.673488
909.896924 1891.102164
1188.809696 185.654146
980.543184 209.146041
1044.416320 1765.858353
1148.159648 283.754106
1198.630644 149.552597
1043.333155 1968.779337
1098.258895 261.168646
913.463279 1711.923611
1168.656612 85.864186
1089.783869 105.075781
1252.905267 206.466591
1169.545125 256.808025
1216.545877 254.526074
926.837503 1679.973752
1084.262323 1823.600449
1114.444375 232.182939
1010.064834 1727.499436
813.668982 1812.586289
949.280205 1844.145030
1022.659857 52.286862
963.287570 255.754440
1009.649439 1843.940202
1237.987337 161.670022
880.432467 113.260061
956.490714 170.734409
915.224397 106.939000
903.955156 216.722637
1016.102609 1602.448760
965.199697 1769.686063
1036.031310 174.581794
839.337761 211.378830
1018.973978 1740.625236
834.872396 1829.529714
878.188626 1729.615193
1251.325261 148.674392
1061.309296 288.525707
957.942789 1711.199431
1180.389992 262.749314
1151.955842 166.219063
767.668788 1626.717472
1115.212496 343.250007
1111.045547 288.538046
1046.734839 326.986206
789.877510 1778.733371
1139.627205 246.384796
996.346555 283.497302
925.996891 1886.331871
781.868281 1727.440954
1090.901997 312.793409
1072.812650 247.019596
1185.508603 228.636938
1012.690940 1789.505411
1113.218700 154.959310
1016.455026 251.000959
1027.107130 1705.963986
819.960742 1718.349665
922.965001 1645.311912
894.274802 1614.895559
1111.729695 117.196182
970.797832 1621.087025
939.371810 1864.577563
1066.156850 80.646562
979.347126 1803.735274
976.541416 1720.285642
994.260082 312.406505
1006.377377 1636.154377
958.765426 1825.405540
1210.665227 202.215196
1034.786739 234.870839
1167.782009 162.020262
1136.712327 313.380359
1130.577461 160.323873
978.576016 1880.103618
876.905265 217.578053
1040.527761 132.965025
813.052836 1754.548029
1089.373853 366.056271
914.663707 1852.578157
1051.375418 68.208481
1018.448515 183.387603
1015.274540 223.826745
842.135427 1732.796137
1001.870258 1685.632924
902.700289 1590.821219
1154.725559 72.619721
1217.504677 107.406691
863.912981 1592.142058
1057.711077 276.586725
909.807839 1819.114643
922.861121 1549.027727
1056.343773 213.278643
1057.289242 41.341195
940.320358 204.222535
978.814262 1651.328397
1076.254157 140.043768
1107.280918 228.795264
1123.860151 190.635613
947.409746 1596.109370
1143.982893 130.179926
829.601512 1844.397300
890.382830 1653.894274
851.707641 1673.678896
1270.618933 192.579719
1002.117835 1830.563407
848.802916 1775.815170
1099.191895 1794.788134
1007.736982 186.310851
1035.413206 294.893382
1206.934518 218.196350
1167.350370 314.442250
1099.971537 72.926232
999.742188 1763.154980
1150.483683 241.716765
935.405913 1919.802810
881.366963 1697.218339
1069.472860 214.090786
864.387526 1816.911722
1021.902393 41.165144
946.579726 269.383971
983.218342 100.767318
1201.703863 185.866257
1112.838236 191.163318
897.995511 181.624327
948.105627 113.098818
807.262749 1702.175598
854.468162 1623.132263
782.370212 1677.986970
829.663902 1672.071944
825.168669 1609.169786
890.560681 1660.269746
965.757188 1678.342796
923.932070 238.308087
1065.314056 177.531125
1184.569171 122.886115
948.156624 1742.959890
957.649453 1768.337106
1042.446816 1699.761784
1072.767062 1759.388610
845.354916 1714.877815
941.146615 1863.496212
1112.836918 80.837407
944.926080 303.672198
1098.493025 259.772857
988.188407 1732.641098
1030.935915 1657.272687
911.844692 1736.555524
959.272874 69.371249
851.253119 1869.466132
929.648242 145.744777
1194.371666 295.913683
1085.431194 177.337086
1152.237681 187.528707
1030.089042 1808.912521
1184.509335 190.122118
1045.214595 171.698284
1234.626409 117.997339
1036.572621 257.739198
866.384175 167.794451
1026.372006 163.963067
900.662348 1751.463744
974.851650 136.438669
1020.624837 1880.379394
1053.853860 1720.693612
1054.940718 217.802397
993.637911 73.816879
897.784232 146.282846
969.564085 242.773791
976.969974 1845.661766
958.800454 1681.813505
880.030417 1706.964816
1146.159404 206.126756
894.525360 1784.064935
1103.389494 195.483186
995.427084 1821.579843
1213.851160 151.870978
930.213678 59.185863
1092.898911 149.239398
1088.264081 21.497895
788.404681 1613.533982
991.017195 152.108072
1251.698690 244.625509
913.870073 272.365438
1674.953363 425.279011
1893.966166 305.818315
171.030081 360.757355
120.311365 355.835705
1534.577206 516.858839
125.853677 322.117841
201.376048 407.449598
1213.175069 621.092876
1306.478746 660.931170
1867.888540 348.432893
1646.767504 568.749065
1667.885791 542.315031
954.626996 921.855515
1930.642329 182.954536
1824.197902 378.295682
132.440296 403.290411
74.044213 311.754786
1728.105779 483.168264
1848.864971 417.317171
1874.352922 384.210412
1201.929038 703.716882
1846.798961 293.358969
1481.513705 603.208892
1841.808703 202.609756
18.222013 372.210133
1914.487126 301.646588
1736.592573 582.848627
46.264666 289.704021
1760.774136 401.958932
1785.214829 424.119531
83.326908 304.926482
1675.166170 495.220121
1151.123501 751.210584
1734.036936 450.165274
1840.151000 312.528644
1411.992104 632.420429
989.702311 920.578307
1958.555003 419.805022
155.128624 360.616534
1661.817359 464.600425
164.010915 311.790811
1974.307044 255.131627
115.346628 321.525748
1955.994989 447.916566
1813.148742 412.946270
88.796282 343.732825
62.474446 336.229400
1714.666240 420.095172
69.964536 479.062841
7.188873 159.571723
1972.867187 259.010294
1766.307023 436.343246
1894.945888 159.877931
0.002934 331.577715
1978.965534 114.510577
1804.710521 310.831556
1638.394931 495.242438
1685.165409 392.854498
60.609452 137.473238
1578.843454 558.011922
25.114745 206.537349
1974.442539 305.856606
64.512806 242.778489
1772.336573 500.353274
145.859204 285.925856
11.632178 112.323487
1995.557049 368.678408
1884.499781 469.356536
1243.133665 636.422656
1273.087113 654.255716
1882.851964 421.685637
1170.944514 685.565124
1585.281354 460.073306
217.542286 382.700398
1848.944463 260.994676
1193.803834 766.474374
1972.460986 404.208628
1351.701115 577.787727
1868.788503 318.451567
1941.159303 146.144066
1305.011946 625.756186
221.838724 358.006207
1596.378083 491.587689
1756.795414 472.866533
1713.976794 506.032815
1543.860918 550.284239
1611.245712 570.681998
1988.655542 222.539755
34.626714 407.537823
1915.584116 212.332582
1649.564762 428.469481
209.053883 325.955936
31.193529 306.749258
972.666238 892.801534
1982.167511 185.994833
1389.409598 572.921933
1571.800280 519.176815
1718.783866 378.405446
1925.184700 266.215969
1981.716653 288.990081
1959.453792 337.392709
1819.211400 251.221329
1909.807205 358.918431
1859.984128 160.043682
1771.607710 553.665860
1929.300627 233.096147
1233.036892 707.156019
1959.700746 204.690431
3.009821 468.699955
1971.368742 230.182723
1775.291815 326.280197
1706.407436 488.852577
1959.910348 181.903448
1627.603680 463.176314
1416.708409 542.185061
1949.261234 299.134374
19.856438 220.280099
1152.080861 715.743634
1601.684827 536.866901
1301.643310 590.586615
1942.916336 95.692164
1898.598822 88.037923
1797.376697 462.885377
1949.389401 128.016808
1986.560890 249.918202
90.256422 259.001479
1199.562471 666.156644
1944.380900 278.408093
1876.404477 200.050657
1721.907758 551.390827
179.904471 347.741163
10.955774 126.184905
1984.011465 281.304320
1592.941011 589.547054
1234.814233 672.828087
1984.634101 366.925585
1885.662809 281.279809
83.911259 384.843702
1946.130879 385.095552
1829.768684 351.350358
26.209718 262.061654
138.425150 435.701975
1863.757912 408.301071
124.000033 361.740658
1381.315394 537.478770
1946.689651 280.478634
76.359174 445.989269
9.903417 278.332467
1815.308480 506.113033
1481.644043 569.895957
1503.779825 543.224280
1557.330166 485.751427
190.069541 296.707473
1614.449708 411.149369
1337.563278 641.159772
1270.836222 617.422350
164.820726 392.564380
1445.780008 596.722858
1370.850912 678.646974
1520.641459 576.795247
1560.229719 590.941231
1885.243223 243.742943
1553.551735 427.499541
1737.134140 518.196512
18.121295 344.238091
1917.318298 223.102908
12.902364 224.086095
1896.078606 318.825145
1790.414724 531.105573
1924.403223 340.594427
1377.126094 641.301910
70.392291 401.951672
1357.228557 612.092347
1905.072289 449.635744
56.444256 272.940137
1957.558524 350.504807
1792.788637 387.563523
1777.837624 359.737528
1835.586027 445.451152
1400.761450 598.687969
52.498995 364.482583
1795.980185 355.361584
106.493154 290.504264
1445.430441 560.905722
1700.992653 528.547232
1887.146984 375.388311
1728.692848 413.573331
1743.363504 357.267900
1272.710879 688.615057
1916.096488 402.709228
1636.253933 532.306838
52.561439 181.645935
54.333705 209.666583
1698.972489 454.064180
1182.025221 732.681377
1819.491984 342.426112
1934.888254 479.087885
38.462272 334.477598
1906.274410 256.227523
88.617148 213.077760
