1271.834718 703.827901
1124.238253 378.789707
317.023998 564.246479
1325.082663 563.960937
1441.816435 489.045802
1196.524141 518.865901
1991.606735 562.121531
1088.737494 372.032868
1230.571457 623.025994
1229.163138 564.167978
1403.648527 491.041129
1276.905287 654.759069
241.516741 578.951413
1227.499288 320.102364
1083.474620 488.692001
265.272678 510.728024
1385.341115 354.954599
1159.635123 386.779240
304.136424 645.745911
1928.800205 517.538154
1238.840906 715.776452
379.942210 621.634163
1336.065172 354.822627
185.940480 536.442270
1180.466380 685.383076
227.721065 533.172419
1187.839448 579.603163
1166.510579 610.371301
135.882526 539.216934
112.185132 618.980954
1171.122710 352.143688
1190.902226 442.438415
1151.444185 472.954541
1225.067725 590.217773
342.650221 560.885826
1223.929814 517.710270
1086.725798 423.989656
1164.583605 612.978792
1271.053096 429.671113
1275.412066 514.243302
1177.041462 489.930950
1370.312562 393.007079
1143.534507 469.187648
1905.968547 481.631627
1006.671264 505.221547
1287.869979 137.277925
1240.799439 597.844758
1297.401509 317.730053
1307.882582 486.151250
1217.798286 406.707807
1421.546241 378.490932
1260.646537 634.974538
1072.383943 623.010370
1280.399199 461.958403
1372.034281 464.281091
1923.551077 406.798177
1311.420128 443.793971
1289.688256 257.616474
1244.766775 548.238125
286.094278 558.081843
1396.657875 441.017401
50.519900 647.992994
1888.100691 415.122376
1112.489550 512.076256
1412.737777 336.334086
1419.706199 418.257049
1163.702153 316.044303
1232.095355 414.429934
87.160975 594.170607
1339.014980 309.124935
1318.506215 658.585594
1876.220506 445.928659
1090.912396 570.237639
1166.194669 546.416826
219.166988 567.657442
1342.650240 416.367388
1244.063988 507.809329
358.617285 639.990496
1326.577478 324.021238
1059.903845 463.967101
1401.582884 552.894317
276.548436 571.285180
1274.068023 601.560081
1150.849565 438.191913
1219.532115 561.813714
1235.424026 588.113601
353.629805 595.780911
1265.739106 361.813488
1378.365632 586.372387
1200.297515 567.875448
1276.032208 500.355227
1259.523668 377.300947
1120.463395 442.913102
1888.342771 379.726039
1241.269700 450.754902
1306.695960 440.885964
1292.515230 403.752127
1109.912283 593.754487
1200.826968 345.540085
1256.418377 528.846992
1276.892294 295.318263
1109.093155 467.032398
1179.459821 696.699049
1329.424508 473.845743
1371.618386 475.377601
1067.999439 569.560828
1211.529443 481.088605
1288.779271 549.807544
1185.726991 385.617547
1332.862385 600.475772
1189.057496 634.301376
1408.898645 506.359856
1125.822160 400.100208
1174.594932 409.206391
1275.305694 365.870339
1317.024719 459.801167
159.386976 632.807542
1209.034607 699.861586
1237.332185 662.077327
1213.815640 465.488162
1112.955171 656.268068
1303.383550 592.835718
1296.585814 506.777755
1122.687460 341.174926
1375.949622 503.421638
1323.323060 390.689211
1214.548263 363.815444
1261.353096 329.435617
1265.757016 566.005111
1441.005005 414.181162
1377.522870 531.133857
1346.210355 483.475302
1276.345105 499.429817
1271.921828 613.803871
1271.240531 413.040738
1268.706773 178.276039
1359.609308 313.338198
292.936837 610.627518
1138.937866 591.165057
1122.746732 418.523294
1940.717815 484.108757
1442.388681 321.801919
135.535662 574.534886
1346.177186 368.339040
1339.355234 266.682838
1963.725498 520.871550
268.488401 556.620484
1168.685327 551.371018
1208.480814 258.425445
1148.259527 667.352373
1365.568169 522.592287
1395.090131 314.577219
1326.973431 515.422221
1241.082854 464.135400
1327.950348 562.268113
1431.738715 534.203759
1176.958508 444.349460
1308.119673 368.842354
1224.951566 549.644703
1294.977916 190.720356
1264.170382 233.704670
212.068598 601.823784
1240.639184 687.421342
1094.181495 537.880882
1184.461571 513.058509
1118.812545 507.815980
228.934727 633.661386
1305.158519 685.559581
1253.408303 141.713132
1092.738439 632.049736
1303.635403 628.694959
1290.013773 337.378936
1290.985370 346.385500
1192.622591 413.082825
1241.684682 621.106004
1039.505739 546.226354
312.186810 533.567868
1180.676154 450.180879
1214.239092 483.370232
1342.794552 511.397163
1237.310114 494.560184
1197.528145 319.224791
1285.230148 543.703354
1379.075918 260.639728
1193.625927 584.068607
1263.293073 412.551205
1116.931280 554.918969
1228.880621 292.831433
194.353351 610.057362
1409.234371 470.105619
1252.520809 544.212532
1147.346409 507.079298
1151.345872 645.871165
1200.076391 662.109874
1322.734162 221.411049
1149.169475 519.357569
291.012015 523.378818
1381.220184 370.814842
1910.928030 445.120372
182.665869 571.097730
1623.887579 1499.037690
1291.488862 1513.895546
1936.913380 1208.403282
1459.389245 1591.988837
1562.087747 1458.621668
106.602709 1400.298868
1853.167541 1222.836645
6.941324 1840.674101
152.981338 1435.476593
68.828324 1499.585289
1615.530988 1434.625056
1734.629036 1150.892370
1536.274825 1504.812641
1419.536743 1622.930834
51.719789 1228.968103
1586.735292 1543.085271
1293.394871 1411.228869
1490.939753 1452.032862
1453.705351 1535.650328
1458.186686 1635.397333
82.107383 1434.177514
84.209504 1026.746981
1579.625069 1507.284116
145.241921 928.481102
184.534238 1266.804529
1366.821095 1587.427568
176.064509 984.305518
1324.758275 1525.025011
1766.477069 1188.238051
1342.131590 1545.525958
1611.529772 1394.553322
1858.204459 1111.981796
1335.190860 1588.716095
125.618484 967.520814
1809.060482 1193.376220
1455.965867 1585.148719
75.832890 1483.405684
94.071598 1174.263471
200.699861 1016.524249
1389.240072 1566.887768
178.952272 1142.974909
1597.933823 1492.770560
156.327276 997.557703
1614.800589 1589.210307
16.316347 1310.624320
1626.851994 1617.091108
1418.076098 1438.059770
194.565454 977.445640
44.016912 1779.816945
76.759939 1256.262268
107.819314 1147.993659
10.547553 1902.652439
1306.489509 1459.095147
141.217055 1116.899020
1569.758113 1555.037449
164.004539 1066.491360
1788.138035 1247.407741
75.650593 1308.450043
1477.150828 1436.898606
1892.338786 1184.939579
1807.509813 1101.405310
68.232054 1630.199339
1616.823616 1550.739967
1496.967181 1534.552514
41.156166 1326.631880
1820.470763 1141.797423
124.298545 1252.071485
24.449052 1870.641537
160.031073 1030.085812
1925.598934 1225.414391
1363.022260 1483.976218
1395.369166 1474.689310
1432.971147 1478.869721
1460.678006 1520.399983
74.764655 1666.993891
50.919767 1456.001400
230.946551 1035.345229
1553.638612 1395.400272
136.480593 1045.266775
8.423821 1662.163436
37.046362 1262.327812
1389.188687 1614.316617
1398.462203 1483.942343
1520.637988 1515.657205
124.271788 1612.756483
135.871359 1499.584288
122.658363 1338.456476
1507.121382 1418.003129
1308.160029 1494.137088
34.687236 1710.720376
92.584584 1282.718054
1564.605622 1505.311687
1623.466223 1517.182764
160.528387 1186.086774
5.859201 1256.619200
1547.834141 1533.239638
1544.738222 1439.563554
1504.545817 1588.234452
1406.833162 1526.871850
1580.522314 1417.581633
54.975894 1594.181917
1476.683952 1500.806486
1495.171990 1624.654511
1779.616328 1144.645410
1356.701819 1424.586104
1806.809938 1198.699179
1954.777891 1315.663871
70.738775 1406.681741
1548.495592 1569.212112
93.400252 1468.372895
1561.067675 1468.997153
137.244861 1374.895473
1452.492842 1494.956296
9.294203 1781.000569
11.695102 1439.988515
1512.151111 1492.385994
1425.835803 1523.572580
1519.755994 1550.007551
110.317958 1528.420789
98.647326 1561.488243
1662.269883 1363.862104
1628.870799 1468.794631
1480.601201 1412.085307
207.226562 1099.245720
108.259303 1317.096903
86.734784 1228.106841
76.778618 1385.412490
1450.010680 1436.500851
3.705902 1693.979846
79.824644 1536.496582
1591.102387 1445.544179
89.753285 992.883531
1315.999086 1559.746785
1349.299245 1505.076128
84.744410 1372.374457
20.363232 1209.676718
33.184698 1491.131186
122.644358 959.527017
88.977805 1064.933181
123.347110 1081.473160
18.953920 1598.529521
223.366128 985.784609
5.710909 1734.317627
140.043234 1290.387355
105.425735 1216.831143
1357.121411 1591.551108
1576.314156 1384.279885
126.721193 1011.390368
1738.683367 1242.158878
1400.808778 1564.713485
1774.306585 1221.983093
85.590543 955.897160
106.832042 1102.521017
1689.675617 1259.180444
169.679197 1102.390990
1282.095446 1478.904206
1455.315680 1468.628544
115.848754 1429.737213
36.209724 1758.174278
1583.859454 1577.497559
1355.348657 1548.181546
1647.583651 1418.634683
1606.830198 1341.947832
1278.865360 1442.524346
1520.055050 1472.544990
102.864676 1508.464163
42.225891 1525.408129
193.742251 1044.453360
1481.668506 1556.897620
1760.051982 1103.178937
1463.434959 1465.202646
69.892748 1701.384369
1540.847859 1623.910524
214.324620 949.918996
140.458534 1223.034372
144.593835 1152.756040
1656.371725 1304.622638
20.951291 1634.984424
1918.954558 1265.244588
1841.452707 1172.445634
49.397099 1287.245691
69.241904 1352.648812
1369.852599 1442.809442
1712.945788 1216.345416
63.456216 1567.201963
26.014463 1811.039571
125.611499 1188.030540
83.546207 1341.452625
38.977795 1389.725222
1718.492863 1180.575288
1749.836867 1191.877780
1655.662818 1691.881234
37.472809 1363.426868
1445.467662 1556.844087
1427.638391 1561.972655
1429.807840 1585.351173
133.021570 1462.637851
92.517103 1605.525532
1845.218823 1188.949509
40.731450 1669.270777
72.348420 1477.174208
1955.368121 1627.206987
1935.801675 1502.118890
128.606809 48.346901
92.360003 113.425912
240.888314 88.228260
1945.483835 1853.365713
1881.514853 1459.987445
80.097806 58.879312
1908.919744 1660.198161
23.412001 1540.214383
27.156805 1532.612696
70.282757 1344.122552
36.926288 1507.376249
1872.349602 1544.841671
1982.942679 1492.551377
1956.757705 1416.423308
1898.462651 1512.281855
258.121252 177.355551
59.012164 94.853904
2.456875 1587.121641
170.341984 1952.224361
243.688890 62.234846
1974.098868 1449.591241
160.031927 144.855261
1964.118199 1514.535372
3.823901 1549.286931
1970.846445 1561.214039
312.615727 145.264626
198.988608 109.687082
254.633734 242.876566
1954.771139 1336.475403
76.660771 1440.702502
193.689267 148.264688
24.658743 1438.305985
1829.509074 1436.518317
1888.866514 1415.829334
1957.360306 1679.203045
18.979195 120.759129
0.626377 1583.480290
280.267645 138.677643
1960.324623 15.419610
1995.436618 1945.679660
1902.374981 1744.437449
1991.169332 100.980584
35.792083 1336.662323
1909.638664 1347.428884
84.515359 40.946614
1938.929560 139.300515
50.488566 1500.156775
1842.103051 1504.819416
1916.886119 1629.928717
310.921777 111.654908
133.433004 241.837640
1952.592436 1465.935971
244.464082 156.339182
219.720772 187.805343
1786.122870 1404.156782
178.023139 252.302129
177.104491 181.794104
95.085463 212.745484
1796.588200 1466.982640
198.480751 76.603602
31.977446 68.398522
1817.462795 1368.336698
1821.972186 1403.666902
135.874905 148.253701
147.937856 110.769776
191.371770 179.534155
16.457347 1478.355355
8.671969 1583.583634
48.126566 159.618789
64.615374 1551.943006
1884.252454 1496.208931
1934.968456 1301.634858
1917.507460 1358.500463
15.616593 1721.304274
1993.346889 1329.078181
1956.001388 1512.811442
1994.262505 1661.133769
1992.186307 1480.356613
1977.580790 1389.531251
42.888221 208.521201
39.573392 1577.446220
1919.219646 1413.416421
252.017197 205.594641
108.136336 125.544022
42.582978 1755.195718
199.491872 216.381019
177.845691 52.824879
1924.598204 1455.890187
1953.850370 94.607175
1962.918566 1792.555266
1824.080437 1441.561590
152.441457 210.871275
1886.340405 1438.462857
1991.329172 1768.796388
66.722379 126.423772
50.578937 51.971988
1848.858372 1462.051449
1973.020682 1384.126880
1932.359943 1429.784701
14.660427 1641.593756
282.108772 92.661586
1848.309451 1238.719341
112.766165 198.521182
1944.698173 1566.984333
1909.643585 1304.851223
132.159557 162.233232
1914.352457 1464.827829
1994.576261 37.094223
1988.355431 1392.444790
125.414485 138.883838
170.690087 114.658643
1953.092920 1584.426041
1980.192677 1358.969186
209.975939 23.715492
1831.517530 1470.981675
1938.553017 1468.559092
1884.221670 1378.556780
312.702330 193.822457
6.837093 1531.966477
1860.178578 1498.937604
94.965930 1433.841344
37.591030 97.790611
93.950353 183.048947
35.421051 1644.092262
227.947411 148.784409
1928.866844 1488.770779
1877.954246 1295.827098
4.099879 1690.431852
1881.922881 1591.739354
1909.060701 1425.126663
122.316368 86.099572
1906.587904 1523.071809
1888.702015 1464.269612
14.981543 68.560922
60.343124 7.857834
42.840855 1667.424139
120.048326 1894.059811
1979.599920 68.856878
1891.122641 1690.007051
1847.827110 1410.119578
1884.797358 1390.546474
1820.511863 1374.189090
1864.740555 1389.885180
1854.988364 1337.616813
1929.251601 1390.960507
1958.852920 1332.080315
10.779706 103.770560
91.766569 1923.998792
34.366249 1609.047661
1949.271900 1403.784648
1964.473232 1416.790423
39.628014 1428.167763
74.107772 1371.427889
1867.555675 1439.308508
1942.652814 1572.814977
3.245283 1641.655407
1995.865759 173.299000
146.956145 38.733427
1987.563350 1526.866468
66.577889 1414.213237
1934.983760 1542.005445
1930.095264 1780.938156
1837.118405 1550.054605
1975.812079 1971.991025
227.552704 128.240942
153.990076 0.571495
184.316958 150.868547
2.180801 1416.962745
217.388614 60.207794
105.775436 73.425573
297.032981 211.932227
98.888274 151.555577
1952.240908 50.494182
90.594018 159.178917
1917.514824 1583.150848
48.420657 41.534588
1994.312960 1472.970079
18.363222 1395.117939
74.838461 73.706371
1929.703138 1686.936295
1994.165074 38.914602
24.199555 14.726285
1955.182373 1464.801247
1933.364143 1279.306796
1886.393454 1449.283874
1957.465677 1590.832971
1888.603272 1411.917227
152.905796 93.641124
1957.118179 1477.368202
258.207620 126.759035
1883.553007 1549.279438
1953.956147 1635.975775
1995.638602 1446.362381
1825.890238 1338.185296
73.011545 145.771175
300.096710 178.676488
1997.404589 137.765183
158.960120 1480.927866
900.447148 37.269699
1143.401135 93.200388
968.392010 1773.076514
95.470958 1597.227942
884.713377 1712.469102
1130.375495 125.899621
1967.067498 1880.563497
16.720054 1870.012149
769.312709 26.262398
588.695926 147.073723
572.242715 93.020120
1952.312480 451.083221
248.208471 1214.530541
797.305937 92.933898
1113.072289 99.096105
998.704283 1866.756396
137.527904 1500.366522
844.894717 115.606463
815.496978 41.393630
1967.410035 1958.557402
774.460993 1803.807032
76.745586 1726.850017
259.248261 1247.786915
1018.318531 65.023723
901.342272 1948.571172
485.753494 52.660018
954.701263 1833.911842
720.978725 36.918332
744.733214 97.938947
906.938729 1780.017280
151.923120 1540.203754
1972.412179 32.801661
146.116382 1447.768588
701.638532 1845.083353
230.404556 54.537595
1987.911266 450.476966
953.710893 82.953029
1087.036253 138.654302
105.219577 1491.321584
1042.009959 1950.613842
904.264975 1866.282672
961.514887 1751.898921
972.441271 73.646924
786.074878 126.957215
846.687863 1659.932896
947.837301 1898.589217
180.814302 1443.784063
1068.643140 111.314261
944.129704 1699.403099
803.490764 1677.442372
717.053789 77.664674
258.237694 1163.272230
899.040654 1841.653363
919.126679 1687.167682
195.804982 1317.682505
100.842828 1561.118633
1977.694180 1393.213832
1018.969555 1772.330510
427.521157 45.784704
881.623044 1775.933012
1011.676785 101.380480
944.439900 1781.381971
691.706344 100.959779
1039.731091 1821.067020
1017.516301 1699.531232
1025.608959 170.765702
871.917195 93.150219
35.526371 1910.146924
134.201161 40.588737
818.616629 1896.153338
1931.415009 1942.674406
1983.404665 1513.752340
1167.299577 82.175432
881.038732 1990.253451
11.280954 49.900718
960.784097 16.481258
1961.004570 1735.635317
225.383609 1287.971697
867.549775 1646.700578
44.043413 1844.773120
1176.065621 118.245610
128.546444 1586.551022
635.374037 44.328202
554.491888 68.655681
97.721210 1628.850099
517.006531 81.373890
899.854479 1772.099389
850.019055 1831.752956
778.450527 1652.904942
1998.796459 1435.226438
1036.366402 1783.822441
1078.502630 80.611578
1971.201912 423.394570
894.534384 1724.061322
1995.020304 1729.309402
131.729155 1622.705285
1981.425343 1357.345849
824.866571 1809.022459
881.768418 1785.251283
867.775164 1851.262856
718.878946 1788.836905
784.596757 1866.623139
213.393454 1207.480890
600.268123 50.143967
842.307108 1764.723177
55.698012 0.096344
823.515915 1687.699079
975.486792 107.930376
838.572799 1722.266418
1979.522664 1270.192317
636.873838 78.895779
884.342239 1676.820611
1977.437761 1474.195542
1979.976504 1661.712019
925.691569 1887.136549
1065.388120 159.342158
1970.801913 1996.071587
480.782934 86.786692
1954.565815 1775.391410
866.303897 1690.402254
299.944848 1087.523226
763.264037 97.359754
282.623197 1217.127493
1033.528924 131.425397
1013.490882 1899.457649
1950.834666 1916.223594
816.855222 1741.878778
759.168528 1686.391190
606.527385 83.436788
1154.570905 116.700635
1015.753771 1735.066396
1012.756909 140.527938
452.784314 108.914233
1984.515288 1924.146714
995.492048 68.224092
752.312867 1777.223061
869.637351 1751.886177
946.748124 49.474444
791.131564 49.864317
954.284866 1820.996303
1077.417777 40.878169
826.603570 73.961283
1115.365340 62.069219
1945.261285 1662.097311
871.843500 1800.612210
1115.625632 154.808115
913.016163 1816.956343
756.238534 154.249828
55.316919 1662.098278
1978.667180 1610.154066
1995.729785 1546.681774
1021.985349 1745.811372
1964.298585 1428.233784
1978.227565 1809.169747
1942.071844 1811.388972
1117.729727 120.877320
258.087203 33.433774
197.034481 41.933971
90.298013 1663.320606
410.873488 77.184685
223.753841 1253.125647
1951.973310 1498.716033
644.840098 112.994045
1048.431495 80.983250
259.727626 1284.595418
1052.137960 33.271769
821.000999 1857.984902
726.033934 128.385581
932.274878 53.390988
51.052373 1809.304882
862.231804 1717.927772
1989.612264 1775.755972
903.085202 116.504470
946.982887 1794.162035
940.107957 116.207502
666.467823 1849.667553
748.196993 60.453174
811.884515 159.245247
74.022280 1782.873371
1038.346198 9.325849
215.226187 1395.969196
929.236684 1728.331477
25.703173 1692.748403
119.108187 1530.943793
862.024056 59.302862
688.829945 54.540244
183.197969 1382.765840
90.738861 23.435401
916.378571 83.398858
591.194512 112.391313
952.283680 1704.637364
819.116751 1645.068675
565.352180 34.322173
1998.478368 10.952310
202.316560 1470.305712
837.154647 1987.609764
979.126573 1907.210678
795.823710 1832.233589
973.662291 1732.994758
