877.845359 1475.217459
568.686915 1254.033151
1840.033233 1751.401296
659.539281 1334.847967
944.101289 1328.417120
819.296541 1326.025487
1898.381058 1266.728768
801.712261 1183.272754
728.951965 1432.566331
806.259165 1349.264808
706.905768 1332.293478
934.378551 1421.610984
1893.882472 1566.851025
653.931156 1018.171732
665.686817 1302.779760
1910.003051 1535.260065
809.125334 1211.836563
594.213888 1181.443338
1825.993237 1715.415821
1891.498740 1231.625949
853.822349 1467.541165
1831.634638 1837.048249
510.115185 1280.064096
1913.076667 1440.310738
673.922270 1457.021392
1949.548355 1527.961715
612.909440 1329.472096
814.321208 1427.162975
1911.042972 1387.875387
1851.676033 1507.943077
651.075312 1164.352071
778.327248 1213.687962
724.865783 1305.219059
692.324512 1410.038968
1861.540200 1717.687908
785.121754 1371.259029
616.495496 1219.292954
888.784457 1367.868108
562.931049 1310.814817
786.058333 1340.845847
700.273913 1274.637608
782.923850 1214.089770
791.551353 1273.904256
1908.592532 1196.582527
592.531975 1306.383113
694.195805 846.052083
761.071096 1370.833424
723.505060 1023.241945
802.503551 1294.009466
852.739901 1156.253752
763.964399 1257.190708
898.254417 1394.203390
626.052343 1441.229075
765.121387 1245.772325
861.653948 1287.408448
1935.747943 1131.564122
876.421102 1243.452452
703.753432 955.492416
822.655112 1423.919878
1834.003819 1607.597211
753.386111 1293.354023
1877.027644 1448.622605
1900.292281 1119.771613
646.374221 1326.468904
900.467314 1374.525230
677.780639 1359.677602
718.946182 1142.303247
850.168069 1250.935352
1880.108844 1404.129236
756.502684 1147.978766
766.455517 1435.094568
1914.708265 1160.212300
583.282713 1387.569183
701.702724 1380.872687
1869.811966 1538.908953
828.875063 1219.478685
749.074587 1369.289292
643.805954 127.843415
838.586883 1236.285598
579.739455 1267.495612
661.470508 1424.640597
1870.206041 1605.436391
872.000932 1438.561821
565.168975 1282.979770
635.818253 1359.123518
823.718166 1385.420955
1836.034940 1792.482230
788.216407 1247.687835
849.401234 1372.994785
635.218045 1399.061149
889.900568 1311.084893
667.588777 1191.410472
683.273333 1252.671303
1929.524552 1099.396614
748.096306 1241.720194
744.661501 1293.413290
709.627459 1232.034742
895.906213 1424.136361
568.760690 1209.191404
848.954889 1311.722641
688.450875 1010.937501
856.191022 1312.560184
751.016467 1464.201226
642.986121 1289.526631
687.286724 1317.536681
720.054309 1340.048812
873.269788 1264.921744
807.479933 1394.541237
648.253466 1266.275732
705.425898 1454.774402
789.363066 1414.279128
839.587331 1454.099636
637.085227 1246.834252
678.394492 1230.732959
727.824025 1105.449885
678.179518 1256.475990
1888.384952 1507.149256
801.780839 1481.156705
740.313894 1458.632687
683.475884 1304.376278
614.653101 1413.737288
683.364539 1417.932774
741.172685 1400.841388
740.520812 1172.569994
773.970265 1338.146741
902.135162 1173.840811
646.308916 1159.321992
712.031719 1056.634793
776.519369 1390.622862
902.034072 1272.455369
826.101896 1342.830543
825.728650 1278.916352
802.866149 1250.489340
648.306125 1395.853473
728.502601 1250.758712
683.742671 890.899108
698.105770 1162.189842
1882.242064 1638.427243
751.184060 1419.937688
707.490989 1186.594668
1942.032111 1182.689135
937.355919 1240.178565
1901.894235 1474.334970
765.539660 1187.979171
748.867372 1077.642856
1925.624597 1226.682731
1847.480728 1641.146625
702.369620 1396.657070
587.381206 1090.762017
874.329163 1421.086770
692.080307 1408.773535
874.848602 1186.703018
709.254773 1371.671124
738.442204 1270.649170
877.245688 1348.105474
844.286744 1396.639537
718.311548 1249.916500
790.320630 1170.577876
910.742331 1340.730468
669.846450 945.080950
712.855303 921.612696
1860.172148 1572.669160
826.121700 1452.076609
729.636390 1313.448374
837.122269 1356.883091
612.290322 1255.852408
1833.917449 1673.379869
918.912054 1453.457106
659.009397 848.352578
719.527515 1420.039935
846.606675 1420.093867
678.910586 1070.475850
846.036559 1218.045972
741.409211 1215.001989
934.286587 1379.863644
488.643085 1329.634604
1869.666594 1676.744337
913.363937 1210.437631
812.729957 1303.101052
848.522663 1317.299750
734.427741 1332.807032
648.511889 1118.409698
553.804559 1373.878339
631.663473 1194.427591
619.590017 1358.817118
709.653440 1210.991213
573.771286 1329.960314
670.135275 976.978187
1826.083130 1564.673740
768.210850 1327.663090
537.220563 1341.431302
801.664457 1312.327505
793.373997 1461.440193
791.767626 1428.609672
694.337439 1114.540051
712.323821 1312.192720
1904.218511 1587.073050
654.374290 1215.505528
1960.387171 1154.013906
1923.618294 1501.634571
789.771840 178.537599
144.864250 144.754404
753.815832 352.963599
417.288203 138.586803
619.372023 148.930159
321.043435 59.639268
752.001145 425.466351
230.809329 193.711164
1190.008288 537.309657
581.416547 226.735074
509.598216 157.710705
636.917510 340.467105
651.757891 231.496350
66.573260 82.592257
872.844932 281.056311
807.518893 249.297435
180.821445 145.591318
697.845306 118.989682
269.382765 96.297712
381.159378 150.934664
649.332431 357.127783
1097.352102 480.056869
792.637109 223.817651
1178.548880 570.738755
585.675481 210.681435
2.776553 44.062659
620.542706 177.271475
88.005892 196.688478
685.812587 366.671591
100.916591 151.418152
479.335191 166.161940
752.052150 322.927128
8.677433 101.037193
610.216996 237.461572
705.978181 398.749146
210.535230 186.542534
622.179723 372.579457
1008.012290 412.800831
740.826502 287.244627
43.568905 126.788424
573.223442 372.671657
744.514060 180.825446
708.498416 301.504582
752.974274 321.285525
790.849715 354.981929
854.283674 243.251894
124.207642 147.078984
630.114227 263.572861
346.917169 210.617020
917.180509 354.147561
544.728869 152.800742
107.974637 103.293063
137.314104 197.163954
694.533016 206.332776
280.139958 136.230540
760.843122 243.365664
93.624347 22.543963
222.820730 103.687207
303.716611 134.962707
831.119008 358.196601
128.314893 1866.248563
524.739975 367.816445
749.555603 204.755561
679.601226 156.882073
263.240769 18.452690
189.278796 19.298295
578.133011 177.706956
273.842107 229.624605
705.640446 342.728479
224.213835 17.462433
151.108102 122.831236
137.295045 186.660698
164.651438 95.692341
193.071752 72.873871
525.202001 333.776435
634.739239 410.412553
830.838809 280.774098
40.060849 93.627538
707.845570 248.504478
456.639077 285.464305
855.168554 380.822393
371.149002 115.402992
226.543019 91.921303
702.142237 188.233121
43.544133 57.804279
143.091791 23.513914
535.391755 215.196614
490.574442 136.755954
12.873544 60.184983
347.465935 138.038969
503.001012 240.958276
727.491545 275.479848
790.367825 147.927955
608.169386 309.993658
882.028346 350.782388
743.744783 193.510479
443.326318 173.296767
513.654286 180.105312
57.230571 124.275042
580.080776 133.157045
558.834352 335.479388
325.000746 167.514547
653.254369 165.802652
686.917530 311.728303
131.877576 109.980267
720.182733 336.234124
191.688168 74.914813
172.238416 1959.088830
773.218662 261.106401
217.166295 51.816479
633.864512 118.549666
419.482779 203.076815
243.768900 122.933220
298.103438 168.170763
600.223665 279.200163
411.854054 178.815611
255.825731 207.983660
712.683116 206.811514
591.732806 250.827403
576.661799 347.401470
765.934478 143.006600
746.157236 176.534237
251.666275 54.711802
774.845981 298.827316
473.520068 207.596213
894.105374 297.806475
782.056150 391.738912
273.259400 48.583860
297.232600 70.556248
94.641507 1869.963197
675.858676 219.550448
591.760233 198.464110
81.239131 135.180844
92.264388 74.168380
190.216678 127.159832
832.892787 314.735064
480.737521 246.018041
698.831236 221.327515
1066.865276 462.234430
617.599563 205.155131
411.628757 241.983000
810.356182 283.295446
357.924642 176.016006
535.843063 212.671308
470.438808 289.371471
132.076533 213.077614
301.374776 239.187917
663.682148 290.227380
601.567858 314.146413
643.580533 196.130869
545.768272 239.657412
1138.019325 517.260719
627.734657 256.098514
537.166364 253.172579
658.920871 226.274218
44.966116 160.842884
287.772894 171.724492
664.857641 384.996057
379.038243 237.141332
711.250622 260.230091
121.096779 141.324781
731.022405 148.802334
466.490304 252.759903
133.822496 61.386937
620.025095 240.345967
570.993683 287.467248
515.292915 290.759061
799.912086 313.138326
178.048582 171.326871
647.338554 319.019711
318.176858 199.913190
455.691982 326.451012
190.779084 111.675955
1234.792293 603.551358
555.858137 286.181929
626.939719 294.973542
523.608536 303.123152
447.320294 251.647435
748.332478 387.856828
222.690184 1898.472025
446.753903 217.015684
383.495696 200.432152
107.673439 60.653251
165.263168 1912.262916
549.881400 287.849572
337.365382 245.783087
567.055933 209.758144
163.229288 56.683941
136.149954 1977.855267
149.574291 64.952564
675.184003 255.231533
746.930273 242.133333
168.866184 86.057928
102.704704 85.662227
207.086090 151.372415
244.717418 161.090854
321.245090 107.907399
67.775311 28.891786
708.823854 303.034242
490.697282 208.114606
887.139588 150.246857
761.733085 140.629251
845.650549 69.960027
876.832680 331.525339
795.868169 197.591805
1062.860168 185.784048
767.172010 270.872623
706.128354 108.168726
829.834661 218.585688
778.299971 200.915377
996.133666 123.549774
1060.377525 149.779281
955.166006 49.299001
935.055663 80.347758
719.932423 184.981441
943.545268 127.904546
749.309804 75.908034
808.584404 238.031939
1003.126150 189.071488
813.320865 313.897580
868.463776 267.089664
951.598424 216.655466
1049.144262 222.383861
893.730394 256.808986
966.296769 164.191882
826.995753 89.024485
983.204641 155.980751
920.291338 269.097148
1070.408705 123.184302
1002.353306 337.948464
1051.297786 281.311066
777.751377 42.920870
992.096332 29.280960
905.522295 53.897876
912.083452 1996.382719
753.438648 207.908342
776.724382 1887.801499
876.037952 215.047291
767.537024 373.485059
921.722627 157.367966
1034.680279 93.670209
664.809469 163.567529
716.228695 259.195291
675.825456 154.753318
666.766662 293.916694
869.637004 9.715144
822.162767 140.272922
845.805229 285.013125
606.410817 100.525299
892.488681 88.566961
632.332827 48.445604
806.295346 89.602540
1075.944648 86.215435
881.548572 131.479205
847.434921 118.105124
980.745537 255.879681
997.783465 96.277578
650.411958 33.996191
1001.306111 151.617863
965.120623 343.735113
891.980834 322.476874
674.883271 97.113989
953.163811 330.959373
825.061930 383.980698
794.022624 306.363614
640.484616 98.913780
911.138396 110.763112
894.491110 289.327494
1050.901209 56.143514
907.820364 158.128743
941.353471 171.766291
958.084602 250.397734
914.697261 65.841374
695.472630 5.631180
734.882105 1937.008644
693.829859 1927.665218
930.660577 244.371511
848.874040 1980.971655
847.044589 187.608824
866.906722 227.511917
871.031575 94.236170
863.524679 168.799554
852.503875 177.630963
898.279924 187.250142
814.844874 254.286909
1039.048402 151.566760
882.714111 209.800965
983.915925 214.718813
986.824219 270.905911
894.863738 250.639221
853.892732 262.134459
679.421675 189.440641
885.896811 371.978206
697.727868 70.568181
904.241416 434.605937
793.641697 115.290080
861.733093 244.951323
835.616197 293.508396
778.492907 295.478111
674.677228 66.810778
913.509996 111.498568
804.965129 35.800298
1016.573140 168.259162
1023.492804 23.373943
733.085295 157.809367
976.696515 70.798432
785.708298 72.827720
745.050428 1874.623497
846.318979 364.112620
889.872144 303.406417
733.146214 191.168596
891.113447 26.328987
937.144338 203.346908
942.722932 380.029719
958.023532 300.872156
845.744253 103.999978
941.312203 216.060086
695.431460 189.549283
753.862779 139.579672
702.334845 35.768666
30.332381 1537.396799
867.635747 149.505870
683.712810 130.951371
954.528605 100.565924
802.983153 358.258238
859.679250 416.701021
1018.002806 256.819008
1006.282825 222.780013
941.016002 249.806850
883.124908 1990.374495
1013.116790 305.325005
804.834926 211.560748
797.388668 123.982219
863.352790 392.974993
806.741322 184.602832
811.260571 145.840128
743.981327 318.584036
773.048902 170.302824
1047.287415 241.581166
915.432563 288.863848
641.631885 267.438911
736.403882 265.349894
830.848279 161.401761
706.666403 1873.330345
735.525912 75.574933
773.073190 205.034586
764.402572 100.362468
725.861500 57.651957
729.636260 1903.767923
694.670629 230.102524
883.665404 183.684863
1017.466296 70.307757
871.196618 224.783075
818.064444 48.911482
926.241608 16.059151
962.185240 15.440227
753.785252 19.121033
795.826754 164.397182
903.057983 241.931537
748.512806 222.480583
966.155028 298.159818
837.769510 38.263861
955.077798 134.212339
718.798372 103.892747
775.975006 238.953710
828.929008 330.731808
674.236564 263.353038
1023.395424 214.109001
924.566052 307.198711
967.699025 169.121162
866.772967 148.061405
976.527444 210.177580
807.819317 282.375627
1050.928908 112.559704
857.281265 321.171324
642.319481 144.623930
814.115852 234.365425
748.571786 104.035750
776.716565 339.517627
858.491449 113.794191
913.428811 190.029122
828.679861 319.848778
837.219268 238.442010
646.907645 203.700853
802.638161 349.376343
779.104490 1926.693434
760.741295 1906.264219
723.261780 193.014103
972.537099 360.565610
773.419188 154.237062
905.421415 399.712896
941.688969 136.411416
1024.903760 141.067523
747.875056 233.309624
902.669519 334.126145
936.807978 184.119638
689.722401 44.711261
792.985725 245.204513
19.534535 1668.743820
714.828417 313.855772
1565.448906 1142.968503
1846.011449 1151.204420
65.711944 1047.197141
118.282763 1100.212853
1386.212891 1170.403906
126.599145 1080.157762
204.740025 1171.677878
1084.619092 1090.428410
1177.297246 1172.825383
1793.419009 1247.427067
1528.249949 1276.553671
1527.905730 1233.142396
782.491017 1651.523762
1957.492498 1091.198810
1738.588775 1212.983009
69.429307 1171.889823
101.458044 1107.845584
1634.573917 1283.210895
1792.922721 1277.918079
1776.323845 1167.316542
1059.975605 1184.050802
1766.121472 1132.383932
1336.174351 1240.775514
1879.174029 1101.150579
2.186673 1224.740233
1898.374289 1174.948247
1637.309573 1246.457204
72.621343 1145.503639
1677.159892 1135.534097
1680.508720 1245.465122
33.704827 1083.186713
1556.851511 1237.385601
1039.560889 1213.622796
141.389475 1760.908454
1778.028189 1203.699989
1278.459544 1184.908336
817.072984 1647.868831
1945.988152 1153.080959
169.828715 1219.357226
1530.100405 1173.032973
182.161456 1185.187706
14.058558 1154.234369
103.987979 1159.583423
1900.170070 1133.861702
1755.454133 1297.802058
50.083661 1080.477580
44.401876 1054.091388
133.935183 1724.553836
76.882500 1264.027398
78.724476 1111.575626
1996.254089 1112.433021
1644.312205 1146.929588
1984.039489 1151.571156
30.679157 979.273785
13.235914 991.748400
1751.038255 1157.503429
1490.473674 1180.576127
161.117688 1661.165221
70.385796 1008.786853
1418.449038 1223.593808
120.386203 1272.393152
1975.596360 1109.185526
47.314247 1028.308531
1663.177051 1214.617635
110.500359 1042.242033
162.040516 1106.606272
31.738874 1277.333037
1828.649226 1216.484799
1114.647646 1081.217839
1138.264334 1118.277525
1885.483900 1208.719184
1033.780636 1092.223367
1452.226087 1204.356524
197.112508 1101.801536
1820.448957 1121.124331
1100.490425 1169.149417
61.122403 1302.306936
1207.304837 1114.119951
1822.521867 1216.151025
105.857247 1224.632256
1168.738543 1127.240868
190.695752 1137.563346
1471.461932 1236.698540
1629.350131 1212.936913
1580.500434 1266.126478
1391.306499 1215.198603
1486.119065 1272.016494
47.207415 1149.374499
15.941549 1110.459508
26.257697 1178.222264
135.766878 1685.633140
183.715251 1082.072897
9.233370 1074.024341
798.806109 1618.627725
1970.160380 998.236017
1242.554027 1205.815051
1415.881554 1188.540001
158.138324 1810.543465
1931.250909 1136.711849
60.982377 1126.016844
2.231297 1220.440306
1810.400612 1155.051154
1856.335060 1121.134882
1931.775380 1028.042600
1703.257793 1332.943426
1967.569579 1124.623907
1118.469092 1140.661775
1941.364084 1026.734384
1955.111864 1209.140010
1.753754 1189.355825
1717.469844 1165.812580
1545.944366 1204.192255
1988.062628 1028.182095
1498.204227 1214.570278
1266.825185 1150.389788
1974.927448 1261.577966
1999.459290 1019.242088
1030.125534 1143.666595
1450.487524 1239.295303
1184.442244 1089.790266
117.196926 1156.677383
1977.708341 1091.178471
1700.605129 1296.286980
27.271974 931.172626
1990.141004 1063.764386
131.780494 1201.652640
1060.795334 1125.925144
1977.393447 1223.300973
1893.955797 1020.732510
1627.514688 1189.962977
146.419324 1066.781132
90.305010 1071.917528
134.471317 1128.140673
1454.276382 1267.031847
1110.250693 1117.269121
39.090298 1181.697497
1873.826312 1138.497189
63.666043 1231.694118
1922.535878 1209.460068
1790.413952 1234.790371
56.114641 1114.591523
89.248460 1200.880721
1760.632147 1263.437091
23.930476 1054.230114
1235.553928 1134.637621
1985.615514 1174.618554
42.920314 1147.733158
112.331722 1168.498831
1718.703507 1268.975108
1333.177131 1208.207182
1341.463219 1168.353600
1417.653935 1145.460449
168.852754 1043.968369
100.777578 1690.764572
1207.547508 1191.013446
1148.185885 1085.237059
137.262144 1237.355912
1313.107112 1181.198861
1296.276981 1226.850784
1361.728149 1196.349950
1423.833173 1263.108979
1853.378579 1078.994329
1444.269831 1170.752760
1598.076792 1202.387029
1921.533700 1080.045072
3.182497 1186.294170
51.165078 1116.611653
1829.019167 1182.304072
1660.320776 1264.826297
41.009121 1244.795014
1233.618261 1170.070251
77.486378 1169.626592
1204.081611 1150.353132
1941.285571 1236.069056
90.173568 1115.522683
1923.755638 1193.665758
1703.385741 1198.279894
1717.722268 1233.523157
1838.014659 1247.872049
1278.097319 1219.208082
69.174887 1180.768698
1758.078158 1236.563453
116.228950 1200.870481
1306.514125 1142.677627
1643.484418 1335.045080
1801.776787 1190.303903
1616.851761 1144.552179
1680.642920 1168.407768
1146.859557 1154.547094
1861.611436 1182.213112
1507.489872 1248.283844
153.920873 1153.271971
172.210965 1267.691551
1591.821139 1166.885734
1070.100057 1208.812308
1771.301111 1194.317116
1967.403705 1319.205412
46.168265 1190.043138
1969.614348 1188.863128
157.365442 1147.089218
