1250.534409 1565.603710
978.110019 1285.419917
1120.002609 203.329910
1297.491238 1467.339982
1354.197432 1351.193177
1279.194013 1378.386732
852.489221 285.520009
951.522256 1259.841169
1090.385993 1466.137356
1237.149114 1446.968999
1252.815158 1376.209606
1302.126337 1535.309483
1090.454708 253.624050
1228.130339 1237.198157
1008.573097 1385.335843
1123.044018 240.950222
1263.756926 1264.162714
1099.666645 1261.076933
1109.573429 292.122971
730.751457 357.340071
1220.474528 1588.298244
1156.725381 182.974525
1230.166211 1247.613425
1025.614088 172.778584
1212.162189 1528.224533
1055.935448 187.192199
1080.767689 1476.275414
1290.866084 1464.336945
982.312999 164.264041
979.054930 273.277474
1051.061613 1258.211317
1269.489735 1295.573980
1091.278831 1382.036869
1168.924319 1469.777362
1114.750097 120.641779
1203.202981 1426.620105
963.222025 1325.443364
1131.296426 1489.790046
1134.594804 1316.039553
1073.309198 1368.987861
1061.225631 1386.439111
1302.361737 1286.245532
1131.728841 1382.101018
696.999273 351.245411
978.178094 1402.898840
1208.696802 1067.447363
1359.379151 1443.619205
1218.205847 1210.762621
1222.329803 1373.150755
1009.765189 1252.700141
1192.161741 1246.504327
1183.505993 1516.780532
1096.241498 1493.517890
1198.547565 1361.806915
1309.786210 1321.596930
739.161809 317.522366
1102.436721 1330.022408
1135.856187 1156.338310
1089.998843 1407.071018
1130.594065 268.682988
1164.523856 1298.689215
909.681638 272.869715
669.816422 332.322640
1002.004288 1414.375810
1269.123483 1224.745917
1276.976123 1316.669769
1063.465612 1212.403059
1047.002711 1308.215302
955.824295 242.667290
1251.314371 1188.697435
1221.582759 1549.414826
653.412139 368.307343
1180.199881 1460.008700
1058.639793 1442.512560
1062.847628 221.143249
1163.187494 1292.632743
1091.530317 1361.545093
1082.465208 164.869422
1186.126689 1216.002289
975.671135 1356.261751
1269.735449 1440.833521
1066.723794 153.346484
1220.468804 1475.735305
986.737573 1327.748134
1125.789271 1451.810556
1075.236683 1450.630322
1134.990740 154.713766
1170.119047 1244.865600
1361.250387 1486.435676
1137.308164 1465.812987
1176.120389 1334.760787
1127.161255 1279.316778
1014.405665 1349.267942
682.267653 312.685904
1113.210817 1349.159750
1249.973768 1341.073418
1225.977652 1305.496023
1144.148279 1478.971276
1048.914134 1244.300336
1205.568597 1412.611011
1180.040364 1188.540381
1034.737230 1378.082425
1157.015612 1579.745318
1254.701343 1344.517146
1156.731378 1339.008989
1042.078483 1458.935595
1174.712530 1381.155397
1235.053404 1448.568397
1115.885260 1283.032986
1333.486714 1516.804183
1197.710204 1493.542900
1311.078827 1410.315188
1086.675485 1282.336100
1010.722947 1292.280408
1201.392944 1261.065946
1227.261026 1366.840105
999.098771 248.865766
1183.717719 1574.879483
1169.655817 1529.171798
1140.311769 1368.294027
1154.415348 1519.203071
1244.229928 1497.060293
1188.746299 1378.375341
1030.346684 1226.011867
1240.576279 1407.787374
1194.544081 1281.273496
1146.748812 1248.822183
1095.487278 1214.120453
1223.032026 1463.394305
1268.475857 1298.077885
1302.494446 1434.685442
1313.972892 1369.842477
1147.453616 1399.777225
1282.737470 1503.786272
1072.178733 1287.039073
1122.145496 1090.322701
1288.574983 1196.661622
1097.250443 215.521253
1176.010047 1487.263475
1040.682382 1299.692244
768.145685 337.324253
1322.715668 1210.297016
986.655402 204.964557
1236.354259 1275.349779
1169.375020 1169.816822
810.491535 310.272087
1037.418152 129.770436
1040.805238 1440.365611
1069.227491 1156.430620
1128.843935 1559.234019
1275.858938 1418.889876
1236.519337 1161.517538
1249.389077 1396.891552
1065.085080 1340.249645
1161.742048 1421.066098
1387.331747 1413.621436
1023.873251 1339.007511
1134.080379 1253.780303
1208.830618 1459.825665
1186.272617 1113.563073
1100.924917 1125.934857
1055.100170 251.113160
1178.272340 1546.807299
1037.003425 1409.575735
1161.166078 1411.567257
1079.697045 1406.275561
1069.701658 293.725292
1232.719737 1543.000918
1173.474667 1072.783035
1115.306753 1494.925185
1298.590406 1536.807451
1124.249208 1196.452638
1150.395768 1220.663858
1063.688354 1325.876553
1251.544447 1494.987808
1010.730456 1448.231505
1156.885089 226.547781
1137.938598 1341.305988
1115.125766 1390.597337
1211.417994 1420.615727
1209.709952 1328.457239
1112.936668 1218.839245
1209.461278 1413.335621
1201.120643 1157.800497
1292.212862 1485.941676
1137.205272 1310.709719
1177.736970 1448.822245
1089.421265 1183.751993
1031.297407 296.089029
1282.106146 1332.979193
1103.562756 1433.178277
1132.639854 1424.590168
1052.596955 1493.884680
1254.878830 1536.773441
1142.078617 1126.752962
1082.373948 1416.711632
1095.553678 153.368618
1297.586383 1258.618082
715.448551 326.828318
1019.708977 217.272996
833.077294 1914.212311
729.134295 214.365409
1204.059726 1734.828199
832.625232 248.870472
777.226795 1868.015221
234.704930 291.368035
1208.797029 1835.496777
1956.783911 747.904552
253.269481 322.780797
168.200455 402.441191
874.044206 1934.662835
1079.539075 1764.640587
840.535429 85.354042
854.415978 316.232179
124.609621 123.793868
979.270798 187.137510
756.118928 123.013087
761.280823 1969.272321
863.302857 223.625975
898.431858 314.038848
184.379388 325.394141
125.086045 1949.888851
796.560219 1931.868224
182.084084 1825.847139
236.909128 138.785109
792.939148 259.664240
110.818966 1881.088897
778.972847 252.156325
1099.067172 1790.396017
814.595551 254.705222
891.050013 1903.636990
1226.795146 1735.291892
751.285125 280.229351
140.898239 1862.944485
1114.354575 1782.671727
855.019424 272.744144
140.253083 385.756548
119.405309 83.084022
186.331771 1924.779229
823.792388 236.651539
204.238520 57.906284
914.161941 75.814061
144.217721 1916.507078
899.796146 111.543572
1272.849991 1787.685397
943.187984 176.485124
690.944818 1972.464170
163.905348 1889.544330
1974.992190 684.626677
155.349709 154.889290
152.159542 51.325606
1964.355861 841.516821
740.299731 154.527516
204.534167 19.242161
902.655439 149.519550
178.609633 1989.494116
1083.268837 1825.695798
172.988377 205.633496
793.398715 21.055189
1178.120025 1759.187370
1170.941654 1724.064977
273.817058 500.641238
911.846312 108.659490
857.769935 149.857448
1906.312582 231.392011
1136.539572 1718.988380
198.521454 146.339073
1963.989445 788.775840
158.506527 1949.396457
1203.553859 1774.457399
810.074727 181.204571
818.975019 152.889314
810.801681 140.168199
904.354703 228.711454
260.457857 531.750388
1926.117774 372.301233
212.249024 1947.618277
793.205378 1863.931897
149.470239 1974.050969
1921.458507 575.679507
1263.462704 1737.307107
821.598014 306.616244
742.098349 47.816663
805.749758 71.994318
296.666295 471.223338
299.316099 368.922005
227.899677 226.645636
808.799510 1960.300415
771.448060 214.895273
1944.206739 633.125834
186.366785 172.813412
819.104573 1992.852840
973.967436 142.889385
186.001784 92.066157
1238.363687 1769.700562
914.643836 188.321595
841.182977 1948.240940
862.729052 226.918443
782.960963 174.605333
809.631597 1890.377037
256.794952 455.574370
740.690402 1956.619753
886.663251 276.012841
1092.371807 1739.941717
703.203931 2.340998
1148.493170 1801.936903
1223.478907 1808.056292
199.862313 294.051645
881.909038 192.859666
211.225819 361.315786
880.759549 65.171241
217.320975 260.484018
770.416037 69.082076
1938.528398 680.702319
1898.264202 350.069870
861.176440 122.177812
827.698725 175.148860
870.608512 186.956241
279.990337 399.290972
281.053463 426.814876
926.852908 1914.809031
900.815610 1980.246695
767.972001 1928.195871
240.934848 1999.634430
213.858328 209.221260
184.833269 110.812353
145.824831 275.031307
716.790407 1915.880658
1917.422285 611.517383
263.903078 387.233829
869.465968 1983.705685
66.446012 1883.635051
746.922972 244.981996
822.071081 215.257535
182.324786 266.424187
1908.571837 122.394286
1924.419622 408.338877
112.051387 1842.258202
116.164619 1987.977185
153.724351 6.232662
193.018774 446.355420
202.558565 1895.016132
1886.572275 593.974128
229.724307 181.276495
219.765415 98.051648
790.748051 294.593050
853.826144 1882.003407
108.769760 1917.825307
1047.433338 1843.645614
797.576033 216.265239
1169.754148 1837.453367
63.129027 1839.375796
128.876444 27.889324
976.301187 1850.738990
171.091378 25.674861
713.750373 184.606641
694.799921 1938.183086
219.506030 329.791719
1913.676247 649.571644
928.735104 213.792106
764.146071 216.109432
914.078503 1945.807433
885.837358 1865.809652
714.123649 140.021814
784.733895 1963.999658
207.447260 391.924771
1932.508733 443.771554
189.956393 1961.994520
922.923228 237.989928
1102.881733 1706.570692
742.950755 1978.750166
1975.697867 618.514412
887.468314 244.142887
183.556512 1860.377482
251.067011 96.280067
183.874224 48.865246
932.956745 1879.674832
237.791374 500.481563
1151.994027 1764.823407
1184.048349 1794.901713
1919.067490 196.769905
1934.546386 255.461687
828.276641 121.443752
1022.364368 1819.147447
244.027898 420.906651
1977.247912 719.780046
154.744238 101.389268
188.666762 238.080272
1922.155936 304.308732
1062.528281 1796.896459
1118.527967 1819.293210
970.220544 254.162218
1902.538857 270.647251
832.022339 200.290850
789.053817 124.887737
778.471417 161.383151
241.030223 359.154660
226.589064 462.651467
1124.857233 1750.752946
1953.802748 588.957867
933.687516 1405.879171
831.460488 1516.478463
771.837174 1372.892106
1000.373249 128.308209
974.219959 148.635071
1111.132069 141.181984
716.529699 1420.063445
703.147715 1380.739890
985.798693 98.516795
766.705752 1447.403128
880.369004 1368.658345
906.464807 1309.913002
954.893426 1305.475669
869.598752 1251.554697
1875.543155 657.608122
851.688799 1330.522617
842.764657 1286.589663
749.636059 1314.072126
1133.948601 100.658928
928.018127 242.540391
882.778086 1446.480654
881.453258 1527.562087
1112.036739 124.355986
835.071016 1224.609157
1003.011244 232.241689
845.056845 1438.774790
875.570202 1346.331871
813.979899 1332.603698
1185.852286 175.594018
1073.229696 157.427602
1146.491305 192.887354
846.981871 1249.960282
940.782210 1371.458051
1077.958958 163.556075
898.896481 1265.188258
688.650282 1409.720442
711.406201 1248.013742
807.404665 1379.412066
874.606774 240.745182
875.959856 1424.171272
1142.111695 123.600559
700.160914 1481.669250
757.598967 1487.854715
661.048337 1445.708071
862.777515 200.400228
912.210502 1250.379628
790.945939 1329.219893
971.100628 60.013245
807.707355 195.659148
933.362104 1321.697513
735.646282 1416.613683
652.583623 1370.567107
1185.038076 117.522492
1025.317875 231.482137
805.671931 1333.879839
1114.424847 237.640907
1115.803210 163.878989
1853.702336 591.501233
1060.769680 234.874013
1086.024417 220.152772
979.954998 268.718082
1844.508362 625.179715
1091.454145 58.086078
904.909325 177.584151
675.230104 1292.418434
685.341476 1319.613812
1041.412071 135.784892
1052.906142 162.339698
1067.416811 197.966014
903.013266 1337.333710
860.850135 1319.141307
888.667068 273.420438
947.426459 1345.723060
712.430301 1402.984097
835.413250 1188.082646
807.621828 1223.880244
831.084957 1484.631077
893.883250 1190.572549
809.068900 1376.724064
851.805648 1398.627088
885.113037 1387.939779
874.428060 1287.285617
872.987279 319.433268
915.215679 1363.267747
823.173000 1419.688506
1148.895890 164.503938
998.067639 188.553474
898.651969 1488.899976
1081.947889 261.643813
1072.561999 113.184275
772.240997 1307.914898
839.621211 171.141375
786.405310 1475.177302
658.013879 1262.324109
1031.453611 206.006843
706.422441 1283.666130
804.213634 1459.284491
959.489033 230.469708
937.814476 165.463247
657.412506 1326.342841
787.805790 1195.675736
807.648955 1563.200868
818.749820 1350.967130
1159.595825 77.919969
729.622688 1113.357482
994.138379 178.696484
772.358016 1270.057537
805.836390 1271.003990
1019.546291 158.179764
737.698650 1241.223252
737.753191 1526.313147
882.682141 1281.080939
1028.740577 193.017750
1056.010042 107.284589
774.651658 1377.468424
893.091004 1223.245339
1091.379958 81.259222
683.782054 1474.576054
798.258024 1297.294508
746.685059 1192.770306
1178.363799 209.305889
856.036481 1365.123700
675.573146 1358.493707
967.364492 1343.804228
916.711927 210.154784
983.258706 190.486362
902.967702 1415.633114
1106.188022 184.585008
761.855097 1335.473750
770.265505 1140.934766
844.889976 1461.216835
754.282841 1403.369785
779.015864 1245.548663
1016.393362 156.362796
758.773931 1287.220959
750.462232 1251.514974
912.913118 139.543482
775.422458 1507.727293
912.687866 1441.741169
870.130549 1468.627959
703.109515 1515.166553
695.875620 1439.783070
715.493427 1267.367491
709.160802 1217.283165
1838.495530 513.142317
698.275660 1284.347744
687.014148 1220.460017
814.629690 1250.510445
859.275198 1204.991810
891.181025 186.265602
853.484397 1519.778607
907.599836 1395.930736
709.756019 1187.900361
837.621495 1491.191346
929.922074 1297.822790
945.840376 1264.761438
710.858169 1357.374861
729.583881 1369.499796
826.525430 1367.577998
884.980072 228.508673
1023.905690 106.374957
828.069734 1273.015893
937.643520 1314.065317
788.411256 1360.434365
745.622466 1452.779324
1841.292444 660.209391
716.928493 1452.205120
1117.235385 195.090113
846.125216 1555.470780
1074.655880 140.685423
878.931684 1283.463155
1112.614817 77.069369
999.768439 80.553801
1141.107249 243.560290
945.620753 299.767485
668.111725 1511.479687
956.818684 263.047085
740.836751 1277.518267
952.898644 123.252302
763.400037 1209.460046
901.029579 1262.020543
970.571500 151.974490
749.121001 1349.626697
875.829125 155.935069
737.528209 1486.767202
862.705378 1429.616746
824.833258 1165.752437
746.825302 1323.831788
793.355513 1422.772732
656.948409 1227.404492
1056.809347 59.620159
836.474927 1337.141593
1117.853181 1924.418378
717.347999 1327.871809
770.369608 1409.602982
815.208072 1263.556775
650.844217 1192.950582
950.439741 197.179019
1166.512279 146.987804
828.334077 220.132228
448.434344 588.187436
1747.331051 397.100730
1906.830153 484.430496
1736.123408 1353.123192
408.291214 713.504311
1680.542968 1298.314539
1938.272663 508.535671
1992.886060 942.463663
323.425708 982.601021
1636.702281 342.538901
1474.620558 411.748669
1455.033786 350.595361
837.176311 224.724054
516.660251 317.108552
1647.565232 448.599239
1898.566707 516.727102
1742.866035 1465.387282
474.834457 639.168857
1701.794720 467.845123
1673.434362 401.325658
1983.692583 1019.972421
1588.704117 1397.678287
400.743759 846.484216
527.763803 350.974109
1811.258389 435.697516
1667.580005 1529.710149
1379.205297 315.861359
1677.319226 1352.732774
1580.202809 350.575451
1607.224703 407.938352
1669.899558 1386.957413
465.844392 675.004750
1974.581218 1098.493706
435.167467 555.395658
1544.342050 1435.670615
1140.222605 274.786112
872.913838 224.698235
1779.958328 491.412083
1884.098889 516.035789
441.799544 623.332039
1770.269280 1509.120720
1678.481215 1492.318744
1760.780147 1362.492686
1783.872730 460.791966
1628.977202 471.008660
1666.973040 1287.668976
1727.592837 1518.317062
470.780264 551.232149
1866.592775 527.132593
1754.172497 1373.595458
1632.095808 1289.567825
1581.085578 389.759161
533.792392 264.788673
1650.341565 1356.842094
1730.935346 1303.261038
488.463062 425.989034
406.885884 678.268560
71.242443 480.270506
1807.743808 1393.431074
1326.653490 296.419658
1692.965250 1386.254735
1872.636446 429.337969
1717.260305 1336.691504
1552.157972 433.153341
1813.607600 1430.496434
1808.461991 1323.300846
1820.941244 542.434137
1729.736001 447.833566
327.037058 1017.517755
1051.202550 233.548678
1618.613611 1452.581719
1948.210651 1009.339537
59.659491 592.901322
1911.931297 577.145336
1628.799518 1492.192207
927.838738 215.331930
1797.746177 366.503688
9.718956 801.866481
486.150055 390.700049
1652.017028 1259.059604
344.284728 954.523117
1966.543075 522.028088
442.121607 702.704922
1511.460306 362.917782
1427.734938 373.058898
416.107403 748.855621
1409.623970 341.619057
1672.864227 1393.930098
1643.002564 1424.418060
1595.083631 1284.218463
405.047298 625.276138
1806.877581 1368.498914
1886.177562 454.377194
854.460505 194.502997
1698.914277 1366.466828
45.831502 796.279707
451.979141 743.485363
76.943151 445.678492
1603.924775 1352.290111
1624.680626 1380.090824
1580.260575 1366.387580
1553.520833 1394.990514
1597.703481 1439.171141
481.861832 312.646057
1479.797928 325.640522
1676.226382 1461.159317
308.138756 1105.216831
1658.995515 1322.458918
1797.396525 512.745280
1592.346035 1320.779889
104.569722 378.295185
1508.795997 405.434249
1698.599079 1302.078226
51.812730 550.509089
43.053950 731.448138
1687.861784 1423.360637
1856.810428 559.826142
1976.892279 1059.801069
1374.872046 350.139651
1994.023275 845.134372
1714.320476 1399.576252
557.293471 183.437120
1621.427531 427.658616
552.218692 324.341444
1806.289564 530.805682
1762.149876 1424.769000
1964.388724 978.153280
1624.391129 1330.762136
1563.022132 1317.020002
1488.912074 357.360285
1946.874367 544.557962
1764.536806 1322.235729
1833.613493 500.974452
1345.436173 368.904103
1998.409027 986.007223
1818.844870 480.896120
1545.429056 1341.470592
1684.592691 1418.907594
1784.849068 407.592999
1642.123062 392.732601
1695.763278 1362.178847
1890.620292 397.421693
1687.177274 434.753571
1912.995985 430.954837
11.341028 734.916120
1657.028731 1397.756038
1887.947901 576.165962
1709.617883 1439.728112
1582.081695 458.712130
383.656647 783.221742
32.216185 679.493683
71.857821 625.542174
1799.354800 1366.575582
73.711204 521.981943
9.506940 874.443477
1978.955614 878.835205
1901.923763 544.653450
1168.243934 254.154775
1110.554433 250.201586
418.337297 784.507364
1310.289325 326.957788
492.658859 356.565970
28.795337 583.961590
1514.680623 439.344052
1857.162745 493.898000
519.427478 386.957772
1845.527226 457.427809
1644.856790 1454.765987
1588.535849 430.724893
1760.654043 433.418393
348.351473 918.850478
1715.252616 1409.682983
17.251214 840.213443
1733.651170 494.649168
1761.112767 1439.143650
1759.462891 518.312103
1509.666607 1441.726883
1610.619056 367.857076
1667.204887 471.941482
369.916517 891.322794
1745.754479 1545.140253
484.961380 497.255765
1735.776599 1341.278183
375.196938 822.757747
436.099093 657.396080
1709.866948 407.811517
1543.599488 394.084045
452.759256 483.984532
1007.019812 223.728648
1753.353081 462.293871
1476.831691 378.985817
1783.153951 1461.263061
1626.839032 1257.193340
1446.485039 314.911664
274.832185 1114.970647
487.626496 581.206891
1591.362771 1476.961805
1732.292254 1466.059921
1611.433182 1414.907613
1776.789496 1366.785526
