512.743110 204.099154
1793.396153 1924.931245
391.083471 63.601531
563.044104 40.469266
497.792511 171.868176
300.876295 166.254379
1775.666060 138.103003
1948.798489 18.065921
1730.860420 268.690435
532.022759 3.288962
540.986643 89.362783
563.155063 131.759669
246.884823 1943.663835
1856.127865 1863.922688
1869.197430 8.044039
1792.539626 89.200607
464.315295 1.394275
1823.009666 66.066296
449.451335 104.519122
337.429668 1326.069049
476.858280 147.481644
511.730386 151.387990
1763.241369 1907.201096
1771.909872 1877.735110
423.733239 108.020914
340.292726 1983.483940
485.454813 111.946058
487.453088 109.817000
898.880658 1617.330014
270.961485 1897.349117
1834.431233 1894.232811
477.810872 1953.441443
454.620210 111.803158
331.993659 185.471224
285.017662 138.471241
1830.289613 90.766161
1865.850430 1950.350869
1808.829432 134.621199
402.086096 1975.908507
1679.198021 221.771593
1850.093943 40.447368
1825.059166 188.128277
415.553353 49.985605
410.653562 1322.296119
1831.607110 29.000086
437.265552 1255.119885
1744.330922 106.582155
1854.056040 1924.610897
1699.928761 118.640686
1857.171223 108.886103
1765.555292 112.116704
423.529418 143.966268
524.862357 79.803423
250.410059 78.466368
403.437453 78.630982
423.800976 1290.221653
478.935845 5.422280
363.199284 1314.168864
404.087240 204.590214
278.471229 19.287838
1916.800096 98.105138
1816.530446 49.624636
434.898214 1342.097507
1731.883658 67.497966
410.721678 173.797831
391.263366 38.581418
1798.737881 49.169325
452.973140 38.674702
1784.605697 22.343132
1934.293707 1958.922960
1699.388836 255.258234
460.270807 1316.247437
1910.316574 16.396176
466.972719 144.108618
1664.175035 47.651372
1772.789270 187.961667
443.016148 75.584393
489.351998 289.183210
494.082424 1949.832863
1908.688894 19.390219
1710.842601 149.642213
241.019938 33.631610
521.053095 116.911905
1886.578340 1963.356754
316.960783 1928.999734
1913.166725 163.420803
545.294771 160.103351
1901.998649 50.144241
528.921324 43.162460
314.866003 11.450512
345.586576 157.245434
1806.215535 1757.143303
360.934721 1968.970204
362.413435 1277.051590
1864.052309 168.639763
473.151904 63.806489
396.835470 1963.686344
426.463853 215.103593
1889.713891 47.193570
1776.603581 158.961196
405.298394 1366.394035
587.568291 49.195540
505.548120 34.643878
1729.296530 178.187654
450.357320 46.023401
427.119475 1943.082082
503.129175 7.588630
1759.058452 83.545103
1790.183815 1945.293351
272.156616 105.846236
1796.729227 167.774901
479.366255 217.213437
1743.780635 10.223027
1826.439391 1939.840659
1877.184925 1995.975620
1755.858464 234.149407
348.032804 1957.145765
585.685728 102.513883
397.789030 118.504560
1960.734558 72.858711
515.885444 1979.527261
506.229589 83.063959
414.509882 90.660419
1895.341767 1872.664214
339.858066 36.026666
525.553307 42.155560
1799.505825 1840.714497
1809.464778 1870.624771
1784.177526 256.862793
335.038025 137.203959
462.067591 114.352869
1876.178061 86.974476
424.839218 37.599704
508.343380 48.525440
287.018134 1985.225672
523.249985 1259.384477
1819.408025 1962.798075
398.485419 8.837093
1749.633727 237.996783
1790.525687 1803.787559
483.515483 1347.000643
1742.529342 177.049670
1790.828401 1984.096985
1846.405053 64.834690
1845.910852 1980.818209
378.424116 1303.634277
342.467568 81.130232
343.185477 92.997774
1770.709332 1756.002785
378.013580 190.005340
429.637729 140.145463
406.467742 9.245878
322.871666 14.960332
1850.157789 212.115674
378.441889 150.840286
460.233749 206.057189
1865.816728 166.349826
281.851986 1934.787614
1822.562088 124.757926
402.342703 1326.312221
447.489478 1377.075801
1771.151353 210.720440
519.509164 121.271584
313.025510 60.110255
311.652963 114.630084
1839.189759 1997.667439
365.486870 114.064049
525.593474 190.159794
403.419847 1266.357676
343.772258 39.039091
391.332010 160.008616
1817.731218 1704.265397
413.864345 15.205869
328.048425 1896.192663
496.990484 150.639638
1920.063590 1985.348318
314.359279 154.114674
1886.536751 119.921604
371.769093 98.768747
566.562149 73.829708
469.595737 177.424218
1827.610159 1800.371566
458.911132 43.913987
1870.100212 1913.377453
469.051075 9.378387
366.209823 1926.662412
284.025544 57.252744
402.795510 1350.394179
434.922299 1996.527128
387.618975 54.529861
1726.356795 203.752237
471.514393 1968.914351
463.846058 172.938475
340.712239 128.474899
1840.304789 1748.725795
314.833025 1960.282800
363.779531 56.597952
1905.036687 1924.236600
514.316993 1295.319829
1807.542917 1891.683516
172.901716 248.850095
1890.329979 450.558827
178.587257 366.674496
236.443488 398.283021
1977.707521 326.111232
1903.567501 1026.295469
231.603459 311.783862
1901.318242 1068.482447
1738.579680 418.124085
26.821987 293.419149
320.064108 340.608301
139.179688 303.401594
1865.527982 392.763057
1679.394112 1145.407688
322.049673 212.099654
285.625604 203.087063
1755.429108 1135.740465
1926.731906 278.536655
1954.676087 1110.415187
38.085104 1069.050759
1803.041459 1113.977074
353.467317 188.729039
116.741923 189.650717
405.274331 326.108055
1995.580036 317.392524
1735.072684 474.399179
8.569024 423.261202
1735.089869 374.241670
204.606497 264.964437
1710.998903 1076.703577
318.875504 309.439189
254.788946 274.533119
1803.224943 442.192590
24.886136 340.467847
78.591907 277.885055
1836.181964 1135.102563
1879.881976 480.712071
186.212518 1301.674183
234.080731 314.002369
1772.861910 443.593670
1850.580360 306.249395
110.807724 291.817127
1991.457159 1042.931360
263.613013 198.226082
327.493913 282.625641
238.232503 278.799226
1785.711092 1185.677573
1736.442497 1070.662426
34.710460 986.029254
378.206861 194.724799
436.849237 304.589595
1829.207311 517.590928
1738.683819 1212.160493
1815.727849 1111.276498
0.601431 989.001613
1950.486005 1027.512289
1720.540372 1042.832715
1863.699791 1125.984895
225.736469 366.390768
367.912445 336.053675
1728.079795 406.960175
1857.666107 339.466109
163.493531 279.595528
1862.191764 394.527956
1825.497439 1061.090639
1760.828908 1069.431426
1890.471078 420.065018
1853.886116 1225.246491
98.097608 424.833328
1830.009917 1113.783559
47.251994 407.048973
1765.691218 1114.433738
1862.796325 430.220436
1904.971128 1001.517363
79.827150 1147.434287
1762.468195 1190.506971
355.327870 268.275235
1749.185810 446.530756
97.513387 227.079645
1950.820515 339.001147
349.853462 237.392695
233.353965 214.873006
1982.283649 456.985464
75.494339 399.161845
1796.835105 425.288503
1750.881034 1136.571464
1921.914842 243.068200
321.234447 175.321065
1764.511419 412.859696
197.246096 297.553839
412.485019 281.163315
156.458714 344.069079
124.846257 333.225817
1960.556907 490.268256
381.464149 307.927636
165.743087 166.237598
292.672296 310.540431
1708.171393 434.927579
1832.858760 417.899652
110.218405 1218.960043
1997.664200 398.224249
196.891861 339.455749
53.709821 313.204750
1954.956152 1072.830454
1707.833324 1192.123483
1828.933789 350.668584
1773.632258 1131.676898
1711.232955 1142.623087
208.487351 202.624115
1835.999241 1167.976005
1844.215258 454.855845
55.788128 1172.175594
1918.069900 1030.341549
166.421034 311.597956
1929.807484 323.872626
271.967344 309.577463
1933.363245 1152.856222
91.993272 329.314025
1831.296802 642.664162
63.708125 250.158659
1993.436555 354.359419
1870.261584 1058.205621
121.486250 364.079157
296.063284 242.740605
121.492989 256.117837
414.984575 208.061011
255.166239 242.981712
51.170706 443.344424
104.953575 325.309881
1867.512714 378.241673
1789.849498 1155.621954
1928.436187 488.167187
1841.615334 481.762122
1685.863820 1087.264935
1958.932690 525.111671
384.233450 251.170233
1780.356153 405.145438
1781.469090 1092.965621
287.125661 160.000576
1959.116546 470.058252
31.592155 1197.264199
314.764330 251.647275
230.460852 347.820706
421.094490 372.083238
1890.268595 301.378305
1919.994767 359.301668
1951.577031 1121.962620
1821.604259 1032.193844
1963.980719 392.376019
57.614743 283.072353
1789.705211 355.470681
406.826600 245.944850
60.954363 347.341693
1956.164246 415.452911
1959.198264 443.325833
1727.633659 1105.601256
1868.269577 1192.129893
80.938807 362.388044
206.265120 226.236010
1941.785906 998.071257
1939.053032 466.142819
1867.991471 1037.461764
304.195373 377.317184
1801.702080 1085.313410
1887.533778 333.189736
1758.378630 1012.128816
1874.955065 334.651750
278.203429 246.858292
1962.313950 358.748439
38.477084 373.869524
3.927109 1062.997977
1781.703448 511.293131
1928.024261 393.346890
1819.424179 454.787917
1998.973414 381.619700
1913.641363 424.931676
1776.545070 351.434253
346.868622 309.261155
91.817363 367.782868
1802.937874 1062.756683
313.571685 277.816362
263.769631 356.374097
1858.866499 508.641485
1848.656410 469.468484
1788.612526 482.986513
1874.666086 1165.903745
1794.584825 392.729853
1798.070938 1220.710509
1833.416047 426.325889
1762.634285 1167.669528
160.589420 204.176496
1871.326537 1155.496999
1731.507153 1164.964236
1917.232300 433.252258
1873.699505 1095.421767
1919.124890 1110.813131
175.101441 276.266972
1842.200955 555.553688
1936.461811 1065.347008
1827.668694 383.869081
1281.196897 1855.031517
1176.917100 1960.248645
1182.282679 170.525743
1189.353003 1832.949804
1058.780193 98.232642
1416.929097 1782.181293
1169.224027 1939.753988
1077.513823 1889.028943
1119.431507 102.593517
1104.335213 1883.180134
1498.141263 1700.493852
1532.701055 1784.628432
1295.296722 393.521479
1297.385489 318.340873
1059.073647 1938.764321
1420.078861 1765.881078
1013.864521 168.381415
1223.286185 1854.739639
1246.515725 233.390222
1094.954392 1821.753862
1248.882892 1800.275880
1288.519860 193.841298
1519.717684 1764.738259
1288.237241 1849.879015
1256.716532 420.070288
1246.954499 1960.138170
1368.295313 1714.658419
1236.835565 1818.700796
1522.822975 1722.079643
1269.157113 446.598871
1428.449169 1657.550317
1026.857337 251.688724
1373.417366 458.465160
1240.053777 331.246826
1314.108472 489.635765
1063.070005 147.786785
1241.121793 1992.112271
1388.540964 1913.178068
1027.900963 1880.375448
1274.202677 358.091428
1340.286962 466.771747
943.494117 1956.898259
1053.758851 1833.142784
1001.312230 1907.202962
860.927724 1942.683223
1329.566253 1715.088523
1230.353895 1887.041153
1239.744674 1938.145569
707.539189 118.799364
1177.968116 249.356509
1084.426405 1855.648116
1129.539753 205.755778
1337.505408 403.004931
1152.074481 240.124832
1460.648124 1731.568082
1194.015367 293.657813
1498.373143 1795.454038
1045.945162 1868.786281
1392.148069 1773.712089
1262.564714 320.258565
1224.510527 375.788578
1115.512021 1935.733435
1245.503020 1854.003732
1300.550113 401.257608
1090.305144 231.757058
968.286099 1851.735690
1357.796467 1850.043104
1205.837658 1798.583518
1467.453156 1684.934131
1292.064195 1895.556622
1226.548936 265.865438
1262.874130 327.185998
1385.049575 1695.539536
1126.670072 1981.482438
1082.856716 172.396918
1196.239344 1879.308607
1341.507320 1865.682320
1242.090888 287.999531
1147.151493 137.368366
1172.574808 1903.128208
1311.402243 1786.438382
1216.973611 169.726727
1220.672651 1761.542962
1181.962821 395.811789
1088.061767 183.043544
1344.122729 335.397475
1252.669198 1908.242482
1208.307112 230.626304
1374.638480 1796.479069
1117.698607 259.651656
1174.193487 315.854748
1024.069457 1934.633924
1090.223667 124.479171
1158.928038 282.762880
1320.991411 1930.850447
1248.313693 1899.902524
1275.396139 1914.855597
1197.141001 1912.283189
1168.352956 1870.374178
1143.224124 1788.422547
1270.987798 272.242676
1393.296751 1832.106214
1274.590891 374.228757
1303.409123 436.217520
951.795302 117.210353
1521.419586 1834.606579
1216.293982 1973.680017
1251.412889 1798.853832
1155.738377 1782.855372
1216.729683 1929.076378
1080.662965 1942.684476
1329.914083 1703.020123
1283.170517 1809.343696
1341.816340 1900.296139
1336.709292 1746.636424
1089.645346 115.029239
1341.806116 1803.763671
988.983419 1970.888140
1131.510412 51.511111
1131.997308 1827.205871
1017.800274 1841.084689
1160.090264 194.331908
971.319288 1930.944695
1439.153023 1730.365467
1287.636089 1951.368008
1278.742716 1747.746680
1312.532009 357.321906
1387.846752 1757.864089
1190.199780 217.835906
1311.706025 1830.376839
1410.901396 1728.892281
1191.618472 1817.104675
1402.677136 1833.884339
1208.498809 1841.067928
1137.840971 278.818084
1215.333073 1786.971349
1073.341060 1963.072931
1337.371919 1809.327788
1468.599612 1854.374255
1272.684495 1822.677849
1018.552132 1982.491856
1050.575699 1794.635104
1155.214594 1971.779902
988.159402 258.333019
1024.568275 70.051244
1161.300812 1850.343410
1134.384037 313.634376
1131.251198 1870.121149
1253.052390 1872.018712
1000.049250 1869.953519
1478.717154 1766.523004
1434.818038 1819.660728
1179.187857 1714.733007
1422.571340 1904.044875
1250.025140 354.706084
1434.774913 1830.032596
1195.522083 13.463272
1021.645657 140.763059
1379.145494 1874.644729
1067.998176 245.177241
1343.571033 377.663774
1251.956837 1760.257442
1414.976590 1868.855589
985.844277 130.593956
983.266012 198.804111
1295.416818 1783.487072
1101.523446 1959.954286
1445.992740 1756.966611
1294.237330 264.226541
1355.054619 1742.942479
1211.236034 294.088057
1393.981944 1798.596059
1132.692247 1905.190657
1471.002650 1814.777291
1222.669397 433.070449
903.640563 1916.004934
1185.764957 256.447407
1059.051952 202.490302
1148.401152 1934.270795
1380.729825 1876.641137
1331.808912 1831.488841
1104.200651 291.476438
1189.859097 1943.265316
817.361015 1943.654760
1085.021711 1761.098337
1085.271640 273.382415
1073.891140 27.893679
1078.173644 1867.133882
1384.891913 1833.421879
1117.475468 243.653243
1198.097457 342.175528
1114.869723 163.538106
1316.984761 350.201015
984.694863 78.249862
1297.536688 1848.626906
1218.705650 268.601729
937.689438 68.250005
1136.626242 1754.460058
761.826083 1939.916716
1007.711587 1931.779383
1921.848127 457.454810
341.716661 621.799237
338.699367 461.981232
450.195768 451.821837
1596.932255 583.359043
439.767072 380.114651
567.487206 529.297221
1308.842082 655.347466
1374.340534 710.549994
191.264111 442.633984
1641.838927 562.299672
1827.771532 424.915775
1106.746692 788.094988
1634.809940 596.359609
115.788717 407.167181
251.350180 320.929622
417.173293 567.363204
99.476444 408.317723
1961.169797 398.591569
275.785160 523.528647
1184.373645 675.598904
155.511362 413.817556
1469.494883 624.714737
324.708217 473.954584
329.875613 403.854191
1612.306565 628.415714
1971.095497 483.375188
1135.169829 846.595154
29.041843 385.239832
73.910791 385.017717
348.979181 363.414565
1889.822325 461.780833
1252.953858 673.196955
1149.260142 781.053800
245.096741 421.443773
1503.588227 613.332209
1241.536868 792.801249
56.295653 328.973453
425.946101 533.528910
1914.835656 518.465208
1277.079271 737.068548
1227.678564 826.853160
363.495628 432.034154
420.024309 595.087310
1951.003381 443.697538
497.439803 450.149510
404.690490 454.292106
1130.191855 815.229682
386.337001 448.424654
379.905644 481.430031
327.311100 371.332653
1974.790225 364.089851
35.061898 359.241518
467.823460 485.269480
1103.476306 858.446603
223.027200 378.946055
1865.709727 486.835055
1152.102725 730.268319
362.857085 334.123536
1713.468756 552.936413
404.376533 410.762790
1090.413447 819.658882
1222.893772 741.919049
1978.727142 382.031288
475.421965 447.092149
1203.715504 800.309717
283.673699 490.029115
464.670563 555.384133
1523.452954 568.698428
1317.138957 717.663782
1974.528845 348.660934
1122.038702 756.024295
1901.777856 485.086493
405.548306 379.855470
323.206883 539.685178
1185.997619 712.769989
430.997997 502.858434
1458.449812 592.519101
235.042789 471.664757
460.836064 685.865918
1347.675230 733.890846
553.412580 556.318784
1768.238146 558.604669
1955.956298 518.771752
1932.018378 332.008411
1595.171305 547.325916
1771.744071 523.603415
284.533021 367.935797
285.175386 423.446508
367.294862 460.634366
1084.889402 759.086726
539.818147 464.124376
295.087369 401.401632
1249.748475 760.486235
524.208624 531.836168
1569.800701 613.012145
1677.131668 567.048513
1190.182903 750.213218
499.515258 504.303317
1282.031710 818.492913
373.186079 424.744043
325.700388 586.800222
342.169200 576.706287
452.628690 411.268887
270.256909 556.927249
500.906143 617.688212
1282.695395 709.063364
175.056004 288.316749
61.276670 295.464294
222.294672 306.174574
97.123257 298.526376
1876.721255 517.384078
1295.219451 766.287544
1856.886183 452.651885
1387.548257 605.930612
158.081568 348.083906
1275.925777 704.022979
1217.388977 770.547250
1902.368380 428.073412
1423.320712 600.257694
388.237634 326.366199
516.478319 461.096684
121.107181 352.960586
1329.867234 766.305849
1066.353672 849.097646
548.819618 512.241964
1217.448986 683.948916
139.319511 317.500534
402.030689 491.135428
1936.678063 488.602127
1258.559141 803.956702
1172.097822 766.832600
1318.703222 801.621866
1470.163201 557.994229
1310.196934 687.045948
254.563852 390.970749
435.475174 470.696792
329.622880 513.275223
475.792399 420.668666
359.155836 529.074853
345.943645 309.824072
407.218553 407.570539
322.310603 338.990799
1263.354518 781.979515
1515.580658 536.512125
569.138738 484.732591
1166.057011 809.970309
492.014291 558.403098
192.451253 407.930476
1558.094095 545.684846
1531.815000 618.754371
1688.871888 526.842344
1248.503038 722.984475
1069.166174 791.339001
1374.030785 676.399137
1342.324443 691.799003
495.661755 670.792512
1454.063172 665.387917
1412.927353 672.533449
1559.711094 579.991737
1706.727542 587.635666
374.564777 518.667319
1743.149454 575.402261
1871.441004 420.909532
467.205043 504.280176
1672.613701 601.408152
323.203336 440.458135
416.383470 525.898167
149.758152 308.412145
221.498087 353.078879
1354.592911 645.891587
368.301862 356.331047
1374.459257 675.059544
15.704703 330.446982
468.096941 485.811454
454.752727 532.049701
37.820321 454.209261
91.741682 367.662485
366.790295 560.491015
1401.970542 638.605836
287.324649 457.600410
171.970899 377.879266
484.982942 389.909849
1499.816694 577.006561
209.430328 501.348464
300.224840 540.996503
1972.115195 435.936360
80.384631 246.813519
1435.112514 633.830908
437.910360 421.103610
1734.398002 531.144703
517.284487 425.820275
491.439480 544.297152
1933.085236 373.226288
1932.617390 413.922503
1488.554355 653.990413
1045.050369 818.190827
397.555132 367.350844
125.709325 247.194203
510.911684 553.386511
