899.761233 1526.543021
617.045410 1281.250509
1834.546713 1807.131881
694.917536 1377.789236
959.411578 1380.275313
841.839905 1376.731752
1891.794685 1322.338287
819.533385 1235.009106
744.582986 1485.440867
818.494768 1402.600733
746.813360 1370.928672
961.363049 1469.515819
1887.353735 1622.045564
672.168276 1071.089692
702.610830 1343.361731
1897.491693 1589.322940
832.019618 1260.821550
628.221116 1225.867010
1821.183143 1771.042391
1884.630472 1287.082922
859.631078 1522.391344
1826.132318 1892.777277
552.488505 1316.675728
1901.252138 1494.997071
679.077668 1511.323885
1933.466711 1581.054315
637.823741 1378.681455
836.560273 1476.970232
1903.611365 1443.305460
1841.954294 1562.619507
688.414249 1204.710963
786.998981 1267.059099
767.426937 1340.026882
714.557204 1460.928986
1855.478331 1773.191711
805.341144 1421.919814
635.082313 1270.823155
894.467131 1423.362211
589.345353 1359.616591
803.729194 1393.793363
724.806838 1324.394814
799.399404 1267.257733
815.381226 1323.325064
1900.838004 1251.803845
634.110483 1342.492332
705.870692 900.761735
792.403825 1416.396975
738.710291 1077.023272
838.182063 1335.899872
859.103279 1211.785234
787.870155 1306.573283
930.609766 1438.176310
655.429247 1487.189236
779.596713 1298.995894
905.615302 1320.216610
1928.985525 1187.048772
911.341815 1284.734662
719.371699 1009.205812
822.769001 1479.251460
1826.154922 1662.885754
780.650302 1340.264000
1866.990806 1503.623629
1896.397980 1175.464716
678.736088 1371.218071
897.521566 1430.085072
697.825755 1411.422379
756.346355 1183.397094
898.079727 1279.421456
1872.179204 1459.495065
789.775585 1191.213483
778.388305 1489.377808
1908.578710 1215.776900
621.507298 1427.702957
736.177652 1424.207379
1864.086337 1594.335181
822.996745 1274.541027
767.175267 1421.463688
663.328932 180.330112
850.015336 1290.886684
620.178419 1305.261828
682.915431 1476.011325
1859.619551 1660.077222
881.576400 1492.881190
599.065742 1326.627401
667.502814 1404.769611
834.059252 1439.940589
1830.532567 1848.211252
818.925034 1294.276516
874.148441 1422.532568
666.442847 1444.793281
916.073978 1360.182002
677.720801 1244.523740
706.681024 1301.413043
1922.510902 1154.620206
784.108215 1284.265787
786.545002 1328.357691
723.513633 1285.760925
922.922700 1472.540288
604.199515 1252.406311
871.889775 1362.574182
706.395461 1063.951362
881.333486 1362.252750
766.613981 1516.576539
654.880832 1343.385700
724.380580 1358.651909
747.397240 1388.437093
859.477944 1319.034711
791.893895 1448.175157
671.488456 1315.626254
717.258101 1508.870753
813.533256 1464.176146
849.705926 1508.389748
678.553421 1283.881314
667.844315 1284.871459
745.217160 1158.597310
708.794618 1301.271054
1877.766337 1562.046799
837.725770 1523.433063
752.685325 1512.987681
712.056412 1352.362479
623.270790 1467.922291
679.272109 1472.991193
778.557573 1439.906043
765.295650 1222.616328
802.989851 1385.445707
930.349104 1219.967274
654.955782 1213.340248
727.777502 1110.321759
818.913653 1426.225033
931.999430 1319.334478
838.953115 1397.069194
871.801415 1309.000611
820.091378 1301.940031
681.793396 1438.306739
743.649686 1304.295048
696.890593 945.331559
727.470236 1209.275474
1870.673219 1693.088791
788.286623 1461.201817
732.704052 1236.334055
1934.877178 1238.140762
943.167619 1295.475985
1889.997582 1528.941049
765.154800 1242.048839
766.294080 1130.757979
1920.238257 1282.284403
1835.204267 1695.653447
749.229788 1426.161999
613.754937 1139.621146
887.636083 1473.985397
714.072043 1459.816899
901.172237 1234.593749
731.336565 1422.119538
758.893493 1322.439303
906.861585 1395.206431
870.851511 1445.487563
748.077713 1296.795715
832.419020 1206.393977
939.622899 1388.437756
685.914779 998.664216
727.349891 975.550298
1849.749538 1627.173268
851.974121 1500.306093
772.382670 1348.305783
871.166731 1399.130656
641.596386 1301.292828
1828.515868 1729.003439
922.741442 1508.189317
671.350244 902.902815
729.344967 1475.023020
877.250770 1464.642902
695.621390 1123.868669
886.958617 1255.027976
743.891082 1269.492164
967.231554 1423.554280
533.766639 1362.794100
1863.508156 1732.290853
940.867377 1256.991233
846.299529 1345.958482
879.608201 1363.496747
782.622021 1358.074376
673.860215 1168.340488
556.575080 1427.878351
653.000699 1245.653086
639.197135 1410.604927
710.823292 1265.660486
601.316174 1377.998792
688.606583 1029.842032
1816.633051 1619.354858
773.822240 1382.401327
564.381905 1388.216620
828.603610 1360.841530
802.769886 1515.790912
797.088561 1483.577752
711.483839 1167.773270
723.170348 1366.807974
1890.471923 1640.984688
693.909093 1254.716145
1954.453095 1209.363912
1912.765318 1556.340869
745.132028 148.025892
93.873647 126.211467
700.705115 335.900776
363.816132 125.284358
565.236407 136.344586
279.258293 24.082540
706.409825 394.858560
181.773799 212.402680
1144.137226 505.432829
527.188885 233.503868
464.465724 125.482437
582.480699 329.255716
606.063450 199.753767
11.317695 86.527068
822.509893 259.808690
755.843511 229.166413
127.550622 133.862796
644.984345 107.128123
214.806950 85.978269
331.431611 126.670575
603.539368 325.785735
1049.348998 451.349958
739.659241 208.501458
1133.114297 538.143577
531.452719 202.304614
1949.808112 58.244548
575.914203 146.414079
44.142406 163.458955
638.354377 337.950005
46.086619 145.421690
428.007852 145.070879
702.514353 297.534214
1955.473932 112.461500
554.656203 231.570609
658.233218 371.860996
160.053446 163.468971
568.462570 358.086670
957.531590 388.805359
690.755387 262.986498
1991.479962 110.599511
519.647481 358.216727
691.839281 162.909835
658.644302 276.979905
702.430871 298.007135
739.850390 333.426402
805.785089 218.195315
75.457004 119.963241
584.561854 232.060416
299.597647 180.964180
867.116590 330.084729
490.366150 163.937319
53.551088 99.630253
83.210381 186.534575
638.912902 202.748762
227.174271 118.265212
706.033040 237.190041
50.702063 1987.795155
173.447902 79.098444
254.702023 108.635086
781.777671 331.781322
94.620134 1822.047604
470.746986 364.912262
695.817649 198.763111
630.849537 133.067058
208.963398 7.702630
134.237803 13.223327
523.223868 168.145150
219.160564 238.362172
658.580770 313.691193
171.116619 1.690986
104.368847 92.963242
83.876911 178.283345
122.065450 61.258882
137.754971 65.742756
472.176246 316.593467
588.363420 381.731290
792.111327 241.909446
1991.481274 67.506506
661.359297 218.226084
404.045270 269.838348
802.373487 365.754452
318.396612 97.398260
175.838256 70.770369
660.745614 151.783114
1991.023868 40.428372
88.388252 34.152335
489.482133 184.662175
439.743990 114.060104
1959.870465 46.586595
294.015190 122.493568
458.548171 208.798923
678.204722 249.226520
751.228760 108.590159
554.238262 298.110385
830.961036 327.886691
689.554090 182.775702
398.019922 141.838638
461.054486 162.196144
3.216104 129.405303
524.699433 136.551825
510.755754 308.447336
271.855149 151.048856
607.117192 137.250190
643.608639 276.591399
83.437136 83.459975
670.077714 311.633601
158.208952 30.354918
141.948616 1912.124960
720.180120 244.090350
163.476761 37.054328
580.045733 104.671603
364.917948 197.335888
190.065969 109.427246
246.173231 147.916415
546.789263 266.374397
359.753193 160.625392
203.571673 192.796799
662.970207 181.578558
539.632594 231.179116
529.761518 317.741865
714.601389 125.652934
696.448493 151.133902
198.448223 44.147070
727.683221 269.586888
431.067631 173.345235
840.379497 291.706701
736.802224 360.716964
218.848004 58.432532
242.031889 64.880856
60.061805 1826.497017
635.209541 182.119231
546.122831 166.689020
27.174192 148.923865
36.522342 72.397097
149.016699 90.487702
786.675352 285.040253
431.636715 219.638266
643.266455 221.507193
1018.665150 434.017133
564.737686 189.243435
357.523354 232.878908
757.868557 264.551759
307.050004 153.491694
485.461150 188.836353
419.219127 268.595781
83.910530 240.947265
252.286865 214.679630
615.353999 265.977283
550.630629 292.425114
588.996782 184.834421
490.823336 244.488290
1091.005642 486.936982
575.010186 239.558308
486.412081 232.333149
605.681646 216.797846
1990.328217 167.723866
235.091558 152.995049
612.217693 366.474266
328.994973 212.592044
656.371724 252.006037
73.638047 113.390631
677.764851 132.121451
413.984300 239.844925
79.158063 72.059944
572.938252 210.179776
527.870698 252.580815
468.513629 261.126062
746.704526 298.604264
128.153536 150.490330
597.240796 294.670964
264.765262 185.297530
405.592371 303.379118
138.928847 94.738076
1190.023465 569.941757
504.886025 263.806045
578.143389 268.549183
471.716171 283.426175
396.889462 230.007879
700.192781 359.738106
174.417285 1870.136353
400.126001 189.271839
333.363045 176.218930
57.412028 39.460578
123.066742 1875.690139
494.651668 292.538437
290.826184 214.832872
511.906130 203.607716
116.428311 27.085214
110.894922 1928.009018
94.037013 67.114120
622.860290 249.615911
702.981159 210.634881
115.461799 70.981452
48.862318 94.399289
162.363035 119.589913
191.759950 144.044898
276.117476 75.815116
15.739309 11.138771
658.779821 278.309893
437.406200 194.924826
934.986378 121.794772
811.634992 119.329442
901.323907 67.032546
931.684196 322.560255
849.853099 184.518109
1116.142341 169.067643
816.067350 246.694439
762.009210 110.014246
881.284407 201.357635
832.825402 202.437290
1043.823631 97.073256
1113.470243 136.692600
1009.718132 40.043606
989.133976 66.877181
774.847146 176.040149
998.678500 129.520132
798.484231 51.905569
863.735914 233.059304
1053.294766 165.184521
867.856185 315.010115
915.811375 240.976793
1006.947168 220.433198
1097.582562 195.894292
944.460261 234.439563
1020.744602 156.242308
882.826157 90.601846
1034.592288 134.487574
975.663187 263.229315
1125.253706 131.631459
1046.559687 304.019353
1101.559883 260.875712
833.514700 41.802500
1045.407227 39.372075
959.147300 45.637071
948.425757 1955.424997
801.394807 179.249178
826.333536 1862.098729
930.638030 219.585218
816.010779 345.452491
976.451498 159.363003
1089.092462 105.284333
719.857073 164.678225
768.018352 238.465610
724.135420 128.197336
722.341924 297.114605
914.916735 1978.450016
873.467555 120.261258
896.967634 305.148781
657.588083 79.954183
946.903573 81.545666
687.603629 46.738096
854.005909 67.272130
1131.118270 94.143640
937.113272 131.682325
903.138838 122.178895
1023.428915 220.038763
1052.875293 92.444471
688.212744 1993.171271
1052.669330 133.255984
1017.155055 323.954964
943.148040 343.381467
722.677800 71.828418
1007.231167 326.420305
880.336728 377.382736
841.562237 277.394883
680.655372 61.542809
965.545198 119.841271
944.882063 265.671876
1104.727334 66.615014
962.482617 150.979547
994.718447 156.234360
1013.098321 259.985165
964.896011 44.380438
740.453590 1972.585613
785.668273 1913.902391
740.264912 1898.644568
985.684961 244.089657
871.986468 1930.429306
901.834905 190.489852
919.264394 214.008166
925.872212 83.197047
916.991880 156.840470
906.558235 176.288100
952.775317 197.627505
869.756182 246.282109
1093.575580 163.458172
936.647383 203.877769
1020.069050 173.062662
1041.842084 262.207210
947.901523 233.732720
909.076141 270.300214
734.014705 186.326321
939.946022 359.407950
751.015860 57.504148
956.830078 417.400430
847.879198 103.697537
909.980714 218.705768
885.161817 270.692384
832.880500 305.622653
730.448713 63.800220
933.113122 59.942765
843.892444 1997.135802
1066.971761 191.898438
1077.104373 34.618309
785.619743 138.844828
1030.795112 66.648254
841.363112 74.001660
793.251828 1846.776389
896.567436 342.087976
937.798887 276.106037
784.825868 171.606859
943.537665 13.085932
990.457327 187.950358
997.204636 370.039879
1010.417260 286.773242
901.463742 106.688248
996.699103 211.013523
735.659669 153.140859
808.663826 129.797974
753.203778 15.583591
35.770251 1481.661446
923.165121 150.360795
738.061209 128.234962
1009.236495 90.762436
856.460959 346.639848
914.125498 409.927166
1072.212566 249.366188
1060.349851 222.121337
996.300922 256.319458
908.686556 1940.727367
1059.189471 275.155900
850.817200 180.689074
851.410354 126.291898
911.154192 366.043504
860.053599 170.980664
865.233836 158.222813
792.418538 290.922833
827.581008 158.480202
1102.433870 237.810641
959.254461 254.820202
689.691698 239.828707
791.791768 261.957163
878.416128 134.059874
755.123602 1846.289110
785.877245 53.783484
817.751582 171.705524
819.277280 95.734892
764.862681 18.649504
779.696913 1881.673273
747.022806 210.553996
937.415553 175.196706
1071.930456 60.304185
913.275287 189.468332
870.630760 36.244221
980.659662 21.185518
1014.504484 1.067379
808.860954 15.382658
844.358553 137.050195
956.141957 224.723399
803.597128 229.881869
1021.034924 288.629344
892.496427 31.390144
1009.461288 123.779112
768.791301 79.808820
827.899819 218.995953
880.899024 310.783028
727.396846 245.879216
1077.189146 207.029621
978.935381 296.691943
1021.325450 154.186538
922.499151 151.005618
1019.410932 175.953530
862.337342 287.068983
1104.453850 97.641336
907.415603 297.416265
690.634238 118.380443
866.490296 251.662852
800.095413 83.958578
824.375365 312.334582
912.267327 104.656694
949.561008 147.720284
881.483769 337.472166
878.373577 201.217670
701.218302 192.275157
855.879503 362.629212
824.461180 1897.257947
808.327535 1877.718145
767.955913 160.090907
1026.079139 375.145682
828.458519 157.358736
958.411610 382.753748
992.953585 118.640055
1077.149802 125.393022
799.524335 213.954124
954.433321 315.163506
988.426178 163.551735
715.091772 1995.358211
837.231426 276.921912
24.684563 1612.981135
749.353645 270.840751
1618.846698 1129.685505
1899.983312 1139.832465
121.184374 1048.659341
158.703005 1062.876993
1441.980065 1167.496935
181.156322 1091.047896
259.600000 1165.962411
1131.360950 1120.337058
1232.952268 1177.853791
1845.313835 1227.642338
1584.101121 1273.960890
1583.204294 1227.562938
835.923604 1637.435099
1997.521132 1052.313306
1790.361014 1197.384536
125.213309 1172.072361
155.398869 1104.095322
1689.113306 1284.101866
1847.422537 1266.016051
1831.348806 1159.869593
1114.754371 1187.143670
1821.387413 1123.913288
1390.861803 1252.076432
1932.830675 1093.097850
57.449151 1227.009722
1947.013491 1147.399262
1691.661200 1233.895801
125.117431 1128.866068
1730.806950 1127.597723
1735.493597 1235.168476
88.454689 1074.143419
1612.419129 1231.195622
1077.505741 1252.405142
162.375607 1812.827193
1833.158912 1196.652660
1334.241829 1187.509254
870.599414 1635.818920
0.869321 1161.289848
221.388238 1203.069417
1585.249630 1165.643978
229.270057 1156.081076
69.398229 1150.129563
158.045672 1147.575842
1951.349741 1115.305929
1810.583671 1291.472554
105.663448 1079.484894
95.759739 1032.338942
153.218242 1777.128341
128.937397 1244.801991
132.450035 1096.724720
47.854289 1133.059062
1699.132276 1145.007735
34.430643 1127.390756
85.641266 974.642369
66.828622 978.220652
1804.710773 1164.056132
1546.238056 1176.392408
178.551990 1714.103744
125.634742 1015.597903
1474.129616 1219.469229
171.269603 1252.740711
30.636377 1110.986757
91.241413 994.272986
1718.239394 1204.740374
165.230482 1046.101132
216.791177 1110.162137
83.364492 1261.255949
1883.846739 1209.268773
1165.365998 1104.575402
1190.953205 1135.860955
1938.737677 1193.171269
1086.085783 1112.199620
1508.076225 1200.829972
252.475656 1105.576512
1875.155483 1112.544572
1150.509950 1193.956393
111.767001 1278.949246
1263.094741 1116.551962
1877.828978 1209.701478
159.882718 1215.065255
1222.791756 1141.309271
245.296873 1129.753029
1527.174107 1232.739310
1683.558374 1199.693315
1635.258041 1257.603776
1446.417930 1208.713335
1541.293915 1276.723094
101.237407 1147.268066
71.036274 1113.077657
80.628295 1189.514892
152.646677 1738.961115
235.761837 1062.825004
64.775550 1073.424127
853.176264 1611.268014
25.455360 1003.850879
1297.852486 1210.159186
1471.702502 1185.826407
180.456684 1861.903867
1983.823161 1118.949897
116.443253 1130.451332
55.157323 1202.628403
1864.359079 1145.113198
1909.460090 1104.966500
1985.800911 1025.824686
1758.085982 1325.179030
22.326175 1122.759355
1169.137562 1164.138023
1983.418827 990.452667
10.653423 1210.756282
43.630274 1152.834128
1772.872285 1162.666456
1601.411599 1196.971795
43.460571 1021.889788
1554.018799 1210.964026
1322.516322 1155.035114
21.884171 1232.065729
54.551066 1021.921576
1082.652627 1161.704055
1506.212566 1235.521481
1239.481103 1094.706789
171.360844 1165.426615
32.763359 1088.346889
1754.349796 1283.885599
81.434776 938.021002
45.341137 1056.022916
183.601904 1182.765767
1113.775869 1143.700768
27.502532 1200.811956
1945.428587 1004.172649
1673.883295 1159.691397
200.550424 1063.078950
144.858768 1065.067428
181.039463 1097.454035
1508.336148 1268.135848
1161.596943 1139.223409
91.895063 1198.373019
1928.877280 1146.757174
115.681822 1212.363124
1972.825993 1186.806421
1845.128968 1230.981422
110.290807 1108.244724
145.018131 1200.957287
1813.554261 1247.881070
78.219372 1041.919461
1291.192527 1138.762080
40.229900 1185.886830
96.734794 1152.994225
157.993536 1136.655744
1772.652873 1258.026679
1388.400844 1215.162910
1397.153936 1165.123712
1473.172349 1144.967532
223.337868 1034.079560
117.138617 1744.223398
1262.406737 1197.264310
1201.677204 1097.949017
190.198247 1222.932039
1367.982043 1186.768903
1351.462387 1217.554098
1417.558189 1194.948943
1477.416538 1251.314824
1906.317672 1067.988445
1499.917642 1166.627771
1652.781217 1193.072821
1972.786263 1101.053126
51.845259 1159.111075
103.984426 1099.677322
1882.488623 1168.765213
1714.343222 1262.534471
86.888301 1213.579162
1289.407725 1173.819216
132.601608 1167.483049
1259.716290 1155.575199
1994.857586 1225.803672
143.106294 1121.318327
1974.023303 1169.988093
1759.251209 1195.081541
1772.406312 1224.090033
1893.378559 1242.069030
1333.585024 1224.508998
118.620352 1157.169815
1810.004668 1217.230045
171.461544 1202.546415
1361.905229 1147.640297
1692.915452 1310.814186
1856.314085 1184.939706
1658.067465 1107.897724
1736.399383 1168.847634
1200.744120 1168.791253
1916.042588 1171.056809
1563.372576 1246.495156
204.024924 1130.914352
222.013648 1246.087911
1646.008296 1153.601457
1122.775888 1227.541602
1824.736021 1207.991684
7.787043 1280.472988
101.481573 1194.489095
19.458297 1166.138429
212.242477 1150.469449
