1000.584214 96.457806
1749.858879 657.475127
882.590171 116.902190
989.519936 603.550514
882.492311 178.950172
925.067159 521.778369
1724.921324 1103.154344
404.413159 15.025415
1669.616375 394.521306
1010.833495 180.883128
1032.913527 83.190871
1008.417117 45.081294
764.780137 16.059752
1779.396120 578.789996
1674.206002 1084.313900
765.272773 1940.664157
985.542343 1993.402905
924.222900 1945.316561
1063.042860 661.333010
1751.278107 1207.485463
1391.215272 313.042346
1101.272574 270.139867
1030.344083 618.729735
852.377183 587.653457
938.881015 113.827886
739.954732 51.553675
847.882544 121.830221
966.519922 126.016587
1703.967931 1291.110190
941.355316 1845.691678
1771.686822 739.163740
786.164642 44.231820
1023.320187 520.345395
1074.995075 298.741325
938.398415 156.392146
1701.233992 1073.631631
1742.014642 757.148498
803.926747 47.838931
995.871017 1937.033865
976.307056 226.347600
466.046813 16.472950
800.186191 137.696658
967.505322 98.985761
1711.382460 1198.081715
1649.348204 1059.273580
1669.799635 1118.078233
904.794133 1969.930860
1783.929654 664.074824
1750.892854 1164.016599
867.563642 1950.747952
1695.856949 1136.109954
1088.568290 313.107803
967.459527 67.851543
872.055017 79.753349
857.114419 93.787152
1681.769998 1175.768209
814.672533 1980.955891
1679.212183 1157.591337
958.576327 572.970194
808.325760 116.239518
938.722440 2.507085
853.263932 1903.498658
1677.064019 1207.933142
899.928700 1919.298998
995.631204 596.160889
883.767986 75.514763
1700.947956 1039.001612
976.932923 34.385713
1726.483114 879.209438
1719.150532 961.573638
916.902657 178.534761
1643.447946 1143.869975
1714.208355 1014.036105
1024.312839 616.959867
794.170259 1947.038486
820.396833 22.526396
1054.611588 214.159522
942.644714 675.780917
1022.580839 1913.695504
352.194990 9.173656
1734.233868 1268.390942
957.710700 1964.428650
1027.701444 692.949270
260.823871 1992.899102
958.969263 1941.149513
841.577372 1985.116638
992.503891 147.387523
921.283310 1951.504040
836.808602 84.879194
943.846010 1972.631006
913.424047 91.679684
1074.741078 734.099695
219.979892 1325.496592
1607.599171 1153.874603
914.318806 11.446619
1043.704196 18.581731
789.759984 4.541247
1065.046119 615.244486
975.533908 1867.931950
1735.154546 1134.920978
1733.543386 1343.879784
958.846883 160.420643
876.764163 64.153022
831.094118 126.159455
1148.547063 287.541194
861.237419 27.475061
946.585989 40.949007
881.330105 107.371990
955.397182 610.867641
923.694261 100.236976
1783.310547 1174.743677
1126.471517 314.288759
1648.754951 1088.595809
971.018393 646.458167
1728.171352 918.951018
1038.350334 138.984025
969.964436 1902.523351
1012.098587 245.927305
1154.252213 219.722391
838.449773 1970.565778
1016.658870 1983.558905
952.341574 58.998833
1065.815520 259.300985
1812.998211 589.752389
882.921021 27.925808
796.950210 80.924605
822.591419 548.432356
925.696354 585.225041
925.610545 139.997508
1089.682431 191.725215
894.135486 118.292410
1742.078385 1035.821711
1039.804402 502.297135
1013.660988 563.956357
901.761935 1981.005761
1766.903410 1326.542713
1723.381698 818.098605
908.815858 12.800482
861.588771 143.053488
1637.471850 375.132516
1700.488870 1258.598678
927.520394 53.791600
949.427013 694.911770
837.487463 1926.432600
1749.477937 794.920863
1722.165118 1229.001422
830.320099 72.914102
974.896700 1997.885578
1592.449266 359.783764
863.664667 554.560642
228.270733 1363.716115
1467.191175 334.681875
865.997667 6.021100
1744.396698 1302.207835
1079.154272 563.003636
1105.891230 280.954116
910.387010 83.083271
927.871133 1904.103520
1655.165757 1123.790027
1652.456543 1186.017704
1699.684454 1344.772231
885.650194 156.416206
946.044959 73.948004
1756.395743 1246.453341
1003.509960 206.575923
1750.050972 841.226940
1003.553228 670.365573
1033.016545 224.945443
1620.984595 1112.278970
825.632002 50.044379
910.000413 553.868225
1041.289204 741.924691
937.095047 24.237899
435.969066 1993.359717
1006.547172 644.059743
308.456751 6.680540
1517.764003 341.658741
1693.175444 1114.482413
777.853329 103.562936
1460.074180 300.079065
1142.516793 253.141582
1803.546479 520.407500
909.203406 29.914504
1779.017179 775.696996
1047.987121 577.720285
873.072369 1930.773094
841.545851 50.766141
1689.177548 1234.235389
1007.152291 19.842112
929.319712 180.418501
1093.735096 225.982300
969.362447 1955.709963
1003.901558 711.447557
1108.825411 259.452958
1788.989484 488.500793
899.228237 1.881293
977.254775 186.821463
1007.740923 1773.020482
1715.102034 1172.747602
935.319874 645.980095
1437.821348 1289.008876
1609.410932 886.062912
1657.964465 821.624943
1652.302199 999.407184
1654.299503 936.495718
1707.201710 568.913236
1697.821634 825.647906
1749.953074 516.525488
1634.243421 738.396491
1577.295429 1179.657937
1607.563367 1030.356024
1730.900903 521.128913
1561.384785 1071.959608
1731.385220 354.009906
1777.976510 564.582900
1763.528220 850.445586
1695.945995 339.092584
1589.223576 1135.842382
1766.715910 632.258404
1842.901932 603.756616
1710.374536 503.451584
1828.034553 537.926509
1637.989418 1210.955601
1687.680572 1003.551328
1630.938853 866.907316
1583.043617 1280.518211
1522.883026 1265.291714
1623.116805 1137.940741
1856.568894 547.168862
1772.840723 772.850406
1674.890296 1097.192196
1706.167573 869.050215
1597.881592 801.978243
1556.927843 1118.838894
1857.064150 443.920219
1700.848897 603.522382
1487.607729 1153.055673
1606.551078 996.638634
1778.631621 488.026648
1703.532238 727.993469
1644.088525 905.749528
1867.450880 508.216775
1764.572325 522.031994
1471.316161 1301.817451
1672.208704 1025.283422
1444.966279 1376.294372
1663.567885 539.835019
1763.948493 385.882971
1775.006113 500.634307
1735.038508 835.591005
1763.290811 956.840184
1609.056514 935.994181
1763.186272 425.173196
1725.378002 410.779003
1791.760121 455.493216
1732.854746 609.490897
1647.019839 315.750251
1715.878755 482.943060
1672.789902 930.557245
1722.640759 1045.645795
1667.042246 714.695887
1651.308260 1056.732166
1407.307580 1410.204768
1599.611228 834.787991
1683.598651 448.307804
1682.063412 297.151487
1581.560652 1016.855435
1811.038323 627.030038
1646.711501 356.803451
1721.371120 426.859074
1726.892881 387.848307
1740.178626 558.673249
1643.313286 937.280390
1732.253164 316.140740
1740.231167 722.385055
1724.268806 479.082951
1708.947595 980.251922
1735.516048 735.427429
1812.178208 420.694091
1588.804199 1054.544812
1712.457439 907.867082
1786.074041 301.552106
1467.352534 1261.536472
1746.393386 654.072218
1707.177150 765.038620
1719.916433 277.284178
1678.156589 897.370780
1590.678803 1319.854802
1544.518816 923.744335
1773.376375 731.500901
1802.593386 920.950577
1792.116378 693.864920
1809.590244 723.699347
1496.528216 1243.077683
1725.472843 936.905437
1419.749644 1320.232647
1728.562710 1005.450758
1512.029070 1366.508666
1504.798623 812.936705
1734.967872 801.030821
1605.889333 1198.108568
1694.918020 803.690400
1622.405253 1173.034805
1797.535222 594.467110
1655.958021 400.037253
1676.453283 786.846449
1691.996339 394.782998
1768.912878 376.899769
1494.642671 1289.807989
1757.172592 596.349677
1733.697688 945.291477
1729.369197 687.840048
1795.030559 544.925279
1735.980565 765.162583
1636.112487 1013.112375
1644.394860 899.029289
1703.459359 665.036992
1689.801518 349.888159
1599.914165 852.442013
1678.679860 1029.069945
1530.767322 1220.993597
1652.757963 442.044886
1765.912256 814.533828
1747.040634 888.170203
1796.061380 354.935477
1799.806845 892.285797
1844.761241 573.703081
1739.934979 451.836840
1823.037762 390.151673
1575.054962 945.845079
1664.303796 502.415212
1513.523946 1172.817702
1631.956131 778.594472
1702.340486 296.660866
1765.455073 278.126760
1716.659440 898.868384
1670.236380 754.112863
1627.064977 447.603564
1442.306429 1411.630586
1528.340932 1093.101976
1700.194339 771.005613
1794.836632 629.520949
1812.527592 506.999546
1696.775533 920.612772
1668.931003 865.333785
1699.703197 838.436770
1755.360295 684.327867
1786.937391 396.447672
1537.728420 1200.166186
1584.037332 1244.152602
1702.416595 713.499608
1763.946773 916.667838
1778.073266 440.517065
1551.311316 1247.493981
1651.554627 1077.370264
1683.382110 395.890391
1663.528063 627.384426
1828.145982 482.346216
1402.414516 1377.868117
1755.201897 361.285563
1498.144471 1203.008179
1766.367379 336.541082
1656.939430 971.643665
1675.955882 470.307697
1616.391524 971.052485
1742.352243 327.246715
1671.369900 860.442538
1665.509142 784.174698
1577.853555 1104.506427
1576.278076 1212.872373
1648.930391 691.692226
1570.039954 795.762364
1735.463923 865.080028
1574.086483 990.056653
1580.362392 1171.747351
1522.425178 1132.224275
1601.345018 769.173560
1690.671252 1065.338200
1611.826598 1095.440792
1758.340702 414.288894
1684.567232 956.195767
1744.795209 478.863580
1569.910240 942.080564
1553.056201 1044.006293
1677.292094 1121.696158
1696.425710 527.332630
1573.143076 886.082712
1672.727105 582.712578
1522.725108 812.496713
1757.444157 444.891521
1448.524812 1341.473064
1840.547654 645.877661
1778.479663 320.389116
1545.503780 1164.819843
1686.711454 441.682707
1784.671456 660.995721
1479.672362 1350.816280
1721.968166 763.553146
1711.591771 638.579592
1639.094763 847.255434
1261.547285 849.365206
1159.767050 868.807015
1195.725941 916.633209
1176.313481 835.548223
1106.969381 953.352919
1360.096470 936.067548
1113.851357 969.236386
1067.381164 723.353962
1151.275572 1004.763879
1179.891288 799.149521
1461.581632 866.542238
1427.006749 838.087302
1336.290621 982.668142
1377.942259 873.250241
1165.607047 827.204574
1391.178755 908.479588
978.126163 961.498839
1262.210623 31.270969
1294.683031 933.988389
1066.787348 887.893074
1296.299574 689.816360
1328.975373 949.101523
1504.801262 792.349729
1291.521357 855.277776
1378.301384 910.958854
1204.575821 782.996563
1436.008876 772.209217
1248.658656 1944.051360
1515.098282 839.788867
1309.428661 1000.113462
1463.348884 798.268407
1166.028562 1027.392816
1480.097057 888.186873
1258.083513 986.338864
1446.477176 928.850978
1038.656360 946.294102
1288.558946 723.809931
1318.965054 866.622272
983.308130 829.996991
1350.973011 902.843877
1486.725067 921.741329
1013.812072 743.159964
1131.658057 631.525474
1079.202782 936.776349
978.373476 885.232303
1318.605017 1868.320999
1218.311683 677.134564
1225.504524 751.122971
938.008811 748.230626
1190.082127 862.645117
1020.812062 872.397288
1183.078643 947.183640
1421.842420 953.853109
1229.815190 1027.344093
1427.899161 904.766938
1183.480118 935.114657
1364.816346 952.704361
1044.864757 800.810548
1314.760457 928.738454
1400.065133 739.354058
1311.375833 954.764772
1138.901647 942.632970
1350.959903 520.211077
1467.161379 924.181604
1152.452481 930.148408
1010.977260 713.628882
1392.219058 903.671779
1186.722208 695.359879
1464.912343 959.621165
1217.685208 844.690488
1222.571178 938.603435
1474.348744 769.751110
1280.883086 1021.829077
1089.142155 834.172721
1115.951122 1041.263819
1107.403554 935.573952
1316.566878 788.879819
1262.869503 1052.589978
1148.872371 869.492466
1094.304142 829.103660
1279.001654 1986.023529
1253.951941 928.040535
1364.545795 1806.627988
1345.172514 775.848128
1220.585574 911.478878
1466.047766 829.318325
1163.953679 784.610558
1242.798119 957.842456
1330.822144 718.913688
1148.826463 955.669546
1240.739376 877.144429
999.465404 809.278062
1138.201280 787.071890
1174.769682 902.738288
1261.016920 745.824410
1265.780246 659.444834
1198.487090 1013.987981
1100.206685 904.437470
1276.683952 627.152485
1283.637024 1933.344299
1340.356545 849.614917
1326.402409 938.394281
1395.164937 832.239544
1463.017058 903.638879
1011.128966 853.805993
1508.597067 950.732116
1166.849131 866.314004
1223.425186 810.763305
1062.028447 906.424667
1157.426850 960.366018
1150.996369 753.764145
1248.905440 938.657705
1254.812215 778.274301
1411.038216 859.771683
1242.524871 906.929424
1097.239651 912.474083
1238.861438 920.113846
975.697958 796.624831
1193.510078 816.764894
1129.375540 681.526827
1086.065109 984.827291
1307.064847 610.109683
966.752619 714.360486
1446.070435 925.745476
1328.984083 547.407684
1390.577028 1775.013179
1424.558675 849.712299
1334.211606 1022.666345
1152.257697 906.884365
1343.721474 610.688694
1302.285575 875.858985
1189.639119 1925.978686
1347.573249 976.393534
1231.838200 707.123746
1123.319343 1008.498635
1113.524732 940.742069
1088.123531 696.688645
1287.486893 924.111121
1365.920683 1012.795111
1268.153449 984.930090
1045.346657 750.995216
1119.026764 717.907397
1148.941847 910.398144
1154.494017 878.767002
1066.464979 862.963395
1181.362494 651.848031
1163.971777 987.261489
1196.571650 1974.547660
1294.171153 15.494333
1095.018460 632.300073
1506.875342 857.836363
1395.577997 984.572501
1234.966596 1995.198832
1397.174590 943.219070
1486.682256 850.827025
1421.067032 895.323448
1153.955857 708.421639
1101.911706 728.344377
1262.107372 965.716033
1177.962668 925.338170
1500.577494 892.818950
1218.396726 1964.948975
1273.724141 962.630002
1099.970854 759.444324
1024.673295 972.329258
1229.530915 19.590469
1025.531237 941.558121
1405.541089 793.019148
1338.620787 870.537262
1314.471740 750.403417
1248.788682 977.361157
1304.719134 909.016058
1124.344284 779.233485
1346.747513 1041.353155
1327.156540 812.798862
962.638737 805.912256
1303.787427 962.337673
1046.660167 1013.251978
1087.152538 871.036179
1295.571605 1049.930277
1259.334500 900.121611
1207.731896 978.457165
1126.634436 985.505158
1009.366868 908.729151
1131.527672 750.789646
1192.562704 977.280764
1093.660310 806.484407
1067.608382 788.635975
1319.841464 848.314358
1196.120270 952.810223
1206.321422 993.609378
1088.233485 1018.825721
1456.663760 995.830923
1041.241645 829.775748
1260.268331 827.482795
1229.300819 966.884488
1034.660694 891.568664
1102.936246 852.184481
967.910218 756.420009
1026.279569 781.271215
1646.925727 336.830982
77.440866 471.519853
180.556389 568.470680
242.836489 606.924038
1202.204947 585.197456
334.095558 659.071095
365.641750 617.635997
999.992313 672.040668
1025.156139 706.869386
1905.777163 492.653339
1295.763538 570.291269
1549.305194 265.683084
731.532162 1650.044262
1268.703066 546.821131
1858.099886 438.612217
42.500365 467.347890
287.892281 527.422483
1829.850682 489.219730
1729.125220 299.728230
179.514636 440.114837
867.867512 644.520530
1866.956093 368.148108
1094.964116 715.100974
46.364649 386.111996
155.288115 538.227591
1243.198430 569.068134
1770.815944 410.183357
782.792456 1694.428382
1847.885971 404.600404
1823.977008 370.986432
84.660217 437.716559
1642.679543 370.967917
968.514439 689.670428
789.101182 1620.537635
1918.773957 470.133371
1136.388711 630.570197
953.278243 715.988725
1840.719535 341.413086
155.217575 448.374734
1704.491229 450.876789
990.863094 716.264451
980.186294 754.314385
128.349391 572.419861
205.517866 423.430947
1681.397887 358.593130
315.459064 505.263065
186.272957 404.846204
771.715215 1667.106765
272.660179 553.077964
121.852544 445.124666
122.746005 399.201047
1742.645089 367.040230
1781.629796 346.653828
295.126745 649.031921
750.266889 1681.253491
1921.439904 400.132193
1627.600719 476.455484
832.539749 1594.112242
178.200865 499.742739
1308.133790 543.341481
255.009870 622.048797
705.837631 1626.962734
930.915548 628.291985
1786.283331 451.736906
245.588667 714.923912
920.734035 757.011585
1950.025077 433.600415
261.685677 432.523686
1154.344117 660.596356
979.390586 643.151493
1811.003503 405.321489
769.288271 1566.988301
1640.085193 445.829605
167.020198 393.488786
40.851653 502.285861
932.332035 669.546265
127.002780 470.934978
1099.043594 651.926156
1997.635971 435.399689
233.713461 455.392433
1018.829451 733.209625
335.909675 699.987515
1359.560003 562.762784
1711.455137 415.409279
1766.724803 307.751359
1224.300663 528.597189
1367.994160 529.039450
69.585405 412.135814
105.868261 549.561597
123.306514 506.167275
774.547377 1646.368270
349.182030 588.497838
143.531235 519.263841
982.731450 810.368967
255.943789 686.299094
1204.811723 619.245037
1252.321461 602.612362
854.922329 1634.434707
283.186508 518.385489
1027.367408 629.869824
275.870866 791.847716
178.884966 473.411566
100.978345 434.632866
227.554562 656.640949
265.370615 569.915806
331.389408 618.223981
988.450490 677.637692
38.582363 358.272966
1831.132592 456.594970
247.734825 388.901487
1878.810530 336.311836
1673.489105 423.421389
917.539906 1620.857923
1619.832392 395.626698
1077.274587 623.142238
1904.435464 428.650654
956.614104 696.226686
916.509735 713.123472
1642.478288 290.932202
1083.151420 683.119848
219.791438 571.066988
325.399560 595.324378
1897.364960 356.156970
1007.156659 704.965402
689.861181 1661.196023
349.717530 668.344788
963.794067 656.888864
1881.982486 401.849560
211.205161 490.001428
1672.266666 392.658258
944.038055 748.376966
802.951932 1577.215645
1008.091917 780.246528
1111.904456 603.745345
997.444189 590.296978
1976.339119 417.598756
212.096845 592.449203
201.430533 624.921390
258.888969 488.246381
90.402435 505.609458
617.133715 654.358267
229.265640 502.587847
102.112841 353.902077
909.283236 688.082423
1155.738713 601.950926
330.899908 544.333889
821.910986 1620.022491
290.601999 615.617110
1943.472985 465.598826
1210.527000 553.609797
1161.034749 699.276528
1316.407728 517.400045
942.565538 785.945630
753.047960 1601.513782
1014.630852 627.430125
1059.422455 627.231489
314.475442 454.616274
1091.663132 1569.703673
1048.287047 748.267970
1172.121630 632.237696
1331.384006 584.131501
100.819229 396.739089
1366.531364 605.937756
1602.848988 326.895419
297.224513 568.521284
1302.924687 606.284204
254.416100 544.063652
314.891537 714.555643
3.864417 377.742235
1926.024203 435.926822
1033.401935 682.165432
220.789571 557.322334
1056.891322 659.938752
1809.298756 368.660515
268.714851 742.078794
243.433045 530.038812
1743.498425 403.069239
1816.889722 435.615057
147.115815 420.360785
1065.906644 713.133446
16.542756 462.356316
1881.680284 454.417720
297.589697 686.312333
1125.626272 659.449267
1984.161869 485.985236
11.423346 415.100480
1724.181742 339.989972
41.142113 430.527843
1078.378565 770.467394
258.223112 630.791837
1344.316842 530.373962
296.289350 664.480496
188.008744 520.790540
1709.298686 380.909430
1688.801551 324.165259
1118.539104 693.444288
714.712839 1596.803999
231.662904 456.569754
1959.618102 387.199910
323.864300 633.327274
