1358.216064 230.399878
1093.129671 1927.181789
1202.016627 141.634281
1259.464061 141.724021
1283.405414 213.406289
1395.790416 65.326774
1332.618530 1954.722794
1335.848734 1870.488737
1380.419254 150.990247
1206.052285 45.176631
1147.359344 98.135606
1334.692707 199.357136
1041.897819 36.381891
1061.345105 1841.730675
1279.209240 1969.147478
1118.886549 1938.137613
1325.910153 1996.781913
1026.971810 1948.199709
1143.313496 212.787583
406.336072 1542.045151
1256.021539 262.121878
1298.663780 239.617844
965.714268 1891.746052
1061.786634 1859.644567
1071.088898 193.565598
1017.701149 67.753934
1277.807899 96.482157
1347.612911 125.904578
1008.211927 1827.320693
993.931851 5.933680
1059.465427 1894.309603
1314.782495 1922.655632
1116.855747 149.274797
1194.928448 133.517319
1122.786546 207.216272
1300.225513 55.318740
1210.887444 1920.812247
1398.779656 74.403740
1238.550158 1979.484182
1299.712520 108.333624
1090.564271 1959.991351
1111.532720 38.404776
1341.501927 47.314146
451.373972 1552.070441
1159.424720 1949.121622
456.923846 1474.590377
1320.185934 53.305070
1125.812711 1903.555689
1304.007440 86.609726
1290.639098 15.131360
1328.525637 1966.910773
1190.074909 220.601144
1268.196363 145.508688
1077.953348 54.579887
1308.323614 25.733382
436.643776 1496.770710
1247.412247 113.334222
526.988932 1526.564780
1120.373746 245.745836
1059.250446 121.658312
1238.789924 1986.785516
966.751298 1900.155423
488.770095 1549.030310
1111.648467 1985.572420
1422.964749 93.948220
1239.197228 63.417227
1157.107555 1984.583079
1225.646989 100.603313
1013.861874 1862.000416
1254.986343 1899.025290
1289.634549 168.084343
512.784240 1531.126646
1345.302025 1940.614414
1327.512978 105.897069
995.524270 14.065962
1204.699075 85.520339
1228.558703 137.048062
1289.747965 487.516100
1300.853787 1997.815635
1244.841183 1952.250388
1403.123257 124.113875
961.950030 129.808307
1316.245171 211.977360
1166.521202 1895.170151
1130.598229 1999.429042
1372.313348 44.325937
1167.966499 250.691097
1268.506782 1966.935568
1328.667636 85.203618
1175.744661 60.476845
1240.076030 174.202040
1170.000163 1855.937580
1201.338562 36.414645
402.239188 1485.346031
1203.095165 1997.250913
1272.103381 68.967318
1244.544482 19.518418
1320.912713 242.682548
1134.188942 1969.891173
1234.952752 94.852469
472.308881 1574.770477
1274.413528 165.176041
1220.067080 163.773070
1153.037954 33.872490
1127.284412 112.967930
1120.983784 68.247704
1082.303634 116.968582
1356.441011 57.280586
1181.641622 1969.697629
1095.723619 170.205688
1462.195807 73.699400
1261.960456 266.947126
1022.112227 1917.047560
1194.655628 1883.437054
1259.058612 1942.429405
1182.645497 78.205809
971.626504 1968.320863
1371.813372 175.034753
1287.231061 132.987615
1419.707454 1948.389085
1251.717802 17.984436
1142.372375 176.579008
1376.255000 104.451599
1222.716880 1861.271666
1166.080059 58.682455
1166.291690 167.617057
1135.412528 1861.714780
1129.346778 1868.049971
1318.894129 136.386486
1105.186629 184.705180
1207.090650 153.811490
1319.278273 1969.202658
1282.929612 77.887119
1126.625599 157.161051
997.936034 125.237852
501.159929 1494.209391
1130.275333 1924.328035
1219.622366 52.769689
1244.171260 153.995491
1095.886628 1852.433721
578.935380 1543.368650
1398.123993 1999.997890
1029.889686 1901.207580
1181.758358 5.691487
1159.919101 1928.620680
413.350120 1517.772736
1252.562473 95.912844
1173.342371 177.259776
1090.896852 1802.744273
1229.437528 250.632560
1220.206738 228.117931
1382.481302 1973.995754
1121.636858 122.037259
1199.345587 100.675281
1154.875128 213.285833
1343.953724 179.414172
1093.261505 11.969699
1171.837528 1992.451564
1352.272873 4.278455
471.476395 1518.190489
520.320369 1558.478248
1132.471446 18.525850
1340.903860 143.074144
1029.329205 141.556927
1176.813008 169.197767
1066.712197 1926.205402
1172.090406 124.314667
1368.542250 202.010548
479.187893 1461.326954
1015.124484 170.750230
1223.621190 192.907142
1150.648720 1805.195754
1181.434675 95.383378
1054.045190 18.729012
1236.878986 210.043369
1191.480696 1941.308216
1165.088572 134.464799
1260.655856 36.742436
1061.507405 147.371339
1247.163827 203.415249
1340.370462 159.254449
1123.249891 1827.692897
1081.320783 139.473651
1149.316765 1906.848265
1160.616036 123.992651
1030.505349 11.498050
976.137056 166.055475
438.686518 1560.087036
1240.172174 84.360596
1058.292910 178.740526
1279.487166 38.233705
1192.231622 17.474415
1275.076375 211.686150
1291.151545 161.957795
1189.724479 1836.716388
1070.973075 90.533350
1041.617715 80.789419
1088.704188 1872.697791
545.209986 1496.331861
1082.631580 1910.857989
53.345267 1854.509257
1673.286033 235.929927
58.106565 83.206471
75.334857 82.144168
1893.440477 1783.375236
1934.840309 79.438554
107.853830 66.609742
1900.169000 194.919503
1584.132026 99.373770
1881.012490 1825.130711
198.012448 108.228627
7.772080 1822.090233
1738.458318 61.366933
1713.256857 244.403494
163.804758 29.188038
103.262236 37.975115
1796.400881 300.270819
1861.640750 1829.749591
1982.432679 113.530608
77.060322 130.149217
1863.772523 108.552991
209.640723 1921.513107
7.402031 1950.016716
184.163129 50.673441
1877.746504 1795.237784
1603.034513 123.454130
1833.590664 1972.847354
1657.276392 61.314526
34.493718 14.342701
1754.871550 208.371278
174.460882 130.766919
78.090643 63.592211
1574.238347 146.252500
1881.033854 1951.549837
1925.338405 18.599095
1829.281661 256.131656
1784.765672 126.469826
385.674852 198.051036
96.360394 1871.645353
1641.031814 204.008848
1688.665216 180.641726
1989.382834 1856.210633
1985.167002 60.729176
69.741658 26.807937
168.676085 97.571337
117.732227 1964.201558
1824.722054 229.511627
1816.559146 75.579021
20.223370 214.736270
249.758261 1919.200931
248.875956 120.972943
1743.856503 126.667956
1752.193078 220.291599
1806.859235 115.529035
1976.156383 88.479642
1979.919431 1999.798742
1678.212112 144.090299
1878.703015 200.735976
5.285880 144.578929
195.480834 75.296321
1572.210895 91.721308
1648.420285 150.394444
33.823112 1894.619036
1682.208184 112.060782
1893.454745 98.407633
1803.812513 170.658056
1706.210349 92.338066
1952.752954 133.602127
1918.259615 54.330690
1814.994879 175.402782
1833.463566 148.743223
1749.128526 257.775901
1732.497155 177.057214
1877.450365 160.337410
196.974430 182.667122
1895.614141 77.069309
159.704673 70.593815
1608.497152 159.622994
1983.200315 1811.033373
1828.240206 1794.173869
192.115039 15.504151
47.052764 74.463044
1858.217216 206.415344
1924.345429 1963.873622
1605.208412 232.446154
1769.135179 171.651828
1869.514597 1748.797517
150.384344 101.919675
1591.989997 198.877389
28.729340 114.073816
206.304596 150.401366
69.669003 1896.512260
1997.087884 1879.028795
1790.507862 41.545103
225.390149 1959.094780
69.693273 1823.514420
111.994148 97.103113
1584.978298 49.374321
1639.465178 136.886603
279.353788 150.237146
1900.004419 1854.440578
44.207358 168.815498
1921.998997 1835.405032
1990.685005 30.158985
1764.452021 150.890527
1675.424932 73.581995
1853.085663 249.564350
1706.401764 204.879156
129.468822 1857.743210
1907.903024 116.057303
1844.273694 1859.761488
84.999327 161.362848
1923.840743 113.988362
0.943140 63.296254
1712.352415 17.187866
109.574681 101.797217
1954.449214 202.842675
1970.892073 1776.663857
1648.008315 120.070591
1928.333398 1795.509334
1919.843800 1754.648321
1905.856924 41.912560
1931.857227 162.202068
133.674792 4.165881
161.037037 165.352371
263.487698 12.441844
87.577655 109.770178
1896.564011 153.922654
1960.165415 49.863225
1689.874434 90.955654
1890.412131 13.229478
1765.605086 10.017775
1719.226303 174.259266
1669.353817 263.922576
1877.996007 148.183317
221.195598 34.046581
1674.899004 10.819915
1813.369493 130.612800
142.145829 1931.474294
1826.837481 39.549986
44.238668 178.866320
169.722921 1976.978205
67.489923 156.168593
231.533519 167.614272
1835.236735 1767.624007
1712.292748 137.690755
7.603254 178.753198
1842.136277 78.314028
1771.349997 68.092779
1907.929852 1826.714589
1644.944485 29.813323
260.076101 1943.241971
1944.435767 1825.948563
1746.765450 41.488254
1796.553031 78.496111
1736.546698 214.371724
1976.263792 244.043183
1862.526915 50.420199
25.946383 95.312885
1947.059180 1996.542642
1779.928658 109.177566
1974.911310 1841.119608
124.801860 169.239950
1780.448362 249.728742
1748.101804 30.759361
1743.349743 128.660341
1759.190089 1960.336649
134.962049 37.152210
1766.002091 179.377080
1823.828544 85.193466
1997.082372 121.521308
1611.740619 131.959935
1772.655991 237.268766
1662.948362 170.503114
1876.102668 1877.069680
1905.848860 1901.296309
1619.450028 47.344107
137.576545 137.089403
9.058301 48.116827
1843.088860 151.360102
134.031149 87.032998
109.165127 136.637350
1743.805264 84.245901
1680.413577 131.993120
1641.617653 78.391500
1966.871388 169.376916
1691.531564 1999.278547
1788.469851 285.644785
1691.091262 41.287156
1787.251899 211.289631
28.116651 1859.454483
1956.040256 35.969959
1787.511397 153.719704
1716.363888 109.427241
1857.658406 286.237334
1946.988326 115.626102
18.044708 97.446743
1698.728007 204.634771
45.676272 1922.106924
1620.087314 98.446560
1324.463078 939.583955
1192.546110 1054.593504
1236.521070 720.637962
1219.216524 973.061420
1210.687457 719.023302
1455.235480 885.131210
1207.479050 1126.555029
1099.355453 971.828321
1229.506390 770.197428
1138.163772 996.576717
1526.459348 857.476864
1539.804550 890.710882
1422.916724 806.421556
1433.036368 637.612263
1099.721228 1006.850782
1416.815024 956.464658
1162.529372 727.505479
1251.976135 975.433447
1365.123005 626.941461
1162.078534 1018.059948
1287.938692 959.770844
1410.788268 603.633653
1482.360205 893.553296
1282.908673 894.917462
1435.029685 727.652560
1231.586813 686.406064
1395.227783 900.714285
1326.073891 1013.970602
1515.139483 823.559475
1392.070284 829.487163
1486.245345 1078.101689
1178.389220 805.979814
1508.342140 751.868211
1334.066512 829.643688
1465.146515 813.139976
1182.080507 690.791699
1252.731045 654.109150
1399.525140 1044.725250
1128.599814 1028.118777
1361.392410 781.172760
1510.214524 787.021162
1027.784722 1024.836352
1108.209771 941.473721
1071.810024 995.185917
1006.317823 1063.119318
1302.822814 890.882454
1287.834946 1013.527812
1241.076115 1041.472548
937.429354 713.831211
1338.491003 619.580566
1168.167451 1016.837111
1233.677010 802.073721
1510.557187 716.531592
1284.654224 688.757975
1398.037860 868.130454
1349.717419 654.255465
1484.674467 856.474281
1070.733025 957.431592
1405.099845 941.136459
1397.543294 759.301562
1305.731273 854.252011
1171.831078 1088.003019
1310.711525 1033.821769
1429.839897 767.603074
1151.516894 832.852033
1033.497443 990.050439
1398.893943 1015.754923
1263.747026 914.568042
1483.565478 806.135200
1316.844750 943.328628
1364.395486 741.810249
1375.970373 868.669458
1432.716112 893.148178
1160.600841 662.380497
1224.697154 679.918779
1216.377141 1015.373659
1368.038935 1034.583025
1286.165188 652.675150
1271.696433 740.330997
1255.521629 1100.125268
1356.670927 894.396733
1339.138663 592.869963
1317.634329 984.547839
1285.441069 743.594657
1211.003735 835.217774
1467.666407 742.832781
1274.539695 1082.363205
1382.660500 665.455343
1437.439978 1055.760741
1285.918560 798.751794
1202.711408 899.943157
1094.133380 1074.097365
1203.536236 711.685053
1270.527780 845.632844
1332.082455 1056.367061
1243.999334 987.734152
1279.534582 1048.626982
1241.035770 1059.760768
1233.575512 1101.622188
1210.136414 934.657564
1390.662816 714.904994
1444.536931 1061.182496
1431.999768 703.287419
1475.326387 777.490223
1091.684963 763.908657
1429.940603 831.747387
1244.421476 1128.652553
1300.624348 940.933460
1180.780368 991.201228
1278.819197 1004.003020
1163.684281 1052.100811
1331.098341 863.724449
1319.603648 978.530758
1363.397859 1089.927280
1360.028197 973.654940
1192.873743 748.468224
1359.973056 997.561469
1059.400161 1047.561614
1197.835530 827.121325
1170.555581 956.525728
1031.736776 944.988936
1315.330569 764.061024
1061.563073 1018.154649
1446.412055 794.454754
1248.820346 1033.862463
1255.196833 831.589638
1465.083710 715.169990
1434.847755 948.691165
1337.784713 684.422374
1301.536860 869.758157
1447.426774 1017.376735
1202.718725 887.327076
1386.710961 925.748919
1257.026629 937.550615
1298.399310 695.502276
1290.716453 962.504427
1125.180410 1059.160569
1327.835001 931.336378
1488.997103 957.870638
1310.637575 1085.608778
1059.786834 1081.306350
1132.109822 961.827395
1210.930968 634.293786
1164.013622 771.453257
1123.474332 657.432910
1152.037811 879.202825
1253.082567 809.884612
1153.160934 913.854198
1228.805577 917.496746
1049.507257 978.416681
1349.802509 777.595301
1463.802592 925.825910
1234.315589 910.629000
1263.210829 879.724916
1420.368108 667.824741
1364.746949 880.378232
1226.567414 757.301244
1189.975903 661.387107
1359.858276 938.816144
1144.828471 796.166270
1415.160797 854.790886
1283.590967 926.436874
1445.520181 973.671045
1128.575646 761.032943
1146.810236 690.723088
1355.177005 1003.505196
1133.888077 1094.425643
1453.592128 880.981926
1396.913134 795.591741
1418.819446 1007.694192
1336.394222 793.361046
1420.884050 909.840102
1194.721665 990.376352
1474.253857 996.826741
1335.096158 860.879983
999.797095 1005.524231
1329.642658 755.766370
1196.137104 783.056230
1205.169833 1026.790412
1374.280530 922.276571
1335.297723 910.243125
1268.737748 775.999675
1163.587119 950.256294
968.203178 1077.717941
1102.520628 912.367167
1250.774545 737.650593
1172.731521 625.784510
1120.290634 994.737119
1304.718915 1007.542865
1179.444411 867.387759
1334.193522 738.906610
1283.904952 726.147787
1458.930179 683.126564
1129.030659 726.699385
1341.962945 937.207168
1359.403984 709.576771
1094.529876 726.157789
1184.158412 919.117311
918.180659 1095.787001
1093.021956 1038.352788
122.248228 130.487980
517.056894 223.377184
514.814018 1900.943638
561.268379 1813.624094
1957.512040 432.242998
536.373586 1879.827002
610.231598 1785.390790
1877.927990 564.812089
1910.164765 616.004567
446.066746 99.934666
1928.017868 385.169808
93.685429 220.727943
1031.233509 1714.903604
1074.589494 780.924130
373.714595 108.988901
425.409607 1935.745056
505.229277 1848.242191
344.301440 127.803578
96.626153 99.706420
496.531720 134.291860
1883.259316 757.539406
407.296629 81.404927
1986.100459 535.426726
549.425692 106.423708
509.723870 1946.450309
804.827004 717.698042
235.621867 100.554120
1023.920580 1807.619223
292.771947 28.703884
318.413003 113.489063
465.039413 1766.107750
119.137456 250.866693
1846.597910 643.302776
1894.336782 865.252984
498.065646 180.483772
1939.655602 490.938413
1062.914175 1733.290443
292.071313 1911.648529
567.198817 1926.374319
73.363288 193.575460
1187.772585 1760.956558
1068.566470 1818.670237
524.929142 1842.935875
590.276586 197.783052
67.463867 151.904093
522.623794 1734.958012
525.013272 1868.618497
1884.597422 907.648361
512.010360 1803.094065
529.017956 1937.792056
420.398875 1766.962046
206.913864 81.311802
290.291440 1946.469938
622.451618 72.832227
1026.226703 1760.424022
461.884731 63.216079
78.669672 249.819326
1850.290655 799.224772
494.473363 1705.635924
20.106722 348.920355
569.875125 105.998742
1006.986562 1728.252156
1124.189967 1777.071675
265.495878 53.119315
571.871196 1789.636759
1099.975409 1797.794532
514.263162 49.125866
606.902074 112.075540
1873.748208 452.799824
1880.570757 634.398499
169.014532 56.824476
1871.701012 834.429177
40.947362 176.178381
560.141000 1758.462606
519.266355 154.937780
1920.547055 790.211519
475.388933 1804.179842
1908.561145 470.527905
472.746632 156.019605
487.894390 1830.122500
1914.499154 652.537169
596.004498 1756.552589
44.681500 347.957582
191.902236 117.624714
171.113270 175.588434
1989.571232 414.998272
97.672746 321.955917
441.883695 1829.468365
512.922283 89.508138
476.975378 7.883338
1862.350229 880.277410
664.255234 23.572913
434.049901 1890.885315
1061.376669 1690.491415
678.394975 57.586062
1919.842057 466.131185
1975.954630 360.117294
1907.007050 828.922377
692.777856 195.355060
1128.171532 1805.403500
483.574721 1800.659284
539.923801 177.213495
545.508830 68.227984
676.996621 93.726492
448.789448 135.595837
663.334020 120.904969
1901.416732 687.987904
371.493816 1865.532311
286.746798 1877.062776
433.578459 24.659212
363.066049 75.673115
86.162204 286.502473
1120.780018 1740.168515
42.615319 212.638939
1906.587369 501.141958
393.789032 1893.217066
1163.626174 1742.950532
1886.714758 800.518933
1997.566520 163.718019
1872.893065 502.720795
532.473400 1817.517133
692.906304 159.962894
391.422288 147.593355
1170.266529 1698.928645
984.016636 1782.614238
594.202846 1816.421411
1875.662066 711.619575
392.150540 50.166078
574.169217 89.457762
154.492817 143.893546
1084.622695 1713.995057
1087.598736 1757.253594
1154.407301 1772.367820
1886.944242 414.320600
1847.038619 607.656612
492.546434 35.107476
586.246984 150.030890
506.304887 1990.202310
662.461625 216.035436
585.105050 166.175004
468.708488 1745.182246
471.853510 1856.239848
474.307212 175.354171
1126.778886 1737.216540
1854.096597 400.367650
694.399533 126.808939
1049.862217 1782.571485
530.179376 1993.074980
436.700642 100.438665
1964.270485 403.954577
1972.154415 505.234381
14.940084 312.630045
1178.335454 1732.243328
1866.196270 937.429139
1940.608246 596.931251
1879.601123 600.134550
611.137450 78.618200
1946.654434 543.188234
1969.439902 569.919202
1927.889808 418.220985
26.161327 403.065890
589.942322 108.709471
12.928531 371.768298
135.189426 219.523112
634.039521 127.475977
1104.790287 763.574078
555.520361 153.873485
558.674630 88.435780
401.389076 114.639512
477.849899 94.776441
1908.274989 536.397252
518.492387 1786.357191
1908.889431 580.994966
258.854191 1930.568690
564.987118 36.884404
619.110129 156.151114
294.317227 77.713118
347.227329 83.582855
560.047211 216.227688
1936.289447 517.433966
509.003878 125.041255
431.265746 67.595320
587.710870 1849.710467
1959.186562 473.998817
429.185713 134.917452
478.183322 211.725165
154.959383 111.152107
324.035606 55.668957
1873.473280 539.044817
647.108148 56.035927
54.746524 310.028913
637.987272 12.657895
634.881476 81.436462
134.250423 185.132554
1720.207815 1134.383314
717.504375 820.851024
958.963412 1758.035879
540.284767 1825.723228
358.104860 34.807894
596.654222 1839.429847
