1081.136695 430.472986
1742.580987 1008.859861
1003.988151 440.140538
1219.962909 858.987333
1052.016981 476.963451
1154.106564 787.575113
1815.950957 1436.808168
659.097892 216.235863
1503.121309 674.004329
1288.137060 389.657164
1086.891325 416.092305
1119.248675 362.400338
732.395378 352.579012
1757.041375 929.479327
1729.128931 1422.346639
751.370538 277.586041
996.294588 313.622035
878.229085 265.675384
1269.743959 922.812359
1765.936916 1543.150777
1394.146880 602.156305
1362.494894 479.658948
1203.752893 909.054578
1104.297081 831.632906
1031.133483 444.359120
746.856606 389.772123
948.642040 449.987577
986.772719 456.179899
1713.787760 1628.862623
806.808079 130.679837
1772.602095 1090.548867
878.132288 370.015657
1195.980141 814.593127
1306.075448 519.767563
1137.686422 427.661250
1760.694896 1409.682077
1742.327931 1108.483640
801.314817 376.306131
921.132002 254.793519
1239.976972 438.156392
696.964147 240.118737
860.164988 470.322738
1037.127579 438.026670
1718.459705 1540.578618
1699.652244 1391.776547
1727.711339 1456.744251
909.976262 306.663743
1777.614582 1015.526721
1801.365038 1486.333631
818.813024 267.558643
1746.709077 1478.339783
1345.005227 521.290516
1051.638198 387.972578
1007.955123 392.351700
932.291122 427.116159
1684.303584 1510.444871
852.437662 289.668910
1690.728492 1495.006200
1181.287191 843.075654
908.729760 445.102877
920.572688 325.246408
801.347937 204.462734
1681.830080 1548.776263
868.546957 230.218165
1220.482248 858.773178
889.930721 409.458404
1733.919410 1384.338070
1064.746382 357.016286
1744.753317 1229.533650
1742.860485 1312.445511
1079.804055 485.065679
1706.728016 1482.800803
1753.014062 1347.808323
1245.343903 887.561447
730.781857 244.671988
851.325233 364.198263
1308.256404 431.681317
1141.458887 948.907205
983.707647 256.027796
625.274584 194.590628
1767.366691 1608.436640
966.465034 265.944999
1247.474250 944.890394
565.138767 102.514742
775.892406 152.050806
864.348019 326.084213
1091.587175 453.808786
829.943128 243.786150
959.100872 406.732388
959.570172 311.164380
1002.482350 419.942528
1295.599163 1006.960242
295.065580 1669.395031
1638.714799 1486.559382
951.521119 336.973623
1142.593473 327.902142
821.338934 344.114924
1271.991700 889.840589
834.432148 159.828498
1771.089365 1478.476258
1683.041145 1691.474144
1153.694746 422.702582
1030.526381 369.350725
896.137992 461.392519
1397.832696 508.256608
915.657546 359.836201
970.161661 363.688687
808.238802 371.303055
1185.112285 865.642957
1050.081592 416.182364
1778.881529 1514.501058
1353.644452 540.752638
1678.556054 1418.318437
1215.898786 891.982622
1751.398854 1269.566644
1191.196498 408.446302
846.143634 194.590417
1278.449615 449.401651
1435.192797 418.091760
777.525430 268.956135
1048.765397 318.200671
1001.247181 392.781240
1337.551933 457.957095
1790.135202 940.412679
1041.458655 293.021511
835.846487 408.969653
1081.855281 786.131306
1144.492415 856.097745
1060.687216 450.904712
1358.782515 386.373531
997.560022 419.241170
1774.290174 1379.618259
1210.059454 776.159634
1231.204814 827.734762
884.665443 303.560540
1710.097054 1669.430669
1730.931310 1168.343704
899.281093 341.885066
976.012872 465.271279
1472.236834 664.677313
1723.460764 1601.635859
1033.121978 335.614659
1179.335838 947.046283
761.009288 226.462464
1758.437889 1144.758377
1742.677570 1573.019929
916.377508 374.103115
1026.608797 327.899742
1442.426924 643.230664
1115.847096 798.213880
303.412000 1707.602418
1417.622525 631.840623
863.253785 337.768130
1743.855306 1641.215447
1286.768720 836.832990
1406.656026 444.755417
965.658249 415.987689
899.601835 225.214977
1747.703588 1455.319262
1642.016141 1526.783739
1648.954072 1692.390312
1023.253806 471.760206
1078.730026 383.332075
1786.807673 1577.770562
1272.598231 422.419672
1755.823362 1192.296376
1238.042537 917.512359
1327.241389 402.765825
1688.120274 1451.707527
930.153027 380.382090
1139.442096 819.433278
1261.381771 1015.403088
997.137261 350.634999
700.853925 135.681569
1207.299811 927.251798
593.763749 179.437548
1453.663271 639.983499
1785.636428 1449.039816
859.841603 436.766653
1458.591644 605.358005
1421.681342 457.060797
1761.391289 867.134625
965.331013 363.698870
1789.763796 1125.362131
1254.697167 853.228727
789.841674 240.150250
846.761957 387.308090
1707.653558 1569.290519
1082.934586 333.567396
1112.099810 454.034071
1373.291986 423.570987
1056.608593 261.795975
1220.299281 963.894265
1402.012657 387.937951
1740.710678 832.947393
798.887698 296.426569
1231.733118 402.167918
776.719621 31.119448
1733.417853 1510.324730
1171.623449 897.795091
1552.376166 965.111089
1766.312520 579.886909
1807.463752 511.224281
1772.421170 686.740319
1763.720360 613.137831
1756.509956 225.693248
1857.687720 524.949610
1777.064956 188.618672
1760.987935 427.020413
1668.769602 842.006383
1701.786532 702.107256
1889.509901 220.530790
1635.736166 754.815922
1668.193890 44.533811
1839.619331 227.349657
1979.919908 581.632429
1796.859327 30.399130
1677.528950 810.813612
1799.547779 295.970548
1883.359655 271.458683
1742.635213 180.123747
1911.997536 206.218886
1729.431201 873.879900
1797.703017 674.047516
1802.966748 575.240511
1651.467316 937.960844
1608.117437 929.053776
1727.663843 809.259797
1943.611040 230.489790
1869.106012 445.791425
1750.697831 762.177566
1860.556890 557.973046
1775.240730 509.327688
1689.762258 798.530376
1927.505682 115.325407
1751.435867 262.917434
1577.318863 816.785652
1707.723963 668.586442
1838.250222 144.873883
1774.434314 396.346054
1714.298242 578.269113
1929.856731 178.670149
1875.651742 209.172046
1604.483930 984.943797
1782.087973 707.141310
1569.573369 1048.161088
1711.810929 206.211239
1821.689289 59.917238
1819.218349 179.567367
1947.655879 564.081465
1921.113522 648.795040
1719.463352 607.968530
1864.839179 98.430415
1733.980002 83.406654
1866.995506 136.921021
1804.412071 272.052637
1741.570799 7.485228
1859.199736 173.588348
1799.967178 607.531328
1814.745464 717.460685
1728.556895 392.233900
1727.759093 725.540718
1538.273513 1086.286121
1700.991330 519.308243
1766.999302 122.199477
1690.392984 1968.237226
1638.623321 682.973830
1838.790303 288.822914
1814.315447 62.057780
1775.851634 98.206329
1804.280834 64.203132
1803.839985 218.026775
1753.298488 620.690109
1801.292862 1993.246626
1832.249437 393.979597
1801.387113 150.103700
1820.634945 649.230271
1812.371288 414.272450
1884.737713 89.394319
1659.733214 722.532033
1872.930195 603.213944
1860.357716 6.726920
1545.069436 926.101256
1810.631086 315.764465
1824.662308 446.256672
1807.145893 1952.971104
1825.253676 583.382695
1637.329340 974.814799
1644.634685 603.358087
1867.050405 401.610472
1932.603942 609.313779
1853.103039 361.700434
1901.395869 400.881738
1577.285010 905.299227
1877.030439 629.594342
1521.243555 995.064519
1840.396713 675.299824
1619.193004 1034.366773
1655.526334 536.037594
1859.453221 479.725456
1699.246686 860.711933
1899.885688 543.945067
1711.120410 838.899750
1851.130311 254.087467
1691.500892 85.263867
1829.237352 485.651251
1706.500802 65.208523
1771.274855 39.176171
1585.452171 955.803620
1785.515916 253.980464
1829.857430 625.050826
1785.957495 348.876255
1839.090642 207.097882
1892.958912 475.959157
1749.224478 689.364203
1795.824695 586.258672
1739.454237 330.089312
1906.343321 148.116211
1775.468038 557.470500
1778.986744 725.865265
1605.267302 883.028225
1732.317527 120.253746
1887.735550 507.930241
1887.545856 570.187041
1856.874440 21.539020
1967.648329 617.751610
1896.739052 242.208164
1832.420082 131.024312
1884.637980 52.287984
1722.934913 639.445554
1696.678834 189.026608
1605.945346 836.653197
1796.157279 480.204602
1763.574049 1966.961111
1849.993219 1961.334644
1836.400548 583.907077
1790.933263 436.214507
1671.648804 121.294858
1573.525047 1087.930771
1663.272793 778.011447
1812.070120 481.326338
1846.647702 291.940051
1895.362857 184.201638
1876.145994 659.104010
1802.727945 546.111014
1791.580516 513.418208
1819.492157 351.039688
1854.488805 58.094242
1633.353671 864.600913
1669.550937 912.044943
1804.932293 384.378583
1908.540919 606.261243
1881.339821 116.932164
1635.912578 907.411650
1683.324065 748.694279
1753.265154 59.211740
1729.348087 297.247026
1884.505263 155.622673
1535.459049 1053.095718
1860.914900 37.342596
1576.338663 864.476425
1811.888607 9.678316
1776.450431 648.107530
1726.629078 149.923129
1742.188468 656.267504
1824.221755 15.074676
1829.325761 551.589900
1851.521490 522.963981
1701.932964 777.131461
1667.057016 876.527937
1757.021941 366.552040
1729.841436 501.237139
1822.437160 531.602221
1671.178359 666.847634
1677.270751 836.356550
1620.129999 803.841424
1758.840295 471.351644
1803.051218 752.820152
1716.316871 761.047104
1837.993454 88.954961
1792.272976 628.374104
1858.424361 177.909067
1685.957134 616.295837
1607.174415 709.058614
1752.204062 798.261356
1771.724985 201.812943
1672.526205 568.816415
1722.548767 243.743191
1742.234727 549.804757
1799.900908 126.431296
1554.181304 1008.018869
1877.330528 308.426370
1865.554832 1989.920008
1637.305798 827.940694
1801.588894 134.886927
1839.418964 325.298909
1587.938578 1018.424273
1831.513376 442.072192
1767.794664 296.379723
1784.932251 544.599371
1555.611635 1028.546857
1390.841834 1097.927765
1516.931890 1022.165024
1441.769452 1054.359305
1347.138604 1138.318210
1687.866437 990.348009
1372.330466 1174.845492
1251.692004 982.656610
1398.236478 1247.784040
1502.450868 915.981804
1761.719786 860.559843
1726.764420 952.808676
1669.519325 1034.473723
1680.483843 928.618016
1391.822631 1058.400141
1711.447501 960.094286
1257.601310 1135.542287
1053.575886 298.094511
1566.832070 1083.481358
1318.802588 1067.388916
1553.170123 922.334470
1663.487495 1000.810508
1841.286725 783.930528
1525.763365 1030.439417
1692.023807 980.051921
1478.206509 975.030577
1766.428771 816.991734
1107.199118 252.884033
1857.605685 838.831656
1631.480241 1103.082660
1796.029032 849.265969
1432.137767 1237.493027
1809.344634 872.894673
1556.383760 1143.582460
1789.952090 959.177282
1313.724260 1116.713295
1545.520878 956.731559
1601.770890 1023.991976
1216.861696 1067.537847
1638.665289 1008.106559
1831.445809 878.625231
1220.647611 1003.706706
1340.353371 901.818628
1347.188988 1088.511355
1168.069931 1124.557560
1147.189912 174.602900
1430.982173 933.028056
1495.722993 954.057686
1154.087758 975.134866
1484.281857 1029.634532
1317.799994 1029.700710
1456.892707 1136.736217
1759.065571 995.189914
1491.080809 1209.362140
1741.860496 945.937918
1479.021553 1091.595780
1696.852682 995.554495
1331.384518 983.912137
1613.678458 1015.806540
1699.788232 881.757175
1618.106801 1035.963783
1378.548422 1145.346895
1508.816215 823.370310
1764.446244 943.839718
1447.570167 1101.457176
1262.031448 944.229327
1691.969463 912.580651
1433.947679 906.658163
1804.666563 929.750141
1514.497811 1022.248293
1502.607886 1106.803746
1810.192302 811.179653
1615.092788 1047.211910
1373.355953 1023.945521
1353.333109 1289.110357
1393.904863 1093.342358
1567.860983 986.896683
1569.048985 1165.185427
1382.719589 1049.659184
1371.276966 1023.666862
1171.600782 304.177208
1505.563188 1108.633084
1191.887767 112.089241
1678.979976 843.623628
1461.116913 1134.581502
1771.068037 962.605225
1424.541393 1001.240005
1527.278927 1117.610296
1605.996938 925.004836
1425.343116 1123.443636
1477.817167 1088.129030
1243.426997 1042.695375
1388.909172 990.256250
1468.866568 1063.418259
1527.698937 952.376662
1458.311542 942.911369
1475.792620 1204.079110
1415.873947 1033.752248
1481.573560 897.655413
1154.309750 229.362848
1670.657031 912.577480
1652.062803 959.478076
1618.806063 1086.398811
1795.241330 911.163859
1198.534889 1100.599666
1856.491944 917.330320
1458.969591 1037.512455
1517.620448 983.495965
1287.972778 1079.481437
1412.352061 1161.077582
1382.534329 999.122588
1576.581315 1006.103406
1523.832908 987.206031
1723.030905 836.951029
1543.048383 1060.980100
1356.520363 1097.067793
1535.148361 1056.976875
1198.645130 1028.788660
1486.007807 999.048204
1357.961947 933.700921
1352.913970 1166.233041
1511.834740 881.371330
1195.456359 952.263443
1748.294439 857.321455
1482.689135 853.405534
1213.025491 78.453623
1732.933430 985.270077
1656.281768 1078.826507
1452.434171 1062.286280
1550.732702 885.987711
1620.175052 936.484472
1069.083666 232.382125
1673.661218 1018.792877
1435.905931 967.779058
1398.254037 1198.695604
1406.827767 1096.786622
1299.295288 933.687639
1553.947494 1116.117436
1705.454047 1030.910038
1528.217634 1155.865436
1288.519975 964.568573
1339.561377 976.473107
1416.162420 1122.998902
1327.438776 1108.017892
1215.479171 1139.854001
1407.745477 870.466053
1449.164014 1177.119118
993.756510 251.427759
1122.841319 306.288539
1307.289322 890.066567
1848.051073 816.826981
1726.460652 1025.860480
1097.408633 303.960466
1692.045456 953.096291
1795.627460 785.334431
1745.077505 911.832571
1391.153288 936.763567
1326.860919 933.381180
1588.082976 994.192585
1392.789597 1165.613105
1845.656939 883.326241
1080.446142 270.734879
1576.181405 1115.317163
1297.854626 1011.808214
1291.204198 1144.335752
1031.615429 290.158319
1337.483666 1073.117482
1710.172879 870.685665
1662.693566 959.023960
1589.381124 957.184689
1502.503156 1186.873654
1641.213525 970.021311
1400.946958 953.024870
1687.801682 1061.202022
1657.835451 880.946240
1169.730934 1053.723666
1595.654690 1092.316654
1319.756866 1211.017048
1265.733996 1102.882554
1613.094661 1124.013780
1539.267442 1085.482853
1380.669089 1269.300816
1360.338574 1219.267858
1153.614359 1205.421022
1376.358311 958.540110
1437.602155 1214.515558
1256.982252 1068.649074
1320.281833 1004.505180
1571.590011 1048.500313
1504.027870 1073.072158
1494.977809 1117.218142
1332.086325 1236.576451
1802.838004 986.767228
1308.005549 1041.089432
1522.325063 1034.096459
1534.743868 1122.737760
1191.261348 1171.668666
1359.243012 1058.032368
1157.296173 1009.944061
1266.965441 1017.366084
1974.842641 451.982265
378.333115 644.165444
453.058799 759.558429
529.689831 765.933453
1549.220363 536.080809
628.799650 819.135507
663.762615 752.056388
1326.698833 584.780701
1362.728961 634.112165
222.192520 612.146609
1643.016082 529.471524
1866.828903 410.533017
1069.782838 1565.630034
1610.668018 519.810891
178.681498 542.881727
346.558456 626.781020
607.616671 660.890371
156.873261 565.587199
45.434671 428.692278
465.502960 639.867936
1202.849836 569.602897
188.880944 483.270561
1432.300533 669.438879
366.428206 516.553258
437.132097 738.137303
1590.709289 538.386614
90.779038 518.916552
1113.219795 1630.557952
185.733422 454.183321
162.545319 442.749906
384.202731 612.742044
1969.152503 490.119516
1302.225655 608.357737
1115.405836 1553.775626
239.498968 592.545562
1472.389850 575.567332
1295.161475 671.902428
176.064919 411.233290
476.524834 581.161158
40.677184 535.044784
1331.691276 664.144330
1315.582564 691.451989
411.882848 764.645428
491.232559 615.301963
1993.782194 468.105057
627.449047 649.023596
484.883359 551.694288
1102.752799 1591.575127
571.443519 722.483602
412.532808 592.042236
439.298681 515.170964
71.072530 469.455443
91.978705 483.581429
569.003205 792.951945
1069.461201 1601.641125
248.812017 480.800523
1957.081187 549.145673
1173.616241 1535.336071
467.819717 691.364861
1651.412230 501.833906
555.874906 736.903570
1043.336852 1546.458508
1264.899244 561.108521
116.353368 540.963343
553.427035 755.590387
1250.893224 688.267495
280.173794 546.458943
562.930991 579.185728
1495.576652 601.882396
1311.970981 555.971477
151.903855 469.589194
1101.193537 1494.320227
1971.953247 516.991940
445.932957 558.014237
347.307904 661.482728
1270.223500 598.550384
427.892539 631.246614
1440.778214 614.119386
320.928325 563.623867
539.337859 616.671054
1354.564431 699.030936
639.258138 848.723228
1708.189542 542.052324
43.952501 497.209820
83.439467 437.364568
1572.111612 505.326453
1714.511014 507.266877
389.262658 543.417786
414.185675 701.260357
433.900803 664.962916
1089.972771 1529.044762
644.819524 754.459818
439.740504 642.913835
1314.157885 727.920194
582.611196 780.063882
1551.766299 570.449185
1598.495086 569.266955
1189.126346 1565.455897
575.161789 696.435260
1358.210461 554.997540
579.298380 916.284164
464.321829 673.462377
394.670332 614.199923
545.152099 634.385031
510.229113 797.514501
613.264073 774.809020
1325.461254 622.119263
359.428329 479.148453
167.088798 495.641526
533.888726 586.333462
198.479073 414.912380
1988.618438 536.563988
1251.097276 1508.419142
1936.054958 523.931152
1417.934222 584.098574
238.892606 515.765204
1300.017435 635.456723
1249.813127 624.242785
1956.052166 427.629545
1422.529597 635.617460
532.564342 702.035121
643.644065 716.435138
213.379537 456.671569
1340.936477 663.296840
1030.049778 1582.849632
662.565435 790.961681
1296.874508 575.278740
213.112604 491.732369
508.443531 654.723188
1987.851318 503.264614
1265.068740 653.504223
1128.273016 1519.427925
1335.697106 724.089500
1455.127709 545.962221
1332.712911 529.356793
304.223644 519.954846
489.014667 779.055601
465.985910 808.211067
570.276065 620.379965
393.768756 670.221621
886.220366 881.286394
509.531153 690.983706
401.781890 517.533124
1234.795701 586.656596
1503.579912 552.642488
648.303827 665.780075
1135.098006 1554.733052
613.132146 680.229361
272.569599 580.350711
1535.653783 510.822732
1498.678656 636.953546
1657.943585 461.890372
1277.746469 703.652179
1070.360763 1514.043125
1346.986539 569.130673
1376.707406 535.636316
595.489276 630.916337
1423.619299 1452.617795
1379.904041 683.641456
1519.221869 583.509022
1670.242923 543.508515
397.693286 575.337696
1698.676031 579.986569
1925.915953 458.053236
603.657574 704.624363
1649.790284 568.176971
529.320501 736.437801
604.627385 874.312138
325.429964 491.004058
245.633810 550.951707
1365.252414 595.950301
507.862791 737.645056
1390.441243 563.732390
143.578399 399.149194
607.373367 725.462980
549.193604 667.405076
66.282148 504.929958
147.087720 526.848706
446.240974 594.646989
1396.937694 607.774143
337.767981 585.812176
213.478431 539.095042
591.854979 822.155120
1466.834393 592.652165
308.947829 605.146026
336.650264 531.621438
42.585676 463.463520
363.747443 559.666768
1400.398955 650.500274
575.329972 750.751856
1693.167963 512.185438
625.992158 699.331629
476.666934 708.790197
12.261690 515.093453
1995.955197 428.674097
1459.176705 622.977451
1033.164642 1492.515183
502.911648 659.235001
280.539268 495.202798
628.744144 782.505024
