1017.565868 209.613639
1744.811452 773.143968
913.783190 227.745028
1057.172443 695.221193
915.630141 288.855435
1005.644644 604.601056
1753.765905 1213.759152
518.692178 29.028163
1658.408635 507.564246
1104.077040 246.804786
1057.469953 192.213769
1026.594988 156.918558
774.431991 127.683986
1767.098384 693.971685
1717.494544 1189.561192
724.127633 48.017384
969.175142 101.920992
875.943158 48.521396
1132.650717 743.971469
1763.910562 1317.528703
1463.453775 399.841321
1195.282797 336.821692
1092.805083 715.196999
942.039150 661.021195
953.656053 227.484618
756.420426 164.300887
871.994909 233.007043
979.117571 236.434526
1677.403320 1399.867932
875.245847 1940.326170
1770.220164 854.969172
814.865484 148.832819
1086.284155 608.497214
1170.467939 362.969493
995.360806 255.457207
1752.040451 1176.139820
1740.000208 872.903749
805.796491 158.903417
933.335071 25.928216
1051.482371 302.095696
577.681126 37.646249
807.508499 251.911163
982.110074 212.835379
1719.128250 1312.232480
1692.005896 1157.603110
1674.439532 1231.966109
886.284262 79.938963
1779.221339 779.813406
1817.527805 1256.305068
807.285066 39.707392
1709.270227 1250.089033
1186.766745 371.204795
988.845598 177.261430
908.301443 187.824322
869.340164 207.579945
1678.903546 1286.183346
769.445437 74.164244
1688.828347 1272.818767
1037.923606 656.913723
840.201179 225.138309
883.514996 101.437487
772.835734 1976.557662
1685.503362 1322.116681
827.128753 7.682041
1059.887579 691.176956
865.544702 188.649842
1732.167114 1149.965638
982.362206 144.866964
1744.415680 993.727833
1730.707577 1076.947948
955.011695 287.157410
1657.328609 1257.483410
1761.515160 1113.503524
1096.208812 707.097076
719.706342 35.389140
827.187042 132.659781
1108.355022 309.686489
1015.106027 760.285538
990.360100 22.309086
466.909504 22.578408
1742.277012 1380.159999
901.148627 65.281259
1091.976004 781.019936
376.702915 1987.606447
851.564175 1973.552704
834.569383 98.863202
984.751933 260.403217
839.933494 28.049576
863.853143 194.586718
920.410908 82.903355
935.037938 203.824671
1147.833421 823.703718
244.703876 1438.831160
1623.739030 1265.073649
923.320630 115.046019
1037.875348 131.660937
799.462323 116.337539
1130.851534 709.472384
903.798729 1958.779588
1745.699968 1248.638940
1719.652880 1458.614266
985.836514 266.756135
946.927336 153.780098
839.458821 240.036084
1242.341854 347.343581
864.773074 135.130734
927.642343 149.354365
903.689264 218.370117
1018.876004 703.418198
944.667906 213.111036
1785.245951 1285.774080
1222.043256 374.974540
1675.113178 1200.503306
1042.896588 735.402451
1743.542462 1033.832183
1028.992010 248.972125
919.021947 2.256976
1083.238455 329.620715
1256.134584 272.948002
757.798573 37.909398
1002.253931 96.468167
957.641693 173.131455
1152.918903 332.177238
1800.796590 704.931689
871.119701 137.151882
769.605142 191.469295
910.519017 623.984806
1005.542646 668.965227
950.096916 247.708759
1174.055906 265.629191
905.865465 230.106392
1771.710111 1146.208039
1133.302560 553.313889
1070.175029 662.146222
856.497362 76.550709
1751.608857 1440.175977
1732.738960 933.257354
863.218449 117.436152
879.856664 256.241286
1620.559845 485.970158
1710.649018 1372.836370
889.617302 160.716167
1037.577632 763.695801
765.962971 16.853632
1747.271760 910.641288
1734.940827 1343.517831
836.812121 185.416538
975.742703 105.629973
1591.558971 465.767131
953.430322 627.770893
253.033196 1477.042283
1520.318398 434.836826
842.577464 110.510671
1716.367533 1410.560617
1131.678309 662.087122
1212.553198 323.146393
902.727559 195.534145
870.045530 1998.117364
1684.017799 1235.096335
1651.474729 1297.389114
1684.769014 1459.406553
914.207964 267.451834
969.015315 181.186551
1779.918027 1357.284329
1087.932564 279.177082
1759.505916 956.539320
1099.786575 731.352988
1132.965359 271.654193
1647.137206 1224.324278
862.163255 157.720761
990.412758 636.880727
1113.445554 832.284155
952.363408 136.243194
551.694351 1985.381093
1061.777625 744.947774
423.440278 18.960661
1564.029138 446.025816
1718.891530 1226.290325
809.244371 212.080723
1515.386494 399.425605
1242.954871 308.915576
1775.617218 632.937556
901.814049 141.623039
1776.021690 891.376585
1099.785826 677.969991
801.126089 18.981652
855.279297 161.635023
1696.528585 1340.673914
983.998464 132.498556
954.775613 292.355228
1178.057116 302.600723
950.291654 63.702861
1079.066352 791.834488
1218.661815 260.649723
1758.763804 600.474576
833.078649 89.074620
1042.334070 268.068490
946.414367 1870.455461
1735.919944 1278.561480
1007.455277 733.794034
1486.912811 1184.266610
1665.610221 786.934589
1713.869372 722.654020
1694.765165 891.985426
1694.477648 829.264952
1734.124871 456.899630
1761.159912 729.347939
1727.009428 404.199902
1696.662107 645.862684
1603.984999 1067.187427
1623.509725 919.902042
1800.042179 433.745633
1587.842684 969.281727
1749.402929 243.083361
1806.026796 453.000908
1839.258206 764.109506
1698.979234 231.806126
1630.776749 1028.663253
1794.879810 521.786816
1879.852736 504.301337
1693.375079 390.283017
1863.010033 430.280310
1664.390128 1098.443998
1730.109579 897.754741
1703.412243 777.146311
1592.794443 1165.292477
1539.810701 1154.008048
1667.564497 1032.239825
1880.683555 437.350623
1803.756412 662.945401
1683.767806 985.413029
1763.434559 769.638877
1681.178310 722.305547
1596.762965 1011.334732
1869.787952 331.240933
1737.391642 494.569200
1513.974787 1040.897989
1622.147482 883.351259
1793.507326 373.648293
1754.697422 625.131883
1691.102512 800.614117
1884.282577 395.418295
1832.327057 430.901550
1518.154302 1196.123004
1704.852839 919.903635
1490.856483 1270.332953
1709.500020 436.378408
1821.534010 288.223423
1755.777076 389.227320
1809.136585 749.398123
1819.987204 858.857426
1634.586192 823.860372
1786.221475 314.218521
1724.195903 302.008117
1862.734816 368.184259
1769.655822 503.463283
1633.388823 202.927382
1775.178950 386.554273
1716.211256 824.639853
1756.261127 939.033514
1721.556129 614.193816
1657.017606 942.496563
1461.678230 1308.833056
1670.249846 747.366709
1695.817120 335.801497
1688.395799 190.478715
1590.989727 903.258644
1829.499631 514.088329
1690.297259 252.870336
1753.267053 317.410420
1781.643798 287.907850
1772.101231 447.962119
1662.221384 833.227154
1756.265122 203.538177
1789.284082 619.037149
1754.053457 371.370090
1745.099432 870.622192
1788.775400 636.257498
1838.789849 310.288507
1598.128816 944.647176
1770.944074 808.667668
1795.125625 190.353694
1485.624965 1149.705913
1781.644441 545.837560
1767.624785 667.228058
1737.039188 165.562858
1738.628364 800.089807
1587.918050 1203.900463
1574.052311 815.655309
1827.418328 630.145623
1843.399445 820.293868
1852.037926 595.850255
1875.251369 629.835824
1520.755739 1130.568317
1789.161856 841.032543
1463.873562 1213.759937
1768.824141 897.227473
1555.851308 1260.781750
1539.450837 711.700594
1780.810829 696.600329
1632.660657 1085.582850
1785.293593 732.139075
1643.992658 1060.858902
1827.130146 484.006820
1647.904084 291.089203
1725.837407 692.020410
1663.065350 283.725543
1784.461055 265.482870
1519.474367 1179.358072
1778.184677 482.278229
1741.615869 831.447994
1773.805560 583.115007
1813.733210 431.799010
1827.824898 697.058247
1652.555963 899.463051
1692.670159 794.740884
1749.276015 559.967346
1797.160449 315.003587
1662.079989 756.393390
1674.025385 916.072413
1549.225750 1109.027977
1650.165075 328.782521
1840.909598 728.793877
1795.096143 783.120827
1819.217989 242.638903
1837.071609 790.235608
1842.058990 460.293157
1793.743562 352.544216
1857.757980 280.414352
1611.195610 838.889219
1656.911925 401.808990
1543.611181 1061.600231
1668.585704 672.975737
1715.184194 184.636654
1756.623149 167.031437
1753.522989 796.006164
1730.323720 656.613676
1617.034110 339.183706
1497.349363 1310.625388
1568.962824 986.211610
1794.357331 705.105424
1834.072542 523.009622
1842.682679 403.761706
1716.013972 806.928775
1726.855635 765.526472
1748.396377 736.641377
1808.645995 585.123944
1812.739005 285.731421
1563.871781 1088.386439
1609.696427 1133.550886
1757.766313 612.242267
1812.601473 812.326774
1826.024730 336.398153
1574.707957 1134.929064
1619.141801 970.522250
1712.819926 286.587097
1708.006938 525.947287
1817.990458 368.251089
1454.463402 1274.481279
1784.600546 251.765262
1517.772904 1089.333671
1797.325777 231.774098
1699.075312 867.270063
1711.709812 369.842100
1660.662826 867.782884
1732.646489 213.748580
1728.612707 760.331711
1752.414423 714.214066
1620.233565 997.056493
1600.638460 1100.456221
1697.582735 587.719960
1633.094660 706.615322
1780.368632 759.002580
1586.671403 877.112312
1607.224755 1059.131252
1562.031658 1024.077063
1640.333003 664.402477
1705.101157 954.655654
1655.620129 988.544190
1805.087102 309.896988
1724.521926 849.005865
1827.487371 402.147858
1607.645530 835.030183
1575.057026 932.780174
1730.742462 1027.999973
1758.723731 434.440108
1617.962280 781.813268
1700.303346 472.765976
1609.536780 737.997824
1721.305518 336.756575
1493.889400 1235.287771
1874.512629 539.092994
1789.655749 206.267724
1571.219096 1052.678745
1685.645282 333.425510
1830.845617 559.628220
1524.576720 1245.273538
1768.644764 663.109941
1747.410689 528.883240
1698.720611 748.651590
1353.780953 916.030430
1229.774684 956.878633
1309.154998 919.024979
1271.015376 900.129669
1131.076832 1064.515011
1459.566084 987.868113
1181.924612 1059.671811
1080.554976 836.843898
1242.466996 1073.202527
1288.984881 827.552948
1550.776483 932.691615
1539.173795 827.619901
1442.025301 1019.858117
1488.485055 896.827674
1201.459969 931.864935
1481.901052 977.229439
1056.305561 1037.321803
1206.745801 131.957809
1342.774423 1035.119877
1132.439206 978.810617
1367.081232 779.485336
1436.852445 976.469746
1617.487374 806.418884
1313.581186 967.180258
1489.626932 894.348511
1275.251122 868.763969
1543.694098 797.634361
1221.298363 51.446098
1627.804291 844.420562
1420.006176 1025.843603
1572.148896 821.300800
1243.766183 1112.544493
1591.471706 865.544841
1342.390242 1063.904047
1556.347386 954.238069
1094.906885 1046.439333
1358.943895 814.302091
1381.490354 961.548660
1031.120197 932.818769
1421.546953 973.361449
1601.726282 911.039802
1046.802416 852.611216
1175.860178 738.264832
1123.837312 1032.774565
1012.905326 987.643818
1266.270329 1971.333968
1266.726045 777.984873
1292.851437 842.977895
957.029843 852.842206
1277.427591 935.952915
1106.345563 942.278524
1252.619323 1036.746123
1532.109796 977.162439
1315.522207 1089.343016
1532.065383 878.623031
1287.156237 980.342318
1472.139671 991.181060
1137.826164 864.513924
1391.528638 1008.594059
1484.498406 818.673316
1392.433456 1029.760060
1175.686619 1049.901301
1370.673628 633.829612
1578.712905 899.394225
1242.690779 1000.334415
1078.866331 805.820279
1485.086094 967.098965
1233.472977 800.397821
1580.230806 954.277465
1309.269661 912.224226
1288.985496 1030.180787
1579.886758 785.322731
1389.880278 1047.181289
1164.385731 920.308966
1204.004757 1115.674358
1184.792163 1012.154270
1358.699263 886.703522
1367.755960 1088.662859
1172.009778 974.405662
1164.084875 916.969503
1232.416979 84.048305
1292.902899 1034.426197
1308.016779 1907.297823
1447.891047 816.876455
1265.635805 1015.705278
1576.591409 843.602678
1227.393001 881.290291
1309.876006 1046.155242
1401.994142 809.994292
1210.276394 1052.312468
1301.462165 971.345032
1056.385781 908.814912
1181.162627 883.649880
1257.751298 977.392751
1331.170506 836.722200
1303.199902 768.211758
1274.061198 1100.476323
1209.832222 937.344041
1313.840486 735.544636
1243.352532 38.180716
1446.291661 861.752139
1438.017557 939.881316
1468.404250 918.988197
1573.788717 918.453938
1048.445679 958.669758
1623.095993 938.170129
1263.597777 924.341681
1308.894996 887.120796
1080.377535 1019.733867
1218.472481 1056.721808
1219.482316 846.312466
1347.506503 996.224191
1324.042569 870.418719
1516.874025 831.892915
1350.780186 940.033632
1146.832030 1011.074733
1320.284109 998.929484
1011.750498 890.421964
1275.756875 897.021109
1177.086293 786.596767
1146.542383 1079.292666
1344.957615 718.380703
1005.792870 814.909669
1557.675903 953.186665
1347.991251 661.150788
1331.263416 1874.367645
1526.090361 898.194708
1443.398285 1053.014976
1253.600004 959.803498
1386.944281 717.101471
1412.840049 889.023589
1184.105745 39.432408
1448.418205 1028.020862
1287.122791 804.107730
1210.808338 1083.838372
1225.785639 962.741687
1113.168868 806.530223
1383.081665 978.689342
1478.617331 1019.423085
1350.731530 1060.061719
1097.135244 853.767509
1168.349508 820.980584
1227.523439 990.975286
1141.617052 992.191932
1080.008457 976.271679
1222.562515 759.542047
1267.138639 1037.213460
1133.289149 68.598252
1238.007959 114.911563
1137.796622 739.540834
1619.953164 843.270700
1507.585011 997.396713
1165.009793 85.617536
1500.890468 916.168122
1586.147184 817.998298
1521.990299 941.522344
1201.019764 813.296895
1135.634330 833.445278
1372.261431 955.932243
1210.945129 1028.700118
1615.087385 880.486006
1189.416619 74.960349
1362.466224 1031.759191
1124.010637 866.654997
1076.550994 1075.024095
1172.854652 119.732275
1136.824551 969.325259
1488.974537 865.870721
1443.694661 908.503707
1385.212555 841.904331
1296.562594 1079.353617
1416.753333 928.834849
1190.183362 855.662979
1459.533868 1061.512843
1428.699023 856.339178
987.027783 915.934589
1376.953658 1051.914316
1120.186019 1101.375971
1106.069223 975.380338
1407.730243 1073.729446
1363.006069 948.997343
1241.812683 1086.608965
1191.765696 1077.517587
1016.386992 1022.862321
1177.077844 848.175503
1267.990559 1060.826679
1119.484440 914.538568
1118.427860 891.214316
1413.306704 896.037158
1310.072588 946.789493
1288.139295 1072.168217
1162.347873 1103.371247
1570.788401 987.953058
1109.585230 923.094475
1363.271609 876.458879
1327.453650 1018.419202
1046.781687 1004.808915
1176.069575 934.141689
1018.223784 855.498639
1077.521492 884.018323
1759.483536 363.334357
176.514485 525.419774
279.345817 620.982746
355.154383 625.764523
1316.084342 565.264946
422.605072 732.265315
448.666083 694.377154
1111.565903 647.886246
1134.117351 673.627298
4.261412 538.237248
1410.546704 556.879965
1658.215319 305.473612
840.981828 1613.455181
1383.263670 535.665699
1973.119057 448.667810
152.348805 496.308226
390.193690 580.602047
1942.688439 501.720516
1842.118606 318.308199
279.809485 496.496037
974.247368 608.811968
1979.130065 383.767928
1204.269686 685.526663
155.369840 417.107897
252.573090 597.430065
1357.366644 558.142462
1885.629901 425.451421
892.774619 1664.000498
1959.214792 428.709092
1933.302557 403.396808
185.482208 490.330028
1755.073309 397.733376
1081.091865 667.291414
889.903210 1579.158568
21.684164 520.891892
1247.958134 599.441836
1066.296352 708.529865
1952.248612 362.405479
258.425775 497.850183
1819.242326 462.042354
1103.619028 692.886477
1090.322369 723.348670
228.646135 621.010764
306.656044 470.481005
1795.353493 377.087167
418.724471 556.714627
294.278776 438.228552
876.314930 1622.193594
377.041897 595.763572
218.010127 480.768337
227.509020 434.434102
1856.259272 385.596359
1890.939015 381.658642
393.936134 708.320789
862.298019 1676.102902
33.748584 415.112760
1735.208086 500.779052
941.609537 1560.132777
274.004820 563.109868
1420.086500 527.363061
366.911368 625.509963
814.694491 1589.980783
1040.970845 602.327728
1894.398332 487.700139
344.503999 732.628286
1022.551125 704.156062
60.240149 467.700225
363.240783 482.605009
1267.350613 643.763712
1091.324990 621.129575
1922.509903 435.433018
878.434289 1541.311224
1747.602200 476.511589
272.276158 410.169533
144.386332 550.094289
1045.645454 647.432205
230.473925 522.332326
1211.618322 626.300826
108.700688 464.156511
335.520454 505.924542
1132.672326 719.140782
433.924938 760.850610
1475.185462 564.229686
1825.874352 428.840558
1870.945548 353.434848
1339.515767 528.814728
1483.578300 532.296941
180.110522 441.226253
215.104998 583.913536
226.766411 557.660224
872.282464 1587.696040
436.368503 660.962796
244.440497 537.926228
1084.470128 757.853113
365.892110 708.944055
1318.780239 600.523489
1366.268321 592.147838
957.467943 1600.561561
381.618284 574.628719
1133.370277 605.814869
386.342648 808.704746
278.390980 530.603108
192.991206 496.604036
334.607004 689.752517
324.111272 667.787938
420.141170 689.382260
1100.801191 654.463103
146.290526 383.110899
1944.978626 466.863268
334.498785 463.570659
1983.573805 353.411151
1784.511153 444.039843
1027.588581 1584.179989
1731.319044 423.116647
1189.740697 598.361782
18.799737 438.618388
1069.834015 674.078751
1021.678113 668.785744
1750.894789 327.115063
1194.326482 652.534724
322.981883 611.915027
428.670232 640.037979
0.269142 400.894963
1120.244848 687.422914
798.521237 1622.047300
445.972481 732.142013
1073.333298 636.746581
1995.461020 421.188165
307.991985 551.684675
1786.541388 408.607216
1055.184590 719.254146
904.543756 1527.240950
1119.354607 749.942824
1223.546049 574.359254
1108.937895 569.248915
89.905499 435.443161
315.371523 636.728990
302.602480 669.609489
364.998395 531.355119
191.890979 555.740034
705.809998 729.141400
310.173255 581.081893
196.482799 414.316027
1005.085426 629.777268
1269.754184 581.874664
425.253815 605.444328
921.620565 1571.964032
393.897381 664.505612
52.482890 501.149139
1322.926033 530.506495
1270.045689 671.651821
1428.558062 499.454187
1054.557229 758.490461
853.302907 1550.979048
1127.210664 638.960609
1173.020052 609.821552
396.589434 528.120337
1201.057778 1531.118554
1151.598940 703.127660
1286.337842 613.186408
1440.674142 561.299269
201.255297 450.119979
1473.406756 606.931672
1713.992691 359.874456
389.680678 631.199140
1417.419288 591.273378
354.056574 593.654217
398.236170 788.722280
114.145183 396.729914
34.422869 471.218663
1145.600580 669.715675
316.713898 618.036489
1169.990099 639.725025
1919.459571 400.789506
376.626178 733.780943
353.961924 559.365716
1857.406246 417.292144
1923.047221 479.836251
252.977514 463.915058
1173.491495 673.378914
127.582556 486.318527
1995.446283 465.263692
394.127906 743.363790
1236.133961 624.708103
98.351476 505.450860
123.926610 432.231293
1837.784399 354.382916
151.965427 462.021378
1176.619050 710.970370
364.263404 668.335984
1459.978870 531.083024
407.713980 643.282511
286.535752 581.133014
1823.695492 393.074603
1802.533470 342.269058
1229.344751 659.556389
811.725118 1537.906869
317.087143 531.832276
70.691594 402.156189
421.147598 693.500382
