173.922217 1557.416560
1879.661778 1335.469171
1841.141660 1595.652842
1913.617377 1529.668669
96.598505 1532.644235
118.846624 1467.284737
997.726666 1883.503392
61.277525 1291.251137
183.937837 1445.241794
25.554846 1429.843562
1942.014102 1471.908892
41.615818 1583.580972
1657.449547 1466.229670
1839.350106 1267.146673
8.734898 1357.008467
1810.370157 1395.919718
29.864313 1393.555822
1769.570032 1361.777401
1770.978219 1598.549446
1964.205826 1041.466558
178.582313 1510.589326
1924.842171 1638.200372
1770.352553 1272.921185
1806.648683 1288.768958
1808.849720 1592.834918
1771.485352 1427.520030
64.482024 1381.068129
1941.119546 1578.432822
1833.823345 1221.153262
1775.182266 1380.377553
1895.652085 1289.226988
40.893209 1319.545740
1884.195106 1558.626479
1987.166728 1479.254775
1853.794710 1602.348104
77.213096 1414.371984
1975.908650 1328.429852
158.516257 1453.820978
1892.736401 1396.399531
32.414855 1468.721599
1821.501310 1366.011391
1950.614467 1369.132344
1973.934903 1463.641207
9.715831 1030.764992
1893.912688 1361.981653
26.063769 969.711349
116.893334 1436.138028
1946.162198 1251.133097
28.897761 1421.973263
123.255096 1283.555204
96.279856 1321.944306
1943.741310 1617.381025
94.597111 1477.144078
1870.393146 1428.053465
146.367161 1393.652962
1964.517547 944.330686
98.196748 1361.763318
62.501203 1008.300226
1895.181544 1627.565241
1700.762337 1507.622795
29.566519 1353.303038
1721.941162 1300.933588
1871.487726 947.550143
1730.634820 1443.883531
190.644454 1495.247976
28.384957 1390.247901
1893.265700 1411.442933
93.993968 1356.853593
1805.447821 1252.961244
11.788830 1283.573825
58.826259 1545.848072
1919.796766 967.179281
1995.428379 1395.254134
9.372600 1469.408693
1737.769999 1405.186123
1874.475257 1458.013896
16.924352 1426.670785
1871.253816 50.869849
134.754778 1342.231822
1859.728277 1409.349227
229.644095 1458.160300
1735.629628 1508.872791
219.653185 1514.012046
1803.483927 1361.907048
1832.670061 1439.704569
181.897836 1402.210217
1863.549192 1636.432782
1906.312323 1421.280105
1945.078544 1561.709311
1838.549217 1493.787225
1992.941159 1525.388145
1994.362996 1255.258342
66.707769 1328.117360
1849.050783 902.634832
7.323655 1359.389089
1937.401280 1487.882439
110.272869 1264.592756
1964.492313 1641.775784
1880.481404 1323.611441
1889.278925 1530.497720
62.615216 1077.743489
25.163327 1431.050892
1906.825586 1581.703742
1830.257379 1459.346143
1879.331689 1467.198412
1904.969531 1457.776328
1975.876345 1433.585812
144.103226 1415.451462
1954.321139 1364.416143
1914.607846 1519.364549
149.150764 1472.763212
134.017001 1564.923861
1791.074529 1316.069980
1971.439820 1295.706145
58.419897 1260.099231
1979.208697 1394.077255
1727.032972 1368.370457
167.991156 1544.389513
1926.487903 1537.606516
125.187142 1341.721541
1877.020720 1440.473674
55.612702 1457.568804
73.573107 1505.895950
39.198905 1239.692952
1882.385483 1478.815525
1875.150761 1511.692396
1824.102834 1301.116368
1905.293561 1293.271575
1885.750215 1519.559763
1933.269034 1542.608398
47.330277 1481.731956
1997.980957 1394.601065
113.289502 1432.946457
1767.166850 1490.377322
1930.949188 1393.937132
90.837775 975.722839
1900.265102 1330.524797
1854.551593 1490.507771
1983.144449 1494.572604
1885.763947 1258.524675
1975.827130 998.017499
178.658892 1377.964961
1763.783855 1337.328432
1921.583922 1395.361819
1937.926733 1317.394089
40.674417 1042.426935
1815.055599 1515.242051
1953.040948 1528.054412
1878.061101 1226.427366
127.264293 1526.222329
54.704230 1514.297997
168.242789 1318.920900
1942.742075 1451.247526
1969.529601 1421.074106
1856.888764 1580.171266
61.273739 1540.122055
1858.813879 1378.215269
1971.418276 1336.246393
109.829430 1400.449880
27.828658 1004.304167
81.566123 1050.499068
1801.702266 1439.662820
1980.923528 1571.025576
1793.414745 1486.576660
1996.863840 1526.576482
1831.171895 1335.124720
1739.977877 1565.422358
197.331046 1546.767779
60.655121 969.338367
1769.067365 1553.220180
1972.531036 1604.904337
1913.141548 1211.985763
1908.496737 1493.685194
1923.130544 1356.416604
50.006043 1533.373651
1829.693402 1398.127174
1849.066418 1533.229098
146.471730 1371.409621
1945.004965 1459.104495
1949.798834 1526.736389
131.791268 1505.957705
1913.027323 1247.743616
1859.444423 1517.545040
1935.771253 1306.021473
1847.733864 1492.187791
1851.001594 1372.099793
1787.166425 1479.989836
12.980506 1074.472054
1735.212787 1467.743325
1908.933080 1487.561537
13.347510 1446.232206
1960.831766 1421.139901
1922.255028 1603.388136
1976.994524 1557.503626
1911.502759 1284.970913
1828.230969 1479.665731
1806.766015 1439.095226
1843.761904 1305.380031
1997.458419 977.525136
1771.237404 1365.802792
564.857150 1283.195839
152.656341 421.610112
623.662770 1361.097611
502.205696 263.464221
416.163598 1214.742547
355.259705 264.365001
642.044196 1396.637237
346.843859 408.247303
68.515659 360.251041
404.733661 1264.375417
624.396777 296.601952
531.367867 1225.518090
355.042084 1350.622988
135.346450 450.588922
741.362187 1361.355987
667.375495 1287.107988
272.755536 448.811771
453.988872 1220.225719
384.944983 333.084551
502.420465 346.961896
487.334274 1347.732997
1921.000112 353.523436
570.416287 1247.284731
1941.517249 485.051465
436.367037 1196.730287
87.217108 402.113669
415.449318 1332.968143
151.147925 482.255040
577.272697 1385.687629
184.250411 442.595956
586.960833 322.508062
650.171707 1324.070755
80.933196 448.343669
446.220488 1286.388982
539.751816 1372.494442
302.705980 444.574772
402.376658 1412.374258
897.500776 1461.927064
609.092408 1265.034815
103.326679 447.625865
386.382239 1387.057545
552.706808 1229.145543
549.225861 1338.395057
605.750338 1346.067032
683.446999 1407.327901
716.730769 1299.885876
262.050329 409.074221
463.617511 1273.047937
445.144380 427.353037
815.380147 1376.892498
657.855034 306.845921
183.991755 403.905119
172.911602 472.883840
455.252983 1315.848315
390.787724 369.539517
505.328006 1359.187890
121.623218 384.365724
290.347427 368.194922
441.239785 355.088449
713.418508 1442.483490
58.407269 390.619877
299.143506 1389.631848
571.958643 1217.662801
348.350248 1319.298930
326.444309 247.019226
236.249368 363.144683
452.775441 1187.948813
381.133571 424.602291
569.151322 1368.461375
262.455165 345.244880
264.618241 372.437260
206.916904 486.000875
223.674204 334.990441
310.105083 365.770997
617.528158 367.016593
474.755965 1397.030563
682.519614 1371.558635
108.084680 374.573950
506.564291 1230.733150
307.550638 1287.887671
768.743161 1429.493387
485.319834 288.984583
270.923843 316.916781
470.269757 1322.818515
100.673807 446.285333
183.818897 370.097746
381.493493 1204.087310
582.923250 288.625733
110.885539 415.890520
454.765513 329.652403
619.547977 331.739376
566.738726 1320.047265
552.194656 1284.065216
423.950038 1340.520896
785.568134 1395.102495
588.115672 1187.521356
530.941268 267.631813
301.171480 1259.657281
123.843802 346.970951
690.293943 293.751859
418.866962 1307.332533
468.524556 324.730257
436.455235 1255.591073
532.849673 1337.434739
192.646163 310.411742
647.756057 1245.656893
280.253511 372.822020
137.952298 379.216054
630.447520 1291.824547
321.347675 308.480040
380.128317 1261.447477
509.313480 393.634593
354.625881 308.469455
411.531881 292.821153
476.353857 1281.458861
515.996409 311.315726
376.541439 383.963369
538.349662 1191.712646
389.687608 1236.627113
483.875437 1202.755588
476.286093 1171.490834
535.704290 1302.736712
343.343140 373.753805
685.147424 1314.203342
583.461435 357.398899
745.224079 1401.824278
665.672575 1439.954189
325.878838 383.205111
388.540312 286.614160
116.256084 297.218381
473.213358 1352.421438
383.509863 1288.725225
175.550303 370.803220
138.578411 515.093427
315.091608 328.545640
715.018947 1384.036450
365.176374 1237.055769
453.630614 1358.839708
1910.615026 310.215160
475.699650 1240.871580
481.072317 410.763267
688.144142 1343.761373
481.316628 372.614614
655.173293 341.776881
344.104021 1197.469053
189.676791 260.723672
416.276427 372.121960
453.581910 1395.155207
404.636844 1269.801556
423.724368 1219.125043
419.641416 1167.434725
1952.828985 368.352235
456.564814 1222.471053
369.074111 1297.363082
402.193383 1367.373583
138.788649 314.634469
412.609901 338.271963
513.775305 1395.579071
468.925171 362.986379
510.634611 1303.646410
235.410533 280.800004
498.841690 1255.711088
541.129907 378.021847
193.586825 342.657934
380.890990 1342.663371
368.157481 1383.858948
339.537809 1324.872945
656.772694 1365.521179
196.582385 421.262660
487.124389 1319.912197
445.954318 384.370261
342.430657 1268.204767
229.271693 420.827722
105.298988 359.476879
422.576968 1286.342962
422.847451 1382.456432
312.702098 1335.950254
542.799256 335.903275
569.060645 1423.659591
288.365559 291.512424
549.423207 300.501108
517.224861 361.475701
170.480992 339.711237
125.729308 419.381973
350.630327 1257.531644
410.446115 407.782816
337.477303 1291.908498
259.891559 407.562788
142.208765 346.995002
223.166465 388.311340
517.546279 1272.325693
579.326344 1343.499359
198.910901 358.227909
143.698999 275.051308
305.479853 415.096268
369.101512 341.841829
449.659023 293.681317
136.354481 385.381256
599.807417 1301.507937
333.540941 1228.943676
881.465394 629.567278
759.653789 819.569639
806.468578 579.183647
787.299818 761.514139
804.360829 658.785531
1001.479790 603.758762
718.083872 830.199741
655.713312 607.372352
768.347276 575.293295
730.506909 794.454142
1019.495392 488.152509
1062.528354 578.596714
978.772269 637.002189
938.587755 429.490020
628.093579 584.441424
944.690558 600.319593
710.752165 586.772672
745.863343 657.779197
944.852413 464.717122
738.602894 707.882842
838.619008 610.915106
960.379159 664.512963
1024.269421 552.341509
808.437579 571.314343
964.502971 625.943887
784.886504 506.616278
867.444036 465.192024
860.254154 667.082025
1064.385323 533.585166
919.027461 719.980566
996.134845 662.043309
747.685386 597.551818
943.501008 372.064816
861.957435 516.840901
965.219185 410.531832
732.141558 495.720186
791.525314 391.800805
909.362046 674.883540
695.323474 782.103424
931.639496 679.502749
1040.615236 559.403739
605.539965 635.035156
657.985055 629.757373
623.399996 674.346950
594.455611 697.068518
836.357300 449.032893
828.843623 657.841774
785.720255 809.983968
534.258761 591.079379
829.273571 408.249166
749.842111 745.843808
817.864878 677.227187
1036.828778 485.675240
812.187332 438.257467
788.959817 478.797700
924.269684 530.025908
976.741474 455.511030
604.921599 543.884693
952.783561 577.772965
930.741684 620.737771
850.558373 586.318032
663.306561 646.048167
858.931730 738.816127
925.819271 614.674625
740.702303 662.262197
594.314003 599.382670
903.117813 591.405661
829.231184 710.184683
1019.150321 459.386417
881.093638 655.692266
904.987339 556.444318
919.467341 645.593174
932.894452 497.351571
690.249775 492.430701
813.592322 621.779544
750.301466 609.850658
891.305356 601.304337
861.351673 567.941652
816.926848 728.619943
815.771891 810.313503
851.360622 469.408129
858.169392 448.102414
833.586839 598.739051
846.562513 636.778457
789.589502 698.074906
988.217496 434.493984
856.333364 799.388463
903.220175 415.121841
947.905491 744.189242
831.395520 577.927621
763.448027 702.313461
645.042924 760.658183
785.914336 548.055749
824.956583 718.777723
854.362343 835.530583
806.188640 690.385000
839.929764 762.947986
784.502240 740.976051
741.818687 775.500066
720.831890 494.057674
972.557006 506.704925
941.521698 620.195015
982.022101 487.865269
1007.538055 464.303952
658.529382 559.184182
897.455511 482.299377
759.093014 747.772004
773.040656 439.793236
761.682519 750.396757
848.034913 711.146711
736.416829 777.015143
835.062542 487.851745
879.709507 691.300385
937.578361 814.751950
901.610741 793.967045
723.116264 453.497446
873.406222 737.294103
628.543584 727.451563
747.976975 613.540868
713.787289 635.730718
584.488960 560.269715
845.144367 565.144659
659.918951 715.063445
966.589356 637.473260
771.674668 854.656972
805.920821 790.870627
996.322072 569.821190
936.055845 562.238527
875.396106 568.947072
819.891683 467.308474
974.330444 596.125835
758.591126 669.016458
820.834462 487.583040
829.304506 536.757749
853.629490 531.156188
854.150650 686.930405
717.824779 724.720239
755.919909 502.350609
976.370912 568.920648
871.809505 772.155535
617.017056 762.134896
696.604968 647.794706
768.434108 519.416090
699.609302 420.867170
684.413220 583.795012
716.603447 552.365363
766.571469 638.967095
738.311150 754.467475
761.415280 550.257497
633.854074 664.192792
904.216993 727.132809
1021.677397 640.133612
810.497267 636.397168
802.426941 549.844795
930.729053 490.559694
896.845330 469.153695
789.811684 679.674626
782.318563 623.865153
928.802258 780.127449
727.765022 683.231144
946.096037 542.435137
826.821770 523.576990
852.155760 376.247701
683.571633 682.507036
709.031721 665.937066
879.048147 616.471527
658.062154 774.175397
906.536425 445.046933
868.669922 701.127896
951.593469 706.287513
890.064977 658.667114
889.386864 498.008943
770.165127 798.968529
1031.789878 603.768816
808.509553 736.179419
562.347719 587.733129
827.662904 746.722829
714.426988 546.032327
756.294459 884.901890
848.594620 658.209237
889.918612 538.154705
768.863018 706.069488
747.893478 674.032146
565.632745 677.114427
700.205381 753.865632
757.972913 444.611138
724.928992 438.973900
668.716379 682.531450
907.268895 751.183748
722.825150 622.426443
894.395698 534.887754
877.932877 497.884970
996.588148 534.963385
675.664886 595.104012
880.665897 820.039855
912.741508 707.416570
658.332881 522.804496
737.889644 717.450485
525.154243 687.112951
684.341858 765.537376
1740.760299 125.333486
75.332532 289.162876
75.606813 1702.725481
126.799948 1666.058216
1525.391052 131.644503
112.705351 1689.208772
184.447494 1771.133059
1243.608705 43.589482
1302.862990 146.684719
52.156773 255.240257
1447.926728 1836.614253
1716.775813 146.433312
611.847829 1987.548609
321.479207 476.721392
1977.492228 205.787340
1970.467431 1640.579058
84.625607 1729.631923
1954.420428 267.510773
1698.745945 1885.219906
81.172940 191.217548
1192.973534 124.851960
1990.983488 171.202493
1499.617356 154.882397
122.498600 285.039219
1995.836416 1769.729661
151.402820 361.894235
1870.537879 227.398800
395.796613 504.087751
1907.371310 166.710804
1920.232325 263.662781
14.206574 1663.381323
1716.923266 181.610461
1218.400032 108.264220
1151.076775 160.665821
104.417971 205.096993
1403.599707 99.566606
652.907316 1983.916008
1933.687330 1749.492036
152.770473 1839.764876
1686.647636 128.267907
434.019802 560.479323
393.411354 456.812667
120.079406 1754.176528
152.116872 301.416411
1664.726746 1877.005006
49.268889 1648.956812
109.711387 1653.097314
1104.326019 156.986541
60.358129 1729.895998
90.733885 1646.837829
1976.104454 1717.912042
1847.590499 176.221248
1933.072940 1798.177723
136.862409 1695.168415
412.649569 379.957320
27.350568 206.296425
1653.082987 117.716809
1115.850172 98.677753
75.714391 1598.024739
1581.625778 192.414488
115.708086 1851.659771
352.797507 403.993493
426.426170 421.359320
1891.444844 198.567560
168.015302 1811.702734
421.043952 480.751255
76.358919 1883.217081
125.223115 290.679056
1271.469480 24.699145
1260.655361 93.159291
1787.515077 1857.411515
1133.841640 131.732425
1619.240823 134.364404
149.554490 1677.208007
106.734616 238.251414
1222.296420 148.083567
46.138911 1687.710046
1339.121782 45.806387
79.019303 217.978049
94.704484 1753.952206
1289.653420 115.283460
178.578349 1777.993081
1624.996980 209.997062
1833.865569 208.246489
1795.119789 217.126042
1556.926943 159.066983
1682.547071 199.081984
43.974161 1703.956438
60.296782 1830.320826
29.573416 1778.846657
1080.146175 122.945505
179.012996 1707.522968
1950.502274 1607.672247
634.734971 1956.701301
239.026506 328.438269
1370.217414 140.202908
1553.116576 121.299293
1186.189262 158.977327
203.520987 281.362062
360.095929 484.707143
5.628600 1841.516899
110.296811 165.797023
121.883780 251.934268
218.031389 281.696090
17.691035 303.343602
206.351390 324.015705
1247.689613 125.762227
1984.684676 1717.610383
1928.164345 1708.789271
10.523348 1805.258592
1959.735231 183.813224
1682.614533 163.175209
371.566485 451.886416
1649.319346 152.881212
1370.005356 105.113730
1955.696111 1772.301509
409.549161 372.729817
1159.015371 115.187602
1618.941797 170.607909
1305.061886 65.429831
106.068373 1619.712243
237.938460 363.401119
1984.893859 242.024673
482.302902 372.509418
340.821275 437.386442
125.044526 1725.894844
1183.960801 90.005662
1987.657306 1832.661191
154.268178 239.269645
1786.252615 183.492095
470.186771 403.378568
456.422770 432.258173
475.497911 435.802764
1383.002474 1863.495768
1222.122963 73.270017
16.069831 1732.981202
158.848100 275.087393
20.336387 1701.350733
189.550114 353.769799
143.749359 322.828070
11.415268 1642.683407
56.732952 1761.597566
43.829281 302.072675
381.491620 420.613754
1373.975628 66.819430
247.442764 395.342043
401.713049 442.651901
112.799199 1811.126235
22.085763 241.814712
1516.426984 83.843039
1466.249167 95.331380
1583.881466 93.031421
455.876250 474.426565
1052.225617 143.911951
1336.385837 129.257799
1269.935468 59.197319
132.290009 1781.042999
1436.911491 114.606274
1467.388354 131.706813
1497.542439 112.115199
1592.341856 218.265619
129.947722 208.776430
1583.925499 141.985658
1755.466794 198.930194
177.211104 271.086373
338.506566 515.738837
77.303144 1768.928052
85.518258 267.396852
1.939684 210.062554
30.269612 1811.043442
1361.641799 104.419484
101.254866 1818.580900
1326.044571 93.266422
1894.161847 1732.380393
101.631790 1777.931402
177.041616 321.798613
1915.448102 228.150153
1953.714577 233.980557
98.187539 314.404599
1410.245731 138.077232
67.668987 1799.713444
7.092856 275.509454
161.605580 1708.757195
1432.150719 80.096222
1971.111871 294.341094
60.770084 221.861260
1789.844059 148.493551
1930.165703 196.840182
1317.004940 98.047172
189.964198 233.779935
1648.830072 188.176180
164.665924 1747.758916
179.967664 1810.709060
1754.645416 164.005303
1204.675065 373.738203
70.645313 324.385983
306.393520 410.781106
110.180023 1720.121987
1954.219885 1831.357425
133.200821 1770.105451
