450.525429 734.349451
252.756507 438.767681
1918.388887 846.896457
320.197324 529.239198
455.511304 667.322623
349.626668 621.228851
1890.602591 360.567525
610.225792 348.242060
473.922169 622.961232
529.183924 541.552299
415.222168 555.224576
497.528299 662.431338
1863.837790 669.172057
609.206909 137.067095
426.479591 484.240761
1892.219836 646.111079
518.626478 397.133902
360.934602 344.794435
1899.091747 813.269238
1901.496476 328.267707
529.669972 674.981975
1920.850833 933.441880
152.671218 482.852333
1932.699691 544.731037
275.312818 703.894643
1928.386341 645.609766
355.515702 518.506255
485.092400 646.391444
1928.421215 483.149331
1861.352646 612.546391
465.506787 333.232393
557.412010 369.884553
331.703857 592.009498
399.418469 617.716100
1934.910270 815.517218
524.102067 553.951532
448.864405 400.017636
428.924585 646.756131
356.786111 474.298015
537.840776 504.383042
326.479900 502.005532
484.189346 407.874609
387.577918 574.592997
1881.905531 292.752559
292.583121 505.468593
681.317028 1993.454292
474.173101 575.258627
712.399057 156.641267
465.674371 514.793294
582.420748 378.907376
514.344569 422.180790
388.224213 702.044924
403.529408 630.216244
394.767518 500.437454
612.641783 502.160416
1906.976078 231.066705
534.919051 465.466833
690.264404 72.808488
352.610946 766.294751
1875.355598 727.293556
492.566416 470.621935
1891.008630 545.082913
1872.431099 215.908796
321.074667 532.171736
378.956582 691.855337
382.543113 560.180577
574.131464 272.417699
466.116284 479.609091
1896.718598 499.319484
608.424081 279.802582
392.363669 649.574005
1885.480554 256.656875
406.683111 548.383624
355.774102 585.235061
1836.148616 652.914540
483.997688 515.729400
424.188781 561.285606
327.254807 1276.809120
487.960940 443.901074
318.315681 450.482904
519.674555 637.775173
1912.040107 723.888306
554.278683 651.801432
256.309232 492.487123
171.462876 618.410130
564.198039 555.376304
1925.512953 888.901855
466.619715 461.358040
340.990702 706.403465
267.906623 618.456363
485.530354 549.811870
499.569497 338.010409
318.994031 472.876418
1923.086586 194.205677
449.214612 432.795958
440.949291 485.900303
485.092384 402.674365
323.073208 789.564734
303.830155 395.523051
289.917157 655.164920
676.990491 140.871444
537.054879 508.988751
296.372704 736.597761
358.969718 492.101399
358.083489 533.004694
366.994685 569.470900
503.961940 486.790063
535.390559 579.665217
336.498674 459.552673
355.947986 658.088729
359.803201 673.995635
406.142315 733.750939
278.435886 458.753480
354.297673 417.217301
637.480432 229.045974
452.162411 433.587421
1896.304570 604.951338
492.606455 686.940333
303.280840 697.652026
442.439627 503.157958
213.127539 627.899940
444.233943 590.986376
483.724228 606.631238
534.009888 342.795263
498.314473 508.000819
313.625749 625.579882
417.739376 334.002338
642.493219 178.501064
241.723302 699.080622
570.322084 488.707015
429.162155 610.349106
441.031724 547.226776
370.785602 600.723710
239.928057 642.713533
411.845071 441.749698
744.424134 18.104114
539.673831 291.130241
1936.126410 748.523042
448.064269 618.754385
430.983599 364.384607
1911.889477 278.792437
608.558085 467.643452
1912.103906 573.382715
515.658146 383.871106
670.344709 204.339860
1935.840000 323.788596
1901.116966 754.601840
319.604172 648.812945
565.357387 214.246706
449.508665 678.738645
504.966325 590.122943
555.452944 404.724394
303.863101 612.364734
376.281427 462.775060
393.961541 658.211813
418.735298 648.235758
387.522326 445.175474
567.062286 334.251002
582.792784 523.781483
654.203622 61.732462
757.378443 56.187816
1896.950527 686.406613
407.604944 701.231331
281.943738 574.784740
477.179415 599.917234
355.694283 429.545039
1883.580643 776.429531
477.468866 724.723191
715.391383 2.073925
275.107911 686.017343
352.616222 712.823255
609.530248 190.490775
294.814612 601.790628
400.541578 410.354122
542.504236 614.621223
216.676829 542.193388
1913.043354 784.707402
545.360240 456.093020
498.624961 540.812910
480.905077 551.182551
246.540210 624.361664
457.193938 323.685048
241.237794 585.441367
391.967319 377.512245
293.963572 577.901822
465.744912 371.155303
280.724629 528.725004
642.822462 130.645690
1850.752447 698.861061
336.384300 596.531156
249.734758 564.855602
433.353916 524.337007
323.350376 734.436532
414.846728 675.220785
593.437141 235.600108
416.847962 512.636596
1936.030751 697.216636
322.653818 429.463048
1935.718196 254.291128
1931.096945 605.881755
1481.089942 698.938102
962.369794 261.887513
1449.585097 903.473477
1279.552015 294.945246
1309.856502 677.686857
1123.696829 201.497434
1471.512592 917.135923
1091.978931 336.398760
1809.010814 1181.757403
1254.983122 743.288945
1363.776370 299.039843
1354.344527 824.610828
1288.777144 700.406462
915.094407 213.642905
1592.889064 802.293156
1516.098520 765.031720
1026.411302 311.854168
1426.486094 584.794566
1139.269653 239.687378
1257.911047 297.453074
1324.743606 905.979331
1779.894197 1059.099703
1519.975912 675.145978
1796.892874 1214.713154
1270.886557 723.835968
854.631936 220.568500
1345.992303 662.107153
938.226521 398.355564
1421.657074 832.235677
947.107633 346.374339
1333.455463 315.109818
1468.922045 850.938665
853.862203 256.169765
1347.746599 665.544518
1379.047403 955.919221
1069.115003 354.009630
1301.234475 889.180877
1812.247009 808.772139
1485.280924 741.558710
891.241048 297.388821
1276.841785 875.979317
1379.090331 756.611367
1404.185941 828.463710
1435.511259 861.208239
1522.658946 862.163343
1550.134812 786.996939
997.712367 267.976593
1342.423371 722.045958
1214.275707 366.249552
1699.944575 799.307384
1392.183738 318.040100
969.127184 232.612882
954.596289 384.851471
1364.028808 701.472112
1163.897286 264.543817
1494.657412 700.906106
938.278106 197.371594
1050.388662 276.385023
1190.328661 245.622162
1560.134808 873.715302
910.642608 145.596028
1238.561172 833.114624
1385.175655 814.515259
1307.393543 695.291102
1101.038931 224.656307
1044.345236 180.077826
1329.012388 589.814196
1140.448822 357.231450
1388.651373 893.687541
1074.047460 205.066237
1013.450632 289.933528
994.130415 332.413705
976.632296 309.929143
1035.918535 239.409539
1372.699589 380.815729
1355.012972 829.576244
1530.160826 826.923164
886.954037 266.130822
1404.796335 789.300771
1226.123662 709.384414
1630.939524 845.154518
1226.290292 262.579255
1069.843183 303.494973
1385.418366 717.702791
875.702088 248.977630
999.383043 198.084952
1305.070328 606.422115
1330.186879 282.902085
867.576573 215.888709
1203.357956 286.044345
1365.340982 338.951125
1435.100419 786.489125
1493.381285 664.766390
1293.605197 854.663421
1655.566504 819.962801
1428.527752 723.692342
1303.419172 267.261256
1305.775852 572.341611
915.938031 175.728460
1426.402778 307.459951
1315.987744 723.227946
1206.289221 295.783747
1389.672711 620.697499
1380.560764 860.040698
954.381656 227.179182
1460.078986 811.020266
1026.725453 277.905337
989.435132 172.512010
1475.434207 773.774681
1069.288274 237.087054
1366.858959 565.693556
1279.731969 392.981542
1104.099379 256.444815
1173.873052 298.932895
1359.632653 743.391100
1274.806545 331.325171
1130.897843 310.273512
1430.582076 692.379134
1279.814165 694.793545
1332.326834 760.002188
1416.985401 667.666859
1464.395132 662.996516
1094.879925 285.590918
1494.830806 815.212239
1337.872900 349.092817
1632.807769 787.838817
1505.097539 911.143157
1087.267846 262.611720
1167.577867 215.522918
888.029685 187.978391
1368.093683 746.512722
1260.082487 767.548194
935.383067 342.900703
923.838572 277.132997
1050.094739 274.495877
1565.459210 834.300129
1260.126940 660.179479
1316.127882 815.680556
1783.501088 1008.406401
1378.420287 645.614466
1253.480279 432.810692
1526.843639 812.480966
1229.718825 319.795938
1396.861499 355.703428
1243.246640 688.352830
957.787560 266.390626
1179.125298 363.967513
1357.672838 787.596584
1278.745667 811.996131
1321.092362 677.536688
1293.547279 649.208082
1813.195444 1073.978156
1377.926070 659.991903
1288.400833 638.598845
1300.912614 777.475653
904.521835 277.307632
1163.499472 333.390678
1360.171514 920.247337
1229.324996 403.669195
1413.373052 754.929272
986.931940 243.472307
1379.744200 719.331139
1328.284337 382.839262
958.697978 312.388479
1311.584152 723.421956
1272.500359 798.956914
1242.684770 733.986926
1481.409459 878.583239
1011.091384 373.287448
1325.317445 853.353456
1199.227782 329.578727
1236.519738 710.032239
1024.256143 340.308001
1811.832053 1284.687590
1293.057464 756.050519
1332.952055 815.117546
1223.966124 762.046992
1293.673164 363.951543
1395.132264 987.093805
1046.805519 149.891621
1302.240461 324.761373
1250.096365 357.291840
931.502745 313.624989
959.316541 174.253814
1236.447249 798.398413
1193.109619 401.207409
1272.714493 669.565443
1025.204887 210.004499
943.959274 228.834606
1012.748532 227.112654
1353.202945 781.146336
1458.865266 749.819821
981.358871 294.138295
945.907207 286.751461
1049.394798 316.737529
1127.397997 269.034782
1202.676009 220.010927
923.916427 227.637322
1447.815545 738.163859
1239.614609 665.457393
60.755546 384.308268
1949.628793 463.139468
16.105559 325.901666
46.580911 586.586817
1961.782148 366.405726
223.580491 407.644447
1953.285829 534.782167
1892.749587 351.642759
1.843767 437.621972
1960.643142 504.329555
198.917151 408.304382
211.121288 345.571127
209.429381 440.476713
125.448839 312.002880
1863.743466 379.596950
126.059267 298.096005
1924.233872 330.953097
1965.641635 414.460594
140.804583 289.304018
1978.154755 554.241251
84.214853 490.085659
146.716165 354.150906
214.689900 348.966573
32.129220 363.969448
151.403871 398.273319
2.841138 378.783671
107.507177 279.511491
70.584577 396.329418
271.300681 346.109596
157.374435 530.072582
204.852665 479.453634
1956.584970 299.817332
146.877657 232.843396
63.661983 284.488823
65.663398 174.919239
1941.914007 435.080067
1993.454140 194.839874
94.345076 490.261033
1935.553523 569.875363
96.941853 323.738105
179.245422 284.804230
1838.700703 438.631545
1866.414746 412.426230
1860.258325 483.272945
1854.230038 524.412271
40.384817 268.306570
5.650290 406.721858
16.834825 557.330686
1796.680223 404.672493
45.652347 183.281329
1827.886131 322.610497
43.769248 490.890527
257.110992 302.871845
67.013880 343.638275
11.204547 361.408241
147.122011 454.189414
171.591030 354.409345
1854.456288 350.561641
158.820122 400.781775
131.400776 599.648812
57.975761 542.857724
1851.200248 347.215318
112.679438 539.821275
24.972964 662.813189
1973.514756 462.632236
1834.024154 401.733230
74.820960 283.382666
74.518159 599.548556
242.867832 280.297358
95.622379 449.100083
114.687742 400.197312
106.325483 354.519758
148.184775 436.090985
1936.573752 284.018259
9.495653 379.473429
1952.964230 330.676923
87.730535 400.583246
26.607179 260.171015
23.793643 456.182512
53.267400 563.543867
67.318857 312.878072
59.711370 480.047213
28.811561 398.947289
77.184826 417.013379
1996.558911 443.430538
186.681884 319.083161
86.031093 528.218034
126.708818 267.188399
173.334652 569.878466
59.152035 336.974069
34.750336 549.487536
1882.757552 542.797777
26.699635 511.443624
1861.477883 301.493381
78.633362 644.698631
1976.847261 310.228512
67.733645 505.087866
19.200546 519.325061
1953.252066 478.793557
1872.847200 269.869428
137.902435 371.772420
104.292701 439.383375
187.931174 389.367626
213.341703 252.664049
1902.813575 422.080449
114.643429 227.866850
1948.723463 337.690845
1958.184024 206.728232
1994.059644 528.098203
100.855336 580.453918
1927.229959 468.806860
94.577405 357.893986
86.448666 358.258774
140.619244 643.597444
138.947179 584.368949
1974.992576 267.640570
119.717243 489.244377
1884.325640 509.007799
1967.786623 438.945253
1921.319968 388.408226
1789.472438 300.171907
60.274386 462.826444
1884.954310 418.946587
173.995546 422.795969
1973.025519 618.526308
38.145564 612.272098
185.207168 506.920814
162.182749 390.886565
102.196845 417.563719
60.624697 242.539844
149.219305 492.689594
1985.800587 463.820520
12.089431 278.420963
27.326758 645.374330
49.170853 475.623825
63.243428 518.990175
1901.829470 446.462888
1970.087937 398.410628
182.775716 427.447041
127.942560 545.651697
1850.789137 593.226099
1930.228471 505.490963
13.069462 468.270054
1905.522200 188.632211
1897.827588 300.035348
1980.935479 496.785105
1939.234098 360.600279
1931.845990 442.445614
1943.972178 260.608816
1868.671846 447.609846
65.233236 384.578796
182.016050 254.352185
28.782184 432.865394
10.728742 356.796045
158.886215 283.140320
119.552810 191.496095
1978.068435 364.576328
1.365980 424.143919
99.546203 438.782742
1936.157123 413.019511
142.517690 550.706763
12.876425 296.376213
83.310131 205.551443
1905.898852 383.304101
1948.696865 477.193208
50.477923 420.377519
1898.174874 568.588890
155.753777 320.266007
103.503804 572.026048
165.862270 464.385719
56.247996 361.723298
147.881288 353.983568
17.457592 592.058358
206.882873 309.873907
25.463450 553.863813
1807.281827 433.344866
1971.496280 371.576919
1911.046347 352.756936
1967.750401 583.194460
38.653547 399.851527
96.042605 307.353730
1989.254723 562.495757
1.122407 483.862195
1825.595709 485.384895
1943.281084 541.694908
1989.460960 248.260046
1965.913029 237.865370
1906.651701 485.589675
133.167605 460.532993
1933.348266 400.750485
108.595705 351.328241
119.686557 408.475954
211.824733 374.443245
1901.476075 416.861699
107.678653 614.328898
103.091999 378.874694
1880.524406 323.231858
1976.565097 534.251472
1787.906977 487.441995
1913.125041 535.795460
771.057789 879.617789
987.294615 1188.582941
1253.190729 1346.070691
1305.994568 1385.634136
628.627238 763.798999
1312.692493 1384.059383
1393.841195 1452.684781
369.034700 581.748918
416.114009 756.840509
945.707985 1177.845026
643.306001 1305.641189
748.138765 911.828304
1903.428583 1835.107025
1140.093006 1382.492989
920.503150 1056.508757
1227.716256 1420.095115
1287.066577 1419.265379
830.030786 1149.026510
952.988264 1533.789683
939.380460 1071.171454
351.440344 642.793952
942.486314 1024.259642
572.846247 835.570647
1032.624080 1136.734565
1178.096790 1443.521666
1028.176563 1240.552185
825.988294 1083.208583
1261.397425 1398.841562
854.810049 1006.408090
863.433082 1098.215747
1238.954518 1400.288958
752.749867 950.091716
322.994007 689.493810
1978.403398 887.136591
935.118357 1139.213250
524.449230 739.244289
1943.999819 1837.229113
1156.240389 1434.657657
1329.830981 1437.223345
734.450039 866.349275
1352.422619 1339.477760
1191.154605 1406.122190
1308.129001 1464.670758
1043.232390 1182.138412
918.053114 1531.483678
1223.524235 1341.297173
1283.959631 1422.582430
1964.214505 855.093761
1262.732255 1527.339600
1280.421584 1455.316693
1184.242516 1427.579843
822.493023 1019.356670
1166.633010 1468.544636
1304.450490 1358.475868
1202.759500 1282.169936
929.486329 1104.434638
694.891965 849.667145
1991.200660 785.194730
1276.064128 1325.973023
639.714835 870.377871
1317.996876 1557.774730
1155.091090 1317.277249
1229.695455 1314.336415
845.300015 1054.942485
1294.752533 1351.587685
1313.239890 1315.682684
1249.638323 1561.803147
982.173913 1187.173111
409.411848 582.143672
385.827761 661.308330
1041.321874 1513.666286
258.376436 624.040913
662.323867 847.027479
1371.438103 1384.463067
1003.327853 1123.096713
356.786218 679.553780
1237.897132 1528.674495
453.606793 672.632031
967.415993 1144.097173
1279.867163 1459.088564
390.208646 706.555442
1351.643293 1352.888830
678.958549 936.612413
807.407710 1050.661165
776.225817 1035.345217
606.687924 856.860471
721.410468 958.314621
1247.014513 1429.654344
1218.200726 1452.064379
1225.006642 1522.401820
1972.245506 813.143152
1377.182729 1376.662445
1196.768469 1393.086309
1926.092664 1809.034299
1142.372996 1230.119666
492.740936 753.377000
627.882251 822.975658
1978.467479 937.947949
1053.642420 1217.897655
1231.952503 1394.277826
1203.530486 1553.885326
974.714696 1071.909043
1006.184369 1155.097074
1084.678886 1199.286999
903.597520 1193.805566
1100.109323 1240.914349
358.579613 713.466099
1212.221503 1421.698066
1145.296531 1444.943447
1195.345103 1527.240471
909.881527 1021.110909
742.309588 902.172343
1187.195279 1360.774489
705.041571 883.024015
510.150054 707.121233
1197.986222 1484.015001
1190.582418 1315.637358
287.868992 650.472686
679.051106 879.335646
418.999772 672.466350
1333.090586 1341.683463
1148.127775 1265.460462
881.970880 1149.181188
1244.538295 1280.989191
1157.095661 1348.695823
1301.179368 1416.644389
317.038700 630.553397
1168.353338 1551.857056
1058.180212 1096.327065
808.601319 972.328764
1292.805893 1279.974682
1249.680707 1305.382776
1281.513076 1343.801848
579.103266 1334.157381
377.942425 625.003795
1234.667626 1462.187857
1019.125536 1190.118559
1249.813025 1491.190015
1081.454899 1270.538042
975.802042 1246.082012
1216.970165 1388.679589
1252.260937 1423.964443
919.217026 1212.296604
1211.850534 1349.631257
481.184502 686.862700
1127.059434 1292.696230
1247.978260 1349.882928
1266.203123 1384.618769
920.193977 1131.868156
595.921540 779.673054
583.437857 738.800735
664.660490 752.443535
1352.812033 1304.160311
1940.486443 831.063691
456.500277 754.119542
414.844003 624.927855
1326.727257 1492.705950
558.087751 760.823833
549.062585 804.235769
585.710943 802.077169
658.036997 905.247415
1005.681133 1099.537658
664.629954 800.212133
777.472432 988.393669
1071.496696 1131.699073
1162.698177 1411.082100
1259.779504 1478.411776
963.092399 1145.075633
899.271670 1119.588311
1225.648456 1482.551671
477.898895 721.625524
1292.423511 1509.673733
437.326777 723.163222
1139.512719 1470.474247
1255.861340 1343.394765
1044.988542 1211.257381
873.903197 1036.046380
913.657920 1085.586185
998.418495 1212.246824
526.161709 774.179615
1269.476692 1415.572041
915.724721 1166.549633
1269.828591 1380.206183
555.475346 719.164728
859.389454 1182.374795
958.223004 1102.337955
803.572721 937.948792
889.284094 1050.779100
412.194911 721.195259
1042.403267 1163.518787
711.733292 918.758631
1338.937303 1397.395010
1365.749419 1420.559321
772.162511 953.683854
329.507877 733.103146
961.922556 1207.967829
1110.582122 1326.743774
1287.680700 1501.384332
1153.751100 1494.095368
1346.449756 1463.384926
