1610.868124 1961.636427
801.132200 1884.121324
1538.029034 1927.209163
361.412950 1908.501434
1501.861829 9.188431
292.114374 1887.338721
1181.241476 1937.004498
1372.560196 1703.766739
192.443369 1926.902777
1630.539904 1847.577427
1530.873019 1920.087934
1606.619297 1922.886944
1371.408257 1819.334548
730.108682 1875.957211
975.307754 1901.773390
1388.926340 1781.412630
1551.384727 1833.691767
1405.251810 1817.313829
469.672050 1886.036545
318.484173 966.031201
1403.538203 69.162634
1547.061432 20.686993
195.983703 163.811899
171.627375 112.072014
1488.832050 1926.122410
1316.687160 1866.647820
1656.249309 1875.807434
1547.719937 1949.931606
196.280599 1209.755060
1466.456670 1656.798809
884.309351 1839.812501
1493.673688 1797.209880
329.679201 1885.300126
1430.374702 42.522021
1565.829961 1934.290451
1063.659626 1955.564804
872.856525 1880.370956
1353.114060 1899.110524
1500.894401 1772.214225
1461.027991 19.574237
1362.887304 1755.481351
1516.481185 1895.969220
1485.204792 1965.847060
356.708382 981.643257
1006.302673 1920.026881
347.561646 902.251243
1363.027644 1854.345421
843.573737 1856.203324
1189.838036 1971.382128
1444.143232 1788.651451
1098.096721 1987.856952
1518.312584 1979.842159
1552.820364 1902.926484
1506.304808 1935.803001
1419.222476 1947.061858
314.570286 930.968554
1559.553353 1762.504211
258.635234 982.926429
316.217645 1914.810992
1380.509205 1879.410897
1456.962073 1822.779410
1434.633550 1738.111695
291.450341 986.518225
1469.641986 1753.617615
336.516249 1941.741690
1491.126987 1917.831528
1028.151113 1949.242456
1560.962450 1873.119995
945.781372 1925.153520
1007.630763 1883.531418
1480.883856 19.244453
303.167126 960.893800
1048.631398 1920.203102
412.352198 1877.770571
1414.549039 1754.883727
1398.096508 1920.375885
1428.796413 1998.976061
1929.517896 295.122704
1512.912107 1777.496588
1402.368185 1673.881577
1262.387681 1978.916915
1479.882148 1796.842207
433.766668 1910.295005
1375.073952 1571.957608
1409.855900 1708.624166
1427.220411 1863.993673
1571.391650 1970.934887
1450.863260 1765.040973
1610.870189 1869.642155
1497.551253 1831.605237
1444.897870 1973.832360
595.116151 1867.621781
658.815595 1334.117809
265.680349 949.438630
1466.497173 1854.737782
1672.058953 1836.397769
1423.205200 1820.869591
475.712130 1851.579329
1443.299981 1700.708682
1140.244701 1968.004757
385.572193 1005.325634
1505.828508 20.128360
1480.359269 1899.914680
1352.506879 1935.263367
1554.647600 49.689931
1561.209959 1809.255842
1582.063400 1834.885945
1345.591630 1786.168132
248.859095 140.531919
1567.275358 1908.484727
1164.198351 1994.589343
1645.981669 19.352405
912.324560 1935.167362
298.976143 130.290737
981.290472 1856.625483
1521.866629 1985.845686
1485.512948 1695.992698
1605.883274 2.088144
1556.684005 5.281574
1419.641943 1779.891476
1535.517194 1796.507438
1591.319509 1883.320769
1527.640868 31.635769
776.919410 1859.077398
1519.510928 1821.550487
1452.607882 1925.658207
134.536844 87.319309
223.801162 104.245466
1444.120535 1986.527342
1502.145310 1959.718798
1597.420774 1915.056289
1104.221447 1919.659754
331.808274 1850.774031
364.665490 1872.202139
1401.600295 1850.258060
388.792196 945.646327
873.910745 1921.793902
1432.601159 1836.997317
1392.167729 1998.386397
93.696033 60.170023
400.710510 974.467018
1443.804627 1887.370573
297.542867 160.396547
1396.667647 1737.527413
901.760648 1900.190271
230.441616 945.986392
1442.190751 1914.666434
1534.924204 1860.574100
45.812271 35.853369
220.596670 1947.592437
667.164047 1372.324752
1573.302754 76.234340
1468.709619 1855.067537
1248.020905 12.445154
457.319102 1822.183087
1670.343196 1974.712541
1405.696925 1914.717353
1511.597246 1736.663903
1105.363120 1954.305959
272.458160 1001.011144
339.831637 1009.032705
1347.363635 26.584727
1637.421059 1908.834022
1246.769441 1945.018990
1452.040168 1940.027056
948.462830 1880.395155
454.274787 1876.905236
1581.761709 1984.536895
303.568812 927.160071
1453.706751 1882.350561
273.639160 1920.631375
546.538596 1875.178749
1605.295755 1799.734807
1430.876852 1653.341350
391.904239 1918.392612
1372.220768 1655.382979
1499.614173 50.796778
1139.859779 1932.729684
1359.636437 1972.601117
1611.504705 47.814963
1636.231169 8.885342
650.906641 1881.738045
1515.499527 1852.257986
917.632952 1864.893349
433.366401 1849.377938
1466.775033 1729.180915
1489.877937 1881.830228
312.743144 1024.837671
1422.684080 1892.453753
1406.160832 1982.412640
1555.516347 1952.018805
1584.046132 1747.593947
371.517375 1976.438396
1544.245458 4.188598
632.577348 1852.084793
1421.823723 1795.689702
1479.318908 1987.760034
1391.872921 1608.526543
347.334648 937.615649
220.044845 143.454063
1890.576555 1375.130391
1834.933043 952.878519
847.113718 1416.121791
755.701097 1494.682434
1897.459778 1034.413977
1664.014631 635.297462
888.246744 1421.274406
1743.931148 584.117573
1679.524516 818.319388
1872.534995 1203.387962
654.987908 1561.416500
1059.916506 1300.106953
1795.156573 1140.079613
1537.800374 484.661898
1103.707109 1376.195205
956.193257 1414.552744
1639.340491 507.906778
1817.757107 1173.157700
1773.054012 702.440306
1785.779712 663.607164
1643.429414 585.683941
1133.837131 1315.974681
1915.118408 1264.037047
808.197897 1539.495096
1878.187483 1000.002583
217.570186 1361.286662
1852.891868 1306.232349
251.830434 1290.646692
1167.215301 1299.680727
360.995011 864.264707
755.000730 1570.002760
869.511734 1452.466628
1768.656877 887.150718
1851.411337 1178.926463
1219.101465 1246.169119
1647.149181 678.258077
1756.353527 1202.468752
1819.337023 1027.750717
1095.466844 1305.228587
1759.049369 748.974972
1801.818838 959.649858
1204.046699 1278.850174
1810.236571 630.344141
1912.780265 1401.764756
753.867381 1534.600909
1886.964443 1425.280901
1627.712052 608.833485
1608.633207 492.975311
1794.729061 595.284133
936.215391 1456.037301
920.445524 1544.609390
1754.640026 994.924300
1602.624564 554.509560
1681.847949 469.559915
1721.363052 541.494455
1710.273045 653.648763
1548.366465 453.895948
1771.854831 563.386911
779.874682 1462.690298
838.726949 1560.911866
1697.620874 783.396256
1840.571969 1072.670614
1872.067005 1457.509608
1797.679095 895.614397
1646.213644 565.041846
1566.455346 426.811631
1809.374259 1072.151502
1689.025587 680.204770
957.112054 1328.596276
1659.361633 521.330492
1140.293404 1249.367942
1668.263892 604.648116
1834.726540 988.586899
1713.451674 461.557610
1834.445290 809.416416
1605.355006 574.825052
847.241501 1527.535191
1749.499927 778.282702
1172.769567 1227.811732
1852.666223 1117.089222
861.276498 1500.199849
1328.315094 1257.214734
1822.575450 1319.851917
1045.873399 1333.742614
1768.234587 808.005382
1598.662071 418.542209
1875.047615 983.691438
1923.237748 1363.124341
1720.879341 990.348361
1036.083090 1396.261802
960.762869 1477.364186
1057.571042 1360.474068
1012.421854 1342.618147
1773.517152 1305.010401
894.083583 1524.300145
1822.114594 1370.278137
814.550515 1504.026747
166.932233 1460.220561
1753.619076 926.740833
1855.537431 845.840224
1857.492123 1232.453118
927.406136 1388.104495
1905.137841 1214.982124
1762.226443 618.393499
1561.128871 543.099474
1820.743056 850.372629
1683.210299 495.770911
1555.800491 503.892401
1851.249471 1340.141433
1692.899080 623.603611
1802.306653 996.885256
1822.663551 756.136223
1706.528700 591.490621
972.954083 1383.134398
1874.170801 1059.478654
832.001390 1476.752754
1704.890527 729.167975
1171.813715 1264.670974
65.932546 934.075289
1881.113665 1094.837225
1852.224893 1272.736575
1686.464496 541.315245
884.464131 1381.581341
903.583410 1462.405299
1286.903670 1255.033717
972.049501 1444.873864
1109.338863 1342.032368
1012.092633 1299.673056
1251.986161 1258.258842
1764.752576 1027.547770
1575.332433 593.171856
1799.422808 1210.220157
1790.592843 857.291190
1570.567959 420.515150
1321.683674 1223.114924
897.877560 1488.328686
1715.409144 834.752154
1607.430769 562.038975
1907.701231 1459.392606
1866.276325 1150.671918
1798.589201 822.681382
991.813207 1411.523158
951.890756 1361.584092
891.114210 1569.558025
1825.969064 919.020422
1827.574904 882.834596
1741.591693 716.028786
1644.213705 472.389065
1823.812070 1238.403127
1888.575583 1293.798301
1786.456191 761.165795
928.837300 1501.732304
1082.817890 1266.108459
1820.128052 1282.743532
1819.648656 1108.697688
1575.386043 514.192626
1652.266276 711.618402
1128.359075 1279.855496
1841.047719 1435.051698
1707.194961 511.458467
1799.932605 1260.284921
1621.447817 462.738564
722.229777 1519.026532
1672.784778 571.690738
1851.161187 1024.321446
1584.796911 464.967880
1880.443939 945.762554
924.014675 1423.081705
1832.711393 1143.079963
1884.921443 1256.630241
1724.459100 748.757379
1735.985969 888.744879
1860.594573 915.812696
1791.869081 1047.459705
1840.313300 1207.170160
1782.180415 1173.005286
1761.710841 843.682045
791.445421 1568.177358
1896.716556 1178.029228
1660.043067 516.128409
779.338107 1497.368070
1069.347245 1396.322100
1779.959484 972.488540
1783.511676 1096.438980
273.080351 1260.552767
1724.078083 620.265389
1721.227573 939.568107
1628.639465 645.450791
1792.862327 922.808785
1637.790395 549.806105
1854.509488 1379.983089
1754.924485 668.729292
1612.619254 453.976252
1791.856142 1207.630010
1707.467958 574.381733
1723.839169 685.273966
1849.559396 1400.665326
1717.444833 805.994782
1717.208279 650.718190
1792.715924 933.407644
1163.881698 884.766803
999.168764 970.757239
1072.912313 1085.771646
996.481654 899.383173
946.100445 994.556577
1262.226754 1072.377207
957.718759 1057.419187
903.747565 960.513950
1006.266189 1032.937686
1067.499524 894.948490
1346.968839 1050.265328
1340.858910 1168.302061
1281.536635 1153.099529
1266.244791 1115.527090
974.324885 784.550860
1268.244899 1080.629041
875.124577 1095.479645
1389.925225 1893.337718
1184.701289 1049.026383
929.823873 946.361426
1110.457472 1053.488953
1243.273966 1148.797038
1405.172295 1077.861917
1129.037593 987.730810
1251.238491 1220.959421
1047.654543 988.622297
1312.762407 952.946885
1421.104175 1804.989052
1400.480534 1164.442758
1216.436098 1233.036058
1334.923113 1120.561649
1015.975428 1152.177801
1348.136520 1214.777672
1172.585178 1116.799755
1376.973005 1123.161187
933.740608 1047.449819
1131.665264 943.210657
1220.240248 983.339335
857.882424 921.459296
1229.093297 1110.540323
1372.420690 1096.157319
842.033590 943.751929
929.818809 811.421143
935.240204 906.828110
824.486127 988.139131
1392.555566 1775.752763
1022.979511 1027.512148
1081.242368 956.433842
792.177692 881.318821
1116.299154 1053.900456
924.910262 930.833894
1065.113135 1019.632309
1336.606890 1161.105931
1040.109433 1216.597901
1328.786247 978.247054
1088.290640 1129.639859
1318.696510 1059.337932
967.119185 867.880455
1212.075300 1043.266903
1297.258756 1097.904505
1183.377266 1187.697110
991.952972 954.425307
1064.156617 928.483366
1336.564608 1102.712733
1077.392279 1014.810076
853.777467 888.530853
1284.333696 996.863915
1034.800027 936.475213
1371.059786 1155.020675
1109.294584 1010.697041
1097.607406 1130.201963
1336.874680 998.259983
1219.437333 1157.657546
964.049185 977.682557
940.126266 1150.088599
1019.012299 978.664241
1178.094194 988.283511
1146.698080 1172.119644
978.964676 1128.530983
965.111349 1017.999432
1462.077071 1868.627776
1133.877943 1138.676713
1375.093131 1740.686983
1250.098390 1017.493285
1026.873249 973.012412
1368.994737 1037.759110
1040.945617 1088.745698
1147.615879 1095.171680
1234.993912 923.857679
1043.482447 1082.795480
1080.128355 1161.363259
882.235260 938.637799
998.196612 938.028687
1061.822104 1118.189952
1135.571976 1074.918190
1070.524598 993.327977
1054.604751 1043.677854
1027.336949 907.264607
1036.101928 875.715185
1352.090650 1806.000195
1255.692367 1117.142837
1182.467340 1157.038645
1214.294614 1198.653207
1358.016990 1130.300684
860.771143 1041.541412
1382.570954 1202.908768
1059.727610 982.278036
1096.569764 930.320797
920.574843 1015.447815
1026.334009 1014.911645
980.599557 879.226320
1189.730558 940.506151
1089.000572 960.230745
1255.582180 1061.930821
1145.479531 1041.055905
965.290573 1012.522819
1164.085764 960.328020
852.597156 972.508228
1033.146099 1093.256158
952.372455 959.812396
897.583172 823.768227
1134.505192 948.961542
824.919819 901.130764
1320.964187 1016.419653
1097.218647 1084.548530
1364.449540 1703.549545
1342.537911 1089.068641
1255.147193 1140.422352
1049.327163 1176.771195
1160.030821 921.508661
1249.614332 1074.756868
1333.302215 1776.399032
1288.267516 1057.854171
989.366515 1045.443837
1019.348881 1113.751676
1023.892917 940.431967
898.356010 992.401220
1189.619650 1050.014015
1302.435637 1132.088242
1148.228989 1134.771645
910.176993 925.799365
906.724924 866.101090
989.555420 992.061954
935.870400 1051.827421
862.510787 1005.164671
1008.553335 869.187071
1038.965444 1144.056581
1386.973810 1816.334779
1418.571881 1892.917410
877.178661 862.744948
1374.125532 1001.400040
1304.580304 1189.219132
1441.487087 1861.092223
1268.361782 1195.200625
1302.372302 1103.746291
1326.050317 1138.297306
995.518902 1090.356013
933.640377 980.638944
1196.483311 1021.594262
992.342538 1105.332289
1408.146810 1124.811227
1456.916792 1831.379604
1191.521116 1118.083313
923.177566 1018.723758
909.665352 1093.166097
1396.333522 1847.827455
967.576301 908.228986
1310.778666 1057.894800
1276.269530 1089.886448
1229.803029 1044.035463
1107.832798 1164.771774
1250.194444 1025.647529
1002.338672 806.172608
1295.385290 1164.566040
1240.001944 1175.646179
820.887148 951.447682
1218.093683 1079.284349
948.974788 1100.867774
896.352348 1060.509793
1192.700310 1085.523652
1166.593269 1019.884736
980.466915 1161.721586
966.002618 1124.355504
792.345963 972.767105
964.083915 921.393361
1022.809243 1061.522923
892.748027 1027.521199
939.366457 846.847542
1225.340878 963.292700
1070.785462 1049.234314
1122.527586 1110.896000
968.994153 1054.885226
1376.085814 1185.579884
923.006922 890.521456
1112.940523 1012.800699
1175.678591 1081.436595
829.833555 1021.687878
935.456547 981.655790
805.180238 920.063978
890.541063 890.861818
1576.672188 926.953711
10.586356 881.301044
68.211192 915.711006
144.125779 851.525042
1175.063779 894.795983
198.151217 910.005931
257.817733 862.171925
893.555273 861.511710
952.767256 884.514548
1836.797496 969.940076
1222.813463 848.203322
1475.159050 914.258733
664.498513 1034.091057
1210.984784 881.061613
1798.477628 952.801742
1963.178566 889.415830
155.044972 968.735789
1763.682110 975.200482
1638.778907 897.468686
36.758244 1002.265518
784.182999 875.434515
1807.461145 917.291558
1040.574079 884.479656
1954.545279 951.424755
59.657459 922.535934
1203.273280 914.690738
1669.975690 975.627577
694.122268 1102.982903
1740.124858 948.505694
1726.753231 916.616025
8.507973 863.678357
1552.237251 952.093805
863.377606 821.982008
715.207922 1056.752845
1876.218600 909.994678
1066.416383 902.884919
845.278952 891.675377
1738.958088 881.614043
96.022815 876.216916
1618.410221 991.536625
865.923484 863.228831
861.184922 951.834375
55.658421 989.998795
76.346989 948.818405
1611.924595 916.576449
204.483438 879.491164
90.369419 872.690905
687.044461 1061.787834
147.923615 961.248207
50.285053 909.153367
56.553297 827.259087
1672.554133 908.139896
1708.011314 907.081911
113.358202 777.981248
653.602968 1067.298402
1861.373341 805.878327
1542.587466 989.839847
709.190155 999.236213
88.715903 909.476403
1281.918429 890.082226
137.437497 926.986866
631.649567 1019.799770
803.485972 838.747503
1718.828815 976.612205
155.172778 927.399961
809.672705 945.239269
1911.339581 909.292426
142.095031 785.439158
1103.353017 869.745443
883.892484 895.523759
1707.082033 947.111255
689.620140 991.772293
1578.461620 973.359157
75.322345 837.319873
1953.334796 988.976283
733.391288 976.995828
59.463625 877.096675
1050.087484 846.475194
1914.838814 948.729283
140.467297 824.805789
959.227995 956.817492
233.665951 931.074349
1353.636821 908.083566
1641.552650 966.530940
1665.233191 873.297341
1177.709197 861.042418
1356.188225 872.412196
1955.382184 851.304368
1992.617898 954.300096
15.549983 921.116004
656.429272 982.171719
239.760898 945.627053
28.993730 968.309635
831.483019 1032.601209
182.101946 871.399427
1166.180607 929.596913
1247.728608 898.669924
755.284320 1044.147706
188.771965 838.177078
900.065011 926.215554
170.027196 1040.261689
10.970519 984.444319
26.305477 904.803301
156.932027 877.788488
63.842725 1043.608721
174.777066 854.913074
876.735095 949.164574
1940.788912 798.746469
1773.661851 927.651557
97.713787 811.618590
1791.409111 885.737055
1574.991688 1012.903154
870.326626 986.256757
1514.598748 923.003699
1003.152471 837.027709
1855.342677 856.095852
859.346315 855.462959
796.546073 934.152621
1569.272929 892.994779
1024.933197 869.148509
138.230411 890.411238
229.305044 854.396080
1829.223058 861.616658
939.986711 914.307217
617.665984 1053.553621
262.564353 893.172206
832.733962 802.802320
1838.501142 900.284025
113.852762 931.802267
1604.571286 948.208053
839.201058 926.883649
721.375347 1029.237032
927.002208 946.579248
1073.472603 824.629689
898.529153 825.142521
1932.822411 920.294537
102.610996 877.530905
84.351712 1030.545952
180.320839 906.438222
1998.200934 918.348808
188.844379 1979.824823
90.741395 943.951882
18.345537 814.386091
821.254420 868.246060
1104.596357 834.746843
245.440351 823.932273
730.417771 1086.371489
185.517447 983.451559
1874.294215 945.395869
1140.489322 869.454900
1099.890046 913.679348
1273.364029 855.038491
842.190714 990.745085
623.271111 969.587754
933.156367 854.970677
909.207316 892.751028
157.891957 787.306275
1033.590942 961.531016
975.362101 914.799834
1135.180656 904.020075
1278.712984 926.434041
38.082874 871.552440
1328.358392 934.011363
1535.791707 908.369079
201.493943 939.518505
1245.982052 933.266828
112.365902 1024.083327
209.659137 966.484373
1926.544654 880.372092
1884.518873 873.524017
925.021059 776.483482
98.373698 968.759844
949.675489 822.252206
1702.472562 872.464410
182.682514 989.333679
121.348626 984.328574
1680.434800 938.901818
1752.943669 912.322343
41.649181 940.489404
967.284687 852.061465
1927.414312 954.764057
1838.039825 935.720572
209.842771 830.084049
1076.095084 870.379184
1902.697781 980.136941
1948.191871 913.866583
1647.182727 933.020994
1980.749130 882.134264
992.536811 884.352783
164.393284 931.028040
1318.158516 897.314672
203.009541 791.919185
111.722574 843.245353
1620.214800 955.172476
1606.965857 880.527718
1050.293536 934.353767
597.481269 1003.636613
121.284261 903.554303
1896.532821 850.643230
224.938889 887.591097
