624.606392 1099.551835
379.892685 840.384227
1885.589882 1281.605368
440.184977 925.929189
728.427703 945.794176
526.732055 971.956274
1907.000356 795.646667
631.501694 760.042034
558.506999 1012.070503
718.866332 923.829001
448.880658 958.786842
716.616843 1024.121941
1896.355834 1099.143701
548.903126 558.912320
471.877963 883.273227
1923.318443 1073.112497
628.656672 790.598125
399.881325 759.494014
1869.771555 1246.905841
1913.581203 761.824471
681.058059 1061.333719
1878.011339 1367.332163
352.862889 861.652525
1933.505629 976.957403
437.055708 1076.425038
1959.154662 1071.592748
451.652202 918.036868
697.199144 993.547882
1922.139158 917.561235
1862.764329 1044.489652
479.959161 743.765897
600.261200 788.713957
490.240496 923.985011
449.324491 1033.382324
1904.705164 1249.122771
604.485369 966.567717
442.987998 806.493068
657.236159 1001.082028
420.186653 891.452882
616.999827 925.136219
497.804535 881.730491
572.490108 817.215104
461.420441 985.902279
1912.831384 726.056852
361.175493 917.203110
654.484807 377.603825
617.770902 965.931127
615.252564 565.440107
576.741196 908.993450
696.729889 762.830097
614.324431 821.793253
625.108766 1043.306674
420.737420 1043.675412
475.707828 898.188457
746.577638 898.476235
1946.563090 662.738938
633.350336 866.977200
607.378394 494.832254
698.560083 1009.291666
1875.902651 1141.203659
592.015542 877.504668
1893.507592 979.101240
1905.515646 649.148728
382.293017 949.083818
640.683783 1020.352737
413.971293 976.104982
568.825887 696.886597
610.671288 871.643783
1891.156438 933.723165
602.466299 704.599898
526.923910 1052.236217
1917.760601 689.369731
481.167165 946.952205
507.768410 977.204060
1882.864719 1076.255064
563.449157 867.215967
599.442723 945.503657
479.255137 1685.455544
654.357654 818.270436
475.565736 835.412621
512.796354 1042.102038
1916.347424 1138.789345
702.989269 1032.610849
374.064087 897.228004
371.689499 985.185598
674.267113 961.903273
1882.418599 1322.766831
606.020147 828.265339
624.724444 986.633988
396.414954 1004.942322
688.449185 916.655816
511.015806 756.493451
434.106157 873.619076
1935.872187 629.258947
564.582908 825.656900
533.906105 896.960696
543.050112 812.504476
611.528779 1098.882479
362.945169 806.602026
553.524353 971.849399
583.482279 551.682947
661.915744 891.281797
479.237886 1102.933894
393.724497 910.186811
502.382570 917.417518
527.645503 933.926885
690.202209 857.656230
626.990840 987.898127
449.066764 866.355471
474.096637 1060.703916
541.317185 1050.365125
644.958965 1071.150449
392.378618 862.632157
475.066992 816.519962
600.369713 652.175327
523.943211 843.571924
1898.453494 1038.909178
586.678493 1091.596872
505.710716 1067.740885
590.956888 867.812864
367.062462 1021.664470
499.929040 1011.726832
517.818404 1020.623382
546.338174 763.156784
586.835712 923.825762
615.183779 859.589681
441.546397 738.985017
594.188960 600.192407
518.696523 1013.609767
712.053364 879.122198
631.915273 949.901094
661.943546 877.656208
495.177890 964.643012
461.620321 1005.482695
493.540137 857.818145
629.579170 423.239045
553.783397 720.173503
1920.831512 1173.193845
580.265461 1006.365801
489.293903 782.077649
1947.684493 711.844104
730.865518 852.852450
1914.371982 1007.233450
573.770377 766.288378
621.766429 625.122966
1944.908848 757.693701
1887.061536 1175.202577
578.735456 980.390029
539.117872 640.936282
634.588511 1045.500529
533.876970 998.210639
674.528963 788.002331
485.934750 985.383894
534.351675 860.156410
672.789574 940.464658
571.339993 1040.749437
497.651827 850.823464
599.543297 747.751591
725.057081 924.308488
574.796452 484.241277
621.228889 461.205605
1909.009606 1118.083887
535.488285 1096.847840
469.354841 945.013181
589.766302 978.832576
508.776633 818.697189
1872.051664 1204.200011
661.330674 1093.170706
619.451201 379.928443
555.539586 996.721758
592.941544 1049.291739
561.718575 613.869465
601.965185 865.918308
552.442458 795.906841
726.095802 986.547326
322.320495 922.171449
1908.983670 1207.613880
695.172993 820.777827
608.420987 929.654758
656.914640 923.467569
438.784071 994.382093
486.161505 704.263213
365.290807 977.910619
455.072990 775.466695
422.281302 951.877281
521.692484 792.886178
361.972573 939.393048
567.376215 516.592213
1864.352568 1111.288795
556.774689 936.364680
322.070869 959.584811
586.040413 907.736807
510.637124 1107.393200
642.707451 1020.023730
566.921359 662.628420
555.015973 881.802205
1944.283884 1121.529300
407.644096 831.084693
1969.225323 685.400870
1934.322101 1038.996219
1124.597963 474.731724
571.422610 172.610212
1129.123222 624.585049
873.433138 168.883502
994.013257 406.228183
734.078467 91.167888
1134.847545 666.575862
682.068089 224.332712
1550.324708 839.945531
942.147674 484.311188
960.756107 168.722128
1012.424594 576.865148
1068.888968 407.198097
497.683662 207.322076
1225.124618 572.839282
1188.012912 502.289305
622.104826 219.414878
1091.610087 339.933925
714.335269 177.554191
842.624528 194.429162
1024.922673 616.869098
1479.274535 756.781137
1198.858914 446.634057
1539.152680 873.087250
956.233343 438.902112
454.364477 113.088520
979.501562 451.649207
530.010222 286.552246
1081.093330 598.515062
548.231042 224.107488
925.423662 191.653102
1119.867028 604.835267
441.514559 214.375585
973.744038 475.440517
1078.799472 659.842949
658.645798 252.722629
966.953446 650.215415
1405.269091 665.457116
1147.291272 494.303054
487.850477 233.301520
953.585178 616.678693
1059.875295 500.103137
1097.630950 538.535756
1092.352974 623.187403
1168.332271 616.481324
1229.848012 502.950863
570.564130 247.615536
1010.017056 473.075269
802.616569 264.000834
1309.247573 614.626203
995.702051 172.552540
561.159573 130.606766
582.959025 234.804031
1031.713313 453.800448
737.276979 203.065068
1168.249582 464.053235
523.880418 124.711066
656.814213 174.694379
768.094757 174.239621
1199.185133 634.899747
507.298588 61.062500
912.846216 564.502050
1057.314689 547.416171
1086.446729 364.496003
702.311478 98.245321
627.558618 74.211813
978.538206 372.464765
727.275461 273.152201
1053.979134 640.857099
675.922648 67.443127
604.361869 200.115438
590.725334 233.536386
604.692940 186.613548
646.873831 110.185251
956.582992 268.829655
985.323673 693.557468
1193.892000 566.027731
486.976831 159.949909
1076.680309 513.491695
870.131509 482.608400
1249.435255 637.357272
833.951974 132.415857
687.579496 129.645031
1061.731624 455.617316
472.365957 141.078439
594.500998 87.658041
947.554508 379.873875
941.756124 134.750046
452.113890 165.416314
814.904924 171.658149
961.216526 210.681974
1116.046896 508.073330
1141.766233 435.758904
982.888134 569.755649
1274.075074 612.108565
1110.703664 460.967458
902.610664 128.682807
928.431626 380.131213
500.559071 173.294444
1030.727824 161.780998
972.907901 502.621782
791.666571 198.153315
1050.674463 376.845333
1048.548992 589.615245
535.298654 185.216764
1121.471359 569.962508
626.559007 141.979923
598.318886 52.888173
1128.595864 536.108520
662.960780 130.896530
1014.600815 368.834423
880.266152 239.333991
701.199294 162.627990
755.208871 207.906634
1010.301544 497.850828
865.373040 205.966528
714.013429 241.424801
1070.154745 463.885706
1005.974703 405.112037
963.618248 550.311155
1127.147551 382.533775
1098.763329 446.408135
676.247509 191.601762
1159.399453 553.174769
926.170744 231.452425
1259.775826 570.669463
1162.271424 646.344860
712.070738 140.471257
746.003278 147.892185
477.697299 90.101928
1039.202168 477.513897
958.580855 473.192502
528.198806 251.192715
531.733057 149.544166
638.336505 208.272432
1199.738358 599.435555
900.298115 439.917801
1008.591747 521.160539
1449.707058 737.741448
1029.715076 395.261974
867.856797 293.544907
1198.993576 534.320888
821.755546 225.140553
981.033450 243.467559
886.099850 452.942895
577.640114 269.725553
761.622334 269.596834
1060.009852 502.989731
972.628473 542.292117
1025.810609 407.888389
965.639882 416.841263
1504.948094 813.324206
1054.299227 423.256609
911.093262 433.957616
972.276965 516.906218
488.405774 265.294654
743.941122 239.379030
1023.208063 661.632416
828.239082 294.387781
1052.812305 534.712175
560.572881 205.900942
1086.278485 413.669954
915.533283 263.702235
563.988268 210.135937
1014.928351 452.411033
944.667000 543.953646
917.970468 477.118518
1159.923681 597.892747
601.095182 300.765832
995.431126 587.947104
781.025394 230.837906
868.437095 517.857292
615.521375 264.232519
1580.607391 923.701387
952.539189 510.776485
1015.692158 531.792010
890.636028 550.270379
899.707688 201.098869
1114.103793 663.324991
634.381011 40.474525
908.591190 160.075377
841.455194 256.261372
511.936350 237.055526
560.248486 85.569958
918.742635 523.047836
785.165844 298.429778
930.412652 429.081093
611.498055 116.785347
527.099703 207.547934
601.063740 149.868547
1033.803869 520.187876
1110.594267 502.096416
616.467847 156.360288
555.168564 161.676739
662.008354 198.647385
704.103362 213.781082
786.023131 141.513835
516.117582 118.749603
1073.957536 568.393085
911.122107 406.540096
439.932465 219.614803
342.011035 315.550230
412.031977 171.972853
442.484602 444.635590
355.592911 226.524660
627.032321 294.669122
360.749222 451.380343
279.762418 258.530042
410.401186 370.069186
355.297341 346.132324
551.444004 189.354470
621.968165 256.295076
610.937073 303.009335
539.786509 291.094149
282.494220 302.829991
511.771326 208.687083
324.815259 212.022258
358.560744 314.362233
558.059500 247.633285
377.221404 448.809709
463.174075 313.830987
519.280600 256.755237
613.514517 252.670939
443.820983 278.867749
529.963740 277.732663
397.275111 228.094609
525.876754 191.088055
478.107739 347.445546
667.055643 287.477871
564.755298 419.118500
610.296949 368.698148
339.026224 166.227275
552.392828 143.581386
450.433800 140.267510
489.950870 141.860594
327.717254 337.818564
382.773238 48.819507
493.726134 396.867099
335.290477 469.846300
483.532090 219.598227
573.457050 138.637254
220.676150 242.189060
279.975684 381.642552
226.840417 278.179778
221.241575 394.199498
447.556350 170.843580
383.968924 239.882556
395.099785 386.589557
155.041077 181.465865
444.279735 183.994837
195.900542 152.881577
392.973422 266.916823
657.337629 243.987055
447.088975 205.106241
397.082261 200.512241
534.941666 320.760380
576.253680 232.181947
219.432595 157.597421
576.441775 309.108148
526.682873 450.399863
452.876563 416.900376
234.444460 195.669583
512.617163 404.561857
413.569005 541.687143
380.995089 346.121125
193.328223 182.609580
474.868159 174.032346
476.719908 466.881428
640.851003 225.064747
466.728041 258.675119
512.833338 292.197941
511.383770 356.607912
483.160615 224.277086
241.095481 30.450509
372.980340 202.781440
281.619989 93.331630
483.163039 302.672828
411.496363 78.182663
422.299264 373.225895
439.897822 394.413451
424.433876 108.408527
436.525227 306.878690
408.813504 239.874601
459.860388 281.728968
383.793422 415.774348
582.880680 173.072985
468.401184 369.090763
539.374417 228.697154
565.025142 421.635387
459.674920 241.926970
426.940379 413.755044
231.545951 314.098117
426.687418 404.474665
268.372402 215.370178
465.638498 540.264788
391.648058 277.837575
442.980657 362.127483
432.172636 451.884939
343.785757 355.679229
229.325664 105.704090
553.311608 331.565544
374.411076 165.212054
587.655614 276.364820
619.355394 168.044244
302.291566 288.371335
525.923424 135.426577
345.638934 192.999469
353.943550 85.610489
408.735182 474.395263
458.224293 380.759456
282.254221 263.588264
476.181494 203.761716
492.987269 269.555375
533.825335 534.497447
526.250105 409.886691
392.748979 190.014957
516.136989 357.958085
268.238365 352.888336
375.727086 378.584708
289.026781 190.281732
1984.498913 7.166203
431.660655 307.378679
236.730032 197.117468
544.465396 231.790123
373.038796 517.372338
437.507361 490.984803
578.899878 367.221163
565.681897 307.707665
500.565079 311.831203
444.840449 93.901503
560.599704 395.953433
371.868752 291.504969
402.258832 298.879823
419.891415 506.301588
359.505471 260.501777
441.840442 356.331268
318.284123 414.170309
328.268896 186.325825
604.993568 340.476688
469.358954 334.945909
188.149813 343.855564
308.876155 325.041571
407.966383 328.951979
279.820107 48.783461
284.112956 132.955467
322.488074 297.916080
307.862510 154.075462
312.977123 248.319960
313.446932 80.265689
281.479469 416.764162
473.964684 310.392248
563.141755 106.035281
432.312769 322.151302
372.051911 161.080049
552.457161 188.070323
522.887940 103.424637
305.889692 125.275413
352.252314 229.446512
456.345212 239.297991
315.042572 215.656591
511.440469 371.628678
404.535951 141.636221
503.752423 165.869969
281.666835 220.699513
361.051908 421.289694
419.055973 272.956649
253.092693 361.024878
569.420288 268.352334
488.331764 432.439146
565.085468 353.051119
413.769661 204.238057
541.682113 363.073374
401.950764 473.978683
604.256797 200.122307
419.092337 438.164748
183.774776 235.635653
375.104874 275.025218
301.391230 185.716846
329.830199 366.989797
422.477443 252.701207
482.023028 282.385053
384.690078 419.502640
390.250803 334.396708
190.234957 270.037868
360.469793 484.869659
382.927987 113.736337
368.924083 123.365157
296.295156 341.637806
535.599280 489.989974
334.385998 268.519612
451.372514 465.382921
503.273629 252.736466
584.933486 198.757101
316.675505 374.781604
493.330677 493.346401
519.324222 310.665054
250.848094 123.533810
364.511986 384.443960
1980.221172 139.093043
306.340224 449.750040
1104.483424 1140.061152
1393.002159 1265.910614
1640.031720 1192.936424
1678.795414 1202.140297
932.325002 1067.441597
1675.330741 1165.849112
1778.344258 1315.433327
694.800271 847.914053
735.077933 1026.971256
1333.900899 1286.472655
1063.555023 1290.170168
1066.160846 1193.731105
324.886781 1742.483937
1513.929314 1190.289298
1278.005905 1252.392510
1627.930033 1286.452315
1672.759630 1249.202653
1175.226766 1326.762619
1358.755034 1391.880559
1313.033736 1205.684066
703.024988 887.645986
1305.889884 1167.906416
893.133351 1123.026772
1427.153677 1203.867844
1567.978480 1295.434891
1438.893004 1267.907872
1172.115064 1294.383253
1624.879552 1216.990101
1222.351905 1203.013838
1216.136109 1297.288907
1598.798785 1207.782589
1089.574010 1201.356384
672.230525 927.574627
1985.137105 1323.084087
1317.640129 1251.629641
833.946231 1042.173117
364.578983 1745.572321
1505.415503 1234.391173
1705.157294 1235.359716
1063.594595 1131.461879
1757.896567 1330.888718
1594.667576 1313.238597
1686.731683 1269.128686
1449.885189 1183.729103
1308.657743 1348.015664
1605.011085 1187.744576
1620.880022 1195.222468
1972.729476 1290.352700
1654.477281 1396.925897
1668.379769 1289.771335
1580.603170 1291.205108
1189.642859 1228.151357
1554.830719 1309.304903
1706.334222 1254.369038
1579.574545 1119.068862
1291.788619 1219.296787
1027.524959 1120.579038
27.018533 1216.406834
1637.165478 1114.640978
967.915289 1145.038372
1713.528266 1461.033777
1540.739722 1157.330593
1612.539682 1165.486665
1197.786901 1263.097410
1657.869538 1134.987874
1722.662428 1219.904515
1615.979558 1437.135333
1371.014822 1293.895164
760.743889 789.742780
756.797396 875.050363
1432.193648 1323.907338
628.322690 853.580415
992.050578 1121.528111
1777.052412 1273.641119
1369.023382 1144.971866
713.950684 922.801112
1631.794393 1408.526866
765.222402 966.921293
1355.881419 1260.126680
1677.398568 1326.432606
728.364169 965.219284
1757.007357 1257.108196
1013.837731 1196.440540
1165.430066 1260.468348
1148.878747 1236.587714
931.661680 1130.839197
1048.331787 1225.184844
1658.691249 1362.589815
1587.765938 1257.257512
1588.213375 1325.623539
1979.646631 1247.683446
1752.925842 1211.083500
1572.128793 1203.664529
344.707533 1708.708935
1521.555179 1078.121715
801.279683 1055.712431
955.435421 1105.418539
1985.978364 1373.883250
1480.686345 1211.908876
1629.074380 1263.437943
1592.310532 1410.465110
1345.610965 1184.131473
1399.725741 1204.874124
1490.167719 1118.143673
1258.150103 1358.369331
1508.361085 1144.458298
741.797916 901.180010
1570.843764 1194.835559
1535.730651 1284.008681
1579.860543 1356.933908
1271.416547 1211.556219
1078.640221 1163.381735
1565.135428 1188.166609
1035.285628 1152.300525
824.938068 1003.837583
1536.436307 1257.340401
1548.088140 1107.815408
643.448818 896.560806
997.108298 1167.150738
751.204043 935.932176
1708.713429 1326.889287
1535.218636 1120.027690
1259.405406 1316.127350
1611.693707 1088.553020
1570.666717 1242.621364
1688.455172 1270.025388
671.978045 876.909856
1558.155663 1393.096929
1457.943392 1101.458867
1163.898625 1205.235124
1694.173828 1165.086869
1644.366142 1145.951833
1687.760478 1217.581151
1002.989008 1294.765718
739.366498 837.149670
1605.202060 1293.258705
1419.232230 1239.291150
1644.040619 1363.032190
1478.374645 1160.110346
1348.813788 1343.390543
1615.085673 1249.619256
1654.566379 1294.909400
1302.048095 1305.635738
1571.642547 1154.196780
796.835859 980.623825
1540.336725 1213.582273
1628.558304 1323.382276
1668.350514 1251.729398
1278.269354 1332.606015
888.860823 1088.046260
893.758749 1040.944324
964.859565 1056.929715
1733.872325 1158.192655
1948.691547 1264.145882
768.199438 1044.711901
776.429796 843.418516
1712.157982 1387.648645
867.403990 1063.993256
856.453243 1099.916287
908.564517 1092.750071
976.418776 1190.561985
1398.620523 1171.068703
985.393588 1085.849107
1132.145622 1222.394764
1473.998735 1134.221033
1553.179681 1245.051457
1614.134128 1268.683484
1363.846219 1225.154667
1220.407668 1334.016172
1612.125876 1368.038703
792.583139 1017.907193
1685.167221 1382.771076
762.187046 1000.540681
1508.950460 1307.086192
1648.966361 1217.896007
1466.165420 1248.678417
1238.483329 1236.841885
1265.114958 1282.566803
1382.589220 1332.088528
834.524200 1077.912388
1679.468725 1355.605139
1294.836795 1279.804634
1666.245245 1245.393223
863.245235 1023.851242
1204.187696 1384.585150
1337.907514 1229.157610
1157.617705 1170.591892
1232.615828 1271.143664
708.115549 996.859294
1406.309934 1298.243002
1047.239727 1184.447202
1701.174071 1201.573272
1760.686834 1385.619098
1125.233465 1187.441751
690.891664 960.792745
1337.128741 1311.066326
1522.948114 1338.234494
1694.493055 1429.932319
1546.339482 1347.327107
1722.388911 1283.085179
