635.634093 602.740819
1671.427615 316.208041
545.514060 459.028571
705.023925 438.741153
608.314472 567.936262
511.736739 515.501765
1517.957609 467.075008
1822.617343 397.350001
1495.390494 619.874008
739.360087 357.032056
683.364540 489.064834
708.469683 539.488371
487.335441 293.254425
1697.065409 256.009240
1695.520099 395.108133
1617.337475 459.394350
584.629221 389.616610
1582.162063 422.714270
627.980840 485.063099
446.506165 1720.612464
644.655597 530.225707
668.282169 545.784829
1634.564790 301.530562
1644.929471 267.049819
399.475024 521.614856
550.390071 348.461699
556.743426 513.261039
638.740656 504.329909
1021.023252 35.871752
548.180168 199.199430
1712.751658 292.235837
663.465010 302.679576
567.208625 492.832322
477.402616 563.606123
432.311504 510.774272
1616.597561 444.310002
1736.226001 330.605921
1614.499984 490.451604
657.855846 280.028937
1450.887037 575.498515
1633.709584 407.393431
1582.162701 514.694557
572.484069 441.876679
523.017778 1719.461306
1624.441065 387.485950
540.310770 1666.209036
1528.604688 460.246304
1702.096423 312.069362
1507.834720 492.927104
1717.587783 506.532253
1637.527963 474.069599
536.816730 531.087984
528.803785 496.192991
343.850151 493.663974
573.037126 456.726630
499.604638 1689.954672
657.108599 385.569197
486.436578 1717.722951
582.002873 586.936714
481.924376 398.451900
1684.665815 424.706158
1628.484745 434.532761
554.533039 1742.997534
1547.557469 417.721791
606.035552 549.710470
565.437356 422.989465
1587.193672 413.484526
583.883550 431.099942
1595.336350 370.565044
1813.443737 327.868906
1462.076272 608.474299
584.908971 1710.533218
1782.617593 405.275754
589.408845 538.737794
1508.075584 425.698237
1587.649329 558.390309
645.981432 445.201464
610.711585 707.952658
695.054231 296.417671
1736.720259 400.760972
1515.367947 504.960967
404.671503 413.951510
686.497545 508.668977
1799.246647 360.626333
573.653167 260.799421
1663.104071 496.730629
692.854821 567.525987
1723.061006 418.352279
633.995041 447.195466
524.953784 387.767974
549.517124 528.071274
1753.483374 182.082109
596.176840 325.884739
425.488574 1679.915254
1561.109877 471.830485
633.283192 450.211507
640.087602 310.338544
629.073392 589.321401
1658.987912 400.613170
1542.164567 500.548835
487.818105 1757.838227
744.198698 436.495810
686.312510 407.634291
1543.193383 540.431281
665.996971 405.722748
615.267265 314.737549
687.386221 371.144946
1564.919243 452.823092
1650.227806 333.086075
416.115661 491.813542
1576.957538 516.499213
578.417085 625.822918
1561.779269 392.599248
1701.254320 335.760091
1703.798064 370.702257
1474.398388 532.841973
604.415433 283.135445
719.378024 510.933894
599.428010 487.306476
1745.280815 433.811356
642.300509 370.841076
651.834272 478.401627
596.272833 459.245492
1782.626828 278.684597
581.604876 348.885155
721.386004 405.171675
1766.299684 240.890031
1732.544137 276.096276
1496.650181 556.836155
540.821207 496.380656
596.208043 500.699852
1681.001098 465.408979
619.019595 418.781899
675.457863 436.756030
485.522002 364.924979
554.077999 1685.929287
1736.865927 361.630199
557.404772 379.917048
1462.705359 550.240673
1708.995961 221.032104
583.171899 1752.523733
1484.472878 466.512934
1584.838911 340.023461
1658.573404 446.626986
1669.685168 365.310961
465.162907 1698.653480
506.721612 466.917985
469.199839 490.609841
1718.720783 180.846250
511.418193 587.744444
563.399874 536.569728
638.045104 334.096070
515.431619 386.871991
1617.025636 532.423802
569.934000 531.668387
660.250154 572.655869
1615.202752 502.066667
521.935119 287.198781
1583.694804 468.500356
536.965534 1707.703806
525.973455 1780.160726
1512.759590 520.927924
674.492843 519.140697
379.148208 484.209097
480.051713 495.453848
1627.827761 350.850656
541.739393 472.948612
664.357067 594.752948
471.011122 1677.953660
530.460623 422.316920
499.454013 551.447627
1769.724198 129.917321
493.609228 433.925991
571.421488 227.210918
633.755048 542.272832
1761.348138 374.786872
503.260071 528.273302
1716.988824 483.112369
513.616357 477.117658
720.227934 469.395114
570.122487 561.545223
1743.346643 214.439273
718.712772 375.816684
1744.719675 310.134947
618.558065 401.145531
625.011424 244.949222
456.744723 422.993775
535.659097 1734.944421
558.500451 399.625015
439.428115 474.191098
1446.753468 508.418200
594.360862 362.099070
538.041224 562.522453
454.168181 522.789990
1786.445779 170.565257
570.905299 301.924499
539.675886 419.550337
1779.789818 315.277374
589.294450 1699.673704
1674.635071 289.924640
1780.408954 415.255598
1476.387790 485.729016
1786.566671 496.397045
1841.026470 496.252451
1571.429795 399.904706
1507.415610 891.941045
1857.152332 476.668590
1503.837182 933.524294
1337.263394 396.513041
1615.487952 401.447814
1960.311457 533.185076
1728.112702 422.088046
1455.066669 495.531367
1342.878472 901.416819
1930.493990 380.090874
1889.476611 338.286669
1435.965657 863.494781
1522.177248 411.178121
1558.945919 949.606785
1774.588819 855.381928
1456.408045 890.080599
1961.438284 344.500569
1751.295742 392.877400
1994.316372 455.063277
1585.704080 430.878866
1320.652185 532.009337
1586.543705 498.894507
1327.480324 434.322406
1814.133775 426.160357
1350.257995 881.163968
1949.525019 513.538895
1861.957796 429.285633
1385.762090 397.242052
1615.273041 432.667284
1694.033627 436.525768
1443.889808 993.650031
1483.736831 529.269785
44.080040 891.630274
1823.985528 401.199246
1363.559454 431.711410
1440.159489 370.668552
1729.418494 458.623175
1586.125027 912.910774
1874.994270 368.165303
1960.231145 445.615544
1860.433339 448.611276
1415.905083 986.289544
1470.520140 803.299096
1724.862168 821.963491
1983.880402 365.566634
36.524017 461.419390
1413.133988 477.189137
1398.468913 949.923294
1448.810349 919.101416
1591.145876 878.417190
1556.362263 891.115694
1338.914802 854.652398
1476.883192 941.648981
1806.036548 447.746415
1972.719053 476.758863
1311.571768 484.322753
1442.440502 444.233258
1764.995075 427.135248
1456.610780 408.844129
1454.934524 920.870422
1409.505022 868.322303
1479.917471 489.961549
1470.888663 1082.301511
1681.145143 520.269696
1450.302150 962.667294
1627.369250 491.418960
1426.628750 891.725533
1472.029989 525.976893
1532.357612 807.890409
1976.891955 728.083886
1465.041934 881.914684
1951.304614 410.892037
1345.183689 464.621736
1712.283567 396.345620
1542.563266 368.682436
1960.063414 383.347798
1859.579954 399.342973
1594.313508 555.526731
1657.449564 493.239870
1393.354165 501.841774
1399.629034 919.629462
1533.007491 365.450659
1946.674573 339.254060
1365.100913 511.525033
1818.174773 493.480875
9.914350 434.977589
1766.008401 487.597998
1719.260775 460.906478
1544.680052 526.114316
1978.821498 435.080106
1780.747904 327.750185
1909.237872 472.370117
1301.819684 458.700559
1423.141249 407.447847
4.719563 798.335190
1609.771332 522.207506
1834.248933 533.170377
1645.298565 417.072914
1557.176628 915.891605
1363.663190 953.758518
1417.010223 418.441101
1452.698667 884.998236
1368.949891 921.990736
1822.273111 358.949743
1452.869007 1029.209034
1424.664308 454.506884
1807.079589 898.495675
1529.736719 865.516388
1771.603273 447.996920
1512.604528 400.993273
1878.570394 461.192937
1528.178668 1016.017128
1677.349853 387.942794
1418.360397 554.330452
1656.176268 351.569033
1581.800155 462.988420
1488.731569 869.903721
1738.993904 523.958060
1900.252997 401.656032
1891.340157 579.160371
16.834475 332.775159
1871.911885 404.143797
1659.714253 539.396987
1733.193570 498.277518
1465.789358 366.763362
1426.536993 951.061618
1506.865983 529.147302
1429.026405 479.635255
1318.892811 890.261612
1534.279635 582.027737
1982.200005 400.026793
1368.484432 481.764307
1403.791748 904.861406
1894.742317 288.016388
1547.190919 555.868408
1706.567158 961.955588
1922.441387 373.012979
1842.500810 433.500547
16.114325 487.413969
1491.646819 360.924160
1498.243745 430.311830
1545.795185 982.210909
1458.325396 840.835297
1546.799639 485.830215
1644.055679 383.059439
1394.645660 373.312964
3.133698 397.998270
1655.217181 453.503994
1538.192500 433.660802
1548.549645 446.528297
1384.804436 888.515812
1474.132676 1073.606410
1663.927816 456.267563
1818.692704 378.503308
1570.107440 801.652328
1523.466418 548.352111
1496.945783 824.921121
1916.491275 529.220016
1456.063258 835.983863
1477.523905 389.715171
1376.037530 844.879567
1479.556675 425.504305
1896.666045 425.969844
1542.495043 456.951037
1617.750455 459.640381
1624.160608 903.291058
1376.777930 540.736761
1517.953231 493.279619
1404.069838 473.444989
1578.707570 478.004513
1489.672070 459.141529
1374.570675 407.696205
1942.478275 414.069500
1756.547874 549.517410
1466.047575 842.636681
1924.547633 442.927668
1883.438965 518.956809
1460.968958 563.053856
1440.786547 477.271546
1370.024852 482.915147
1503.324285 1007.254418
1393.640308 428.705009
1432.939600 1016.092036
1421.389985 520.518209
1398.119414 1010.714054
1761.920879 358.805390
1490.463481 972.641738
1432.451775 884.665917
1507.195641 465.040680
1484.068577 916.335275
1521.855614 953.670711
1795.380796 464.127910
1458.198315 442.940185
1536.673115 918.709893
1409.434194 443.015051
1666.251167 1735.948665
1568.358996 1878.916164
1528.198556 400.410431
1593.794202 1749.240300
1417.848329 315.043012
1823.978068 1707.687717
1583.942938 1842.225730
1489.973882 1811.595753
1466.806928 353.198530
1525.520625 1801.041864
1900.941746 1642.448724
1950.105275 1707.711206
1676.321275 564.173053
1669.173137 501.644912
1455.734755 1857.310787
1823.960705 1701.835127
1369.163416 381.013350
1625.196425 1757.964503
1609.018216 453.114224
1500.345701 1723.950036
1662.223214 1768.677516
1632.173713 399.093365
1935.547283 1675.477018
1693.203346 1766.974001
1650.798399 552.803899
1528.144114 204.019504
1783.300195 1649.691784
1637.172033 1700.998803
1942.091801 1651.812684
1648.673852 585.577272
1832.717487 1574.665104
1416.120920 432.239693
1757.204385 630.123571
1595.636149 557.154134
1692.380371 653.216333
1383.746786 412.930859
1501.853784 295.515028
1782.483693 1774.785366
1440.848920 1827.085181
1627.932240 579.465683
1720.807940 635.129054
1362.656608 1840.699403
1465.240106 1748.433525
1415.187875 1802.935010
1286.053459 1854.577636
1738.772887 1626.454787
1622.381962 1772.513550
1623.435175 1797.659105
1112.188429 276.145963
1539.589795 476.539595
1502.585011 1779.738042
1514.178903 370.619233
1719.884949 580.412303
1520.436297 452.998544
1869.981756 1656.181386
1534.803713 541.841693
1896.635434 1689.431756
1450.127153 1782.400227
1800.830235 1656.503412
1651.938923 437.505644
1568.856474 582.854696
1538.856291 1848.492629
1668.032421 1807.910068
1683.640889 557.148493
1443.970270 458.228222
1369.214679 1731.465688
1735.134850 1695.436776
1614.958835 1704.970859
1877.682347 1626.390283
1698.000016 1798.027959
1591.965482 489.581642
1641.883467 511.974585
1782.435426 1594.989029
1414.733035 281.899152
1452.015227 389.642525
1611.834649 1824.875341
1753.702308 1765.121837
1582.252312 538.352170
1505.728945 337.492704
1586.074567 1803.667442
1682.007587 1610.821383
1555.760873 396.285162
1617.404518 1635.815840
1528.362899 581.406162
1447.589367 424.546301
1714.641886 544.008072
1661.705388 1878.229427
1569.819043 458.047851
1769.076921 1686.934438
1489.726497 449.513467
1493.672087 595.255384
1438.586574 1884.165192
1421.849533 400.806199
1503.433408 522.671400
1723.167120 1831.580026
1597.054787 1698.794804
1668.568480 1801.753860
1620.386775 1854.129676
1575.627073 1778.486679
1537.327098 1668.986510
1615.219878 489.850490
1795.686982 1703.424731
1656.593286 531.913310
1685.005672 616.416728
1292.895973 347.877855
1936.074311 1738.221418
1633.139399 1904.422280
1661.709045 1694.776069
1564.195951 1732.016703
1605.363983 1780.239341
1499.277359 1843.746542
1724.132630 1562.756684
1675.752074 1663.636643
1749.334167 1802.682953
1748.642539 1649.689927
1399.961089 380.933436
1706.045429 1625.042398
1396.189667 1885.881321
1422.782143 352.940461
1525.902248 1706.469998
1426.611602 1738.393631
1511.157482 426.133722
1380.302377 1803.702993
1821.457854 1606.839913
1680.466395 1839.486090
1643.365587 1574.086664
1691.703693 517.793641
1763.652104 1597.119808
1545.267843 431.813492
1705.652266 1683.836495
1808.084706 1630.160978
1582.626207 1681.826654
1800.115098 1737.855549
1611.514181 1727.514384
1511.105096 489.450223
1625.889590 1665.466234
1471.267209 1867.658678
1744.602974 1710.240096
1858.518154 1725.444792
1676.945483 1728.018118
1429.330386 1916.841105
1465.273407 1712.277365
1430.471359 292.804636
1373.610184 443.744733
1350.432292 352.426077
1554.401571 1710.916306
1467.237432 557.690540
1544.437434 1754.622097
1661.691954 1814.916533
1404.757702 1745.086459
1862.573355 1608.642093
1824.048006 1670.089194
1589.731223 1649.403793
1822.741704 1797.162939
1611.907248 542.050688
1845.337194 1761.814453
1464.872073 334.061121
1392.923950 347.938151
1771.266791 1723.622598
1405.119895 465.410093
1710.938348 585.701865
1653.759077 1646.922431
1818.651542 1750.130326
1319.371490 387.246035
1346.063770 417.943377
1702.284764 1714.889924
1523.871957 1878.825405
1839.071257 1652.464746
1645.402567 482.726758
1764.652591 1655.168520
1564.411305 537.636832
1798.756600 1680.881117
1546.623913 1789.242091
1866.549657 1703.112708
1599.030957 608.231948
1328.787165 1831.489290
1532.868403 510.685993
1417.258828 437.173477
1552.380168 1823.991956
1771.304227 1725.376357
1702.417303 1642.002829
1471.095494 506.623387
1607.468778 1865.597511
1243.608670 1856.396582
1483.125730 1682.894907
1449.583195 463.881272
1384.671219 306.936027
1491.019958 1756.050960
1663.547125 1606.344519
1408.864332 539.863359
1553.114431 567.261843
1475.930784 402.747691
1704.610786 491.078865
1331.714974 329.678210
1709.532436 1753.371639
1565.104121 503.138406
1297.092921 312.598952
1543.637436 1673.988022
1190.643854 1867.273105
1414.627824 1850.561512
253.923303 352.761003
749.863829 523.803618
770.900628 459.872442
856.288094 351.629295
1878.694357 264.556590
845.122228 299.422416
951.518751 392.365848
1649.832358 391.862138
1705.752494 435.416495
623.836176 421.654553
1837.845987 199.317567
1928.624193 12.105926
1490.028633 599.933460
1908.642739 271.902511
548.124176 429.433161
652.370435 275.089080
827.888183 484.952351
521.150323 450.908014
237.584459 282.330842
698.021944 458.288603
1531.988765 451.456636
587.855643 418.671041
1807.752482 364.579419
751.574591 456.469689
744.491338 380.194644
1877.731836 300.340351
362.595576 389.461396
1520.535594 654.531847
454.775725 427.126773
493.831304 422.808742
758.118526 389.306790
1977.581930 45.346494
1602.586042 432.363602
1537.921525 592.135403
678.689188 402.214732
1797.660442 327.718130
1608.968098 611.288994
482.609715 388.565731
805.164701 357.840161
201.099938 306.083353
1628.401777 498.212157
1595.828431 661.798706
755.799351 329.589845
816.823028 551.666881
198.437423 251.407871
884.377130 341.738955
811.288970 347.811868
1512.968891 624.373202
793.070473 330.591723
781.421279 382.458818
739.637631 342.479983
345.446061 344.066418
452.711121 393.759592
869.056533 384.540007
1490.044381 673.031031
651.514711 400.477415
1935.194472 78.167007
1532.317321 539.273682
766.407537 306.837413
1894.977492 178.036798
814.076354 411.244114
1480.415987 636.711219
1596.300881 541.244172
405.036192 377.933359
869.616694 311.174397
1587.294240 632.688211
708.559299 424.730050
864.815272 464.472900
1805.510996 267.864467
1646.080110 443.526066
301.109266 305.351455
1511.872011 568.741431
176.563468 278.735376
796.108519 255.160353
721.933398 398.628472
1569.695708 519.038256
850.411859 431.018394
1768.344170 308.325570
666.732533 439.549014
828.265280 472.202583
1676.744538 458.388238
920.898827 364.522051
1932.278616 163.471017
323.729993 379.602937
1950.538755 1904.562782
1885.571384 243.575222
1937.616932 128.856977
691.434289 284.281587
691.315491 320.773131
776.481417 496.976308
1473.482393 575.914944
895.952527 278.464886
722.860117 372.169396
1605.292853 518.088022
894.620148 349.218567
1837.070879 293.624875
1870.815980 201.621928
1556.244191 567.205113
915.324666 486.994268
1639.730419 617.481287
791.741653 416.357312
733.732424 491.232729
750.876514 480.472080
864.300561 316.854352
672.953148 483.229173
892.726926 503.938516
1637.292384 469.675147
602.409935 321.261058
480.958421 353.083092
636.904088 326.784249
522.508628 348.640674
1947.366467 111.047838
1647.425226 529.049529
1946.640019 37.597155
1697.892105 318.980500
590.097093 354.354822
1601.323367 447.316467
1597.638912 574.320611
126.976638 172.455192
1732.639200 309.403147
805.870269 312.412687
919.982264 392.864375
553.643823 395.045223
1661.293428 492.610061
1455.905933 663.854069
905.452035 320.486401
1576.245499 457.044447
563.742589 330.888456
803.815059 447.036305
297.572501 367.577980
1617.644988 586.116328
1557.409990 610.485583
1660.669944 571.502986
1770.967049 267.079736
1641.309852 413.411688
653.857272 307.854013
833.186444 387.382520
736.990348 442.836753
882.325710 378.721035
767.553679 417.011174
752.239679 281.216890
812.426139 452.322683
732.980404 313.444348
1628.221213 555.208816
1802.921646 238.163779
964.890564 363.859734
1539.331732 642.995176
791.025236 551.617956
616.709238 387.600621
1851.732552 240.179893
1855.033172 348.291935
1872.199511 150.321392
1597.022741 484.950747
1458.344747 607.960593
1698.795462 394.404683
1675.915519 416.012467
856.645077 486.116625
1771.046276 374.454838
1734.756253 386.291064
1843.257204 264.087271
1887.909491 226.844334
788.904938 466.665119
1918.752080 204.347897
1960.509304 0.165640
853.529927 426.421692
1946.336619 274.796709
750.916697 421.723910
825.749377 447.493602
574.704227 366.585056
647.887992 366.185547
1680.675045 364.848162
788.519451 334.927359
1700.747930 394.005233
437.205606 359.133902
852.671368 349.172152
861.989183 439.115112
460.136039 463.305639
518.716383 383.638305
783.751554 508.245486
1718.668904 352.029903
705.624056 374.692536
603.221926 387.092134
871.675415 279.850926
1806.954691 291.642394
637.070616 456.755069
710.644375 534.167493
285.368425 336.747810
499.180043 314.523984
1751.999493 343.794002
851.550116 404.551193
1905.770002 140.605194
854.238753 240.778369
883.823129 464.990237
1976.256105 1968.832758
22.148156 4.473764
1824.326672 400.229544
1436.776163 636.493970
819.889889 336.647909
534.403630 312.507875
916.862208 442.705825
