402.881326 531.440445
225.420056 239.401203
1914.381577 635.077456
398.222925 342.420720
407.707078 467.357788
278.194696 441.914318
1878.974315 148.933804
657.960732 151.293573
465.543395 421.685314
505.751323 337.033397
410.827818 349.451558
376.159161 492.343072
1891.461977 460.275452
523.217772 1985.122043
451.364493 285.754866
1913.116642 435.597234
563.787789 191.735276
380.061883 138.340447
1885.742403 605.747067
1887.955094 117.792919
381.469289 532.004775
1941.681046 722.467706
50.484533 297.299822
1963.997789 336.881174
232.769827 500.968328
1947.886847 434.952190
392.500713 318.906917
436.657345 445.135444
1956.644658 273.425341
1887.315403 403.621452
506.786648 126.022833
593.855947 169.789099
368.034189 391.273743
339.666611 418.432248
1932.775230 606.160683
503.814612 346.228078
496.038332 199.893890
413.033141 448.278211
345.653704 265.163632
529.378024 301.584485
289.807091 303.175027
493.482602 198.258041
382.823630 379.744134
1851.223458 87.748605
325.231192 302.800691
493.194883 1897.189073
438.704256 371.880657
698.312203 1984.447388
465.354576 308.128437
633.537223 181.993845
593.607743 231.085468
350.256880 498.693478
347.642132 431.154771
323.831397 308.103485
599.653078 303.713925
1904.250328 25.116785
537.859390 264.697622
541.090716 1941.096452
187.486339 634.135215
1884.494027 520.364361
486.292111 264.439923
1918.538817 337.913574
1877.278179 19.076570
198.137069 364.298559
330.878183 495.270823
360.043210 355.614692
651.795050 75.382856
481.507986 270.067445
1925.012708 289.541622
691.337252 86.015752
322.170704 458.000416
1874.435189 47.046163
359.047584 354.518808
380.825744 390.403208
1860.973918 444.068731
477.994249 308.995425
429.345854 356.813734
253.346390 1078.109483
531.248538 245.978446
376.087065 258.576247
455.519162 440.847956
1921.730574 517.905811
441.244899 500.098199
263.365241 288.482252
91.491725 429.570974
531.209734 347.956251
1947.594662 678.055911
447.500439 257.256908
315.501268 502.731554
195.851210 429.921394
327.125061 425.793692
540.530652 130.439867
312.893238 264.701895
1900.253476 1988.478489
488.272085 230.760360
444.415945 295.022719
528.320648 197.647779
160.274658 654.349055
397.104417 211.953005
226.169644 464.183138
618.558612 1964.527168
564.077268 302.649731
149.733151 589.873628
363.889398 298.413311
329.130188 332.526487
335.132021 369.184179
519.229242 278.542436
494.080610 375.944630
415.782607 265.828842
288.154996 462.011610
285.692823 480.106441
311.750213 556.591607
249.284971 252.645555
433.046699 223.279657
722.442613 36.885643
496.117860 233.210693
1921.189802 395.529730
346.323370 540.439173
271.797831 490.985506
435.528357 294.729628
160.431706 428.734450
397.396026 387.809077
460.496271 404.670611
568.480114 135.315314
495.805039 301.325694
334.173199 419.928618
465.527012 130.136415
644.863325 1992.813785
139.956557 519.516587
588.339122 282.587477
376.689594 410.252692
378.976951 348.128809
425.735811 413.280742
195.067197 447.976638
459.928632 240.795922
561.818395 1913.157747
594.780744 86.567131
1945.221547 539.543076
372.719081 422.738282
421.275515 155.448241
1908.650633 68.375737
630.308027 265.045088
1938.273094 364.007521
521.010523 180.109766
686.841876 9.382960
1923.035910 113.363769
1894.593500 544.834105
259.531543 453.657288
574.129689 8.698141
344.273524 498.925713
463.530013 387.000187
615.579472 203.764140
325.818481 425.303116
412.090882 258.357942
326.446012 461.785028
357.002313 465.543543
373.121660 239.391306
600.158081 128.349420
545.366922 328.134580
506.038222 1931.237864
595.369805 1937.457934
1919.499223 476.629126
401.680805 492.852158
326.560676 371.836683
410.961666 402.014397
329.195591 223.006477
1882.173422 573.284863
433.742184 526.491239
528.362221 1904.912384
203.153528 495.129301
311.515216 508.533566
611.420079 1997.139779
227.924179 406.604504
470.067180 216.903341
495.159517 415.702373
267.487973 344.986967
1915.013936 579.100804
604.881178 266.023221
467.894830 343.061559
466.661055 347.058133
358.943231 467.714540
497.783195 118.071796
177.237512 402.246090
444.549692 181.631719
254.087730 381.996740
470.319037 164.148058
315.624559 339.519930
576.772702 1963.817292
1861.608341 492.693176
311.289657 401.558280
274.725144 367.953856
433.950437 316.161746
285.267219 529.523857
379.659506 472.787233
637.281189 34.971971
399.437900 313.990458
1953.069571 488.580781
291.151110 225.988990
1930.671280 45.132033
1956.197411 396.498024
1626.475179 837.652056
1159.908418 322.297311
1637.794445 953.338354
1487.156242 330.862870
1469.347463 814.369268
1324.896571 249.435627
1674.817445 968.483402
1287.063362 410.918476
1834.333863 1392.239179
1423.820616 866.191872
1562.304344 367.166964
1539.134807 911.945589
1442.810414 836.423308
1118.565330 255.658853
1787.148417 880.040336
1694.335480 868.588625
1208.430426 396.344424
1497.157503 747.977636
1333.229940 313.742914
1460.130638 353.951418
1519.525542 972.393313
1806.945429 1268.596868
1694.699298 770.606216
1821.818020 1424.999719
1437.900313 830.409066
1062.057091 208.700504
1499.021882 801.887825
1137.786571 417.062850
1612.447381 908.471106
1153.007225 377.804683
1533.571373 382.494953
1662.515764 928.261310
1058.434639 244.555676
1502.850141 804.150342
1586.365168 977.036268
1257.161335 440.813485
1483.329922 981.548413
7.475993 865.705964
1652.337615 863.292802
1083.457253 348.832437
1458.086079 924.600152
1552.961290 867.001803
1571.714674 934.256533
1631.546130 916.013577
1721.279352 932.239816
1746.156696 865.507508
1196.309625 317.847570
1514.504448 839.889369
1416.979320 421.441667
1910.423205 821.208336
1593.819364 381.340900
1172.627180 242.225682
1157.973257 412.157269
1508.185808 841.669361
1353.234375 348.404842
1659.349177 824.332066
1144.210029 216.806111
1247.367576 339.567887
1379.182920 326.687416
1756.528759 944.067378
1115.886421 148.525369
1344.727618 1012.034227
1579.083284 879.632636
1492.389620 748.751702
1298.367302 288.165981
1232.953258 266.320369
1499.357209 709.763636
1340.304817 421.220087
1585.515526 939.814999
1269.390539 269.043166
1208.283867 360.040856
1180.408745 422.793043
1176.168999 347.220599
1231.270267 309.453236
1575.697840 441.081573
1526.648644 943.370169
1729.018507 896.104604
1087.730441 231.457317
1579.987665 881.677991
1363.819233 860.800914
1833.374552 907.006218
1428.280894 316.897876
1245.367283 403.179319
1566.160825 822.397377
1077.073091 307.341483
1189.034311 277.149639
1472.856464 731.925485
1531.902669 338.464482
1069.643458 271.326600
1398.263620 357.328149
1566.616658 403.387291
1594.744753 903.979456
1659.736451 778.962141
1479.277619 926.216193
1860.552278 867.929694
1616.520755 792.854046
1509.903658 298.187477
1405.928731 745.808333
1113.279574 213.043461
1627.160564 371.092718
1470.314036 858.921246
1410.078558 345.531777
1553.563261 741.275424
1574.689270 910.004700
1157.481816 279.823417
1645.562537 896.986129
1225.490094 339.887599
1195.594384 205.534405
1643.324802 897.294896
1268.352821 306.348914
1531.904868 694.139888
1484.409941 430.416856
1299.037521 323.094474
1374.640250 360.390377
1510.152308 888.564043
1478.111675 385.917588
1325.050325 385.758441
1573.170450 834.672918
1460.288352 778.335752
1503.362416 868.446346
1586.750962 762.079291
1617.613009 797.539369
1285.668336 374.188377
1686.819931 903.031036
1538.341960 416.934786
1820.897106 872.089825
1706.531984 965.156188
1277.369914 341.548981
1360.328558 289.293682
1094.382853 178.556591
1546.125078 853.042143
1413.787838 905.282525
1132.132978 373.041458
1109.682603 348.131432
1250.176541 340.619557
1762.872198 891.364273
1429.942238 782.191487
1498.028979 914.669996
1804.103653 1219.402927
1538.980084 770.605466
1448.731730 489.831633
1722.218404 893.130978
1430.973765 370.511857
1599.946906 415.758124
1402.768386 816.945369
1164.539549 294.960514
1377.600032 429.579757
1531.352857 905.846217
1459.604052 904.354794
1464.773763 816.540226
1467.114434 757.215251
1838.218048 1283.721074
1536.768128 792.976906
1457.673714 762.109283
1468.905937 893.442832
1103.218214 286.127458
1365.433315 394.551621
1560.918941 967.182011
1428.100889 451.209217
1578.662521 870.949292
1189.193458 252.576630
1563.375328 800.263189
1528.615743 451.106634
1152.312223 384.019421
1439.358775 886.617267
1406.073621 951.681800
1398.185154 870.068099
1682.508365 937.985737
1190.374538 445.404462
1513.721129 937.428150
1400.186784 391.040417
1407.843736 819.790693
1216.658736 418.171674
1834.802712 1495.416550
1472.727681 847.474413
1490.513939 947.719099
1378.035584 898.396699
1500.205857 398.081007
1599.572613 1010.117394
1231.953739 240.187964
1504.422894 360.457756
1453.985017 409.100052
1137.430281 288.813367
1153.091475 199.000672
1376.830647 952.897145
1383.347923 482.890098
1436.658800 798.375237
1222.626784 277.805323
1143.144640 263.832444
1195.237859 312.060665
1528.177001 884.338251
1620.782241 871.934086
1176.646191 347.958485
1139.076330 357.669834
1249.288232 374.417860
1319.546167 350.656621
1395.339996 296.638669
1112.502560 317.798049
1624.953963 848.463850
1372.321431 826.853806
1880.678186 472.604281
1782.566067 583.261036
1819.661111 390.456789
1853.849486 651.779954
1788.610548 449.389369
27.195043 480.673489
1754.706650 572.749196
1703.734336 426.011143
1808.361367 430.204425
1758.521751 543.597239
1999.846226 471.830854
9.993054 393.516442
10.032585 505.227363
1928.116374 376.590753
1662.343177 381.296686
1922.918610 343.710185
1717.439347 347.100091
1784.131476 489.665592
1939.137370 339.013347
1777.522987 614.428480
1883.190826 538.683620
1952.508144 424.098537
10.736442 389.710012
1831.522791 339.168448
1965.915101 485.549536
1837.384091 459.867117
1909.621825 305.704399
1888.569213 448.577395
84.889245 435.504212
1962.482746 597.211173
13.844547 541.887609
1761.061014 361.092691
1946.720217 249.698741
1866.697475 328.021620
1902.216752 242.881503
1734.748717 435.253613
1810.234079 255.996038
1905.431639 527.441783
1735.779499 609.908588
1895.877206 322.022865
1975.574668 278.792125
1642.700494 465.166567
1671.578280 485.646800
1654.953340 501.175297
1646.863648 545.750151
1845.855548 290.855603
1799.369217 426.351901
1808.892426 581.575999
1585.688727 422.972945
1849.006399 226.153556
1618.300333 328.395917
1849.190523 436.937645
68.748076 387.066094
1863.406521 325.510805
1815.686460 404.567191
1941.354850 419.931215
1996.702253 404.641297
1646.947530 360.371202
1966.272339 453.194126
1928.261317 599.891998
1859.993523 564.128631
1666.600823 439.395393
1907.047614 564.113911
1837.603210 695.306149
1774.877302 450.009288
1629.389926 439.033307
1899.111696 395.256071
1868.589287 593.624820
53.173634 362.534877
1908.634397 543.267780
1955.198102 532.591465
1904.323764 338.294258
1963.044696 524.454831
1734.080277 309.156970
1844.035471 497.997776
1755.417311 336.734010
1925.005622 526.465224
1831.934417 301.658623
1835.959853 519.451418
1856.046435 623.763729
1881.138077 377.429955
1866.327088 416.370444
1830.987349 455.446287
1890.095149 507.241696
1804.089447 517.975027
1987.780853 351.117844
1915.754262 650.272746
1923.417066 293.414812
1977.526862 636.276546
1853.867743 339.773802
1830.206097 587.776529
1688.646242 617.083158
1828.426707 550.784375
1654.805092 318.804509
1878.149577 659.527510
1782.836992 362.506822
1890.656906 609.442502
1812.433543 546.252953
1749.199397 478.884099
1665.610338 291.928409
1976.259227 489.678345
1914.664296 482.208007
1987.519875 432.792690
38.140372 354.361820
1700.599834 464.137824
1910.150293 266.823638
1750.311801 392.779426
1771.893144 271.582329
1794.588386 585.221773
1897.119348 619.692398
1736.694193 551.174342
1891.750841 399.148268
1902.593227 450.296340
1951.672802 715.348023
1943.553017 655.126146
1794.027346 366.353537
1933.156355 580.524566
1683.065641 561.137588
1780.317713 527.704660
1723.335046 366.488169
1581.520113 305.090897
1875.413938 516.452556
1681.280754 453.637059
1995.432327 519.746143
1803.136552 726.294858
1843.538462 682.399468
1989.346625 555.996119
1968.769584 365.661304
1898.002373 431.314778
1864.785018 294.335526
1969.120044 587.854630
1805.200386 552.027908
1852.714542 389.582098
1823.039358 662.641524
1866.153674 562.336620
1873.313648 596.499762
1700.637056 499.005118
1786.581690 476.263050
1983.756052 477.577566
1928.198594 592.348333
1663.268264 601.919136
1728.508623 542.741135
1816.146472 510.199539
1733.531569 276.737379
1692.245054 326.600977
1775.772499 501.066900
1745.016402 420.090830
1736.423661 513.264448
1745.211146 312.000346
1677.137755 528.594219
1860.152277 386.092891
54.977982 412.875641
1854.536981 522.382618
1813.820970 422.374840
1955.710737 313.917930
1922.645134 233.595091
1778.835628 389.345836
1814.997085 471.771982
1941.500744 569.006609
1732.465446 439.393879
1946.536397 621.406132
1804.576564 293.390167
1880.329672 245.609432
1722.800629 479.732503
1743.395228 507.274655
1851.654445 444.928907
1710.959986 652.532145
1956.697540 321.630525
1899.520851 578.811577
1982.751197 553.869695
1899.477021 478.608930
1943.218234 394.976930
1812.571520 626.898753
1.721614 318.293186
1819.754017 585.917658
1609.398611 451.810005
1810.909497 468.620156
1723.585816 385.067725
1772.377888 648.855094
1846.978671 422.006358
1918.656497 414.562900
1813.528256 662.236203
1804.878634 548.177854
1619.457407 507.155277
1740.952008 578.536799
1815.844375 344.730360
1778.993880 324.425249
1702.205291 527.112050
1953.535228 554.396838
1742.131903 473.323174
1948.252957 478.440537
1921.050771 409.578709
17.108092 443.674519
1695.930444 406.551662
1914.591514 687.254081
1930.835279 486.640979
1683.501534 375.421479
1768.364341 532.752033
1585.328670 493.667920
1714.345733 578.610406
630.940974 725.644164
842.424964 1039.459553
1105.288117 1492.377237
1125.415209 1472.497691
485.061947 611.816521
1122.921855 1465.361074
1207.973050 1533.521686
171.358374 516.178458
240.052195 658.051104
824.055839 1007.491757
449.559513 1391.701043
609.977235 754.038176
1695.008893 1867.403244
980.836909 1274.641236
782.235154 900.029516
1026.466508 1475.108041
1111.175314 1519.052613
710.053414 1001.161328
751.242539 1597.774226
824.102998 896.565733
156.360081 565.113717
812.166482 867.334577
413.721205 698.336415
885.818126 1009.234297
1019.445751 1568.856616
857.363654 1117.740810
692.745213 919.901493
1076.600221 1299.249904
726.075372 838.407701
726.416555 952.609370
1044.243162 1468.676873
616.957300 789.901603
123.384843 625.789427
1977.731944 675.141641
830.553007 956.501218
347.788220 624.814052
1736.444214 1869.115884
967.569882 1508.948361
1135.260706 1502.908047
597.087104 710.584553
1151.762720 1296.762247
1028.414200 1291.056170
1131.370582 1575.515434
888.136637 1045.478649
716.452256 1594.850355
1032.780635 1408.173107
1110.009335 1526.009216
1961.039389 643.554251
1084.026475 1627.003817
1112.709154 1574.341054
986.967350 1470.349685
693.760086 852.050382
975.112025 1555.743740
1105.588109 1393.490799
1020.202146 1185.049338
812.789943 930.211838
556.935730 695.599770
1992.140316 574.395557
1082.766068 1400.587815
498.976700 725.004074
1149.498013 1663.930026
987.267689 1206.164596
1055.743423 1215.021545
710.780135 892.243663
1108.178364 1436.954581
1112.478885 1276.824511
1076.386573 1671.895695
846.551016 1029.010772
208.846110 521.534245
193.932309 581.606630
840.743802 1580.892968
57.260518 578.686735
530.208313 686.342264
1185.699097 1472.968668
866.982250 968.373993
161.362740 599.354047
1044.176902 1602.640669
265.971627 596.218290
833.259395 983.129882
1086.682699 1537.438857
209.209047 611.806478
1168.582752 1438.611194
537.089053 781.593186
677.047746 885.064015
645.382515 870.901060
443.178357 727.554896
583.321861 799.803669
1061.394164 1518.309099
1060.048171 1587.507557
1050.243376 1637.857701
1968.385946 601.750040
1193.882173 1465.792425
999.352020 1450.700135
1718.500518 1841.604797
971.520267 1116.160678
315.667811 640.180161
460.504753 695.806564
1974.815397 725.979408
884.713494 1092.017517
1058.575915 1295.602518
1035.193336 1669.202566
868.682509 890.815474
866.800092 1003.426444
916.716000 1075.198176
766.190249 1040.271008
935.970925 1115.773463
161.879800 641.141087
1027.486134 1507.174354
958.683745 1469.210603
1006.168127 1607.561115
776.185445 858.696668
599.680319 747.185153
1014.987960 1274.281475
564.417334 731.711503
334.785169 592.829900
996.832586 1526.069270
1023.279428 1217.476525
85.846489 589.057634
535.728157 725.623765
232.060318 590.147002
1148.734447 1406.829073
975.193223 1151.193304
751.730049 985.937217
1077.024981 1180.416847
996.964404 1237.668250
1136.743882 1544.167217
142.600598 541.689122
1003.960486 1685.119778
915.296018 953.045015
668.989953 813.135671
1112.169308 1215.828900
1071.183075 1263.949298
1102.752129 1251.431930
385.355351 1420.214023
183.585987 546.875845
1032.050902 1511.787435
881.764812 1031.088837
1055.244533 1553.212276
916.287618 1146.734303
824.985211 1104.826191
1017.759874 1443.950340
1066.847545 1502.774286
807.611723 1045.803130
1036.879506 1248.519955
304.953417 573.610363
953.121038 1180.389617
1068.942524 1253.465721
1071.234451 1450.503349
801.328106 963.373825
443.865514 635.930505
412.694776 626.669231
488.884949 657.713120
1154.831325 1258.058648
1932.338286 621.458377
280.942066 641.793197
218.299717 556.054387
1156.352253 1602.565909
382.760629 643.977513
382.070523 679.343476
425.018193 665.883721
513.522247 753.493957
886.319001 931.068496
498.912501 686.887864
637.423733 829.618809
934.811243 983.709022
1002.949041 1312.138659
1079.270073 1574.474520
884.385679 955.737549
767.275455 957.431575
1031.761876 1539.396962
301.454266 607.838368
1126.541790 1612.009493
262.184446 631.750359
940.605120 1535.441104
1073.751799 1435.856427
879.833073 1080.795202
740.960050 872.566425
776.940219 934.348668
847.383867 1067.924055
349.217957 659.835162
1079.683814 1481.150741
789.934959 999.679023
1077.928829 1456.076269
378.518274 605.622500
738.012013 1019.092076
849.886786 921.688305
673.311472 771.394911
745.386529 900.228645
242.033828 625.281599
905.985078 1003.879613
568.285978 763.715323
1147.697458 1473.143279
1183.864031 1509.395235
641.395894 787.424728
132.315750 677.420603
799.129452 1078.623776
938.539781 1212.152101
1096.658530 1549.522267
969.643905 1590.832389
1163.417545 1557.491181
