1449.436818 420.864242
1169.593035 124.273493
1276.370314 335.332804
1395.918037 286.694650
1381.023536 384.611779
1503.096645 236.961789
1547.189036 1948.653855
1452.014215 37.624943
1459.558324 347.382901
1290.099882 238.552903
1303.073950 243.511631
1329.370617 400.534346
1120.041915 233.433018
1193.268771 1.531724
1411.702871 118.139953
1213.662467 128.148299
1414.522424 177.782923
1128.516608 132.881198
1267.844042 379.733364
286.157057 1716.027338
1400.411977 414.609574
1364.328086 431.536639
1127.610408 24.198949
1151.430352 48.543400
1125.989567 385.573924
1097.459489 256.170022
1354.223720 287.564831
1447.152110 310.508529
1167.695659 1967.748864
1123.994227 154.141891
1183.918550 67.885523
1380.588412 117.224753
1196.331061 339.387585
1310.671586 310.936660
1166.717108 405.245718
1408.019616 236.143938
1342.786750 81.801951
1469.470648 273.738334
1270.154034 182.007408
1393.321285 299.233477
1149.710739 155.648225
1189.841498 234.015219
1408.483148 248.059167
366.104029 1724.666840
1210.114721 157.356062
319.470152 1617.263325
1431.119448 225.449782
1299.453476 14.902919
1421.401939 262.284750
1364.231751 193.078904
1387.234260 170.184730
1265.816582 413.343477
1332.904333 343.040652
1153.525314 239.343490
1402.311949 211.586236
328.977334 1667.112892
1359.936968 287.562839
387.530505 1686.310922
1237.180398 416.802593
1159.519019 291.248511
1302.131589 180.500408
1083.269007 77.806296
387.205827 1736.656860
1143.927024 191.939714
1481.718693 292.582596
1336.517801 251.397776
1236.258009 166.757523
1362.098481 243.125244
1157.335275 13.240278
1366.520515 53.638499
1341.942309 369.222548
392.082122 1703.757699
1424.805966 134.438531
1406.792495 301.215853
1076.780831 203.546127
1336.481823 250.529492
1342.410245 314.277801
1365.050881 689.964787
1363.094210 190.708429
1300.246583 153.936478
1519.584049 299.421607
1115.022159 276.719114
1407.900927 389.084210
1267.711581 77.578422
1212.132282 191.960668
1449.748840 236.182003
1271.905287 436.988845
1390.279670 137.315792
1426.809356 268.661494
1228.937554 255.007208
1387.980375 314.183846
1281.157567 37.994629
1384.056543 146.626407
257.755013 1643.415264
1327.099694 148.966902
1374.346351 256.051588
1314.547074 216.345050
1418.306216 427.517960
1177.657947 174.338322
1322.907886 275.249524
346.584886 1743.247276
1340.562034 354.049739
1292.776164 363.322265
1207.977095 237.005675
1251.739632 273.082740
1229.750756 246.381127
1180.854407 300.079653
1468.030995 234.109217
1334.918640 118.170928
1215.375263 344.818711
1537.332474 266.992695
1370.521117 447.184468
1153.030639 84.144675
1302.436273 63.195102
1409.711571 66.982042
1213.838413 269.641955
1074.353317 143.268566
1516.593912 329.101783
1370.011879 328.018389
1480.696868 146.162477
1245.512015 205.371869
1219.504854 374.480189
1446.232348 305.526683
1334.238087 38.157814
1249.388578 245.435566
1297.552782 308.137612
1288.152763 0.670006
1245.629158 44.149245
1296.311199 333.556315
1189.049855 380.423025
1337.856626 313.986262
1314.915921 177.794900
1377.684099 264.927449
1242.086496 335.933492
1148.094187 270.506567
368.572611 1659.021388
1205.138470 121.672516
1265.235791 248.756749
1316.118781 337.986381
1185.630897 42.985256
427.160510 1691.228456
1473.840190 195.254602
1117.185061 87.399885
1242.109929 207.541363
1277.844271 104.285027
272.405206 1678.405899
1316.678708 287.171203
1220.290680 381.505945
1213.717396 1971.069631
1341.885981 424.075215
1296.795546 425.721615
1460.657525 165.429227
1243.741833 292.871187
1275.799347 293.085134
1297.766759 369.542009
1481.806431 340.093961
1200.405016 192.560359
1258.451538 185.774861
1441.369152 197.607061
349.693272 1683.839761
419.882596 1742.550860
1195.833066 216.936485
1417.669455 338.390922
1112.526935 320.576500
1260.901986 364.871331
1110.510403 128.832541
1237.359756 317.175665
1473.192437 385.174431
461.129596 1651.211648
1124.858948 348.162980
1310.348003 385.848425
1237.982383 0.560997
1276.450250 265.216989
1159.008207 204.286454
1292.652117 406.729929
1266.840187 136.355389
1271.983398 318.969177
1356.694811 216.719094
1172.978697 327.857835
1387.201500 357.833889
1389.018216 364.192354
1213.808219 20.898255
1205.216265 307.959268
1236.614476 101.433226
1308.906753 262.676255
1116.973270 204.184671
1051.856625 357.363398
312.331314 1728.752386
1372.455825 239.160177
1161.382934 360.913152
1374.739374 227.989294
1290.278156 197.260517
1430.750048 351.296694
1416.963142 325.925248
1300.538426 14.969127
1196.350792 259.683439
1169.550488 243.842785
1216.896238 43.668654
411.463579 1660.486320
1219.359943 67.109069
1858.416662 1766.624019
1471.630199 168.554340
1849.918929 43.965496
1870.957332 73.639658
1721.637140 1669.153178
1724.037675 96.302613
1908.239353 1998.469085
1698.805493 142.825769
1393.436197 44.669313
1671.697085 1805.786396
5.742287 41.832881
1849.749599 1694.973113
1556.239821 1978.697040
1503.302919 229.375902
24.955191 1896.989195
1916.666133 1945.978386
1613.092641 255.674953
1676.963602 1734.419225
1775.497215 87.084539
1865.320070 113.535669
1668.085031 37.433534
52.319767 1787.570246
1835.889143 1830.092249
31.819710 1931.691172
1692.995743 1701.024864
1411.289759 71.960306
1713.243896 1796.439694
1454.318553 74.010501
1824.656716 34.734026
1548.132383 156.808274
1982.900652 48.315322
1868.123814 28.117339
1385.865816 107.475280
1749.853469 1784.635862
1726.111741 1984.921971
1629.493297 227.941473
1584.222650 64.231764
183.394877 126.116868
1901.253782 1781.447200
1442.277012 130.573241
1525.964231 48.114166
1814.425615 1746.671758
1801.170617 1968.943523
1860.247622 1999.368878
1979.309542 6.625385
22.205634 1789.305507
1623.056335 173.494438
1655.068443 1949.607996
1810.711790 219.749942
86.284056 1794.648125
46.039930 53.951056
1535.832504 137.997771
1541.961540 208.108509
1608.561616 41.112892
1765.340907 120.073316
1819.195725 1860.651746
1481.750144 136.173833
1669.616527 186.045164
1804.987127 176.569087
1987.238474 29.634553
1365.291789 69.578098
1455.582157 64.392494
1843.574629 1797.339305
1485.179781 46.369787
1683.282952 109.981473
1593.515006 142.419289
1510.191385 17.895706
1739.197552 128.226065
1711.505337 72.353818
1604.771979 147.509989
1625.625909 117.363528
1542.648336 227.221302
1561.545183 71.760383
1669.309184 128.854635
3.684610 95.699740
1682.330831 72.701191
1980.665793 1961.092709
1414.518668 74.946732
1809.357249 1699.337669
1622.074761 1742.941166
43.355900 1862.367461
1833.744530 68.451975
1649.144551 166.488991
1768.801555 1815.501452
1411.880786 149.899702
1557.273973 164.418824
1672.594342 1692.524567
1963.439537 31.054629
1400.717770 107.845043
1826.393081 128.586775
10.696770 63.808676
1876.489370 1802.771704
1801.631650 1807.851898
1584.904325 1991.508992
67.320951 1824.997384
1876.366768 1733.124092
1906.933129 95.937835
1392.782620 1970.430090
1447.875195 99.274401
78.045873 75.338999
1696.488940 1790.041233
1849.701246 100.369913
1719.960043 1764.480249
1817.928405 1909.363206
1563.910644 92.482669
1647.934299 1873.480703
1648.280427 201.562668
1500.948360 166.196334
1939.241650 1761.198364
1697.371519 105.723679
1664.895199 1755.934319
1878.850846 201.969951
1716.271086 132.063240
1788.365569 50.146073
1591.474416 1864.250405
1904.413347 120.547803
1751.598733 230.833387
1773.855269 1707.377468
1459.250571 22.822577
1732.761157 1732.952737
1723.553279 1678.275456
1694.387265 22.664813
1724.073146 195.861263
2.994186 1834.751428
1971.554260 82.663711
49.986219 3.628953
1895.381274 43.013225
1693.574912 158.267391
1751.536013 51.733209
1487.628024 101.033791
1702.481127 1952.168762
1655.099830 1831.843092
1530.067071 88.573251
1486.119280 193.575165
1667.705559 137.306269
14.237227 1999.222863
1560.943650 1882.129149
1608.018020 79.217770
41.424066 1755.046217
1676.557049 1907.606402
1833.749989 172.077315
29.735555 1816.635972
1856.934139 148.833746
43.010285 88.111049
1635.244541 1710.591081
1521.934329 61.491697
1800.161977 177.051705
1643.904212 60.517647
1563.246261 27.108751
1707.503881 1754.738572
1513.350641 1897.293609
117.629757 1795.350582
1758.676331 1733.352974
1596.506242 1931.589025
1597.095168 11.285692
1527.365832 182.568698
1780.186079 249.222227
1662.754320 1991.519261
1815.454466 94.765940
1794.255567 1844.333286
1578.319905 52.090630
1786.409746 1756.040635
1918.436465 155.163457
1581.632142 179.255522
1639.870965 1852.944527
1564.687516 23.333472
1648.792992 1786.270099
1951.232956 1957.506022
1562.112804 119.339904
1632.672194 1992.301579
1792.121851 143.757001
1431.489249 36.723742
1568.306267 212.971507
1470.715402 103.915652
1675.157048 1821.289669
1754.549495 1758.454874
1455.811097 1935.209930
1931.888002 92.665612
1800.738015 56.995019
1646.543559 103.100323
1927.722990 53.467456
1899.072904 119.166093
1534.443859 58.370682
1475.031974 136.932453
1452.701642 4.519057
1755.809001 161.396517
1602.853921 1805.949132
1598.800214 200.322167
1489.378991 29.077080
1578.627803 182.694014
1825.992053 1788.630337
1752.508058 14.549503
1581.992936 95.931249
1513.260793 112.069629
1655.591727 255.863623
1742.573276 89.320995
1805.053759 109.953091
1517.828251 120.599046
1860.646881 1824.669705
1440.688487 0.923674
1522.819239 884.274398
1395.407820 1044.379164
1440.141942 779.866271
1429.123715 951.027760
1400.466416 787.400607
1622.770316 835.044038
1403.572008 1067.301435
1299.732015 895.033851
1434.699215 807.767355
1344.163935 934.917491
1726.503141 777.712050
1738.604968 808.866785
1610.959268 813.594511
1632.521718 704.176075
1294.242864 926.369609
1615.185279 896.416535
1358.257546 807.949866
1446.571040 900.607768
1561.880110 678.621711
1362.246559 957.329219
1491.347183 892.361513
1595.221157 699.502416
1685.105318 891.592634
1484.148907 845.890662
1627.503181 757.570403
1437.622169 743.419051
1603.968061 902.608929
1525.156522 945.982167
1711.216354 736.602872
1574.842139 932.513359
1644.428098 942.486259
1384.756823 846.191950
1707.134401 744.311958
1539.273880 823.284178
1657.952822 784.578998
1375.438488 773.973281
1457.636559 710.325309
1580.028734 959.061947
1335.850911 977.461612
1566.790593 815.178683
1702.975933 841.447411
1233.499621 971.714945
1313.031562 888.109847
1273.414944 928.089443
1211.136455 1000.026430
1493.436222 795.756528
1475.621082 925.319740
1445.212783 981.062941
1145.545203 770.094590
1526.772815 694.364528
1376.119463 986.118196
1438.669580 854.152384
1709.580206 702.912393
1476.600607 767.549459
1435.261538 669.631175
1543.406169 730.117818
1691.509324 850.738815
1267.946773 879.368890
1605.878011 905.557598
1598.422303 786.747098
1509.437203 863.003879
1320.345885 950.239581
1511.892369 1006.122458
1616.615539 861.853216
1359.857193 882.952127
1238.513482 938.629923
1574.838591 894.780244
1460.654778 832.142744
1693.980283 816.318988
1499.834960 838.073470
1559.952655 815.732787
1580.251753 882.538102
1584.732775 771.900964
1351.543662 749.771522
1428.516018 737.263754
1415.503743 945.153785
1565.112352 989.750364
1488.242138 684.161672
1442.824133 861.548361
1454.666284 1047.067958
1532.302336 787.472650
1534.120200 651.100059
1520.028757 920.890735
1487.636456 792.549600
1417.321002 799.325814
1676.522627 776.649635
1477.194822 1016.684957
1582.198784 732.174844
1605.703411 970.996191
1499.260264 815.083058
1404.157442 909.571272
1295.089521 1032.881959
1410.859971 761.264966
1479.817611 813.507890
1527.662029 977.339040
1445.818219 942.833959
1467.091738 969.597522
1447.725202 1021.919802
1428.449849 1037.863596
1415.752344 898.000787
1595.036933 739.647948
1610.076120 943.132235
1637.511700 756.412952
1685.161552 818.276541
1287.363648 843.299943
1549.037321 665.609816
1444.077445 1091.114477
1504.438820 897.596757
1381.890512 941.280809
1474.412701 919.340094
1363.518056 984.186638
1502.169404 748.671972
1523.240186 921.047455
1552.839317 1023.382243
1546.013430 871.690238
1401.458382 792.031546
1546.077346 906.321579
1265.647035 991.526564
1397.170718 875.984011
1369.788389 883.495825
1232.165872 875.223708
1516.861369 741.149908
1264.954252 952.884380
1649.245256 790.698791
1453.953932 996.831584
1444.162964 922.790649
1672.847392 759.013157
1620.058184 848.423756
1528.163453 721.136171
1472.128671 753.012914
1630.337814 908.498358
1402.313767 920.796017
1520.803596 784.904290
1460.104503 869.526227
1511.550831 713.729998
1491.209822 890.520841
1326.978327 1019.967868
1464.864634 777.788072
1684.509484 891.005058
1485.047631 974.841617
1266.732175 1037.278834
1337.840654 898.646644
1411.907808 696.735191
1363.913727 763.358729
1310.454295 761.481707
1327.337934 770.118814
1455.523983 813.411788
1349.862002 930.311254
1433.982367 872.167865
1251.189305 908.672566
1552.733983 758.365796
1650.938074 834.161057
1431.008260 835.062154
1437.370948 762.609640
1619.072486 733.980437
1569.893269 842.981085
1421.598634 822.827696
1389.795352 734.363808
1549.894813 877.780260
1350.514923 845.053637
1615.262301 852.108405
1480.171414 859.712275
1638.959624 887.706264
1314.033503 861.995104
1334.902796 791.684158
1552.470803 931.241770
1337.543006 1035.102643
1645.678947 815.422422
1588.951559 777.506242
1602.004119 923.837658
1543.466330 808.534811
1609.361550 815.312672
1397.036882 977.224779
1668.480428 921.334409
1514.737136 844.795136
1204.513787 948.460999
1503.329887 854.130273
1389.541761 861.340527
1411.649475 997.462852
1571.401324 869.179036
1527.156855 821.706916
1424.568281 914.203120
1362.547539 884.209375
1169.698671 1000.810694
1303.971168 855.895736
1456.737253 720.363817
1372.212310 703.068168
1321.657170 922.979103
1507.044462 945.608387
1386.089123 828.267557
1545.734778 760.181625
1489.906105 721.065215
1667.890854 718.897513
1318.388679 821.632983
1537.186778 858.926796
1562.061733 757.132966
1296.399771 758.412887
1377.240811 851.609812
1119.926738 1019.643546
1296.485932 969.102802
333.057035 98.030520
726.658446 200.773163
697.559282 1822.765394
732.981725 1709.666400
127.196227 305.554800
740.946828 1824.197865
822.213790 1808.364517
1925.374144 361.292589
1974.058884 410.545509
659.254276 113.347972
97.222768 256.026485
301.884531 171.605745
1242.351282 1730.888483
1209.864974 613.450966
583.696970 134.830862
625.580380 1860.859919
690.566364 1797.413463
550.671668 164.332013
304.659225 83.361486
709.501608 116.692181
1931.203885 547.069010
621.405228 95.162455
115.869253 363.231347
756.241476 148.844795
661.823617 1823.993091
939.653527 548.944349
450.311057 110.652886
1235.044730 1810.157632
501.631637 62.685844
521.357514 140.385560
665.905818 1723.195780
326.493395 204.078319
1910.121916 438.668273
1935.975822 653.675355
706.420214 161.158725
37.602606 305.480790
1268.620705 1752.293745
501.129365 1858.979337
763.128119 1857.583949
280.230936 142.604194
1391.837061 1786.258476
1274.173247 1831.322199
733.210161 1800.426688
796.785836 195.206421
273.235655 111.453272
717.553548 1670.605585
726.388136 1827.223348
1926.896785 696.189477
718.575310 1781.941602
724.694524 1860.637719
633.671792 1756.114548
420.073705 92.411247
499.091949 1893.931687
829.616001 78.906989
1237.518641 1768.820899
674.312532 63.577850
264.889576 155.869545
1898.851152 589.071847
699.196548 1704.883199
189.875945 217.787872
777.516134 121.894359
1213.199247 1750.359472
1333.254653 1788.335053
464.349971 83.788821
771.167804 1810.691214
1298.919160 1819.640303
724.218420 42.627938
809.158394 101.308598
1931.823291 247.827256
1944.455121 430.145117
380.772293 88.916087
1917.843268 623.635802
236.763859 112.799125
764.099363 1733.957387
732.107336 166.627645
1967.424033 580.151257
677.319784 1760.602880
1968.678451 267.275452
684.083549 135.131728
698.862529 1829.747155
1974.978167 447.386464
805.342066 1781.561356
228.156149 238.473834
406.266544 124.387493
384.580877 186.974258
161.410220 286.658018
283.422353 219.032525
653.218564 1788.603747
727.161153 84.699533
663.742491 1913.795503
1904.110905 668.612937
873.146542 57.200129
626.024739 1806.281506
1268.775872 1713.997825
890.027880 91.585703
1.626740 269.922093
156.152458 242.227236
1953.426952 618.972696
896.435969 205.494171
1336.976900 1839.211530
685.715286 1756.228580
749.395088 151.478900
748.197284 100.465394
888.642473 127.069917
649.594030 173.339324
857.416247 154.548161
1950.898681 478.038173
579.012809 1808.414764
495.476930 1824.502947
645.339136 38.694854
577.060233 96.283889
273.656993 185.313039
1326.412304 1755.800617
240.269648 145.314777
1980.287443 300.126959
601.252576 1835.576112
1309.107060 1649.364919
1933.636433 589.951832
202.371156 118.977600
1945.828531 302.325474
738.648100 1762.201139
898.337783 162.229044
604.925205 162.048370
1380.921995 1712.097471
1192.978563 1799.575516
802.141074 1840.570582
1925.311232 501.973590
606.127130 63.420338
784.781079 91.253460
368.248720 157.210456
1297.375632 1739.384267
1299.682944 1784.912291
1353.716364 1744.247140
20.648113 252.238763
1908.091513 402.246827
697.780927 16.521633
799.117948 150.494630
662.067465 1883.324712
862.709042 206.916506
791.336676 153.650626
656.887155 1657.084153
683.729246 1856.543851
686.521097 169.044111
1327.582094 1698.869839
1987.245211 238.246049
903.278551 159.040672
1261.653057 1785.213447
711.096393 1906.321619
651.031501 108.193509
130.157870 270.920186
97.309918 333.562167
187.206641 186.120534
1387.332305 1755.395604
1907.067108 725.507957
2.674176 391.044546
1942.959229 394.288105
810.068031 67.771176
70.882921 370.023379
95.942136 395.525056
92.546864 296.099903
204.538508 283.300436
801.352376 116.779244
190.389927 251.157945
343.151069 171.309341
838.782092 172.407533
1239.226540 594.509315
739.552150 50.593252
765.863639 63.189865
614.561113 128.724608
691.045630 96.942089
1989.328838 337.188661
714.585267 1753.004037
1969.110933 374.628641
465.900739 1870.598703
776.696928 25.579191
819.096050 197.424222
505.952862 96.440147
552.893287 120.157036
767.754203 183.595453
54.797400 341.254741
722.854575 127.050392
644.906556 73.597428
793.162668 1882.002611
48.355613 288.841874
642.932790 144.332707
690.800261 204.170842
368.872109 122.226064
535.902187 73.302382
1953.320580 339.334841
849.565802 109.988825
243.384059 206.992633
800.537565 1875.087236
831.561821 142.682708
339.402563 129.863022
1912.440984 1035.882508
853.653256 653.162621
1174.053992 1753.965833
745.902289 1794.625633
571.400789 61.664716
800.242305 1840.336785
