13.220658 975.646378
1628.393209 584.475868
1943.600907 928.203309
1455.771775 1824.019031
69.612327 932.538879
1397.390583 1803.067824
1747.488656 846.428495
1762.291746 698.029233
1306.236174 1829.142142
31.703877 794.902541
1964.904147 897.672869
23.883085 920.234937
1847.751228 730.489014
1590.570107 529.119161
1735.127796 684.267107
1743.530549 795.930369
1967.921728 810.600382
1875.600619 782.578792
1514.899480 1749.801393
296.597959 55.475343
1865.238427 1040.456140
1915.768447 1010.482716
1060.216329 829.661766
1053.116761 797.214992
1960.664596 880.867997
1852.872939 816.903350
1941.311861 906.383357
34.286574 906.512699
512.282539 292.587814
1898.894710 668.532012
1698.584998 566.575996
1907.013170 791.568790
1429.205043 1808.657007
1893.410665 1021.081734
1874.330827 955.842143
1685.209294 807.640817
1672.291307 614.712647
1851.932741 841.481934
1947.343755 731.143955
1783.711325 1014.179728
1778.412005 731.180120
1829.498009 891.756002
1844.753171 932.233572
320.237859 69.382201
1736.683646 722.901237
312.001143 1987.940494
1820.368365 830.057906
1663.649555 579.060590
1765.600249 859.861517
1844.483689 762.326325
1689.944191 859.548932
1963.040910 950.554810
12.589705 867.797403
1847.413239 907.760220
1880.983415 890.547567
283.961858 16.634687
1999.121574 746.381152
246.779225 39.292025
1394.579561 1859.182273
1889.275007 823.957709
1908.387977 783.003224
1803.263530 747.693299
307.893245 45.477413
1815.010932 784.932363
1427.497472 1847.040907
1895.582986 903.409738
1695.971696 771.518244
80.834737 785.610304
1707.169252 704.433312
1767.206410 659.226393
1810.539273 1025.699670
375.640861 41.302817
1791.536978 696.020921
1509.993026 1840.021242
1786.122961 768.679655
1753.049853 935.506598
1866.256873 999.455451
1772.746241 1412.175365
1929.957802 756.301096
1864.859824 679.771868
1789.847955 889.168272
1773.119080 834.886224
1515.243105 1796.012906
1755.869618 624.326767
1807.030864 709.838443
1793.978548 882.108869
102.534650 918.796221
1839.841127 739.626734
3.540311 832.284100
1937.049390 808.865135
1827.342794 981.124789
1506.399662 434.073432
1462.042981 1758.802849
357.938990 37.464562
1828.059714 878.005138
44.379116 841.962100
1830.267006 816.573112
1561.732987 1767.889846
1807.273173 734.129248
1724.023251 862.954912
360.653762 77.777617
1997.274637 959.710214
1957.595890 844.139400
1707.373670 913.553078
1787.379355 1055.716577
1937.880982 821.644768
1964.286440 811.021137
1712.722973 778.976108
1091.205106 854.259607
1894.864424 933.086098
1665.730772 896.100550
1949.203385 1033.954170
1674.511189 707.051822
1127.715369 841.211292
1732.995646 651.064960
1945.165736 976.384445
1881.613814 716.556739
1972.631284 999.016205
1922.320644 986.295512
1867.889072 763.749393
73.210520 730.728050
1986.635969 861.440998
1836.441517 1018.635084
1623.630431 540.664759
1850.083155 846.089500
1905.169227 872.608437
1028.635205 764.694926
1086.189481 785.128105
1854.672964 998.911846
1971.028841 929.199950
50.689147 879.460568
1726.948437 769.567496
1430.006855 1775.469089
1460.227302 1793.970864
1852.188873 790.876892
382.429030 14.145777
1672.308180 649.557538
1962.708975 770.146929
1757.260224 997.028303
988.185093 737.357334
376.470049 52.133768
1763.099608 907.520706
1175.145832 851.015248
1759.549021 752.792166
1704.747322 627.327955
253.499983 9.721588
1786.166173 933.098796
1880.684193 884.609052
948.025936 702.122000
1335.562542 1848.394110
1490.609020 1813.709197
1836.552140 1065.154161
1933.693057 784.832460
1750.366477 947.546912
1544.673049 1730.509695
1990.137496 982.000437
1878.831634 858.771492
1920.990981 731.964977
1729.482110 822.403999
285.969272 68.576698
354.613485 100.845478
1841.303220 958.586498
83.320818 875.095742
1804.896269 856.729309
1867.251165 922.164732
1703.358977 667.555582
1461.283316 1678.795686
48.141743 946.475348
242.632570 1975.576788
1841.391970 880.481110
1376.336426 1827.499985
1485.890091 388.893550
59.806561 763.489092
1835.539782 688.067762
1472.874656 1846.435718
1834.422453 647.352665
1872.373427 1045.742187
1769.461657 807.629560
1800.804552 949.111694
1903.087446 1056.812980
1908.286996 1030.680483
1557.494325 468.345232
1911.094283 859.022341
1707.075139 592.477055
1499.407360 1725.017044
1919.519621 702.198953
1870.150014 865.787047
325.376611 102.486085
1914.652402 843.749331
1904.016626 916.797016
1895.909102 982.796151
50.433047 695.466227
1446.039400 1874.364472
1972.528292 949.875057
1540.400200 425.990190
1888.234461 750.718152
1934.542390 958.821139
1826.973712 618.251990
310.088580 28.612972
1094.850271 819.547467
1385.094964 398.164185
1155.002797 121.345316
1318.507919 613.480198
1338.177196 695.646863
1277.400326 161.490724
913.575333 1851.819324
1347.509456 595.220644
1037.414565 1750.499490
949.060785 60.029838
1285.302206 280.624735
1346.356832 804.951269
1331.174287 486.091797
1163.347056 245.947756
838.769815 1718.623831
1437.703404 546.304968
1392.444264 600.975296
900.086853 1748.219916
1202.182786 273.195628
1041.070883 1868.254516
1018.762686 1999.764015
848.095531 1925.260751
1466.599388 493.849903
1347.554509 348.387563
1411.710378 733.533355
1294.939986 130.996228
863.986961 436.997718
1259.710057 385.643232
909.034944 373.877427
1335.344986 497.883966
713.882711 1850.188932
1357.406815 773.357083
1364.501843 633.941384
1050.230452 118.528273
1288.508342 248.114310
1305.367772 406.887976
840.868960 17.724907
1166.907653 277.995852
1238.304735 141.956327
1398.638670 495.534642
997.952345 31.762068
1143.106908 127.398343
1334.437784 436.287926
1046.376762 1834.554240
1428.346491 419.040215
1376.830348 743.318203
1411.537188 440.914467
796.000499 1996.565197
851.796860 1783.235150
1083.611254 1759.457549
1434.743171 630.669908
1501.329592 735.008268
1071.152575 207.023796
882.023925 1783.671634
934.923796 1724.789832
1053.259403 1730.780864
984.618029 1816.764375
763.109801 1710.044038
1007.923848 1791.608705
1339.565572 659.957122
1430.686280 761.926150
945.965628 24.724141
1172.002346 217.119668
1363.651977 486.130277
1122.390849 62.425266
945.324876 1771.709260
790.477379 1688.858736
1158.680522 208.336929
885.705521 1971.220756
1288.501143 534.506606
906.005587 1783.434389
1274.093061 423.963620
907.755374 1817.216054
1137.729410 160.310175
1003.199103 1678.149236
1110.554734 42.774354
776.025627 1961.760255
1412.489637 710.147931
983.177537 65.330817
1327.023805 377.108740
1259.665002 201.456617
1400.410003 670.568060
1422.221721 384.575984
1242.042327 408.016620
1299.379897 499.930245
1062.379385 47.230764
824.694108 1699.967839
1207.269318 152.969509
1450.033973 378.987269
1048.524741 179.610165
1368.259508 528.748587
1491.186498 695.283560
1359.833982 526.274494
1318.868488 530.475093
1210.930189 395.142558
1445.057764 709.216302
1380.066731 361.954754
1372.747135 690.196182
801.098266 527.610251
1080.464881 97.983210
1153.294919 46.476990
1259.676672 328.921775
1337.792485 564.182363
1297.119708 308.938739
1041.364695 1776.705417
764.384593 1928.697072
1086.474294 61.570167
951.989338 1707.697123
839.238943 1751.473152
1404.552280 344.145333
959.191836 1826.379366
1121.564835 189.886744
1084.797577 16.088687
993.574867 1749.900585
1321.195529 563.028372
1229.917467 174.356997
1373.318900 648.373880
905.551082 51.499900
1287.023946 462.688801
289.905275 1828.534599
1293.767511 210.069460
1260.945205 354.718524
994.238530 1714.167069
1297.796176 578.443303
1399.924362 631.102377
1316.977725 426.038200
1466.352537 644.194405
1426.537252 508.413207
1239.371847 490.878200
1335.794701 438.610494
1126.987675 198.739425
833.714864 1859.476005
1218.479203 276.719216
1035.995803 115.525807
733.436293 1728.206641
1212.266272 427.093958
1429.541845 663.352211
1003.888544 96.083563
846.109673 1822.340073
1434.385944 469.044054
1240.706190 248.896576
1043.197565 82.906030
1425.226731 588.885339
1403.215095 554.044019
1453.707952 736.261823
1149.520154 78.614312
1179.648441 101.451556
992.779636 1935.352073
897.508312 1709.780087
1248.655525 301.486949
1295.698874 372.036064
1040.063846 33.948626
1461.288449 677.082296
1257.276061 463.595083
1235.193863 367.246196
1201.610245 196.113055
916.861147 1681.143977
875.392185 27.507979
1304.354433 457.461972
1375.471138 439.654421
1034.469826 1702.294850
1225.351661 328.586862
940.739410 1670.136675
1344.149364 732.173718
969.063374 1735.133874
1177.242356 182.505432
850.469117 1701.943528
1169.775912 156.713443
1380.402333 580.880352
1246.427808 201.030697
1293.455636 342.244947
1020.439061 1897.034221
1009.832611 124.638548
1195.205529 122.627403
1102.645912 223.560446
1259.576590 265.104109
1210.336190 223.251053
1007.168974 89.574213
1396.113519 772.027393
1346.651971 229.177854
929.403005 1714.522623
1379.372969 704.711193
1400.929872 538.089558
1094.222376 168.263289
1114.690011 256.845256
930.505843 343.941768
955.147283 1848.938334
1029.217788 150.976128
810.926115 45.240661
1116.162479 95.361427
903.956461 1776.513673
1354.908378 409.685612
952.055506 1949.975624
884.826862 1684.096623
1183.949201 313.811840
948.056128 1798.469643
907.238794 15.243410
1352.168256 459.963037
1018.083365 61.247665
1019.889122 1812.873542
1090.930545 133.236978
83.170399 1453.728342
1925.864537 1551.686561
1.458920 1632.927456
1964.541602 1389.583693
1910.834895 1504.878709
180.530711 1616.138460
1939.969735 1481.814652
1834.114958 1515.164140
1930.419146 1593.177895
1987.351149 1420.527836
288.809085 1454.794165
324.485337 1554.299489
235.179306 1632.329152
252.019398 1541.476955
1857.568526 1412.355509
201.423267 1613.072897
1826.801611 1576.409243
1310.850680 959.270377
90.132118 1633.833791
1856.677507 1487.606950
60.046684 1604.224794
159.472199 1645.228642
360.705679 1553.485735
76.368613 1452.550732
232.631396 1574.614625
1987.129088 1513.432560
201.047591 1504.639071
1336.646095 872.217631
349.034434 1622.695831
182.743101 1713.506343
276.477252 1547.241202
1894.483506 1671.137386
291.044124 1670.147218
106.774817 1673.921817
267.853681 1679.735558
1865.506859 1606.806660
36.400198 1540.743678
147.341979 1543.860286
1803.548511 1448.662589
153.723356 1679.430382
327.189191 1577.047874
1764.558094 1516.583162
1829.074624 1390.372607
1751.075516 1537.003424
1726.615450 1564.177962
1389.673407 831.105250
1973.379312 1547.466528
36.626908 1469.639707
1716.146746 1431.630422
13.573757 1654.385392
1865.622880 1451.413900
1974.031855 1627.928052
289.872960 1591.433418
1976.251747 1682.564566
292.262908 1413.316417
9.898509 1677.788064
301.002846 1473.067668
1860.884536 1371.339693
158.181449 1510.885975
273.431256 1511.656746
103.101553 1705.610271
1901.241722 1530.020065
1986.648395 1482.910667
250.379921 1622.589895
25.546376 1528.307873
1768.735539 1399.206197
185.859314 1533.163848
1963.800765 1498.568496
339.059095 1454.752883
50.998044 1570.243779
56.540063 1657.241818
168.822349 1652.890293
241.108264 1406.887730
1926.456738 1443.369480
1871.374300 1646.334083
1934.347112 1571.795733
87.759230 1576.693727
63.885070 1703.430208
1925.345948 1641.298653
1960.277988 1406.148190
1362.592538 921.482230
54.446645 1650.870750
1354.627318 827.843680
172.094611 1560.026776
1904.223687 1601.192146
343.997993 1492.931766
1987.385761 1619.502324
48.353242 1643.341123
151.453798 1441.441767
1954.187876 1643.134818
1982.973930 1720.281519
1833.782474 1458.907419
1940.073364 1489.946531
25.354130 1617.552923
83.972891 1613.077111
1993.461381 1569.792594
2.730886 1590.265209
1973.398108 1448.001390
1926.248304 1448.818356
1291.120466 869.539463
124.379861 1659.486064
165.767649 1609.769068
143.263615 1722.194267
295.012940 1643.848639
1789.467883 1580.926263
321.647570 1643.288117
8.007649 1510.576645
2.788494 1449.706733
1885.768341 1530.876782
1976.731920 1560.521422
1887.369429 1377.096706
123.498470 1461.589539
43.333698 1503.868159
94.687002 1627.587160
125.932263 1518.002158
1910.134091 1537.816418
92.147892 1492.883003
1800.480306 1512.732259
1948.831095 1527.139521
1891.969467 1487.325638
1796.545969 1386.287581
11.341497 1602.686337
1758.671563 1436.240397
230.382214 1560.022689
59.951333 1602.520533
1340.322541 796.162018
259.153347 1591.109560
215.295354 1574.076188
48.839627 1597.577998
70.467276 1530.831555
244.685910 1437.684785
1321.253672 842.078430
246.226966 1482.006389
1947.932524 1528.369419
1944.786333 1683.117193
1964.465029 1457.304063
1833.453915 1527.279381
113.361828 1424.255777
289.549857 1522.518053
72.416451 1535.631632
1812.159542 1490.515259
1814.227787 1353.405391
1891.558806 1572.086097
1835.356624 1647.014361
1796.900074 1543.217429
1929.874838 1381.921519
1978.449599 1655.656028
1308.126221 896.962986
1354.702755 960.762595
1789.089562 1419.088708
321.247346 1520.697880
224.062881 1623.942405
1329.075677 923.807482
271.118759 1496.473388
224.110863 1564.692893
260.637506 1545.398519
1959.571953 1589.805789
1872.729171 1525.309777
123.236950 1606.716497
1918.193764 1664.039896
343.793650 1584.534984
1363.406302 883.573176
137.004044 1656.320407
1821.860009 1599.912434
1788.879301 1650.293704
1387.618848 908.745224
1875.763685 1456.921781
191.430070 1679.018965
228.534786 1515.435489
156.598714 1567.727832
31.747674 1695.146719
149.787400 1582.665799
1881.648343 1424.660231
284.395342 1585.441156
211.561765 1649.450906
1757.326599 1482.376635
2.625576 1782.055332
1858.941515 1585.837267
1856.435659 1557.155431
107.909802 1648.633574
92.782407 1500.549016
1909.768388 1704.153884
1913.933866 1636.521328
1716.317758 1518.709807
1864.305308 1339.161549
1949.410110 1608.343141
1871.476985 1490.512959
1852.325443 1411.110663
164.290533 1480.201241
29.762581 1578.319953
52.622362 1682.136516
1903.760189 1611.556058
269.095245 1611.514067
1837.152997 1456.846786
65.409236 1565.598876
115.020710 1556.345710
1763.647045 1568.501462
1916.830921 1419.492005
1747.692625 1448.682270
1827.482818 1427.522652
687.265541 883.450178
1095.322750 933.016246
1116.050909 830.426873
1183.284257 845.000831
283.009128 880.981316
1241.218785 881.932512
1315.986615 833.326869
6.689727 860.560004
48.376603 925.897975
949.562467 920.265584
323.850204 849.202863
590.448366 856.303676
1741.818776 835.676014
317.902583 883.868470
908.054257 902.126126
1046.015218 812.459105
1227.235547 963.246383
874.827540 891.862461
740.644220 850.994445
1082.254131 981.884059
1884.414315 881.272099
897.675898 856.434718
144.285180 892.689934
1060.486527 865.723641
1089.318233 848.057808
302.355417 915.449203
760.758255 929.054600
1782.049257 885.436624
856.394282 923.300323
841.984690 885.129049
1099.505569 787.018602
647.325030 889.935206
1939.564702 795.330810
1807.412291 850.912972
988.401020 915.256058
185.140302 889.473847
1958.155940 869.346084
845.323360 835.043689
1142.123620 816.434926
702.528264 947.460957
1969.511447 868.294574
1961.828908 905.742862
1137.405253 935.620357
1157.564077 924.434284
701.935189 867.753946
1243.977979 790.577245
1145.548818 756.573886
1772.429364 852.092134
1197.838704 986.290765
1132.262888 800.759214
1117.302239 788.517179
776.526796 857.657100
809.297265 838.537594
1157.750605 720.490781
1747.433547 894.832246
964.317741 853.207946
623.982250 915.156023
1803.659788 816.370092
1141.326531 792.146859
394.487721 863.150114
1194.695121 906.782171
1726.817763 867.956951
1890.809615 847.468271
821.129984 914.044537
1223.713666 853.836714
1896.097061 951.410153
1014.280818 941.155993
1184.754085 722.062490
214.644095 865.409491
1993.034496 896.990644
807.251314 873.919911
1767.861683 817.139955
675.171423 924.137446
1134.971241 691.649012
1052.118714 899.800109
1853.127056 899.960481
1103.113000 682.027963
144.178533 858.196076
1015.129491 981.758599
1188.675490 790.585074
44.405675 960.309593
1284.394754 890.260661
470.725644 916.047100
725.018626 912.836963
761.702196 825.754134
285.435674 844.315974
473.549299 881.007248
1043.171127 770.016529
1070.427398 905.494640
1113.426713 844.662111
1722.242255 807.166640
1295.985342 814.007739
1094.998022 899.881562
1921.924730 973.732263
1254.767618 824.699762
263.592725 906.685426
355.363019 864.339562
1862.443016 934.735536
1235.907852 787.408107
1986.907185 926.863127
1188.109239 874.427011
1071.562819 943.638881
1122.245092 960.807604
1221.734508 838.126577
1099.191545 997.775622
1210.062033 774.072329
1980.825812 896.833890
1015.059598 794.982074
866.924156 785.146827
1147.040995 899.614365
884.139937 763.580413
661.249472 958.251038
1969.153971 965.112433
616.786600 881.342792
73.727195 833.079613
964.670702 888.048756
1959.348556 837.303551
1892.107839 912.406625
671.299632 849.941734
109.988612 874.986601
1177.194574 702.121316
1280.965771 848.894319
903.994026 820.328125
32.473991 926.073292
1712.211787 898.973310
1309.726049 866.115267
1902.005837 805.055558
933.286385 834.244432
1191.270654 923.881503
698.923446 915.521257
1937.399585 933.769015
1823.685571 880.548987
9.101768 955.587703
166.168967 822.734623
1986.228851 840.013409
1027.169942 902.935604
1158.147289 822.732710
1142.771520 976.669529
1245.570126 813.877751
1076.946187 803.210971
1094.675416 626.981809
1171.940546 871.515761
1078.538211 759.039387
1927.649929 856.480172
209.402609 828.527365
1301.697771 805.179843
1827.555548 923.293949
1233.784771 886.726747
977.870854 950.819845
250.116663 842.391589
210.745427 901.413184
375.022324 834.307608
1926.901386 895.977188
1708.120576 839.392951
40.186453 866.622985
16.266843 892.944988
1224.387847 764.228121
130.846829 924.228783
89.653329 937.418502
246.461019 877.396957
389.257200 897.195899
1132.579743 874.753822
431.468049 906.196484
640.125746 855.693737
1243.631405 946.137097
352.274549 900.412068
1182.962554 948.187951
1218.402536 992.104397
1015.154093 852.378038
996.487111 879.396906
23.902236 834.519591
1160.022636 856.171252
51.467229 889.658543
796.540469 797.522332
1180.963104 801.891636
1189.493056 820.562550
784.857504 900.232231
867.226276 857.253478
1119.512699 1006.215218
74.944401 901.528264
1036.192998 936.034273
929.399968 874.604843
1211.078932 723.234562
182.045025 853.989100
991.844036 997.789187
1051.377497 854.281240
751.285866 888.209414
1076.490045 828.267514
109.613579 909.644380
1237.945857 930.214036
428.405983 871.434583
1277.782659 793.438410
1184.598473 763.463593
724.134236 829.141427
692.284986 809.594650
167.400145 920.570928
1689.031664 868.187744
1190.452256 881.507552
985.050363 831.484594
1275.998555 932.441871
