873.464375 1464.051889
560.983975 1244.854158
1841.208197 1739.458957
653.335915 1324.595775
945.446760 1316.493857
813.378731 1315.605855
1899.941884 1254.831038
799.489564 1171.497830
722.933563 1422.204476
808.158623 1337.421877
695.868116 1327.628775
931.028912 1410.105806
1894.789014 1554.902494
650.525575 1006.671081
662.867945 1291.133165
1913.841555 1523.890859
810.549316 1199.938602
586.791707 1172.014196
1827.357925 1703.510913
1891.990380 1219.643300
847.369094 1457.444399
1832.813707 1825.106315
500.962433 1272.303596
1916.023556 1428.678479
673.509804 1445.045621
1950.492210 1516.016074
604.305412 1321.131837
811.603208 1415.492428
1912.859640 1376.018822
1856.806247 1497.101312
645.367058 1153.803493
779.921644 1201.811637
714.895094 1298.572663
686.525017 1399.539976
1862.506881 1705.744092
785.997927 1359.308233
615.095525 1207.392144
884.259809 1356.772309
554.781698 1302.014190
780.365326 1330.301708
693.078542 1265.034257
779.004415 1202.766024
781.803863 1266.934634
1909.075512 1184.609393
588.158847 1295.226727
691.857296 834.299612
753.177617 1361.817760
718.808134 1012.217967
794.272827 1285.300598
850.907389 1144.411830
759.200792 1246.195379
888.591368 1387.117158
619.002777 1431.539244
757.141596 1236.832966
852.327001 1279.885331
1935.629735 1119.581834
874.817874 1233.304957
700.415852 943.983734
827.313022 1412.866967
1838.128524 1596.346610
753.635519 1281.373747
1880.445195 1437.137417
1899.997859 1107.786199
642.905623 1314.999029
898.588204 1362.690614
670.394913 1350.241488
712.718130 1132.066032
838.589812 1247.847769
1881.283126 1392.193466
748.639734 1138.936465
761.423496 1424.206880
1915.849048 1148.272384
579.081272 1376.347014
698.670827 1369.279724
1874.403344 1527.828239
827.517714 1207.572938
746.709452 1357.542150
639.622458 116.596266
834.359128 1225.073315
572.613828 1257.861576
655.401799 1414.308125
1874.672085 1594.304571
865.287502 1428.622363
554.676020 1277.192966
626.445870 1351.641535
818.163756 1374.803152
1837.214024 1780.540297
784.809957 1236.199349
846.513027 1361.365191
633.039160 1387.278040
885.121499 1300.096276
671.409441 1180.040973
674.090274 1244.973211
1929.413460 1087.414258
743.549762 1230.633349
740.590311 1282.143213
709.341666 1220.055279
890.613052 1413.385936
560.579026 1200.413099
845.765046 1300.172138
684.717103 999.539172
849.723550 1302.472518
743.215216 1455.090602
635.446208 1280.213258
681.393580 1307.103079
711.308181 1331.857692
876.391939 1253.352761
811.092170 1383.115785
646.190682 1254.471744
703.915760 1442.887069
783.203536 1404.000538
834.697646 1443.147287
629.967123 1237.180467
675.189817 1219.186563
724.613890 1093.893115
669.819079 1247.891570
1890.412484 1495.323754
797.239679 1470.055316
735.745349 1447.542540
675.834683 1295.145825
607.320494 1404.259837
680.782108 1406.229087
730.731370 1394.961919
733.709306 1162.711364
765.548182 1329.622791
901.952828 1161.847716
641.138953 1148.493932
707.952031 1045.355647
767.906493 1382.291741
897.032667 1261.553584
823.502694 1331.132964
815.738934 1272.277937
797.166401 1239.948843
646.972176 1383.945082
722.512840 1240.380274
681.148978 879.182993
689.430808 1153.906847
1885.516571 1626.900457
746.103729 1409.085064
702.425746 1175.734994
1942.692372 1170.713033
932.450946 1229.245567
1903.937501 1462.527588
759.284480 1177.758509
746.145607 1065.960784
1927.192643 1214.790099
1849.398855 1629.318269
695.676484 1386.717697
586.478961 1078.813161
869.251565 1410.232867
687.112853 1397.856238
864.625353 1180.452067
704.714213 1360.581826
731.534093 1260.857989
869.517134 1338.933101
837.372388 1386.852766
711.287742 1240.207980
785.112274 1159.786109
904.425476 1330.547808
667.107978 933.415189
708.998581 910.267437
1862.806691 1560.979490
818.040010 1443.229265
721.461736 1304.686854
828.112365 1348.983039
603.090061 1248.166724
1835.665741 1661.513680
912.439437 1443.372740
656.785435 836.577894
718.579085 1408.094656
837.242071 1412.617678
675.941555 1058.854842
841.672819 1206.885910
737.724779 1203.599613
930.368486 1368.539436
478.915358 1322.608289
1870.224410 1664.763026
902.739910 1204.895135
807.435186 1292.338693
840.959653 1308.003405
722.463147 1333.468622
643.176485 1107.661098
556.690888 1362.248278
625.993872 1183.870847
611.178490 1350.282751
712.459549 1199.341537
566.073188 1320.762365
666.483953 965.547719
1826.956582 1552.722745
766.049494 1315.876753
537.047397 1329.438263
796.658602 1301.427762
789.751298 1450.018054
786.551433 1417.809010
690.545592 1103.162002
711.263505 1300.256852
1904.601976 1575.096316
645.670760 1207.269158
1963.263473 1142.381362
1924.394755 1489.665440
794.602122 189.503801
155.254652 150.723387
764.765049 357.832259
426.312282 146.470660
630.976838 151.916373
330.492007 67.009051
760.240286 434.190708
242.697786 192.209899
1199.398630 544.771858
592.475579 231.348859
519.987780 163.681147
648.829149 341.872745
661.694541 238.193527
78.550576 82.227409
880.095707 290.596514
817.557555 255.861599
191.195464 151.588729
709.733703 117.356903
280.952369 99.417564
392.914376 153.318179
660.759828 360.733860
1107.120088 487.027259
801.344275 232.050175
1188.359695 577.638820
597.429158 213.013875
14.682198 42.704415
631.919340 181.034638
98.116504 203.120022
696.854170 371.326983
112.541978 154.323249
489.919031 171.780795
761.853696 329.820524
19.745210 96.444426
621.640816 241.078967
717.961033 398.771099
220.468114 193.275852
633.288353 377.102876
1017.943493 419.533609
750.928047 293.690401
55.495919 125.632766
583.388370 379.017005
756.128704 183.773201
719.072571 307.141642
764.116803 325.693841
801.551917 360.371927
865.988155 245.898381
135.525958 151.014074
638.724716 271.906449
358.420197 213.974037
926.089727 362.160990
556.660554 153.907137
117.891361 110.019710
148.822614 193.825782
706.492910 205.591059
291.641974 139.634879
771.763259 248.299204
105.300464 25.237936
231.939405 111.479045
314.479968 140.255449
841.266980 364.601048
135.800792 1875.605408
536.377145 364.958915
758.967520 212.172097
689.304483 163.913147
274.962513 20.940646
199.640955 25.316174
590.041375 179.041155
285.429070 232.679354
716.640786 347.480503
236.196488 17.390098
160.861765 129.792218
148.328429 181.985910
170.619341 106.083363
204.979260 74.314087
536.548469 337.629600
643.309676 418.795045
839.650969 288.894138
52.038274 93.988798
718.654829 253.702834
466.115213 292.798612
866.812936 383.650390
383.129876 115.999122
237.402139 96.987732
713.726220 191.299154
54.918570 61.574080
154.978702 25.027371
546.980160 218.290452
502.246414 139.467830
22.411887 67.457052
358.640139 142.397883
513.000071 247.561913
738.770348 279.526797
800.921436 153.603385
619.857981 312.632967
892.430319 356.751161
753.247668 200.810093
454.004582 178.734035
524.053306 186.059266
68.275698 119.628069
591.302734 137.359054
569.979003 339.882337
336.939384 168.668617
661.255426 174.722982
693.997969 321.395598
142.633518 111.383820
730.699415 342.001477
201.154314 82.262009
179.190377 1968.869924
783.323233 267.547430
229.143869 52.172757
645.534741 121.269031
431.335626 204.837275
253.537968 129.892263
307.713291 175.348067
611.027019 284.410780
421.482672 185.967721
267.800280 208.671522
723.612898 211.751436
603.415784 253.542360
588.212532 350.590478
777.925453 143.150381
757.338331 180.843799
262.042841 60.727602
786.601716 301.149362
482.376267 215.668198
903.502459 305.241795
793.926640 393.457757
285.236381 48.959524
307.956934 75.902075
102.446631 1879.055460
685.221088 227.029381
602.449515 203.879685
93.187482 134.271936
103.766364 70.807765
201.784003 130.288125
839.108909 324.992880
492.586681 247.803151
710.794174 222.018411
1076.476209 469.418389
629.272985 207.860764
423.519499 243.466060
821.757714 286.982487
368.710734 181.262260
547.267941 216.285360
482.292146 291.128620
143.326964 208.952447
313.349131 238.736223
675.655602 290.702336
611.299836 321.137681
655.470649 197.618939
557.737198 240.235350
1147.616092 524.465023
638.888443 260.478269
548.047231 258.192135
670.541689 223.350900
56.644463 163.527176
298.736805 176.602256
674.401640 392.241834
390.732493 239.807320
721.716055 266.066522
129.700774 149.665073
742.506459 152.223693
477.883054 249.045815
145.638114 63.382030
629.821984 247.265789
581.175690 293.806783
526.570551 294.809263
810.936878 317.833340
185.000126 181.087263
656.852986 326.304270
328.897258 205.292463
467.155049 329.942047
202.747738 112.259510
1244.144031 611.070998
567.791314 287.272116
638.679456 297.375163
533.908014 309.269998
459.181593 253.350023
758.055848 394.860062
233.167751 1904.321779
458.650112 218.454227
394.153231 205.940052
119.555519 59.102321
174.570184 1919.837255
561.132373 283.725882
347.992758 251.319159
579.002055 210.695903
175.081677 58.447482
140.987135 1988.837115
161.533887 64.206063
685.614386 261.130374
751.515094 253.204404
178.512390 93.167072
113.885509 89.972540
218.219182 155.804510
256.607341 162.580465
332.984450 110.310864
79.236848 32.387836
719.439990 308.591838
502.085949 211.841193
876.436178 155.634455
749.874024 138.911150
833.662556 70.348612
865.797467 336.195808
784.517956 201.433923
1051.257542 188.778756
757.635216 278.127881
694.333445 110.282803
821.128979 226.819781
767.538017 206.210971
986.026167 129.986208
1051.005810 157.264863
945.061233 55.760930
923.153434 81.830969
708.938473 189.748230
931.553233 128.137074
739.671109 83.027358
797.171955 241.685049
991.191588 190.266983
801.376918 312.932517
860.477398 276.038448
940.086189 213.289249
1037.173552 222.923595
882.380650 260.652491
954.544900 166.533414
815.034883 89.750282
972.327908 161.036405
909.010194 273.137569
1058.887754 119.843001
993.902055 346.459535
1041.137685 287.664140
765.775781 43.590257
980.882545 33.504724
893.644699 52.312973
903.189814 4.430462
742.472238 212.766411
766.926463 1894.700049
865.312556 209.703594
756.853475 378.937101
910.625320 152.847017
1022.700885 93.072642
652.847394 164.273185
704.441117 261.412492
663.997253 156.672386
654.806947 293.172101
859.437763 16.005190
813.895961 148.963313
834.514782 280.998775
595.270114 104.938227
880.785809 91.142229
620.534977 50.543207
794.724300 92.755417
1063.998306 87.286827
870.233528 127.534717
835.615574 120.078006
969.910626 260.997681
987.142507 101.812284
644.900620 44.649271
989.800248 154.965148
953.147683 344.222873
880.784067 318.208196
666.374089 105.550992
942.648738 336.705890
813.915750 388.379775
783.780458 312.583522
631.371428 106.694461
900.008370 106.323321
882.775643 291.898645
1039.774083 51.650943
896.533959 154.103042
929.998813 175.595252
946.153576 249.284264
903.085573 68.800751
684.038306 9.215232
723.659468 1941.208838
688.101394 1938.190136
918.710575 243.484578
840.101891 1989.134903
836.245468 192.801914
854.934474 227.007448
859.540111 97.672625
854.597404 176.792862
842.488285 184.209500
886.575908 189.820205
804.356214 260.081494
1027.410475 148.664755
870.788290 208.521210
975.622650 223.383948
975.899296 275.828845
884.043644 255.788472
841.904470 262.545833
669.375860 195.972930
873.939154 372.755155
688.888494 78.658587
892.434693 436.653005
782.368738 119.353282
849.754263 245.262497
823.689965 292.344703
767.088099 291.801215
662.717002 65.907469
911.577800 123.324634
793.453043 39.126120
1004.658327 166.983843
1012.728330 18.071739
721.282299 159.877819
965.590516 66.262012
773.734850 73.302838
733.959541 1879.160174
836.798375 371.389110
877.907125 304.060264
721.336559 193.198688
882.797284 34.956306
925.746883 207.046532
930.741994 380.244967
946.522111 297.509641
833.828690 105.268273
929.561104 218.463134
688.060447 198.996895
741.881259 139.399751
690.445188 37.260400
29.167124 1549.340089
855.753675 151.056864
671.834002 129.375576
942.655249 102.182284
793.202917 365.181835
849.958412 423.707770
1006.063642 257.841535
996.184782 229.231272
929.414175 246.809050
876.627896 0.443161
1002.493684 310.869266
793.014531 213.527337
787.548519 118.938623
851.817266 396.218583
794.758478 184.628254
799.539928 148.333266
735.845078 327.381231
761.643339 173.977376
1035.304627 241.536372
903.986658 292.410743
630.443056 271.728354
724.425860 265.690793
820.214342 166.925220
696.017107 1878.824132
724.738375 80.792044
762.534458 210.737597
752.489631 101.655150
714.495329 61.446604
719.488838 1910.141230
684.022051 235.622556
874.459981 191.356199
1005.492178 69.849830
860.459516 230.103212
808.611988 56.276283
915.332328 21.016650
951.347551 20.552341
741.832319 18.274510
784.646881 168.709912
891.431217 244.831109
736.667501 224.291100
954.234120 299.376841
826.465622 34.287516
944.420777 139.691126
708.564643 110.126526
763.996028 239.559553
819.267794 337.820541
662.285138 264.220584
1013.162541 220.344168
914.724565 314.034963
956.696004 173.866974
854.790484 148.157955
966.851611 217.246345
795.843655 281.960047
1041.063412 119.361264
847.371473 327.908180
630.336833 144.697130
803.299159 229.209035
737.894431 109.499911
766.064261 345.005579
846.566911 112.613259
905.373430 198.915843
817.001875 317.112431
826.381704 243.554389
635.409820 207.135960
790.655439 349.316527
774.013349 1937.540991
749.334210 1909.934044
712.636841 198.554850
960.559149 360.908993
761.920066 157.607433
893.660863 402.010423
929.978426 133.871262
1013.256844 138.249982
736.215146 236.072902
894.528051 342.918511
925.015082 186.244919
681.386385 53.319400
781.233499 242.864774
18.437000 1680.693524
706.130484 322.098051
1553.562031 1144.482251
1835.017221 1155.970567
54.157376 1050.372226
110.491005 1109.316572
1374.303019 1168.938194
114.845243 1077.826456
193.310934 1175.278583
1073.085485 1087.178008
1165.505152 1170.632328
1781.716195 1250.002594
1516.264591 1277.016466
1516.014855 1234.624386
770.533602 1650.743092
1946.736199 1096.480025
1727.020074 1209.859810
57.594795 1170.010050
91.745550 1114.863894
1622.626148 1282.294364
1781.747563 1282.243013
1764.399945 1166.129185
1049.805091 1177.714410
1754.458414 1135.133890
1324.191741 1240.854685
1867.194518 1100.866816
1990.321852 1226.418094
1886.915605 1178.453636
1625.919745 1250.180244
60.650223 1144.973081
1666.287885 1140.572814
1668.642317 1247.211962
22.358163 1087.039299
1544.962068 1238.879036
1032.776730 1203.745327
136.967884 1749.752763
1766.180906 1205.497517
1266.571783 1183.401570
805.091957 1647.658648
1934.272291 1155.596474
157.931218 1217.929370
1518.307119 1175.156086
170.839117 1189.111204
2.365775 1151.613679
92.238394 1157.230453
1889.720553 1139.726582
1743.931118 1301.089811
38.350701 1082.961865
33.197101 1058.371106
129.936135 1713.239801
66.865681 1270.635219
66.834782 1113.067058
1984.537741 1109.919778
1634.037165 1153.095037
1974.191819 1158.418518
20.446355 985.509084
1.304924 992.862268
1740.170531 1162.551377
1478.491182 1180.973272
156.581812 1650.074006
58.499978 1007.264837
1406.454783 1223.565251
109.488207 1277.375408
1963.613948 1109.080592
35.799502 1031.625132
1651.448340 1217.127676
98.522109 1041.909265
150.060606 1106.339862
19.756329 1277.421392
1816.666543 1216.417630
1103.375286 1077.119440
1127.370564 1113.286033
1873.559561 1210.012673
1022.668224 1087.694114
1440.275809 1205.375543
185.327428 1104.037132
1808.481749 1120.403940
1089.284940 1164.903675
51.032145 1308.802044
1195.425595 1112.462664
1810.529201 1215.953714
96.509900 1232.130011
1156.963175 1124.959714
178.733955 1136.852984
1459.480981 1236.483995
1617.807624 1216.155566
1569.578575 1271.097144
1379.549396 1212.825103
1474.244860 1273.626602
36.493594 1154.741365
4.979260 1115.298663
14.274902 1178.179555
132.177544 1674.195575
171.753725 1082.787822
1997.309893 1075.215938
787.649455 1623.000170
1958.177744 998.311104
1230.728660 1203.878582
1403.887334 1188.580704
153.355819 1799.537665
1919.275028 1136.302629
49.033464 1127.059175
1991.545423 1225.862604
1798.425961 1154.607391
1844.361285 1120.433672
1921.867619 1034.782444
1691.792906 1336.428475
1955.860987 1122.074773
1107.412468 1136.012683
1935.981916 1037.440526
1943.900803 1204.909014
1992.260104 1196.667447
1705.891070 1168.942269
1534.047611 1205.626283
1976.170771 1029.656182
1486.254206 1215.456951
1254.842655 1150.920771
1966.047711 1269.648543
1988.491620 1024.069035
1018.318959 1141.520881
1438.569507 1240.645797
1172.501983 1088.780621
106.155868 1152.020750
1965.954651 1088.846097
1688.626117 1296.591091
16.238980 935.848335
1978.638928 1067.124662
120.293229 1205.063205
1049.225807 1122.739870
1965.639461 1225.689861
1886.206843 1029.872691
1616.293643 1194.167420
136.636078 1073.700474
78.387845 1070.664383
122.862891 1131.112820
1443.973425 1273.150530
1099.755606 1111.462563
27.151725 1180.668095
1861.864787 1139.383128
51.705675 1232.428146
1910.541670 1209.504177
1778.611188 1232.720601
44.267046 1112.796051
77.744737 1204.275913
1748.661846 1262.888347
12.006942 1053.039083
1223.645879 1133.201877
1973.699008 1173.359155
31.576153 1151.593111
100.831270 1171.864661
1707.974791 1274.312134
1321.222310 1209.179417
1329.481849 1168.543311
1406.188061 1148.981344
158.934286 1050.692445
97.217435 1679.322781
1195.578701 1190.433039
1137.833928 1079.201648
125.343833 1236.113712
1301.336594 1178.892813
1284.696884 1229.997060
1349.757711 1196.895685
1412.031309 1265.183880
1842.859758 1084.733982
1432.289134 1170.981030
1586.336057 1204.783767
1910.333652 1075.737216
1993.643136 1193.566081
39.241683 1117.804069
1817.078849 1181.295109
1650.422246 1271.579689
29.916332 1249.357142
1221.865880 1167.673479
65.509209 1168.985963
1192.248055 1148.396115
1932.078250 1243.756208
78.316739 1113.789238
1913.446985 1199.797205
1691.405923 1198.550412
1705.771002 1234.392904
1826.375338 1250.720803
1266.125938 1218.683464
58.800665 1186.765757
1746.444236 1239.481473
104.578792 1203.674589
1294.706610 1140.612747
1633.706310 1342.001236
1789.845998 1191.419914
1606.901005 1151.228380
1668.688614 1167.580861
1135.129232 1152.044606
1849.797638 1184.218947
1495.548680 1249.282406
143.196017 1158.616751
160.339890 1266.058518
1580.268763 1170.068784
1058.370683 1206.360576
1759.396824 1192.947023
1957.333970 1325.700768
34.651296 1193.352010
1957.658999 1189.674818
146.167281 1151.354239
