1720.665205 1060.348975
1525.633938 778.753728
1520.621397 1013.829700
1578.203815 972.322073
1676.643257 1030.354137
1789.435922 906.239800
306.423608 1914.553062
1693.147954 735.196000
1725.554573 1008.569469
1625.340695 899.404657
1621.972955 897.989157
1636.153633 1049.394685
1338.951668 922.496002
1518.134751 677.917939
1685.743015 773.498090
1551.001355 784.643819
1668.428755 873.122496
1425.037447 797.178373
1454.029993 1040.938290
58.621208 396.235219
1715.250792 1024.787070
1606.301949 1083.463819
1448.946667 694.275048
1454.695297 712.481909
1489.732773 1018.894850
1390.216195 908.891100
1586.845896 943.165635
1713.420589 967.326030
1475.504400 646.838368
1386.875013 832.939432
1543.726330 723.342053
1626.697670 804.402123
1551.187200 992.147203
1638.803047 949.819545
1437.506149 1076.509313
1670.673982 909.047848
1621.547496 757.392290
1745.822236 954.228213
1508.624112 871.879276
1553.488730 1011.340126
1436.166712 831.571731
1607.932376 810.577684
1644.190378 919.139752
84.770373 364.382996
1529.596460 815.502171
91.518485 314.513490
1740.113804 885.792025
1622.285237 654.002625
1617.665828 931.917402
1773.920090 770.122745
1707.799382 802.647037
1566.094512 1072.932285
1711.558628 960.341767
1477.599429 880.159354
1761.326753 836.855309
6.714398 289.654549
1645.521248 959.005108
184.667201 351.851324
1547.144220 1068.966403
1372.126426 949.780242
1590.487576 855.399366
1394.524411 746.880186
42.012524 360.480549
1444.646807 859.592731
1773.930323 977.305476
1672.321931 880.658266
1545.190286 835.482816
1689.153308 840.752042
1479.241708 681.775745
1668.309525 700.451085
1649.891569 1038.345706
102.176576 350.072312
1639.344095 818.945706
1638.260746 986.552272
1410.337508 858.090813
1512.705791 932.623128
1696.621194 945.946038
1630.005585 1402.284241
1707.587440 827.743057
1572.494349 824.469348
1805.674699 958.506175
1408.509896 938.981605
1768.118927 1014.799248
1542.876966 746.411583
1520.776627 853.984968
1815.923391 867.945707
1521.657082 1082.635917
1671.719470 804.667686
1661.795863 965.385682
1519.970773 908.648307
1722.564821 935.302167
1632.449243 690.424496
1740.560664 758.681300
55.564358 332.459315
1621.216753 819.879007
1746.332005 877.809312
1643.638000 851.373245
1650.699254 1075.421943
1500.164027 790.384313
1581.933201 939.249982
126.184524 415.834663
1612.481318 979.566722
1599.132833 1022.027799
1548.609534 896.276670
1576.571881 884.942194
1574.896889 881.211435
1517.568817 960.088800
1799.509335 867.893998
1601.589750 792.914673
1522.775859 1013.291046
1771.255944 930.904878
1684.854248 1084.588568
1443.046514 752.208143
1629.518850 722.043709
1631.743086 772.628362
1536.443016 903.359526
1353.894074 811.189522
1758.315834 1009.636120
1697.957711 976.633377
1744.654912 802.212920
1586.835387 843.747133
1619.237272 993.487823
1675.424386 999.038756
1673.975010 682.277081
1618.872153 880.066498
1545.069312 954.720543
1502.791256 703.567385
1577.221481 716.699771
1665.207718 911.907363
1525.756475 1033.996026
1696.725052 923.116680
1637.238123 848.853349
1708.784673 894.838131
1571.614324 968.072507
1534.830026 881.248915
212.804906 335.514778
1584.541273 760.113028
1509.293739 942.292661
1600.914603 983.319493
1557.106413 673.075969
144.274158 352.763061
1761.171260 855.483914
1410.797310 768.206784
1559.336141 860.015855
1588.078381 761.892674
111.669865 391.077447
1466.359648 954.181862
1581.337019 1026.406001
1529.662416 644.521603
1690.735841 1052.987312
1638.271036 1064.204561
1780.583526 803.839746
1562.544400 925.608092
1524.541726 948.801477
1606.343760 1012.806194
1698.684837 1023.730891
1465.308166 854.762552
1660.998637 738.255810
1724.486137 868.826936
119.272899 359.301876
165.329819 392.723665
1441.561191 887.484241
1643.148863 1019.996042
1434.914992 952.677304
1634.921553 996.695892
1458.148634 780.658555
1549.916966 987.964530
1749.610240 1041.298230
194.340360 307.789701
1439.699217 996.624138
1593.706441 1049.810372
1597.145726 614.145477
1579.552009 928.554535
1558.926242 801.602452
1596.708085 1059.169320
1575.642814 800.882440
1507.033095 985.286122
1739.142143 845.282075
1613.865653 911.644634
1487.819819 1069.547544
1728.753607 993.376855
1582.623346 657.786802
1492.271056 979.744944
1601.248020 744.374663
1473.547243 944.706949
1491.884007 828.904476
1466.986077 934.163791
88.855725 413.876976
1510.454435 917.313823
1467.617447 1016.299732
1701.698823 858.915998
1617.315485 857.695213
1575.082204 1048.540944
1676.279259 980.766598
1594.879458 691.950573
1470.678394 927.997996
1448.894431 907.490373
1508.618541 720.280433
123.714241 321.634568
1506.824494 754.225892
1161.882428 1550.521460
793.586597 311.867935
1208.658725 1698.415181
1132.299633 76.437989
1038.270364 1455.869901
995.403145 75.012762
1247.382064 1688.366464
963.644973 143.845286
689.848228 223.166629
1016.258570 1548.426648
1279.278838 77.891373
1155.765224 1485.176464
980.050273 1563.443103
788.352220 334.019056
1360.249274 1656.697178
1245.237308 1608.605051
907.931421 272.608062
1013.162401 1577.117913
1032.570633 121.634882
1144.238979 139.651122
1032.314418 1684.404356
1988.691308 1038.727666
1137.290843 1586.858147
6.777465 1173.781103
1025.265131 1408.604682
700.888355 181.456573
1047.567481 1526.654233
790.874910 320.325511
1195.150767 1653.040779
828.709727 243.091594
1236.300170 98.363098
1214.760850 1661.795017
695.291415 287.925905
1057.961696 1575.196530
1154.853085 1615.017090
928.886767 259.250281
997.923238 1694.917238
1520.130316 1760.219085
1184.388160 1580.564057
731.576585 222.964444
960.019668 1615.925811
1124.356728 1550.045351
1156.830868 1631.376053
1213.879471 1619.525998
1298.494989 1690.867728
1324.322752 1587.281317
897.604819 196.544584
1085.902631 1539.664581
1085.022517 237.113848
1460.640983 1620.884730
1311.547811 87.843207
818.234852 244.140066
813.677005 285.238553
1062.309661 1605.378223
1040.866848 169.684321
1112.165307 1636.776337
778.840632 252.094454
943.883266 182.680887
1067.263670 125.943189
1308.536123 1725.503127
679.405417 247.675035
937.920522 1554.289951
1168.023588 1522.803676
931.203185 1624.434484
953.020930 58.501308
861.044146 154.740393
1026.152391 1493.735185
1015.343045 218.818403
1110.037922 1719.966690
887.538826 138.930337
902.911698 173.483811
831.497250 341.154351
825.061470 93.971885
927.324524 89.109975
1256.953263 145.386271
1078.555356 1677.867119
1305.406538 1655.435853
768.509915 273.489087
1098.306040 1555.852053
949.301596 1441.221176
1413.542071 1668.981289
1102.849664 59.087524
915.779024 140.137098
1082.806538 1607.580168
731.618289 284.035716
818.395973 207.328365
968.681851 1477.004207
1226.890900 64.499181
749.629156 233.057635
1100.058482 144.043523
1268.239426 113.106065
1156.968128 1610.809715
1097.611861 1672.366238
1002.672809 1676.668500
1431.720441 1639.323321
1194.376139 1474.523062
1165.320511 95.675239
918.459371 1453.641563
751.599611 121.202926
1348.319522 86.049443
1011.920061 1628.406299
1105.384471 93.883376
1047.188907 1521.823266
1115.828653 1674.039264
833.893278 155.793190
1223.909125 1567.699920
930.156094 221.257201
778.295187 212.741748
1210.905382 1599.342096
967.091907 110.495079
976.756127 1507.423557
1157.379571 201.010672
985.932889 112.905569
1055.670914 95.245916
1094.458553 1486.400351
1163.426255 131.036910
1031.108009 203.331665
1158.161711 1452.174310
957.189481 1547.689386
1103.570760 1417.695003
1065.898840 1445.579272
1105.918838 1623.544777
985.596169 171.254313
1282.183174 1627.214139
1226.839435 130.519421
1367.605877 1690.851782
1241.964738 1778.273134
975.693965 213.454652
1014.518236 30.106459
766.421464 139.385587
1072.631375 1634.753634
1000.758451 1513.225929
804.728551 176.555910
765.379180 310.826165
928.952030 93.124142
1334.077517 1680.602040
991.404844 1450.719521
1007.011854 1735.795833
1977.864907 998.939672
1044.277205 1584.992085
1121.268986 214.575627
1316.131310 1621.207834
1125.027228 164.198684
1301.901729 122.710077
974.831711 1398.211231
796.795367 64.252763
1071.793417 196.080751
1035.343022 1726.436878
1016.502871 1541.057288
1044.415426 1466.440746
996.655379 1405.113823
23.545734 1053.188674
1068.167596 1493.553901
982.636711 1563.257194
982.687626 1668.269702
793.890310 256.691168
1058.727455 152.791693
1093.661198 1714.669992
1117.951493 180.859485
1115.076998 1587.113940
871.313112 108.170601
1089.273438 1563.577924
1189.603915 195.251291
862.275724 223.012735
999.909955 1536.947710
974.199678 1598.393762
954.029638 1586.100934
1262.497524 1655.850254
840.685524 218.353810
1090.027507 1590.759507
1095.796443 196.668223
941.749953 1518.003936
852.309259 282.109078
747.898433 160.418707
1020.057747 1577.981328
1040.358553 1646.917382
966.704815 1422.890317
1198.093628 136.334890
1170.196539 1709.596272
918.390168 51.815840
1193.214317 74.362258
1164.614157 170.754638
806.700910 127.054147
757.154706 194.709591
973.298397 1483.974218
1066.228370 224.086322
945.500305 1572.922935
900.075348 242.977351
784.700085 183.473465
871.266575 257.589302
1140.987311 1521.102454
1168.328647 1663.361245
852.108771 183.191800
781.958510 99.245472
943.837584 227.419529
1006.053592 142.699878
1076.947424 93.414764
785.073814 213.635371
1184.305050 1619.061724
940.408794 1491.128122
217.522917 695.512435
108.254170 976.633847
164.895020 768.896605
162.913487 953.663583
134.884768 706.192354
345.388817 766.683330
96.676189 983.065507
22.153920 798.449605
127.160733 708.145157
60.864686 894.705995
420.135535 667.696169
429.100842 698.478061
326.219334 728.342150
364.279390 746.892459
7.998390 787.283954
342.153312 854.332642
59.563625 709.825304
164.376546 850.284627
291.504026 608.739648
82.540311 872.365293
228.800794 853.987808
315.272639 635.216079
398.952544 710.921082
160.139754 654.091204
332.965711 801.354278
142.397737 613.140580
251.998307 624.207085
229.687879 838.115555
415.016004 647.138826
273.494781 861.942525
365.713923 835.330424
97.338228 710.006038
332.344670 576.088932
235.381660 731.863555
341.408550 607.124443
84.314024 636.706056
168.207543 570.155597
288.002784 872.934374
59.433992 935.276210
275.195020 723.310872
387.914966 628.573243
1968.889387 859.028955
18.387258 720.584414
11.505952 853.042984
1941.404031 889.639360
194.615692 622.033086
205.254881 886.912256
170.054651 989.071448
1903.259906 801.547260
186.785199 495.102570
114.133881 937.032575
152.807774 798.330676
396.271602 608.071359
184.130599 656.241542
140.745453 581.491724
274.455138 638.877606
381.651379 647.074298
1987.755133 754.330015
324.835458 766.734383
307.251278 844.155057
200.698126 680.175935
22.442254 835.790747
219.072378 918.053808
302.102347 810.161574
82.092647 776.055002
1974.451413 824.935231
300.898163 849.934711
186.814039 852.851981
375.780665 607.214544
223.133313 771.057218
287.319570 760.514984
294.416921 846.701439
273.810610 632.281582
30.515298 593.944865
159.248529 773.680705
111.865994 770.860351
254.549259 797.950761
199.452528 654.009519
170.773976 918.157522
194.473398 1007.418922
228.281798 678.859710
210.388221 515.334376
190.454659 781.395405
213.448953 822.386782
144.682783 850.972649
355.551134 634.322725
208.729826 952.954066
272.869825 571.110425
303.761028 917.715049
212.986145 812.001631
118.496693 813.187370
1995.286050 922.091808
135.505504 670.583066
182.521334 826.291070
241.823320 972.734220
161.247164 896.114267
201.615336 973.061223
129.405863 847.129841
131.653185 1042.283049
95.231765 737.855196
338.097454 663.538003
316.709931 794.596719
354.776420 668.594350
381.614513 660.108612
1993.823045 683.138893
241.870401 526.726699
145.504989 924.734758
143.189713 617.307489
118.209179 909.538267
203.477426 875.365816
81.108200 938.063465
180.641229 593.062727
239.522988 760.345189
282.854070 954.210811
253.245672 857.685876
92.950427 669.680859
269.344712 889.321879
1976.034436 892.786664
101.305918 692.973486
91.122819 818.287769
1962.487675 799.744137
223.575907 775.898456
5.745220 890.926263
346.767342 701.133982
157.534618 1044.762222
162.486756 949.416935
381.869774 779.683787
317.668554 742.397274
224.450252 579.998172
178.871874 625.326089
350.575212 764.280518
113.971473 783.390579
217.989968 734.422100
178.018200 702.794303
235.534073 685.612233
220.014190 848.303587
64.228500 905.310229
176.474442 736.804863
348.912100 711.429162
223.457909 915.157032
1959.992768 918.428215
69.970815 854.840723
105.435015 618.996511
64.918192 606.868708
33.265470 646.771054
58.183135 667.877750
168.165507 898.210368
78.191295 905.306668
141.464291 745.638407
1992.130870 819.839023
263.106483 828.560050
368.389102 804.454871
163.426032 810.107681
163.114645 702.735992
329.195867 746.906730
275.403513 727.124268
135.728998 755.764370
131.785500 641.364661
268.450566 914.208794
71.001810 738.051832
308.969061 691.388609
193.351572 748.017041
333.123539 710.908883
35.390872 757.438669
62.167027 785.692492
247.236930 794.672066
40.721969 968.794094
314.657773 679.056129
311.936011 710.204542
317.912510 877.471450
251.472676 751.940505
265.648408 676.640809
134.653546 881.251218
401.394210 810.860917
198.472594 748.309578
1939.001236 835.417406
187.979348 922.253897
56.352768 667.005700
120.081856 1029.313543
241.720713 824.223949
258.469438 767.023546
124.094151 841.090228
95.224917 801.654869
1913.832826 867.814515
33.535897 830.111116
129.536437 513.747002
100.055068 658.251082
38.715520 866.504064
243.134285 887.361672
76.549351 711.625261
268.331875 699.769675
220.714090 634.760072
363.382717 690.873314
41.882924 763.560319
245.038696 939.309321
264.222970 836.882197
2.670182 625.938439
100.834327 868.409716
1866.557787 883.760256
25.710656 914.799421
1073.333293 64.343086
1424.707588 148.577687
1419.382205 1803.134654
1466.055638 1753.932254
865.172998 156.122237
1454.245831 1789.761787
1523.571444 1769.128056
566.201299 118.106628
646.070085 189.852088
1393.073805 71.782804
829.415337 104.302414
1048.308935 102.883011
1955.279703 1866.134892
1749.823666 115.684649
1326.791546 72.946524
1350.361218 1753.604187
1416.043801 1769.463878
1297.248869 111.973605
1033.130095 64.989543
1451.845138 33.747215
513.828321 187.564125
1359.085905 56.516170
825.602785 174.428172
1471.971556 113.611124
1370.846386 1813.382656
1523.911657 163.018918
1199.726174 106.410030
1940.473129 19.133626
1251.596427 31.781209
1267.008799 104.012904
1392.513415 1750.195355
1048.665603 138.641095
540.117362 173.924708
470.190627 242.365088
1446.133548 74.180883
726.287252 131.575405
1979.704876 1897.672039
1256.192046 1811.719338
1485.454808 1889.850101
1024.608767 98.401719
45.921777 19.993246
1977.326670 1989.923648
1463.651025 1808.095542
1493.502904 183.212427
1011.402135 51.737150
1415.691735 1674.077438
1448.110736 1730.180956
425.336627 233.265898
1442.418399 1831.576803
1455.203178 1822.749012
1360.030454 1788.719132
1175.322638 70.192306
1253.627368 1846.518773
1510.065853 1821.672266
1955.673327 1932.341282
1417.022286 54.646487
997.603927 79.170741
433.121032 180.896170
1427.092051 1717.106619
929.967586 140.158721
1466.534406 1981.083545
1939.821970 1900.570839
45.952669 1886.483617
1220.716787 78.347656
1496.336595 1818.914688
4.514858 1981.328925
1434.665598 1887.980786
1535.206514 38.218544
602.097062 125.585105
579.056620 151.459031
1126.827838 47.165206
452.997815 212.305866
971.429201 57.287837
1474.028532 1706.567421
1447.617850 116.695414
547.628808 213.164747
1408.503176 1740.586801
663.193359 115.436307
1420.655828 113.991494
1431.922093 1840.117582
610.155988 179.570851
1510.246319 1729.621406
968.247755 185.314689
1161.303802 102.318054
1127.910602 144.324990
898.423023 169.071953
1020.887767 171.282936
1392.518898 1789.865847
1442.578452 1931.203449
1373.788047 1881.609173
395.670966 209.235712
1547.276956 1813.115674
1339.757385 1714.637033
1996.382299 1828.395103
1619.870630 101.364908
702.017882 210.300575
896.654286 134.273355
508.146931 221.849376
1577.417046 69.147583
47.971629 1919.385738
1395.956073 1870.410142
1463.508766 65.115795
1492.080734 88.424166
1606.952019 102.160615
1371.812995 202.281588
1573.306105 90.505017
565.251385 183.299322
1314.215514 1743.230736
1250.043579 1777.095940
1372.011624 1970.162358
1321.430303 35.279765
1018.415177 134.832724
16.457910 1924.881936
984.444769 111.283461
690.438824 138.808722
1338.661368 1829.003362
2.547650 1877.364675
475.464728 186.642572
956.062227 134.312609
630.610275 84.721948
1447.419633 1686.249401
1615.242165 135.922845
1345.219040 123.042413
70.241649 1912.070791
1921.560237 1939.127504
1505.209774 1767.913415
500.765573 154.393129
1332.745978 1948.915870
1526.301803 79.111168
1116.330509 110.964302
16.683212 1914.435330
18.926135 1947.690292
50.634464 1931.665496
736.516537 85.362937
544.000613 144.214383
1398.859597 1906.225246
1527.815174 91.258203
1373.742308 1847.817792
1566.216205 119.852905
1510.736735 122.271549
1378.389143 1711.413354
1403.816039 1831.368809
1388.478594 139.866369
19.985454 1878.918941
697.323369 106.966635
1624.210461 169.189757
1989.374318 1927.011323
1442.895782 1847.818426
1385.267801 31.738797
862.836998 121.179341
795.367005 118.303756
919.636115 110.861372
37.775502 1982.521127
368.794565 236.313319
673.701564 240.189216
590.421601 156.345196
1476.681460 1779.243189
762.372646 140.050181
786.820043 156.182816
823.785301 139.273982
943.926578 209.304098
1521.181209 13.732324
932.045799 168.916288
1086.363519 132.432969
1547.169958 47.954536
1790.608147 120.180217
1422.110507 1850.534094
1495.321424 54.618234
1355.411236 91.049413
1422.153969 15.979254
690.540128 173.620043
1429.863951 1798.337408
650.278985 148.070173
1220.862308 1810.942731
1456.129132 1923.599581
1548.977934 122.753214
1257.309493 70.268128
1298.955160 78.921922
1468.477635 148.103768
735.629438 166.330884
1435.526397 1957.008684
1381.187523 112.995336
1487.082084 1744.905965
763.774964 104.132073
1370.637205 143.623204
1420.068339 96.630538
1120.608994 84.652971
1285.764256 37.799887
643.947167 156.251581
1566.026948 23.833842
984.560809 145.322976
1505.106754 1854.934184
1511.741233 1895.530524
1084.605457 97.810245
588.816950 689.305599
1425.120857 182.731571
1905.344974 1909.034288
1465.251750 1860.189862
1313.269471 2.025700
1494.704100 1801.710444
