607.651815 1017.889769
329.932566 773.072660
1893.293965 1197.959441
402.674502 852.166194
646.904221 944.455006
538.166335 889.740122
1899.969925 711.995635
599.872941 683.818129
567.427215 934.228092
686.325515 847.933155
410.912703 886.270557
671.845133 954.817525
1884.674356 1017.828597
535.461460 476.179506
441.620971 805.697391
1894.542023 995.048349
575.507328 727.560491
357.181273 687.167605
1876.786816 1163.351686
1906.344428 678.815627
650.105077 985.210400
1886.264819 1283.738622
302.226599 794.781469
1926.020170 894.021189
431.167631 994.493845
1929.066461 994.063217
398.145768 854.236858
652.773439 925.117670
1914.639077 833.987682
1856.405540 961.420099
451.543340 665.273467
581.385667 708.578012
455.488503 851.479796
441.301849 950.489197
1911.306940 1165.529020
569.129210 891.713561
419.201152 729.701333
622.648547 926.331646
403.171510 814.970884
606.330423 843.731234
459.138401 811.577728
549.974173 737.120620
435.453281 910.384159
1908.633499 642.451440
328.237524 843.160851
662.600745 294.096206
595.927542 887.572321
602.327261 482.760213
531.945828 838.625410
640.345449 705.527570
555.228364 762.795853
557.903374 995.615197
389.719825 966.630817
425.551290 832.193305
715.945670 821.347370
1936.709193 580.091245
646.968231 785.838019
602.439248 411.111522
628.681767 972.462301
1872.092229 1058.862606
554.500829 804.586788
1887.288584 895.430086
1904.557933 565.409323
356.693825 875.564879
584.136812 959.232939
379.395685 900.854171
545.758821 616.393022
593.249045 791.513662
1883.183964 850.181163
579.517281 624.005114
498.630056 974.437371
1911.734712 605.995661
509.369708 871.366467
477.492271 900.995620
1859.286707 999.470065
488.712500 830.297497
562.501049 870.907229
449.970670 1606.725499
595.190376 762.095970
418.870957 775.212213
554.234597 969.419657
1922.271694 1055.511036
671.234770 957.010196
346.919663 819.159579
310.163293 929.625857
680.784415 878.283115
1890.679208 1239.173994
531.440804 794.172929
549.347163 966.152191
354.367422 933.776606
640.269780 849.964297
488.667931 675.751252
393.642347 801.882050
1933.602194 545.539938
511.035192 761.745357
493.194642 826.993992
549.224980 729.233876
573.428441 1029.688943
388.575045 729.723711
519.791331 897.326443
570.156092 468.952581
619.308841 819.939703
445.728930 1027.386289
364.286463 832.868605
456.451240 853.507367
494.289704 858.151208
648.232106 787.114984
632.707588 905.452293
432.569250 788.165313
473.152544 979.056592
495.608458 981.602494
617.494935 994.222647
362.441837 785.768624
452.845751 736.915235
583.757225 569.935028
524.717289 760.010897
1890.764455 955.452636
548.760412 1020.786720
460.155572 1001.589608
526.822686 814.974310
339.053629 947.511838
470.322746 933.927206
541.322854 940.488351
523.398806 682.581039
576.813375 841.892941
581.317148 784.509898
399.729374 666.138423
577.823853 518.077787
455.563879 959.663347
653.048112 820.517520
595.453836 875.189641
591.154137 837.155216
463.412042 887.943498
414.150157 938.895465
485.603436 774.756517
635.989266 339.495092
531.804780 639.111902
1934.592674 1090.765315
535.954776 935.570536
456.594156 705.315249
1940.040396 628.460215
675.016579 791.626477
1907.484085 923.947499
535.853078 692.996618
606.586352 542.872587
1941.886270 674.311311
1890.345350 1091.892634
549.723472 903.150707
522.841809 558.722684
564.224251 1002.888142
503.685717 920.390435
622.025839 725.554279
454.244925 910.118379
488.398667 792.742329
617.066542 878.212717
538.456799 965.664444
461.703612 775.572406
559.891326 675.103271
688.909857 849.622399
569.324538 400.636143
624.180010 377.271249
1914.706751 1035.218754
516.012000 1021.475250
445.396690 867.077248
553.157429 903.409340
496.111250 736.546634
1869.309356 1120.750634
634.043485 1015.531071
627.107848 296.381894
500.059237 936.236380
521.113981 1007.505113
547.456905 531.140384
530.586732 824.194022
530.109789 715.877213
697.690789 910.065351
281.155675 851.212043
1905.048051 1124.136308
664.327613 747.656180
557.182463 867.743309
609.554632 855.568878
373.409987 944.816940
450.572770 628.181626
349.759491 897.242277
419.466002 704.499976
384.535625 877.809756
493.470930 714.728308
321.234402 868.730450
548.296082 434.824518
1858.175676 1028.468903
519.258952 861.882548
283.665301 888.142310
528.502817 847.324547
476.849102 1031.444240
605.422289 946.533198
550.309106 580.412222
494.470618 826.113744
1956.891536 1040.911764
377.862620 754.150395
1963.739357 602.403947
1925.281356 955.786619
1202.186659 503.644385
652.969443 163.979751
1182.969099 685.147310
956.240601 173.911880
1036.260643 477.219760
814.515342 67.047426
1202.244679 715.744641
760.412323 252.737281
1607.478961 901.345601
989.005082 551.098412
1041.944195 177.717876
1081.855538 612.743454
1133.053574 456.696271
576.622077 197.400461
1293.788446 620.680658
1239.138355 563.950583
700.041080 239.179683
1157.656692 387.073618
796.712713 187.610832
925.284151 192.237653
1093.929867 662.554507
1544.327055 809.914353
1280.371273 466.904673
1596.597347 934.248080
1013.662704 496.431714
522.388847 161.435392
1060.177079 473.375285
606.692373 320.018246
1153.319991 631.013864
625.940102 238.273759
1008.441168 197.769318
1181.015293 661.283651
521.202721 229.105240
1054.908366 491.882938
1136.763534 718.693363
736.602709 282.054293
1036.694086 684.145238
1478.392433 706.743678
1211.985719 546.307292
570.515270 240.807807
1025.780784 652.042221
1136.056695 533.917817
1154.880392 598.677905
1151.987122 680.965815
1236.192048 665.001310
1280.011064 569.482865
653.693562 241.100480
1053.156555 539.574076
885.078306 272.664663
1379.032402 661.051303
1079.403636 165.948472
642.673784 134.290080
662.399790 260.398837
1100.574853 499.750147
820.723949 208.694050
1232.563798 516.316084
605.371775 114.641529
738.233490 168.523636
851.205657 183.995599
1268.761713 681.132078
576.108349 105.667296
966.911220 624.603883
1111.877432 604.532615
1152.190634 412.721948
780.711292 104.337775
709.904446 85.527627
1045.880227 416.683226
805.750487 299.398482
1132.144444 666.491627
751.641396 92.288208
683.062323 224.837916
661.787590 277.698373
687.850504 187.718726
729.279737 106.725260
1040.387027 270.477125
1065.060769 703.793686
1246.401734 629.105413
552.116967 210.337363
1136.347335 571.215008
938.316117 531.336608
1319.511332 683.550705
911.400608 155.069142
764.377720 150.920363
1137.620949 486.958972
554.179175 151.351969
672.578668 109.006657
999.999437 443.432818
1019.179654 149.432100
529.916362 183.723962
891.340545 201.541556
1045.087210 208.573248
1183.284030 557.345829
1218.070921 469.062257
1043.146210 623.577126
1343.936994 658.644084
1158.899288 526.326201
982.728575 143.134174
1010.540286 393.557365
578.702163 144.017494
1114.036162 157.711630
1052.127378 526.557187
874.882321 206.245882
1122.612940 416.426113
1112.434460 641.025533
618.690580 185.765048
1190.639778 617.026271
708.703526 147.820567
680.232510 64.773774
1195.228197 585.012824
743.187696 153.101535
1086.135727 409.037007
963.429136 248.410559
774.790644 198.803728
838.328202 208.104698
1073.829064 551.853807
948.128834 218.112346
794.272033 264.004473
1144.837956 500.167318
1068.618333 456.888780
1036.699634 588.340293
1158.851867 457.708063
1174.046049 478.998980
756.901207 213.409081
1231.249370 596.516009
1009.860713 230.546413
1327.658462 619.658944
1230.667547 694.216545
794.842044 149.315760
824.272817 168.893259
557.474307 113.071621
1087.199803 544.847351
1021.945138 522.909344
604.975965 284.440171
595.772194 201.300254
719.671480 195.961198
1268.035279 647.958432
976.208839 470.923751
1059.757768 585.044339
1516.418695 788.747206
1100.574634 436.800062
948.568326 281.182633
1257.864841 592.290736
900.085291 243.230208
1064.816581 245.326849
950.656729 505.430779
650.099145 310.385890
845.367779 270.454970
1133.432852 532.117797
1045.642794 575.769983
1062.960761 481.868582
1039.286593 454.935382
1565.047136 872.002564
1092.659580 496.193835
977.567823 482.232185
1018.229330 586.472121
567.514771 287.849282
827.610193 243.016251
1099.090407 696.789780
911.382164 296.219711
1122.674079 576.850874
642.794084 208.473567
1145.644992 471.509819
999.161711 264.698989
646.179387 202.516608
1070.771167 510.013025
997.067189 607.802495
990.070412 509.382727
1217.265959 657.982477
683.316811 310.677026
1055.069306 640.428980
863.631258 242.980051
936.481707 566.730557
697.459759 276.635142
1634.088450 988.464310
1027.576403 544.710618
1066.920139 596.805880
948.875064 602.624804
982.858556 208.283003
1172.577020 722.430803
715.220736 51.968686
991.435215 170.092869
922.945065 252.419322
590.862827 262.320816
640.918772 92.341822
979.795259 572.535450
868.428321 296.233692
984.907090 486.262710
694.899394 121.057645
607.024576 229.053609
680.970405 172.958306
1098.755376 567.965079
1168.961801 561.568449
698.959807 156.440705
637.188483 156.383900
738.327307 220.227426
785.732194 220.104085
868.952106 153.956988
585.324499 164.236202
1129.415477 622.609379
988.230083 436.815676
357.767162 235.109027
260.268816 334.022639
332.484419 198.215796
362.354310 466.478144
284.283339 267.931640
543.615736 290.785189
278.286950 439.394291
200.665988 284.152076
330.782904 380.438801
284.666623 390.075997
483.351356 233.171694
541.652462 261.508153
531.202008 325.309890
458.837150 279.718255
200.916156 318.068059
449.089702 256.597965
252.348719 250.332327
279.738371 303.545115
476.874064 262.730976
309.413302 494.837845
385.311704 341.608918
439.363023 242.728001
533.494827 260.393237
361.353337 277.528925
448.318835 285.379912
316.196258 242.504662
445.372630 211.403314
402.879108 382.992232
596.793718 330.639216
483.835376 432.995601
528.805186 384.625145
259.930697 142.388094
474.883886 167.235766
372.763233 161.762112
407.171252 140.090424
271.616399 398.813792
310.133442 88.526718
418.244663 432.265193
262.928291 510.577932
409.629549 183.546722
490.205670 147.656192
142.091847 270.122051
200.881428 409.496221
148.840631 307.550774
144.506703 428.292410
366.289724 168.244943
315.254460 284.769889
321.203664 425.773809
89.942715 227.246196
367.025373 215.580448
115.371609 170.648392
330.794581 322.438535
587.246389 283.386375
366.116859 200.909222
319.043185 228.398195
476.653571 378.807280
497.687929 253.835483
155.785349 209.712417
497.139963 334.080007
449.939702 478.220396
371.247737 429.926071
167.195976 243.402896
431.283536 419.922536
340.815240 581.929493
299.066838 357.993961
133.673306 239.250868
392.476230 162.973209
406.215920 505.041877
559.790678 214.423194
414.490085 323.369464
438.320021 323.059520
430.990767 334.826542
404.150649 234.670938
178.243886 78.294612
291.626370 215.547081
205.257288 123.584360
400.277322 304.398229
336.996647 112.896831
340.070402 367.296223
371.226586 441.065312
348.470973 140.469959
370.854548 357.961520
334.448691 273.470173
378.572356 281.522798
313.343326 455.823691
501.655073 184.332282
411.277184 427.341823
458.191253 211.333373
482.390452 430.704148
376.614178 241.898498
344.221951 407.337213
154.426316 345.730258
345.764445 411.629612
196.476130 255.768211
384.757322 529.560922
315.075929 247.841777
361.853903 372.592535
350.903088 451.322778
261.694760 342.496449
145.493383 106.230011
472.105870 312.247316
291.419230 175.265107
506.631945 296.673940
545.060803 203.360790
223.973770 315.821326
447.012935 152.525511
274.930643 235.493736
277.326931 117.310547
325.179398 471.722936
400.644951 439.997245
204.241363 288.339016
422.502135 266.255465
413.552461 275.936451
452.323109 537.689400
453.141839 447.920059
311.039306 202.565500
439.192558 389.876633
185.815924 356.634354
294.044040 385.813187
210.957197 216.419741
1976.342109 90.769232
348.263022 301.539893
164.865466 235.770225
485.352864 288.895200
293.750681 531.660051
355.018450 500.081989
498.822106 385.225852
483.783419 319.995500
430.696525 353.916670
368.860517 127.605109
479.013327 395.935600
294.844097 313.851124
330.629954 339.521454
345.024209 543.344762
300.994331 318.916212
373.621961 400.749855
239.601358 435.167290
253.566493 221.439716
524.713163 357.349972
386.963099 338.637525
110.480818 375.814079
236.312541 362.335796
344.152126 382.373883
210.828246 95.395654
211.313651 171.907618
243.492912 322.675945
232.152914 186.026113
243.633142 294.723475
238.465130 103.509122
209.429760 457.925840
391.704188 308.056281
480.359564 115.261800
350.942339 333.732938
293.976617 185.479141
469.703430 196.313394
442.482183 87.293244
230.706476 158.350687
285.240827 277.920007
375.774812 257.470379
241.232347 253.828483
431.513157 384.999944
327.825132 172.408757
424.487243 180.453250
203.883597 247.271868
284.584596 451.406943
343.454542 303.256862
173.915361 388.199241
492.332420 292.779712
417.639839 473.169835
482.993158 351.842694
332.331224 220.582653
470.845722 406.786042
329.262206 515.132890
528.239429 231.805079
343.706265 474.636097
108.625492 267.308893
292.977515 260.956245
233.905519 227.295523
264.268342 411.046852
340.007823 266.512574
412.233387 236.356121
315.745794 463.233082
307.792101 345.475661
113.881032 303.101903
277.704139 475.139839
309.528445 152.765066
289.392188 148.117884
214.049417 333.841873
455.258390 492.840574
255.576118 289.538751
386.526919 514.894397
430.772281 286.460676
504.890876 219.858057
239.712847 400.157087
411.913970 506.701253
436.794342 306.041944
176.775644 154.197468
291.503318 421.781679
1974.299992 222.883955
230.797628 480.117542
1026.422157 1111.447849
1313.196512 1291.912901
1569.669670 1230.350176
1605.424246 1238.470979
865.264472 1017.671898
1603.912522 1208.951528
1704.671157 1342.103260
621.489785 811.101117
658.644601 995.831332
1251.656842 1300.565452
981.070249 1305.408962
987.461564 1166.951310
243.391706 1760.538292
1433.684461 1211.185034
1194.885049 1247.462697
1545.990115 1296.690771
1596.048467 1278.181411
1095.750156 1353.802591
1277.287746 1401.232131
1232.173881 1223.699779
633.101340 843.192300
1225.071294 1188.552782
821.435749 1080.002480
1345.613342 1221.657980
1487.404343 1312.775964
1357.113299 1284.813642
1090.059194 1308.011525
1570.412163 1279.837311
1139.264362 1202.213904
1133.826032 1310.562265
1546.821575 1273.008985
1007.826987 1182.467899
618.412912 865.360406
1983.718684 1239.096064
1236.278875 1267.037775
767.540840 990.977719
283.113165 1760.772464
1429.354761 1255.701841
1631.996921 1273.417405
986.301588 1101.650033
1680.261121 1358.085817
1531.408090 1367.112961
1614.963586 1310.390567
1371.694190 1178.711261
1240.936561 1397.707504
1530.892693 1214.045983
1593.406743 1273.780587
1971.036190 1206.455498
1580.988241 1434.370067
1596.199283 1331.135422
1503.856234 1321.618285
1106.161306 1219.231842
1487.391171 1357.572916
1626.526790 1272.323471
1499.678483 1141.514321
1221.375342 1261.324650
955.565359 1078.674092
15.269775 1133.232519
1560.056888 1143.755105
893.890889 1105.556893
1637.588764 1476.787563
1465.807355 1189.602528
1530.453091 1173.098832
1114.039549 1268.851431
1582.016929 1167.445979
1645.409596 1248.521680
1555.592358 1495.413393
1291.533914 1315.435131
678.819428 797.181008
680.150761 844.477549
1354.861382 1354.220954
554.413957 813.754155
920.185909 1078.337016
1703.348924 1304.231025
1286.796952 1150.446165
644.913428 876.446372
1554.674672 1428.787741
691.636470 927.373407
1272.965353 1272.000057
1604.685939 1366.347380
666.302874 910.094212
1675.472837 1270.874225
934.807412 1171.848383
1082.746412 1253.117713
1066.342765 1221.844796
861.045122 1086.068215
971.438181 1195.354221
1583.175696 1397.806862
1513.978302 1296.187153
1516.469786 1368.367336
1981.229394 1163.737855
1704.554267 1278.733853
1504.262604 1250.152431
264.735220 1730.438017
1447.274278 1110.573109
734.637361 1004.820117
884.308026 1061.118145
1984.531313 1289.895715
1397.983461 1215.902996
1561.181262 1311.138473
1521.479462 1448.827095
1268.313080 1159.796254
1319.034166 1216.924314
1411.413239 1145.579966
1176.766177 1368.420574
1430.668384 1174.771044
664.869943 871.322170
1505.650024 1245.997067
1457.090906 1306.726859
1508.964865 1400.856051
1188.536868 1212.908220
1000.363109 1134.326617
1483.008824 1199.416066
958.752480 1122.864420
754.041493 959.271707
1457.001213 1279.664367
1474.442025 1144.107986
568.575360 858.804314
938.024140 1108.685466
686.956817 882.184831
1654.537584 1388.534454
1458.338797 1148.555945
1176.375003 1315.400120
1534.073871 1116.077543
1498.685290 1281.995145
1615.866357 1310.007731
600.089557 834.421804
1479.797930 1416.420016
1377.666047 1124.329018
1081.580357 1189.073310
1616.081371 1186.762128
1573.985834 1191.207894
1609.882401 1245.247327
919.897969 1306.407712
658.016083 820.228692
1533.317492 1335.195724
1337.192848 1255.302941
1566.043349 1386.671873
1409.015836 1204.340429
1272.897158 1376.176004
1534.519687 1258.876862
1583.181908 1337.654821
1223.151493 1332.150033
1491.185010 1176.589887
724.718345 938.989636
1458.461644 1231.729873
1563.406646 1374.761296
1593.840320 1286.851881
1194.501997 1333.179408
821.099345 1040.910112
828.022149 988.977985
897.313320 1007.609690
1670.723191 1209.631574
1946.471750 1180.532791
699.595502 998.927571
699.865347 812.780093
1652.422279 1445.332107
801.759698 1011.953600
787.287129 1055.084086
841.027580 1043.513997
913.031303 1136.792532
1318.463174 1189.203906
914.258548 1041.823196
1050.152590 1205.187470
1395.699573 1159.729291
1471.515227 1263.624489
1566.894747 1333.846266
1280.313835 1233.204106
1137.840063 1343.593039
1535.565609 1391.764849
721.752874 973.910744
1607.932657 1399.330160
686.341870 965.431030
1440.480455 1351.450544
1570.535881 1235.543794
1383.119080 1244.931439
1155.055996 1232.722011
1181.992217 1279.971006
1303.428323 1347.523851
769.238691 1025.501355
1596.274503 1358.829523
1213.451393 1294.957815
1588.733304 1262.598795
796.732428 972.800443
1125.668158 1400.404772
1254.653630 1239.307755
1075.435266 1154.245687
1149.496181 1267.508022
649.856265 937.763213
1328.331157 1325.420812
970.359078 1153.163158
1618.063280 1209.100935
1679.298537 1370.801065
1043.299474 1169.879255
630.284175 905.921943
1261.140453 1345.125732
1449.212767 1299.619065
1615.228579 1443.417500
1473.103220 1385.166150
1646.943197 1308.197583
