871.082058 84.096483
877.117646 1736.497374
1778.384681 376.368057
785.996347 1913.778112
1124.498122 1885.938040
977.591303 1901.241603
1821.537716 1887.244196
986.326313 1766.312924
929.844714 1.748239
892.864785 1943.694034
994.330682 1867.042729
1006.890006 16.691051
1825.156820 181.045504
856.637556 1609.737254
849.808887 1863.710565
1844.425736 148.321035
1035.076777 1716.419664
853.196776 1739.961194
1764.167064 338.288668
1815.044099 1853.065907
842.063640 82.393794
1769.930045 462.009483
787.745484 1807.159393
1837.488411 46.188045
734.188708 61.952391
1869.254751 131.495694
751.991472 1914.792812
928.484300 14.250158
1815.500534 1.700480
1772.767516 117.331115
878.396936 1713.189874
1005.897754 1765.401771
1005.691313 1803.092760
818.419018 1984.920916
1798.622596 340.520651
898.504456 1933.492610
856.238640 1765.948216
1016.494239 1962.483746
776.389655 1877.088145
873.259893 1916.159644
880.540100 1846.310990
858.165317 1787.836215
991.828203 1831.662871
1834.812488 1817.000390
809.967065 1864.956666
869.836893 1447.563701
912.342234 1953.177256
925.921110 1615.107239
1023.677670 1856.625963
1009.510920 1739.001311
914.453463 1840.988319
988.513430 1984.774227
749.767741 26.094644
1018.935195 1798.956503
1077.026755 1832.959415
1877.687845 1755.262970
1046.937563 1821.458483
893.442669 1551.643430
932.385344 0.941139
1769.631563 224.131719
943.908709 1843.924045
1796.098549 64.135602
1844.106466 1743.597836
858.758819 1882.415118
956.030783 1987.149288
933.865697 1890.103633
973.774888 1680.805236
1112.086059 1782.826221
1793.297279 22.390217
1049.848535 1671.260315
858.891415 31.708234
1842.896339 1781.003437
752.672822 1953.922986
905.262692 1909.125605
1801.258751 153.888281
976.763858 1783.111722
976.488766 1909.096130
862.742209 716.444227
1076.559281 1803.035447
732.701406 1835.729804
853.862435 1998.763372
1803.754240 225.025240
884.050921 46.102456
781.837335 1851.470655
822.501104 1929.798478
876.134838 1972.477173
1774.330205 417.443449
959.104179 1783.813178
955.918611 1946.936606
831.034690 1960.981334
1164.732906 1854.631168
896.451666 1725.574729
828.052681 1841.464322
1872.177948 1720.772576
939.688452 1809.850036
1037.826010 1807.826310
926.015594 1771.885994
985.269658 23.939618
820.221446 1765.382285
1067.577212 1862.859724
891.321366 1602.462724
1100.277966 1868.628774
774.774858 68.940703
822.889214 1847.019786
891.946665 1881.826681
866.226757 1916.523243
901.557800 1876.529023
922.005170 1968.060885
836.350628 1829.539375
891.489662 27.026136
882.830667 1996.220290
1072.243097 1907.440639
882.849458 1785.383038
844.638533 1809.339002
940.076140 1666.449811
877.828465 1823.089558
1808.336379 117.403581
804.392490 78.726828
853.478387 39.527892
803.847835 1869.189557
777.573420 1979.426745
783.543519 19.421789
833.650809 1962.192287
978.173578 1723.375416
935.455543 1882.956884
1068.572919 1736.780172
839.277494 1713.746193
916.079093 1648.818550
956.745228 1944.889698
1114.603906 1831.804149
1017.957727 1892.165796
947.294887 1846.615415
990.642427 1823.764010
854.888821 1949.488321
954.512961 1818.669637
863.933318 1491.471469
927.947705 1700.686178
1802.252853 258.083344
871.280872 1966.996992
943.560606 1746.400764
1869.413969 1803.367957
1156.799132 1790.997256
1829.245238 88.731050
973.406307 1738.775282
992.702588 1627.617637
1850.023185 1848.208309
1767.786949 260.097492
958.422100 1911.485377
849.524262 1654.537999
847.189879 27.316268
928.204526 1954.394570
1041.391719 1757.980321
927.706162 1919.226728
909.298487 1839.668550
1025.933303 1926.636973
958.756581 1997.536064
878.207209 1837.238074
1005.912034 1695.943029
989.391024 1935.449814
862.362031 1535.984640
900.176520 1517.274257
1790.693924 189.299492
940.257705 38.723767
956.834014 1856.360301
966.601259 1942.773278
777.081074 1833.303945
1765.944631 295.484229
900.246356 64.592708
835.148201 1449.782149
817.353627 26.858371
1034.600666 1987.612704
883.819467 1662.491563
1054.675399 1781.586678
915.004609 1794.664346
1045.060140 1959.730689
737.996285 1873.780340
1801.620337 298.818502
1131.078757 1752.107987
1021.306140 1852.802037
1053.303455 1883.778246
991.659843 1870.877407
802.886405 1704.297150
723.739535 1936.230240
912.773992 1699.591525
790.414545 1935.890572
819.843062 1790.423211
753.908661 1904.819983
865.026618 1571.671816
1759.296519 179.009464
887.244962 1907.870242
696.448386 1907.145909
805.836873 1891.292958
925.327978 25.800614
814.931290 25.498828
914.263757 1673.477643
797.885297 1907.873575
1831.969096 201.947970
904.060558 1759.011395
1905.360741 1777.143359
1916.925159 94.151667
259.343254 1967.652742
1543.500937 139.817855
204.517884 102.746145
59.928517 1748.975625
116.683756 1829.714533
2.034966 1583.349519
185.576709 194.208269
1662.121993 170.680640
639.188458 240.291081
18.140462 31.345174
141.413763 1796.248098
62.711313 129.690130
134.229511 1931.828309
1478.264020 93.066089
292.984502 61.126025
259.473855 1992.635761
1585.436248 72.122531
178.711554 1800.736899
1657.756588 55.374158
122.225395 1714.951208
94.453161 118.855601
532.077282 208.081700
218.716661 1997.704695
627.870221 273.169742
31.346143 1961.209012
1412.830525 148.798788
119.913924 1878.470369
1517.082000 164.177722
120.905864 165.801326
1501.265694 102.445525
161.944680 1756.889103
173.347894 101.697401
1425.953312 187.859044
83.153267 1955.423573
152.764114 174.497427
1626.060085 169.243531
55.825797 163.911363
431.683920 166.077165
166.271471 68.696687
1440.330348 52.791075
48.489375 86.581202
198.341492 1912.254427
135.829508 59.577327
209.204237 45.267773
222.890559 110.313494
297.495268 14.402606
1543.367260 45.754589
129.992718 1926.087897
1764.089087 105.434664
336.733399 119.215988
67.904284 1831.309233
1505.190567 18.876633
1546.089302 163.436442
124.449351 1996.779386
1668.323656 91.335327
166.869866 128.892042
1625.162498 1732.642682
1786.724813 1733.519450
1708.816609 21.321561
255.339094 119.891079
1662.373913 1650.850825
1973.052281 143.905221
242.732410 1927.951813
171.487716 1882.126336
1932.759073 1595.122340
1714.724507 1708.710687
84.592956 1836.514305
1689.167364 159.809232
132.438479 123.569919
1900.559984 1531.431674
1582.497631 178.841242
1573.683214 129.161947
1570.801139 77.438706
1589.144852 37.102201
1957.364733 122.217111
85.519826 152.998065
264.273870 41.448317
1496.260564 1963.734286
149.440379 1983.890383
1883.354365 85.056616
277.021455 150.606618
96.606456 1691.829767
1613.879846 51.349121
195.806104 1860.708475
1594.079420 1683.763318
1642.186874 1756.092329
1999.452700 1975.503963
147.348303 1730.089554
1418.423955 87.125453
1746.229765 50.543198
1969.510268 1957.905659
178.811031 1997.215970
256.741324 1873.229547
60.531443 45.249591
301.318340 124.666112
168.891890 37.510418
60.457338 1781.210781
99.054757 1778.609591
1446.561901 101.464789
119.342669 1778.003770
1977.321236 181.023379
1724.406899 117.767184
137.896060 1837.090939
117.012455 91.001552
1535.086374 76.295691
143.874131 131.448902
1768.834010 1692.930640
1659.339071 1695.028088
203.839678 20.595287
1687.600553 1792.528350
171.721466 1776.693129
1884.875235 1900.254792
1626.858126 89.147142
1703.653770 92.263884
35.062171 130.688931
33.779064 1807.094129
1651.708879 141.395409
168.129120 1943.569161
28.448512 66.901473
13.176586 143.509489
226.188243 1890.964781
198.908754 1920.546392
1637.182515 19.122717
205.294116 76.356996
29.674779 1842.848390
310.400539 90.359560
220.097598 145.342758
1670.044855 6.447703
1685.296935 45.560135
1622.077525 1621.994092
151.568137 1920.952034
62.926513 1910.725342
1475.162003 134.409397
1488.192388 62.948042
1700.503855 1760.547454
257.434657 84.885919
1944.626846 56.164025
115.875098 35.536876
499.788481 194.430855
85.746766 1959.001553
1863.705802 17.097818
249.322482 23.762759
1779.128626 38.715592
56.471578 1869.702224
18.079553 1898.197153
1554.658726 252.186786
1735.523289 84.296686
97.081207 58.505067
34.161794 110.519607
171.250199 1837.191643
1995.144552 67.494893
579.386576 232.074175
109.842521 1965.501193
1969.616613 70.761044
80.529111 44.967672
1447.147531 126.374354
1680.884536 119.452760
110.004729 121.613440
1800.492996 66.312688
150.996706 39.850679
1530.393619 104.869488
221.950836 1839.146232
1919.874483 23.751727
1545.646578 211.274056
145.396181 1863.904295
6.560667 120.568705
1969.652403 25.847648
230.032947 70.122962
1599.134888 85.130579
74.077905 82.858657
1716.347968 151.617480
1899.164492 116.490164
1589.600768 141.396321
691.802456 290.008397
55.528505 1947.355882
94.036303 6.885515
1948.118920 96.380627
1887.888051 42.050376
175.497202 159.264590
1689.722377 1680.070712
1944.306544 1876.096638
1846.195345 1890.646252
1509.075833 32.286701
1632.974709 1667.397879
1996.091862 112.517414
1749.954238 142.685532
106.091808 1872.676312
1666.469900 1708.601131
1637.844630 1703.634065
1645.667570 1740.420844
94.644478 72.044816
197.148995 1969.847237
1725.431707 1741.159183
1511.531954 94.950770
1620.936711 127.406371
1628.773513 124.324752
1777.255827 1845.028128
1605.570673 1654.259195
134.387727 66.752359
1906.954777 53.613418
1480.575984 38.126899
1357.579949 19.749254
1403.820868 1876.461281
1459.445006 179.107778
1387.145030 108.979380
1670.682022 161.656224
1350.846315 190.145192
1294.241347 12.305029
1414.039434 138.041721
1376.476019 168.987880
1585.657231 52.871546
1671.355471 125.250104
1474.296148 1811.312588
1547.727219 24.046223
1299.833951 82.603287
1552.092164 136.527758
1310.108712 1879.103704
1305.588213 6.472150
1587.795679 231.827362
1378.620441 108.695313
1442.119428 69.375651
1522.647357 147.315454
1645.756030 146.779562
1475.031953 89.779326
1497.004512 280.031902
1373.564520 1868.783587
1585.000904 120.428150
1528.381719 199.373617
1680.328116 126.998281
1573.747478 279.802690
1648.998929 219.954809
1323.438023 1822.249173
1542.721180 1918.357135
1484.019621 144.160374
1441.265580 1767.498446
1279.513060 1971.175973
1351.404739 1690.765076
1456.962428 180.290814
1363.154727 244.788661
1500.058022 14.835935
1644.764296 110.972704
1243.997936 38.987358
1319.050056 154.062777
1266.515272 69.177775
1271.103212 209.148593
1396.209727 1748.467291
1386.058884 1975.721292
1414.474580 141.661847
1195.158571 134.706534
1423.170501 1839.875145
1210.724965 1834.645457
1240.643274 1772.515130
1690.622748 91.200439
1459.452896 112.933304
1342.355111 1831.139577
1573.672275 194.504612
1613.982456 108.265519
1196.550263 1802.857096
1595.463339 145.605153
1533.452537 263.395878
1493.094874 330.690490
1222.543146 1867.335576
1538.897976 291.293434
1415.090773 314.393221
1348.069451 79.125678
1207.230134 1903.047889
1520.614373 91.999560
1496.141992 226.703205
1643.703078 25.201314
1480.739647 73.598645
1533.163020 51.922590
1563.711104 227.674875
1436.802015 1801.546522
1220.093614 1720.207222
1312.708081 1782.947923
1296.238984 1780.466266
1495.853659 124.323493
1362.161898 1732.703204
1418.413345 33.368754
1448.844944 147.213673
1389.011049 1807.129330
1417.434615 1984.381494
1459.906023 214.622342
1426.775166 1907.033716
1388.123650 57.188739
1614.300323 81.829000
1486.186510 216.641297
1572.529450 125.519496
1579.726343 160.249725
1496.084295 179.646187
1432.056019 103.118841
1280.670741 117.565030
1473.747046 255.017955
1265.709294 1890.712269
1508.104752 356.112538
1341.415591 1866.177606
1454.112099 179.216234
1405.702015 109.734309
1383.102124 244.282780
1248.050829 1891.483917
1395.596543 1813.192048
1335.646387 1788.774797
1616.471811 178.033960
1620.433710 50.940502
1315.186970 1959.624391
1582.543094 88.491881
1299.503539 1826.828457
1323.685737 1712.697028
1438.653774 263.084916
1458.890617 120.546690
1302.087614 127.283329
1415.081019 1776.412517
1535.640796 143.861410
1517.957527 260.916935
1538.440491 193.659671
1354.638056 1811.765785
1523.679233 120.071466
1260.219948 28.347603
1342.530965 49.746242
1255.019836 1807.116459
91.314200 912.364625
1397.599627 1896.348242
1242.958899 1925.829504
1560.737777 80.476523
1400.613249 232.400505
1456.962016 289.296847
1622.322936 193.906143
1600.893458 254.196252
1513.931732 68.827963
1392.706234 1713.897306
1596.106713 195.793700
1394.773398 65.201199
1349.253572 1931.642666
1456.502792 242.281808
1396.639441 9.827225
1414.630771 127.046814
1313.256717 179.757750
1360.237586 129.889592
1652.510957 185.927486
1515.072806 206.914802
1240.840332 155.607516
1299.388498 91.143175
1425.835257 27.907532
1307.453236 1748.914614
1185.611653 1755.287094
1325.866002 1987.698426
1281.736735 1798.240615
1285.663149 1856.331830
1327.581394 1748.113911
1287.228287 128.129972
1487.687820 143.977498
1617.082383 122.161851
1366.122649 1941.742946
1349.360631 1804.305142
1457.696296 1830.463216
1478.326829 1752.846609
1287.921804 1793.272635
1361.681235 3.769601
1497.022164 108.290443
1351.254584 161.789853
1566.389773 172.016863
1380.458639 1788.664032
1513.403143 1966.593335
1283.348756 1928.720771
1366.170224 86.090395
1312.617895 42.686094
1273.092536 172.151180
1624.679862 180.315935
1507.754588 172.396228
1550.091465 80.911791
1455.283220 65.673553
1544.303100 153.552966
1398.131741 182.327935
1655.089211 74.368711
1445.059095 214.773004
1226.460314 81.647682
1417.945532 189.638835
1325.576167 1955.493977
1336.573200 121.377100
1426.548726 60.915094
1492.443700 73.378699
1423.884599 263.160345
1407.061871 86.884714
1255.463810 118.583740
1377.648482 279.594233
1365.234704 1840.409358
1351.480938 1769.583301
1274.984168 1944.259385
1545.739427 226.501873
1380.295169 69.433078
1513.969412 302.449936
1463.551425 1914.910684
1632.522391 138.738656
1320.410681 95.583064
1485.117266 219.505120
1542.165200 117.115410
1174.675349 1714.440791
1374.144918 213.022563
78.867288 1043.553480
1300.726649 239.116809
174.970227 1097.542811
453.380960 1035.108026
661.500262 926.372512
694.903779 950.425849
1994.045180 1143.276249
700.238165 1025.188526
802.293152 1073.672190
1692.136852 1135.804830
1793.562940 1190.898505
400.264657 1130.859873
148.465605 1206.997929
142.050470 1141.873107
1386.221899 1517.009540
539.239869 962.813399
320.390350 1031.320859
661.348665 1092.352735
694.442232 1116.703092
199.777385 1090.507029
401.704087 1168.193914
383.689873 1057.356869
1679.650558 1216.678123
368.210542 1027.296827
1946.354747 1222.636006
479.128397 987.642941
573.902112 1082.826024
471.187698 1018.874204
248.419773 1184.595488
654.189699 1121.029632
251.025719 1025.263032
281.296221 1089.084229
636.679493 1018.157261
167.027062 1167.073397
1644.184772 1230.322448
387.649013 338.589732
385.303508 1097.136452
1898.958574 1178.935012
1421.146154 1515.295393
555.709893 1114.342825
713.708638 1034.120189
139.334056 1070.416424
737.322545 993.810529
610.409423 1042.823666
681.609501 989.752381
499.579244 1089.711165
353.688293 1154.833187
623.070740 940.820921
641.896017 1053.366727
373.271012 305.044829
683.185461 1184.178408
634.802207 928.577739
578.967728 1042.884842
244.106421 1057.374750
542.011066 935.818187
625.723488 998.259655
576.628779 879.357920
343.289950 1059.069354
110.565403 1115.003290
388.899411 241.234201
655.621969 884.753442
31.141302 1159.659573
707.506727 1093.694468
574.183839 996.528014
628.020147 922.617123
270.367561 1084.499929
691.687930 894.797060
729.355040 935.935206
601.588328 1112.706150
443.429067 1138.415968
1724.137308 1168.482460
1747.816136 1195.263416
487.758323 1129.598484
1650.597877 1156.354370
67.773978 1113.543076
797.007722 1024.257550
425.046342 1001.771529
1702.509559 1266.962328
610.007773 1134.724085
1820.600955 1130.375076
432.678244 1103.874998
583.332565 950.201545
1773.566972 1189.675177
782.527159 1015.763003
85.865940 1144.997127
241.404530 1134.952556
190.509687 1168.642048
1997.889552 1175.126352
92.844388 1184.783024
612.663193 1026.891840
622.008989 1075.941962
593.357647 1077.715004
367.735135 267.207197
780.664926 972.591556
605.447936 1005.021245
1403.515318 1488.039951
566.523480 915.589281
1863.345019 1199.575758
26.124659 1115.522405
408.422784 386.513681
522.311779 1034.262263
624.235880 977.465497
591.119338 1186.503313
410.873457 1026.827992
458.903019 1069.194722
506.259634 978.243686
296.716321 1170.004467
496.993927 889.256161
1725.154283 1238.822163
524.503561 875.503447
563.013498 1181.864735
552.212064 1029.154337
302.154388 1000.148724
165.237871 1127.576279
555.931496 926.984203
118.175543 1151.128872
1889.781135 1146.367503
564.939578 1143.546768
595.042115 913.118623
1642.677427 1193.239315
67.511057 1162.137681
1776.683007 1155.803985
665.921164 1004.005726
545.800004 896.882894
289.925238 1121.362792
618.681974 855.419759
587.656677 961.124236
707.674402 1038.758121
1675.374267 1181.453660
556.508007 1109.762281
468.258888 945.041419
227.723142 1100.610909
724.164855 918.660614
651.893971 931.023623
692.039941 982.527108
55.722113 1195.597241
1721.840216 1206.537418
603.151453 1207.088572
481.548636 1093.897446
658.508901 1155.535241
518.116126 1105.897554
402.449175 1125.430770
647.319188 1086.862397
695.255423 1181.795433
363.195286 1120.505817
618.868802 977.207412
1855.903306 1136.316110
530.124345 1001.729127
587.757172 1066.069514
661.259080 951.141513
319.716356 1141.627994
1954.154535 1171.472322
1963.629696 1136.006525
22.708684 1064.064857
766.317911 946.359735
333.980486 270.719284
1827.384628 1203.859640
1744.204069 1166.357536
725.105932 1096.511375
1930.975481 1184.101200
1903.436637 1213.835390
1975.458511 1209.512532
14.197741 1204.673724
442.816308 968.295918
56.337525 1076.846187
205.814733 1136.037385
513.646021 1003.042683
567.296234 986.663649
651.319255 1038.502455
427.864423 1054.042569
265.525899 1146.756998
571.198066 1201.499049
1855.819710 1172.102648
681.968512 1150.846191
1821.576791 1166.661083
523.294829 1213.458087
671.795153 1077.108163
508.723616 1070.203031
314.805174 1077.025423
327.088743 1111.030777
454.994431 1216.956035
1867.677576 1233.750248
590.020098 1004.328208
325.759912 1082.120532
704.217477 1071.234142
1929.105887 1146.731923
220.470935 1208.333943
408.742004 1098.239026
211.360106 1045.256154
286.572420 1052.983845
1758.812965 1230.866768
470.043009 1174.988943
127.667405 1177.124684
707.324724 988.876949
745.592266 1063.186698
179.028474 1043.848114
1669.290044 1249.796476
367.882693 1084.804252
558.237966 1237.117137
624.979064 1093.174817
527.807071 1033.345050
737.498448 1013.181942
