1991.503844 899.668237
1585.152987 517.327089
1908.375639 861.122162
1391.181639 1869.150905
21.294742 872.048467
1324.242434 1834.667405
1728.933239 769.555873
1724.612368 627.609358
1231.582952 1857.719319
1986.436839 730.300211
1966.079289 818.111689
1970.119915 861.766369
1827.044094 654.079447
1546.843684 462.236185
1697.353500 614.679885
1734.240720 717.310530
1958.536837 733.104623
1838.325794 712.999124
1459.924063 1805.996195
284.496423 1979.393710
1838.940591 966.852383
1932.516208 934.238494
983.991501 806.949623
987.790574 751.178282
1927.820591 808.884406
1845.104113 738.827046
1912.262886 832.447529
1969.481279 862.656619
489.871054 215.791165
1861.665251 598.906432
1654.085059 503.654674
1890.925057 714.241247
1360.564815 1848.166916
1877.975185 944.231467
1845.786198 882.493947
1677.464102 730.425571
1636.214707 543.437156
1837.143352 763.857376
1935.089055 654.411293
1789.565321 935.274109
1753.132586 656.268432
1834.281681 812.286321
1817.560452 860.189843
318.631112 1991.909369
1700.426026 651.700015
332.898152 1910.830108
1796.186487 754.721310
1620.275312 511.987513
1771.368025 785.384102
1806.924404 692.821193
1661.987905 789.325959
1922.373593 882.260497
1956.526301 812.855821
1798.337687 846.441883
1850.247181 820.593036
296.063953 1938.581156
1973.121205 673.481119
271.935758 1964.107489
1327.704911 1902.732375
1876.102435 747.355448
1851.812221 727.133226
1793.421953 669.162935
356.581340 1982.918843
1768.132675 722.110021
1355.454945 1880.709846
1911.075560 827.078087
1672.530970 696.545591
53.560378 710.462308
1667.685554 635.552192
1732.958901 586.978862
1802.377654 946.352394
404.307034 1969.419273
1759.744691 627.602946
1437.846531 1868.262462
1768.935366 693.945160
1735.439977 860.894597
1854.511148 923.954522
1783.864798 1332.951772
1907.983802 681.775415
1827.800775 610.124414
1748.743344 822.229664
1763.317730 757.904956
1441.828915 1819.207596
1728.060908 549.328050
1779.587348 636.823861
1796.138753 803.630428
70.436749 848.855637
1834.017738 661.842649
1981.112647 755.814855
1913.400811 733.734165
1821.740940 902.528409
1459.559358 369.333824
1392.273399 1797.192494
351.241500 1960.718189
1833.686493 800.146238
1988.149189 786.646295
1780.478498 754.536239
1482.886089 1776.551415
1797.553835 660.063824
1709.345936 785.738302
368.005014 3.183740
1966.883333 887.456589
1936.358295 769.086966
1713.940388 835.276360
1798.517248 978.453285
1894.045016 755.706670
1967.294456 733.476737
1717.588498 701.039845
1028.807843 805.608321
1883.566051 856.436052
1687.440914 823.510127
1910.212575 965.105910
1634.022326 638.424935
1062.725590 795.942497
1698.750574 578.962184
1928.370159 899.399509
1858.486983 640.403075
1932.288360 934.929261
1886.506742 919.040778
1855.091718 685.480967
43.837536 656.425118
1964.880641 784.978104
1821.660812 940.723022
1579.823872 473.746235
1825.129466 773.282153
1895.154604 794.146122
965.029975 716.214016
1021.381805 740.262019
1859.566444 921.003421
1949.139806 854.748272
1986.266294 833.666465
1701.373170 695.709559
1358.872029 1809.879138
1390.055159 1831.755499
1798.624752 733.648381
382.056013 1935.328555
1627.232267 583.505423
1936.811012 697.592414
1758.724867 918.169449
924.005723 689.643653
401.006797 1980.530459
1747.287600 834.028055
1114.659296 798.657068
1748.247519 675.509982
1668.770935 555.903966
247.802349 1931.301997
1766.661444 858.239216
1836.346040 818.731268
883.384466 655.011475
1260.939078 1877.031179
1417.455118 1845.433198
1820.895018 987.953752
1948.862456 708.258585
1727.715927 871.655764
1468.643218 1744.032631
1961.929532 908.541429
1858.443663 783.687789
1885.883064 663.745158
1701.635523 749.522902
281.744996 1991.235645
358.553013 22.882993
1812.550446 884.571458
22.894505 823.073259
1782.674008 780.933626
1840.300319 850.604838
1666.034823 596.996778
1408.385316 1737.773487
1999.221727 886.919699
231.142249 1898.372193
1802.832922 812.235835
1308.536639 1869.472719
1437.308623 325.342366
11.598172 701.389204
1812.429542 613.381317
1414.228632 1899.661278
1779.710987 594.711109
1840.749933 978.065698
1740.921349 734.624982
1776.841470 873.848255
1877.668270 984.755933
1879.032214 958.210239
1510.262186 403.787991
1916.599568 780.890718
1671.763639 520.781885
1420.554687 1725.468245
1891.725195 627.849573
1862.391300 787.619480
322.681350 23.900013
1887.917909 771.674778
1874.029091 844.269133
1893.476164 905.129909
17.484431 622.629212
1388.003345 1928.597915
1915.441959 895.383858
1493.352767 361.421866
1850.047828 683.167079
1884.263256 897.806234
1799.227453 545.877789
332.185551 1952.340578
1032.950134 769.555118
1432.077928 459.217140
1224.870326 156.974401
1346.181300 688.386254
1349.614188 774.566822
1321.461943 227.537261
985.511514 1879.388293
1375.575147 669.998565
1066.754860 1824.281848
1027.408831 75.253938
1351.536033 323.758781
1363.984176 881.925040
1382.831643 545.527982
1231.587108 285.807554
881.816129 1780.720649
1472.889345 616.297395
1424.804865 673.620012
948.733560 1805.885042
1269.234099 311.945195
1097.843551 1924.457092
1097.254167 12.294113
887.900536 1993.173463
1494.454604 566.281037
1377.838639 422.193503
1427.438610 811.717126
1343.177830 193.165557
817.413989 502.043535
1309.388681 447.254181
862.409026 438.885301
1390.708088 554.525478
737.590415 1925.692231
1373.748303 850.872425
1386.710882 710.654519
1126.182495 141.885611
1361.451397 279.724430
1339.576525 478.876551
920.395306 24.658577
1231.772227 320.284326
1312.577605 166.453693
1430.688670 566.673822
1076.839072 39.073947
1215.346736 158.412070
1371.433952 506.060601
1107.877053 1883.339117
1481.645422 476.069078
1394.434551 821.102563
1449.789906 509.446507
868.995856 28.951971
920.033446 1814.242460
1136.933309 1817.118881
1455.958179 707.589743
1498.645528 813.514078
1146.830687 227.832747
930.159670 1843.819885
988.374155 1778.490475
1107.104926 1784.993520
1042.265293 1871.380350
839.370101 1731.293885
1067.629947 1844.309007
1363.326726 736.130016
1456.695622 837.035791
1024.347169 39.919146
1241.308631 253.737374
1427.084163 529.731783
1186.600855 108.228531
1020.424883 1792.094446
867.173038 1707.313268
1225.979365 249.055391
955.007281 3.916154
1331.760004 597.261118
975.663602 1821.474069
1307.549595 496.281272
979.122310 1852.501665
1211.799765 189.334288
1041.699619 1744.876835
1186.393024 48.820651
835.886873 9.513509
1433.072020 787.288020
1062.370681 58.836004
1359.685668 449.798136
1333.084827 227.209403
1414.509758 748.756327
1452.334993 456.097821
1281.947649 475.932232
1342.683966 565.267640
1141.133321 51.552994
903.821124 1709.631035
1272.079182 197.059181
1501.295540 435.038189
1125.581726 198.792846
1407.272867 597.484250
1512.896699 771.392311
1402.856486 587.920691
1377.846861 580.910534
1257.162713 459.447049
1463.613855 782.064506
1409.155755 435.267049
1382.988561 769.320711
754.806068 592.856185
1149.950105 135.987387
1221.141689 87.185489
1313.583499 387.452348
1384.832394 627.633616
1352.050220 366.934213
1099.185395 1828.463981
799.532671 1996.711646
1155.971803 98.182495
1013.216752 1753.408787
894.714869 1802.203921
1434.940643 416.928651
1034.969763 1847.069268
1190.677632 228.564065
1163.176788 25.439732
1045.973972 1809.805214
1377.316808 616.144305
1289.220191 225.967373
1397.007227 724.569454
983.920140 58.962039
1346.975172 513.690602
274.020684 1906.941740
1362.317812 248.461855
1314.831020 413.289419
1030.998036 1783.598575
1348.339468 635.592055
1422.315619 707.715894
1382.682465 463.768653
1488.444859 720.468145
1462.070949 578.219801
1281.306131 557.588676
1369.431537 510.415866
1198.552552 221.753720
865.183388 1932.972194
1276.234741 331.217399
1114.470328 111.291321
810.294900 1749.970660
1247.543596 495.376641
1446.494971 741.195586
1082.590335 90.374274
904.797638 1869.317856
1468.398353 536.489555
1306.575040 293.989721
1121.755990 77.229024
1457.670403 661.872662
1430.655632 628.837176
1468.885092 813.812399
1215.687416 122.842406
1258.492770 111.258881
1034.567767 1.293634
925.227909 1779.657217
1302.626287 360.353447
1341.947401 436.947077
1118.578176 39.184570
1479.380167 754.528740
1302.524218 529.000590
1285.270739 428.103705
1261.277752 247.296526
971.806754 1738.643910
954.427283 39.084730
1331.496608 532.179952
1408.361120 511.841333
1068.259530 1770.890931
1278.057569 388.336460
1002.669117 1716.900909
1363.080251 809.441972
1006.490862 1805.180329
1248.023350 218.722859
912.509121 1749.830397
1245.047127 173.117904
1407.434393 656.038142
1289.901580 267.270368
1347.865972 400.448176
1076.275017 1954.017508
1088.491744 137.766838
1267.252079 142.361818
1171.604592 262.511882
1312.289792 322.737243
1254.810907 286.844934
1085.757688 102.683837
1417.684470 848.238961
1370.879076 304.474100
980.479631 1772.110601
1399.378871 781.870680
1440.303109 606.588191
1167.095176 198.873576
1186.588979 288.066338
883.879921 408.949640
1017.961904 1895.570850
1106.502299 169.455907
888.526260 45.872878
1183.527849 136.903953
972.104681 1811.070474
1390.763066 480.620747
1013.642027 1999.318223
937.775057 1743.516480
1250.645431 354.992304
1022.490394 1825.626165
985.930207 22.242539
1400.006875 521.648818
1096.175539 52.972457
1083.629365 1857.513751
1162.038128 168.911240
8.871529 1437.605108
1860.503246 1508.117445
1924.688816 1615.082639
1889.980926 1363.721639
1840.543303 1468.460317
105.554238 1596.243001
1869.629231 1444.975738
1779.034296 1457.829163
1856.977403 1564.360849
1914.530122 1391.877167
210.582583 1452.702003
258.067120 1510.602984
156.660723 1622.953702
182.430871 1505.327240
1802.431738 1355.302080
125.224266 1592.630079
1783.800124 1510.206643
1346.228548 889.368044
22.092475 1599.909053
1803.330093 1428.786821
1990.301605 1565.683448
79.898702 1641.348177
320.042637 1484.711988
6.322166 1488.521504
166.435402 1530.346378
1911.837893 1489.755751
130.431389 1470.233864
1365.644055 798.054986
296.808074 1563.051425
113.353566 1675.441043
199.795807 1564.397105
1815.348802 1663.202610
239.796791 1611.872926
29.236157 1659.478125
197.380657 1643.093555
1811.105925 1550.072425
1966.615997 1504.500324
73.072065 1516.731324
1736.900700 1408.021008
74.211688 1675.768947
249.253866 1572.378573
1711.926034 1457.258985
1763.308405 1355.536455
1691.603961 1486.438583
1664.407786 1517.679936
1420.717362 757.613546
1902.589165 1518.052326
1963.101949 1438.813908
1674.883646 1365.251833
1940.294287 1626.092539
1811.226854 1394.212300
1916.143538 1576.743648
242.552021 1530.393487
1897.440265 1674.737425
212.731403 1413.274670
1931.442871 1670.739806
233.187494 1439.987269
1803.960591 1317.616143
85.346873 1479.918262
202.475159 1477.309176
24.290665 1701.167371
1854.522462 1466.598650
1918.681109 1443.045648
193.117109 1568.818744
1946.546663 1519.290214
1706.900081 1350.363133
118.588035 1493.499532
1898.356301 1454.395531
272.638348 1415.988892
1979.876048 1548.325417
1991.716755 1611.562042
90.535291 1647.318274
162.336663 1406.889177
1875.153865 1382.228704
1809.475524 1597.971827
1880.842079 1514.511973
14.133713 1546.514105
1985.117294 1703.452638
1879.336408 1578.345404
1882.366056 1412.378771
1385.625643 845.193164
1975.268179 1652.683024
1385.684108 754.310981
98.978387 1528.892895
1854.763088 1540.473618
273.071499 1456.682463
1916.580606 1587.550659
1979.238703 1605.525179
75.957750 1420.357074
1887.777670 1604.023082
1904.836438 1707.872329
1773.774005 1407.056908
1874.036899 1446.807380
1950.795149 1592.827941
15.035901 1585.033494
1928.262543 1526.280192
1928.286304 1562.447821
1900.600394 1419.871683
1849.112117 1434.881846
1318.503439 795.117740
47.146662 1675.100311
87.356829 1597.221391
68.130996 1712.956768
220.395345 1616.702668
1739.337693 1520.761861
265.464312 1587.232555
1933.089269 1488.203815
1939.476436 1408.298950
1815.352817 1496.062701
1910.041573 1517.302590
1838.660933 1313.834356
45.410780 1454.768231
1969.559580 1473.427017
24.529311 1664.407171
60.762502 1482.062553
1844.816741 1493.329865
15.276006 1472.356459
1744.821370 1455.759426
1883.659062 1483.466992
1818.223159 1460.759720
1737.421809 1332.876813
1947.176046 1555.973905
1691.387387 1396.060847
152.739678 1543.739851
1983.967865 1581.405639
1370.048648 722.380019
199.973619 1539.455653
137.086893 1573.941000
1971.992682 1577.878629
1994.433091 1507.804427
166.185498 1445.597742
1347.039471 767.655734
189.999761 1430.439872
1883.636574 1483.242963
1871.207584 1657.653098
1894.421582 1420.327727
1760.952985 1496.425166
34.664586 1420.833914
233.340540 1471.855411
1999.262454 1517.185452
1757.226441 1438.279178
1753.437685 1302.018708
1824.618771 1531.554698
1775.761198 1596.595574
1737.323465 1490.775617
1858.667422 1351.212451
1901.707099 1638.349459
1339.604591 824.102652
1380.736368 885.851028
1724.272601 1378.036656
251.035354 1483.837382
169.005115 1567.915548
1350.592627 847.096496
196.758395 1471.777096
158.049183 1525.994588
189.928025 1510.640082
1892.184669 1548.622506
1800.304760 1492.888716
48.771750 1582.315862
1850.300909 1622.784517
302.964108 1515.895095
1397.108546 812.458043
73.264908 1609.612586
1754.029136 1560.297551
1747.981818 1583.802616
1441.757036 851.197623
1822.042854 1398.212246
123.769102 1637.844612
163.113762 1476.808747
78.577234 1575.268807
1955.655995 1687.372742
73.257606 1564.958259
1827.641484 1366.955009
207.804509 1567.365933
134.992067 1627.672421
1710.949384 1423.816354
1975.941101 1707.167857
1786.708183 1554.049127
1786.124042 1524.202308
38.889780 1611.479110
21.860287 1531.081214
1833.734933 1685.789854
1835.106189 1632.734823
1680.427718 1450.542607
1808.108783 1283.764917
1901.651354 1545.431173
1797.658794 1461.187198
1798.173386 1354.009445
90.707413 1451.975972
1956.066249 1551.845264
1980.137854 1650.913552
1829.823320 1582.830811
190.139248 1605.452411
1780.615844 1402.313156
1993.335978 1532.817364
38.623552 1546.699777
1709.067264 1511.499816
1840.911381 1406.215456
1670.993720 1430.096843
1771.100531 1371.604928
607.960434 874.232109
1021.824781 951.042911
1048.606165 862.541653
1105.327924 854.667797
205.267332 896.158058
1172.618070 920.479327
1245.437408 862.161907
1927.745816 869.995987
1972.713597 947.787670
871.888750 934.227456
245.222081 859.552255
510.623813 851.141802
1662.428890 830.277608
239.525637 899.432722
828.838460 910.870302
972.752640 843.640896
1148.225279 964.540818
795.728919 899.268818
663.298605 864.706558
1003.711008 983.043439
1805.447159 870.446193
817.885403 855.439510
65.724054 907.106208
984.884473 876.799830
1043.479218 912.609279
224.024996 930.763399
683.034977 938.135613
1702.459286 879.298446
777.394351 929.014808
762.220865 888.792254
1031.318857 825.355809
567.466229 892.818166
1867.779121 821.506806
1728.218934 843.749848
910.497512 928.499927
106.904855 905.257430
1880.351526 884.281025
765.855137 837.603555
1067.575357 839.591469
623.478255 948.294897
1891.630958 881.147530
1883.557852 915.141797
1063.474701 958.866309
1078.351544 924.550730
621.977737 869.786940
1167.774311 814.325937
1068.378114 761.520637
1692.942859 844.675055
1119.691504 998.014781
1054.900402 781.525181
1042.609807 787.424863
697.579778 868.515916
730.536613 847.496841
1087.439842 756.945003
1667.552476 892.353682
885.616314 863.384340
545.260960 928.945441
1724.583532 808.436712
1068.141367 819.859907
314.981033 869.902063
1127.228779 946.384665
1647.126007 863.264575
1811.873779 836.064569
741.518465 916.713673
1155.864893 892.966068
1817.847813 939.180313
937.748825 923.847852
1121.295511 769.074385
136.999235 883.432509
1914.138673 899.676808
728.353058 883.493847
1690.040099 802.223948
596.240312 926.770466
1066.742710 730.567040
978.162907 922.364585
1774.406875 887.005687
1039.020069 721.825765
65.252976 869.328365
938.233105 965.717642
1128.605138 842.044427
1970.381632 986.148502
1208.381048 914.363078
390.933646 920.508226
646.937243 925.140625
682.602804 835.038669
208.705616 859.918900
393.776380 885.840440
973.183359 803.541064
991.142085 911.747726
1036.397171 863.978359
1643.858915 800.879433
1218.307143 821.970774
1015.839608 898.203679
1845.417002 964.708424
1187.705126 865.281035
190.560109 936.085538
277.100502 878.199539
1783.791531 925.914052
1169.092633 829.435425
1914.464187 959.870789
1115.015598 902.087419
992.398084 949.971998
1043.944313 975.943191
1148.444141 865.658224
1032.466075 1039.225326
1134.217974 793.868700
1907.207148 926.600423
942.752598 827.991796
802.219288 830.826297
1070.242983 920.270853
809.879479 783.831783
584.178011 971.358075
1892.222116 947.062842
536.984842 882.706139
14.202547 881.984402
886.710122 900.413648
1880.030070 843.272245
1813.226287 905.276501
594.230765 833.684068
32.540870 894.174976
1098.799468 689.023542
1205.695648 874.102395
824.877066 811.902878
1955.215915 943.250728
1632.522473 895.240873
1234.813005 888.212682
1831.758964 766.825351
855.015295 844.321240
1113.219405 933.877384
619.487908 907.978199
1859.714420 935.495140
1744.403201 873.295056
1936.214141 986.765858
88.231309 838.170339
1913.382215 810.761693
951.434399 896.952241
1081.111543 842.084543
1065.777694 997.173180
1187.532838 864.641942
1001.038435 821.649274
1017.429552 606.860589
1103.126914 909.838102
1006.680018 783.901920
1848.980516 858.185098
132.276970 845.485209
1225.828628 816.496727
1748.832501 910.198217
1155.503346 896.572969
900.237345 963.536905
172.252739 856.250325
132.629605 918.054294
295.551967 840.495076
1847.723615 897.574059
1628.695308 834.305155
1962.937232 876.529242
1938.718752 905.578162
1147.550797 785.174204
52.870967 940.166025
13.843281 955.838018
170.761258 898.878609
310.216737 905.409935
1055.598263 894.063928
352.109975 915.075600
560.248438 856.710875
1173.041666 981.575824
273.794511 913.162146
1111.272534 979.885880
1149.609791 1027.636577
940.911486 877.248187
919.137982 893.562526
1944.536658 840.832424
1082.877738 870.059464
1975.987179 908.560147
720.382580 816.766610
1103.578483 814.644029
1126.840695 866.354076
706.158261 910.716041
788.597758 866.787110
1044.537927 1015.905643
1997.617119 921.988558
958.690872 935.394660
849.941687 883.058122
1144.011996 763.180714
103.817771 870.076288
916.897595 996.970699
977.587567 879.694501
673.372840 902.619705
1007.045222 865.129252
32.771412 930.861913
1158.373983 930.515183
349.126139 880.645371
1199.848178 790.159692
1105.717459 767.017314
645.433059 838.035276
614.709837 821.289948
89.512785 936.770861
1609.165097 864.237582
1112.468755 892.945445
905.182863 834.419342
1200.320215 942.984230
