1895.815507 841.514344
848.071106 1626.074754
1174.229763 731.131626
1685.712654 1818.003744
29.436376 875.515975
1650.724158 1595.441888
1720.360928 1630.560577
1183.339688 1339.680602
119.757193 41.331994
1260.380612 729.475371
1231.908055 700.551946
1939.088025 869.941255
654.276561 850.245849
901.524412 1685.916307
1529.539097 1664.856080
1196.938184 592.974866
1363.854341 572.067498
1265.818030 491.115467
1711.652967 5.497297
1716.532497 1808.672008
1825.010775 1998.328766
1741.997926 1741.897625
1779.597007 1732.451801
1647.209396 1830.970474
1187.026997 647.545688
111.989004 640.437535
64.874108 777.311779
1819.430995 883.229153
1683.212617 1860.678261
1406.546883 340.946659
985.272569 1692.660085
1779.859862 926.323752
1714.685464 1752.339388
1746.635847 1755.164454
1799.626595 993.109651
1562.928234 1653.936486
937.472736 1726.562970
93.536788 672.472887
1379.432732 497.790785
1694.796712 1653.852986
932.354556 1668.272705
1.479948 848.509778
1860.676158 855.894243
1787.068443 1752.440663
1221.930997 1879.233198
1673.101757 1682.582442
1196.028154 503.007855
933.896070 1702.816968
1719.060527 1782.207330
1214.044475 521.875243
1633.699768 1715.133687
1881.182657 1646.131780
1259.026384 640.310233
1142.775279 634.455483
1256.478407 706.552761
1426.354439 1927.882895
1226.768299 592.311493
1620.308971 1756.021926
1697.088130 1695.456249
20.745426 804.167648
1315.297871 565.054814
1281.355568 522.870328
1532.209358 1919.718420
1307.194659 444.206343
1764.016104 1806.140845
1833.357758 834.004597
1173.289457 1858.497432
1330.371529 600.772952
1036.570618 1795.697039
1495.949343 1619.172209
93.049048 850.560974
1570.787533 1750.495630
1207.784191 1846.860384
1721.399572 1784.515101
1328.259498 567.655187
1190.298018 611.414105
1225.846854 747.779549
1727.584244 1813.912903
1440.490968 396.216876
814.791385 1615.755573
1814.698469 1794.379469
1335.377506 465.183018
1847.316953 1770.184429
752.631256 1515.178575
1297.230632 503.128546
1198.242085 563.254871
1860.439797 894.177383
146.467498 643.461112
32.280547 788.502516
1272.003822 492.546619
1243.015424 677.024882
1802.475937 14.258890
1835.413646 1817.879409
1740.689667 1700.202380
1155.393794 594.700985
1968.276457 760.127359
1230.523467 569.344871
1876.659959 1698.469000
1433.909465 363.391270
1751.126420 1670.833719
1718.022477 1883.157050
1838.188569 914.968041
1247.599831 666.521049
1783.565785 961.802588
1600.634509 1122.197555
127.516474 681.906261
1319.252943 626.214672
1161.825115 698.333007
1548.874131 1951.680447
1191.045531 692.489442
1733.304123 1715.615263
1574.805807 1146.855418
1257.665964 1879.660495
1779.802428 1753.594445
1471.217407 1572.203206
1855.669703 858.537330
1368.528219 455.907094
1650.641936 1772.555202
1739.272379 1046.166365
1241.121463 557.257114
1345.345738 515.155882
1236.598055 621.859355
1786.140080 1624.900999
971.753666 1663.130918
1292.975662 601.816712
93.414557 708.069194
1668.606153 1713.484814
1752.451245 1773.192972
1200.336789 725.581445
1885.042863 948.923004
1195.284892 775.799897
1585.587102 1627.440189
1786.223420 1657.821381
1686.246111 1765.602441
1285.481670 542.104316
1733.879021 1887.714286
969.086542 1749.697958
1238.221444 602.218725
64.677596 810.677290
75.536983 34.168142
1686.628839 1839.204518
1274.801238 608.238990
1780.481117 1815.742447
1202.969959 481.708629
995.751297 1726.355046
1788.005479 1790.824138
1217.170987 663.986570
1247.310128 534.565045
19.415198 68.984451
1672.047183 1754.698147
1793.613700 1865.559930
1893.283832 31.995448
1180.841009 573.265345
1524.045599 1976.877955
1812.296085 1716.619330
1805.583321 1701.445050
1286.210601 689.794879
1204.680620 470.690685
1295.426894 1885.580620
1412.032123 1960.808844
1734.119485 1855.782372
59.798461 851.847448
1218.873764 654.181318
1563.340446 1983.942212
1162.716426 765.034390
1062.196743 1769.751810
1818.138464 1759.198678
1814.886687 1016.662712
1271.938994 1911.252249
104.064496 741.329485
1836.485055 1661.532678
1752.814795 7.061639
1880.696095 786.937853
1138.227704 1429.884426
1773.210064 1725.887228
809.633495 1512.333855
1945.057725 80.653031
1774.767656 1605.413225
31.524563 755.664297
1884.730537 4.457306
1656.948883 1088.496930
893.677032 1629.660597
1268.548620 570.034129
1016.911400 1766.004292
1835.777283 1715.425201
1310.604867 534.025954
1264.259624 629.932654
1476.318962 1950.086606
1917.768081 761.730838
1829.740805 947.398654
1723.464831 1014.735745
1929.944667 721.270202
1696.266389 1973.667956
1696.733076 1067.118370
869.255200 1597.886547
1291.104037 574.752403
1766.212704 996.998862
1565.502847 284.017642
1729.122303 1696.999215
1679.536613 1807.192436
88.033762 1800.104658
563.970974 1622.181376
822.006489 1865.065358
702.183607 1953.282836
603.161735 1833.672100
997.035901 1971.202288
859.159181 64.317251
1344.692385 1981.948399
611.300257 1598.460575
353.671907 1875.203629
1345.047650 603.266039
1332.248462 14.243439
394.516393 1896.293847
1323.596791 1830.521187
1319.070529 53.699498
1467.774363 348.709509
1196.119716 1801.600454
1281.603780 686.334816
1351.582174 122.173387
1394.621910 57.698316
1079.194656 1948.495945
1311.422845 5.150633
1413.476378 787.337840
1342.496676 522.629251
541.672178 1506.869182
1434.630985 861.008491
1321.678056 851.610061
1364.567398 699.396852
1368.033027 1990.171104
1464.786043 280.248951
1376.137653 654.520714
750.071577 1885.790815
773.745315 1796.002501
365.116912 1907.688925
1289.625675 1841.164114
1295.096109 97.916030
243.689754 1836.376120
474.256037 1908.076780
1389.811741 1974.332537
842.892336 1710.621929
784.920222 1867.649861
1425.062649 1982.038190
1275.808730 1992.743683
110.058522 1870.266487
1639.526891 520.281672
41.929707 1884.919036
1297.854379 9.384271
1256.094493 1810.442626
1338.215817 1970.681071
1300.071349 326.623256
1311.875484 415.601505
710.880342 1884.816681
1431.741767 1914.830906
1297.878152 1896.461377
1453.269306 1942.540284
1225.758484 96.051805
1162.303397 1756.593589
1358.300980 1935.911222
585.550470 1636.101146
802.260398 93.603100
844.371266 1786.504913
1387.080865 609.050130
1987.656690 1810.503670
553.682632 1558.165923
1368.469903 1950.922502
310.778944 1956.287760
1611.768392 542.018418
1320.266182 78.899598
1135.306522 1780.827372
1206.090887 1883.133075
1221.864924 1822.201863
1284.491904 48.569306
776.526267 70.037946
1139.755924 1715.419332
953.151213 31.477129
1312.689325 1973.833028
1230.071601 414.621721
1288.374135 171.128634
1351.951210 1885.341393
1310.897294 615.084009
810.505921 1903.567259
1230.156871 1702.633135
119.274502 1825.507116
1261.588317 113.032317
874.652351 23.011494
1147.816583 1681.696875
727.696642 1928.791034
1503.938204 889.517640
511.025558 1607.281502
1331.781441 177.048914
838.374136 38.626818
1299.887400 138.636686
990.277059 26.884344
212.337083 1864.111188
1280.848617 381.049302
31.739425 1772.748417
1326.913045 456.455694
176.256619 1922.410984
536.610654 1472.265185
1277.377803 263.783124
1367.615756 776.525504
832.987021 1932.181678
1421.517078 740.774127
1365.008915 69.559382
1260.682985 1874.934219
1402.013435 297.895850
1248.951830 1837.194878
1224.493189 1787.295331
191.007331 1890.037466
1273.585438 80.868161
874.899475 96.017400
863.633057 1747.864296
1313.809721 1865.675136
1430.006243 276.866196
1307.566693 525.653134
670.167466 1928.311606
1265.580670 133.991229
1267.208725 1830.252315
553.801860 1591.569560
1581.279431 496.345950
234.498187 1908.294131
1297.015029 1928.484090
1312.039433 271.545656
1451.606521 400.847918
1395.262847 1840.450940
1482.010351 380.781952
1390.805000 11.884222
1266.805959 1849.405076
1319.617161 1805.905464
541.093413 1920.195301
1042.773717 1923.772448
264.919866 1871.437853
843.185420 1828.681639
1250.037003 1750.022687
1181.270570 1693.088762
1245.829585 383.020267
807.489820 1712.467620
1087.570638 1882.371653
54.868294 1942.385794
354.688332 1827.026872
928.210719 64.186946
1318.780125 113.144763
1248.208266 1900.852855
668.936396 1893.707090
1216.447832 345.832641
806.454138 1827.154116
879.319601 1874.807459
1347.174156 1846.234283
360.107343 1941.152746
1411.788856 823.471613
861.144398 1911.076251
827.678637 1975.831292
1264.681672 1785.419059
278.232128 1906.766390
1352.227858 621.381149
1156.425032 1826.014491
874.173365 1848.573239
1332.797903 1927.095334
1981.799689 1777.271997
1187.513491 1737.249099
201.234291 1830.815242
1226.478325 1766.535049
1270.166025 415.287518
1254.201363 1942.614374
1185.066320 365.761155
1207.423262 1740.721222
1244.887340 327.372555
808.211315 1791.542159
401.823018 1929.782128
1333.484034 784.551829
843.677480 1652.028755
707.101517 1814.458087
1436.385811 363.709858
439.458319 1898.152475
1392.176033 720.844694
320.960621 1897.550919
590.207650 1564.313777
1641.555608 565.425855
1319.246697 665.182721
1401.441580 1902.840977
752.055871 43.413867
1367.593726 1926.511893
1091.076397 403.650816
385.680504 1866.553731
1349.624226 670.589281
1423.347581 35.534119
513.406631 1660.292098
1034.472425 2.951237
709.505924 1859.604238
1407.602736 1961.231468
64.962017 1810.982441
1381.006942 88.532614
1294.230465 1769.065604
334.561220 1928.911077
1383.136841 1936.104922
1359.720044 156.300824
106.094908 1904.472764
909.991709 34.986055
1026.777141 35.952752
588.216254 1593.501096
1649.315967 1575.116276
1899.965089 1652.451914
1883.021388 1883.232991
1607.392146 1523.863079
1909.634305 1772.442824
47.456782 1908.608436
1.724701 1932.445878
1379.826069 1432.272394
1999.357184 52.222572
1877.448424 1515.890886
111.399239 315.794500
1907.151712 571.199751
1835.847791 525.428434
94.815727 213.073800
109.556544 1916.657238
1861.704547 560.148810
1910.156614 54.741644
371.820305 1032.018106
91.335253 1872.257806
1994.304179 1886.518179
563.144348 21.275193
1760.381342 1753.104197
21.238611 625.775812
278.132275 1879.110019
132.984449 1870.765991
1895.447666 1425.817797
1915.420533 643.762269
160.811538 783.433818
363.897636 1915.440334
1989.119820 291.762538
0.712095 550.953557
1916.330247 272.407442
189.683703 1932.124389
1992.382415 204.975988
1952.239123 664.661384
1805.813869 1830.582158
554.774769 105.033751
1909.004269 1531.171757
1573.516946 1579.032574
315.413881 1891.638909
45.349935 598.440114
1609.771543 1587.677917
1151.328479 1257.839990
1608.952073 1641.894781
1730.360719 1771.577747
52.663519 654.616738
369.053738 1833.164055
323.551338 1796.825931
1896.668913 1617.577945
167.870463 1823.251510
38.951139 1807.055669
195.820584 1892.556255
1959.573318 640.895544
1956.522049 275.869591
1974.159272 602.837277
81.109028 1892.779485
1976.410748 340.836593
1683.066543 1597.118245
283.837212 1914.157662
1963.592671 1959.280967
1879.450890 1923.417802
120.728290 1847.760077
622.663237 1931.601357
1961.110602 696.242803
82.516611 1932.733066
1345.661745 1439.556317
1788.898150 1930.046741
1884.190514 1395.532408
1978.539320 639.705095
1871.666774 1462.046970
1657.821857 1625.598434
8.942190 522.168100
1929.717084 339.551329
1488.246588 1538.979637
1688.886127 469.941972
1946.079467 107.998079
1897.619874 1485.173381
1785.711036 572.224250
1667.741152 1674.267310
1532.630253 1519.905302
363.377763 957.935288
48.379123 1871.453503
65.048098 741.746866
581.457147 127.845638
1993.314148 1822.466177
302.073398 1845.990236
173.773816 1763.988844
16.856216 1845.843637
592.585719 33.867021
1973.316927 132.624600
200.590651 1814.266555
1463.862144 1564.923992
1414.368137 1494.881830
111.672420 1774.901318
431.939363 1939.750076
523.344244 1988.524797
1945.033780 213.986683
27.248750 1841.822516
513.795925 1943.683115
288.065282 817.276896
1999.857692 244.007338
60.143353 165.858674
159.503258 1952.291534
1997.427687 606.837551
1556.845121 1618.219677
169.838208 383.192893
1926.362809 1977.937927
1629.299370 1528.679796
1624.009964 1636.553054
1643.365867 1661.979369
1480.947013 1469.351252
1879.220921 1790.011691
387.799462 1888.738799
1918.096808 702.813298
115.370979 1962.185908
85.204192 1833.354506
1979.237906 1918.637311
1533.479714 1588.603396
1472.071494 1518.233744
1207.466502 1307.443471
1903.099324 1901.223897
537.743036 1962.730302
1554.656628 1561.521291
1951.105525 627.597550
572.750499 1904.526841
66.830197 619.365964
231.150785 1908.553047
1832.883362 629.166489
1655.482668 1614.206475
583.918220 1934.515682
1746.422803 1806.103145
194.312572 826.903471
151.995977 1909.336167
407.793307 1837.407826
1911.890541 222.333933
1975.173300 74.145156
1243.145870 1379.830553
188.917082 1853.764811
1842.214154 591.972028
1945.360804 290.475914
1443.934862 1476.524554
1322.843175 1388.263223
113.222362 1806.581165
1886.508966 1558.094640
1891.508775 1689.154897
1873.126429 1279.997036
1932.068380 315.022152
312.435487 983.650599
368.724838 987.048052
1147.874435 1309.036221
1999.708282 668.261065
1881.901560 589.511914
340.688034 1007.144623
1871.452392 657.338217
162.811292 1879.996075
1913.831898 609.312336
1256.633672 1346.980980
1846.424723 1396.695904
1781.127488 1862.938371
224.869281 1841.603510
7.419334 674.674606
330.992667 953.817614
47.312003 1948.120934
1549.543276 1487.843972
1894.511433 110.572687
231.495375 867.233556
1697.068816 1760.407137
1897.344539 537.234393
1776.091752 1783.789007
577.882284 70.461284
1941.388805 248.230590
1611.633552 1607.621556
1860.287085 1429.075662
1866.817590 620.851242
254.691591 1873.816351
1495.452127 1604.954685
1810.610755 484.867585
1935.523562 138.793644
1574.031154 1597.559399
1823.227383 558.027775
1602.506527 1564.049634
1959.903864 174.215883
1926.885472 186.918205
19.290255 1902.443040
1667.691192 1557.034288
31.752207 1878.567148
1634.180675 1487.562361
1508.313472 1490.216318
154.350679 1846.687091
1894.334016 1955.537740
125.350189 1880.592609
1883.941033 259.112541
1959.973738 728.216508
1589.036896 1632.710318
149.137576 1785.404327
1968.860500 229.635536
1668.939087 1709.509348
1588.105184 1528.022264
1379.722628 1498.474326
1546.132841 1528.786659
587.207920 1351.382453
686.651045 35.058175
774.544876 372.967311
859.087309 263.877677
1675.719365 1042.550779
930.535633 421.254449
897.150436 349.857892
1538.786636 742.822388
1582.888079 777.928472
561.658782 1876.398154
1800.567172 1056.338300
147.224674 1540.599809
1352.664942 278.382391
1759.906745 1008.730327
522.306842 1740.733254
654.948622 21.488888
896.629018 271.069157
513.028215 1820.852172
631.560857 1378.100227
794.677825 183.088958
1360.164513 949.154466
525.518426 1776.497488
1584.006746 1101.464352
702.008184 1888.981429
674.740587 338.844120
1723.629994 1062.544274
652.051355 1590.375485
1405.101996 316.418285
684.517907 1604.008513
461.322969 1719.346277
708.168814 1977.205410
585.893384 1425.343986
1485.113009 1069.979385
1401.397769 235.878023
530.717779 1858.360396
1598.675922 953.878037
1530.677011 838.015379
687.149902 1550.488660
814.822269 100.305413
622.703226 1525.573787
1547.822452 780.421519
1479.976218 1014.911648
707.032974 92.720263
835.824818 201.458754
596.500081 1385.634605
908.446238 323.357802
850.207695 175.186696
1386.302401 291.590105
890.485058 216.607732
703.074742 20.309546
1107.284111 1944.897401
610.013464 1470.994629
639.240628 1490.107112
945.607257 262.269174
1374.001627 264.753778
593.022655 1753.476647
294.828582 1644.725911
1444.901992 191.119318
785.775892 240.792956
1800.242676 1000.328247
962.546696 79.379568
1316.985475 255.311234
1495.008358 757.917918
484.273010 1799.021936
863.501617 299.491156
1444.641827 1154.048649
706.795064 1714.608058
985.468796 39.256904
1631.579052 1079.424427
1527.251404 811.600019
430.125675 1735.972766
1411.098959 270.051116
621.552485 1425.796202
747.155195 6.770742
642.684627 114.582131
1491.549047 843.243413
677.315708 111.178937
1601.053349 981.134422
603.405942 1918.522520
816.718259 251.879879
1523.593119 1057.157298
1149.437410 368.968707
1853.206240 1039.959379
355.638885 1677.995045
686.262794 1418.772022
1760.285872 1042.756491
1865.548518 1013.488225
670.828012 1951.969403
746.814390 26.112925
642.982747 296.719409
1374.712016 245.046511
1102.693280 316.868909
771.553530 202.606405
1484.848596 1105.172873
1006.939086 90.010900
1679.517883 1077.337380
1767.923740 1075.915153
1475.583489 245.993029
951.075814 186.863142
1565.081163 921.848295
1319.635894 324.979596
824.100956 168.188849
716.756991 38.255755
874.051188 320.957311
959.476337 148.122362
912.797404 388.278714
1564.015525 814.882547
632.684561 1898.177209
505.061014 1771.890942
1031.437519 24.179071
594.249739 1710.189894
321.999263 1689.012953
1483.547591 201.486428
292.091050 1610.004834
1598.141931 811.990693
673.657803 1725.500625
1417.008740 1011.388070
1389.986954 982.028655
590.701407 1305.048676
1590.421500 882.719696
840.647438 326.922397
1038.494134 358.804304
692.976594 1678.092031
1512.455569 1017.356322
1315.345145 289.809400
1177.924949 309.477158
1528.756260 796.605034
659.856515 1667.490823
843.741649 143.092728
620.019017 1360.161652
1440.433198 937.734281
1436.540370 225.058972
1509.481242 1138.930480
1598.243376 848.177521
1628.422071 694.812028
641.172627 1865.645308
880.843021 173.638318
999.526201 1.064331
911.704677 187.091178
686.115828 71.392371
1355.950418 318.200611
855.609795 224.736094
699.397567 1931.214857
1490.060128 803.206818
1650.930032 1005.045281
943.553873 320.025823
1446.516978 261.057786
886.782748 256.231042
559.711378 1815.860071
1718.401408 1027.477420
1661.277462 1146.683534
1823.112761 966.996211
1429.193448 1065.250309
1439.009346 314.826245
1553.202604 888.194163
1556.669430 982.099745
924.381201 226.137967
1575.227004 104.573254
1551.068526 1056.644983
1639.457105 1037.555922
1819.959829 1035.132591
757.450471 1936.547539
1875.999703 1078.881888
222.002850 1583.748671
1014.665313 146.016704
1827.454008 1082.885826
977.422887 117.530011
873.352323 401.485058
682.832193 1859.209357
560.124360 1770.419870
1549.694893 858.014589
838.250686 292.029211
1565.663313 1021.269782
654.994810 1537.247685
836.057185 403.516499
881.591725 119.125332
641.798346 1452.674727
476.373346 1751.435098
1042.636391 1949.168390
1548.618757 1016.508785
650.483807 72.413953
540.416455 1801.370094
991.972092 417.871254
1606.095619 1016.041507
635.810951 10.976796
635.587025 1933.858257
652.766276 1412.151296
641.857698 1971.796450
1578.250938 1133.001249
912.840751 274.662668
1840.966617 1004.400737
849.909612 365.296175
802.949571 288.179438
336.381489 1649.092875
633.864552 1327.895773
1592.548460 1055.002806
1352.400913 230.580797
1035.648168 1984.099282
666.942739 1828.324479
1011.242524 380.101446
