1893.015976 529.994744
1344.050037 210.284941
1728.765098 533.272891
1011.620420 1918.284343
1882.168522 514.498344
944.367495 1906.214540
1539.984444 442.070671
1526.423842 301.064203
844.234873 1902.149566
1792.874986 414.069124
1787.572825 488.087054
1851.783113 502.841040
1689.923498 294.492563
1300.706190 158.323889
1481.384197 291.399220
1548.628237 386.570827
1794.849711 390.378934
1717.909722 359.442037
1120.209346 1939.154246
327.730908 1603.007491
1667.043472 633.565129
1863.965627 563.533503
737.422135 514.408316
721.460155 468.358930
1774.299169 473.510273
1618.943385 430.203051
1861.914210 452.558047
1848.270632 506.302187
380.054777 1839.487584
1690.006539 261.192303
1412.719168 196.361011
1736.242774 368.674665
979.458741 1903.497824
1729.235881 601.279195
1722.706973 525.608850
1493.837823 401.593801
1402.140539 230.588765
1653.383182 433.847487
1794.205919 309.065324
1653.382145 582.749669
1541.894278 345.500021
1806.618785 445.011718
1815.301018 501.094176
357.433690 1616.642121
1494.588156 326.194473
379.635697 1522.034223
1703.491703 388.023482
1379.200610 204.152232
1581.452614 464.936628
1749.760046 336.417986
1514.048047 450.549970
1788.478340 524.514828
1823.169008 467.639647
1753.752754 507.086040
1744.114009 472.079717
340.434261 1555.975917
1834.160017 328.410759
297.208205 1591.177797
952.770638 1964.153158
1655.828041 445.136029
1662.800607 409.439687
1635.829951 318.748431
409.483436 1605.042430
1613.350343 368.248769
975.963905 1938.596675
1701.528933 506.417838
1475.414772 372.135238
1895.366021 375.811660
1452.302849 311.204882
1512.080502 273.809049
1696.711977 589.908727
414.913200 1593.174638
1534.911562 327.489192
1062.837282 1918.547382
1648.016011 338.067278
1630.830662 513.893738
1722.015984 567.232525
1838.345728 944.756167
1774.802807 348.429938
1628.386868 282.283965
1588.414816 502.686317
1680.588933 396.190091
1085.561997 1935.010116
1610.390885 175.652474
1569.453116 319.768667
1625.329286 460.217982
1914.290790 506.500974
1674.454476 352.904398
1827.067904 421.875184
1688.974448 434.040253
1682.284556 555.098760
1203.289499 73.536511
1014.723858 1835.811120
370.478974 1581.720277
1712.298032 440.490357
1882.681795 421.262734
1583.563488 431.910359
1127.224934 1898.071183
1669.219597 303.276564
1582.823214 426.944583
429.204664 1635.802240
1795.841614 553.327080
1725.430843 474.902788
1527.424425 520.765038
1691.074889 620.453642
1753.601752 408.633936
1761.776344 419.114241
1595.966323 359.532157
771.468123 520.521415
1790.065927 492.474476
1520.590186 489.589329
1857.345933 608.454935
1416.610524 316.356457
801.331002 512.583297
1478.840474 256.559620
1756.982920 565.151762
1712.177704 289.502647
1819.049267 584.957041
1850.885332 538.015315
1645.584048 374.285769
1831.586974 351.940612
1805.753648 449.089686
1834.659399 577.858652
1334.239716 168.895234
1737.973312 407.910033
1793.092593 436.596413
683.973647 444.495175
768.496889 454.638716
1720.298595 560.094628
1769.930656 514.875418
1892.044472 470.684611
1512.458957 369.639284
979.838783 1868.758963
1012.789728 1884.865462
1649.934461 379.029001
448.005913 1569.853221
1408.539047 265.309301
1760.077769 372.113537
1616.990879 575.096718
641.089425 420.152530
449.268956 1605.016397
1667.598764 482.086899
818.275272 542.101986
1604.015020 318.371065
1435.503751 242.328433
277.872775 1566.050778
1659.460641 510.560749
1714.924280 461.082432
597.739223 388.748768
873.133288 1921.868672
1031.865489 1864.093766
1768.754227 647.722446
1757.477605 394.215151
1583.725873 535.041831
1105.887147 1864.428416
1764.549886 596.199310
1746.408641 448.724882
1759.382776 307.920172
1517.243883 418.978739
354.070151 1625.641728
392.431641 1642.044993
1681.768030 529.037426
1920.940484 470.284727
1555.322921 475.689618
1758.778354 489.005185
1445.127529 276.756590
1106.646038 1906.448828
1791.732663 563.483345
301.543828 1533.581275
1618.860746 499.701498
925.745628 1936.832772
1174.271258 35.040765
1824.224252 379.465896
1654.523650 258.793383
1035.310177 1942.624012
1601.200057 256.866617
1730.138560 632.270615
1579.372592 387.953587
1645.151167 527.732193
1809.831793 634.911518
1816.167315 603.573206
1247.150159 113.889532
1747.148103 445.221722
1438.535997 208.046800
1083.597772 1890.387511
1768.223048 269.646955
1838.512629 408.162606
367.405401 1659.355646
1681.404321 460.401007
1695.060379 528.540792
1757.713623 545.107243
1839.728796 304.104870
1003.029497 1956.551942
1825.194000 527.589341
1237.200152 65.598255
1603.528487 395.509105
1745.641133 539.609386
1629.259495 211.683185
383.347328 1571.072677
767.134101 487.552628
1627.747413 777.527685
1487.572916 418.291313
1366.822928 1067.808109
1295.945936 1149.753564
1594.242554 496.386398
1252.964055 149.140607
1395.516220 1052.922738
1341.990892 75.288399
1344.404369 278.030916
1579.817046 633.607766
1225.209032 1242.403785
1488.616094 903.232981
1503.165975 559.255549
1109.926851 30.870327
1541.769146 972.675601
1461.701461 1050.298001
1198.659233 53.841933
1529.912492 592.857854
1382.550159 184.000078
1414.846484 167.668812
1235.332422 103.339478
1558.565278 911.395302
1655.290160 690.444610
1352.585657 1187.936285
1558.093113 465.776159
589.645774 821.081945
1572.917838 729.456478
633.942298 757.424081
1553.479948 881.962760
661.898904 281.347176
1311.317232 1227.680785
1390.607045 1095.880731
1439.630225 355.732527
1568.090413 599.274552
1551.419281 795.077825
1265.518245 182.743875
1472.949940 620.714259
1525.171628 458.789860
1524.051567 906.716058
1394.914774 213.855674
1515.993219 399.953596
1537.929645 848.625148
1404.041057 133.334179
1644.864014 807.179058
1310.953199 1192.440974
1618.671127 830.391887
1218.914254 135.027188
1258.479800 1984.181012
1421.744341 76.007275
1456.422077 1088.900028
1464.439543 1195.536597
1440.439730 462.744018
1199.971497 79.018899
1292.158828 1981.197494
1330.052923 68.713818
1320.827536 138.515580
1155.265660 1948.448307
1374.370356 70.320108
1325.681981 1121.181003
1378.722497 1212.377627
1345.578809 241.938394
1504.479723 526.312779
1622.829588 855.434239
1484.001275 346.858300
1314.825238 25.275325
1160.827466 1941.722917
1473.451253 526.240144
1300.437135 167.008400
1427.397649 955.509864
1291.977456 34.710555
1494.191381 824.981539
1257.763260 113.371871
1516.374836 429.837167
1319.061074 0.540782
1468.503331 283.310813
1156.055671 168.087752
1383.321764 1171.497350
1382.663477 243.412271
1515.544551 798.551772
1561.700507 536.935944
1386.691872 1133.038958
1623.932717 781.544553
1542.352567 751.702215
1483.871282 913.903821
1447.499711 258.243742
1197.122516 1934.382993
1556.924639 424.917738
1659.696309 766.020271
1411.183833 439.380495
1475.637881 973.735507
1486.381907 1140.788456
1498.778004 943.842016
1462.222482 942.208209
1536.693946 712.871232
1435.168308 1167.161079
1579.305831 774.320679
1355.519585 1150.499872
529.371435 913.546342
1421.679750 396.736897
1513.097386 320.581547
1592.783109 646.615053
1421.172204 1002.161597
1625.816293 640.392323
1376.322017 101.333863
1169.451102 52.480224
1461.860622 319.686119
1252.805599 41.456570
1165.298002 23.389977
1608.765259 754.966340
1273.774770 130.381168
1495.902165 445.890639
1467.717783 223.493157
1296.113645 91.480466
1447.545014 992.798398
1542.063072 512.947906
1359.463838 1109.896831
1312.182238 222.237242
1509.892270 847.515290
196.186190 291.136731
1583.120594 523.403319
1590.499962 685.187577
1294.230549 51.321001
1388.187428 1011.768273
1425.774037 1093.151541
1585.294233 782.744385
1487.049443 1095.372379
1531.616584 943.519718
1449.655794 903.399916
1554.715061 849.735142
1497.206477 456.571084
1182.503512 111.412564
1523.737841 629.306723
1425.225382 328.440588
1125.682552 1969.233448
1518.133224 750.156604
1415.226165 1120.762083
1401.424778 282.869704
1200.790110 81.842067
1658.621731 856.182965
1574.550841 570.847748
1435.352421 292.668889
1494.976260 1035.095284
1470.042892 1009.970105
1411.464473 1196.204821
1489.876873 384.960958
1520.951373 365.292098
1344.604130 205.206043
1209.570990 17.801364
1552.846646 654.403862
1605.474709 718.314183
1432.408720 220.067007
1450.528124 1131.138644
1487.704146 870.352357
1567.102137 688.440673
1524.491164 529.712289
1212.612119 28.299376
1306.153593 169.432677
1521.964181 866.501561
1593.031098 844.363559
1345.938157 25.150971
1528.040308 678.548112
1292.103208 1960.795596
1277.658868 1180.059150
1273.648981 81.197823
1510.125080 487.535529
1178.198123 1993.435935
1547.698205 410.798688
1428.840190 1039.916667
1539.081257 563.248330
1621.247800 673.259479
1361.905882 210.619092
1396.929928 354.169031
1564.839241 380.521400
1477.908364 493.075628
1552.590620 628.831386
1491.323788 591.961420
1397.023863 318.646321
1337.079670 1220.517416
1610.330876 606.191922
1225.688636 56.711647
1330.601630 1159.799958
1510.139002 979.582913
1460.703634 435.762644
1452.747379 558.340257
655.412906 727.488214
1321.060153 117.930039
1400.784318 401.021411
1227.229029 167.721784
1470.171171 389.448003
1247.343949 66.050218
1558.648732 828.539655
1364.939140 155.692210
1219.130207 1985.401330
1493.118970 651.634353
1289.468269 97.955050
1336.047751 177.961926
1560.643963 829.185721
1412.814224 250.313147
1357.514462 120.906227
1455.584688 402.097317
1687.120018 1243.946322
1548.175971 1284.639127
1574.629783 1454.063675
1583.376725 1144.603202
1535.351621 1237.394140
1773.931941 1411.638095
1543.705830 1244.948821
1482.285767 1221.536122
1580.001459 1305.149175
1634.053663 1132.306620
1856.634130 1317.025837
1894.648289 1415.904114
1803.442554 1495.336696
1819.197512 1399.261337
1512.174992 1102.058422
1767.607006 1460.987973
1449.763753 1329.890010
1470.037515 520.172526
1702.322422 1426.661716
1501.480357 1196.684443
1647.462362 1405.424721
1713.128861 1523.090715
1952.800827 1407.929228
1682.469067 1312.579052
1791.107369 1517.825156
1616.340511 1246.970409
1786.415333 1330.128664
1484.506853 432.922755
1937.298265 1472.649126
1745.495109 1574.959319
1849.346659 1468.286954
1531.832064 1464.101324
1916.564596 1423.475475
1718.998789 1445.519145
1849.923794 1515.254175
1490.598946 1337.242365
1643.592648 1291.764276
1714.515547 1395.572728
1452.323861 1151.909648
1763.965131 1455.721202
1912.846844 1386.005242
1428.025058 1204.277126
1474.803973 1105.954335
1449.306129 1196.441569
1416.231604 1231.491173
1515.767667 382.537809
1588.931652 1321.313408
1655.570717 1221.315115
1359.301743 1134.853788
1590.484799 1478.681261
1526.338009 1135.757075
1610.889932 1352.764160
1877.282563 1449.108004
1572.170375 1522.254913
1863.092631 1267.583721
1610.434888 1482.379219
1865.329732 1339.542143
1514.046417 1063.872954
1752.757993 1341.142592
1844.254328 1373.576365
1683.470612 1542.709958
1556.828092 1245.788668
1616.379964 1214.205581
1858.809380 1446.971946
1619.023195 1319.089098
1417.267798 1091.098115
1788.053685 1380.715962
1593.962751 1227.891447
1929.765601 1297.393711
1644.417719 1373.902296
1647.647761 1443.699460
1797.906464 1413.635762
1799.170462 1355.728646
1557.920146 1171.610905
1486.180686 1440.260686
1580.553813 1280.619769
1691.997317 1358.490909
1662.209831 1537.104412
1539.597148 1405.312373
1560.860712 1209.536549
1544.813884 498.579573
1641.834939 1484.407832
1481.804465 378.354538
1753.039899 1385.130050
1545.464077 1330.931727
1913.915404 1336.906628
1595.217482 1390.166078
1683.830782 1440.585313
1728.041871 1286.177568
1559.007340 1411.452270
1599.544640 1522.803391
1458.226729 1186.151415
1569.052751 1222.009349
1627.979173 1408.156136
1686.101859 1392.376139
1607.688317 1311.317972
1603.381431 1355.717616
1588.728173 1193.380686
1594.644786 1158.120588
1430.607782 433.478212
1765.392461 1437.595577
1723.500548 1478.700349
1760.993360 1495.397588
1890.538846 1450.361443
1440.077438 1285.352817
1910.488830 1486.849914
1640.272573 1259.399193
1653.368619 1171.999194
1514.025341 1255.713095
1612.311252 1277.618052
1568.638728 1082.347170
1701.999389 1307.529542
1654.083873 1253.304992
1706.210494 1486.289511
1705.421383 1343.141345
1518.845893 1310.623115
1664.717745 1349.603130
1447.126661 1219.696069
1577.323699 1261.443822
1534.771518 1200.795086
1449.475913 1072.664851
1643.305012 1331.684335
1412.529283 1139.649455
1823.407321 1352.588129
1643.152447 1402.397299
1467.417770 345.867448
1855.386906 1433.171444
1767.690167 1496.525471
1631.729500 1438.058774
1688.590562 1277.113649
1785.246202 1402.838491
1464.865533 403.673702
1839.499763 1316.978830
1548.176620 1327.943487
1576.664966 1416.857706
1590.610410 1196.519959
1492.275033 1222.541390
1706.176071 1425.305100
1874.665343 1377.845288
1673.137394 1495.474963
1477.540614 1185.611636
1492.678580 1028.915119
1518.896750 1304.898949
1492.554340 1350.918355
1436.383284 1252.961144
1574.843738 1120.999352
1557.957465 1484.098911
1454.411377 454.596314
1498.744191 516.190901
1444.412558 1121.622093
1877.665345 1380.977281
1838.312758 1505.953442
1485.042387 485.586426
1831.938134 1468.699770
1817.760340 1431.291851
1856.522781 1405.271943
1578.354662 1344.959402
1516.615811 1230.846253
1715.303206 1396.954793
1555.658584 1395.338809
1938.665848 1435.010485
1517.739458 451.450404
1732.362708 1444.001458
1517.892271 1267.480917
1454.909266 1355.053250
1475.787250 477.476897
1540.807090 1133.297341
1820.607577 1433.369285
1786.377607 1433.354797
1754.662735 1385.211720
1630.227095 1523.007424
1761.265156 1352.857170
1563.286052 1092.658825
1851.520686 1479.515180
1761.037913 1536.214775
1422.141670 1168.788353
1740.276556 1417.478546
1506.467797 1381.906018
1477.223224 1306.676777
1674.209936 1505.071067
1684.305081 1391.562614
1552.924945 1439.568241
1516.033655 1437.713275
1392.995420 1211.810145
1554.380212 1067.196718
1566.790620 1367.647074
1476.896719 1257.772610
1507.182635 1097.562886
1732.201326 1321.968435
1610.940376 1394.330100
1673.044041 1424.623041
1533.736613 1361.188664
1836.060841 1543.963647
1493.162195 1151.033012
1649.571570 1370.211946
1681.418550 1468.783835
1396.934264 1287.009326
1534.687508 1182.831202
1385.658641 1178.138818
1475.153546 1127.111778
222.939905 913.594941
642.585284 930.068009
687.281750 913.610067
742.484683 898.059121
1825.835704 945.453424
811.256763 970.475268
873.172524 900.340416
1540.977904 878.109109
1596.431443 934.155417
484.406930 905.651887
1864.639063 908.111323
128.921804 920.681759
1277.448784 857.040351
1860.217149 943.178965
446.786227 887.377267
586.174017 863.237614
774.890146 988.397454
406.598794 925.963907
281.432271 909.962297
630.073372 1052.640232
1415.851864 883.752286
452.774724 848.065618
1680.331879 924.618217
604.441788 927.404386
684.392648 964.674772
1848.838023 976.657805
306.949670 1013.345113
1312.965700 920.260812
389.618963 955.953529
372.752113 913.411312
650.694907 878.770548
189.917850 982.679638
1504.282498 815.372180
1341.876932 892.122098
525.303947 891.604766
1717.840789 912.851622
1495.427198 890.693436
383.036049 857.393158
709.156709 880.256820
242.337343 990.269079
1507.546878 897.974255
1493.753870 925.722235
692.385542 1037.092790
710.023922 987.834651
253.473034 931.244712
814.620222 884.260178
720.096823 865.134193
1308.211770 884.745399
745.235589 1052.888445
688.697247 884.531269
668.027961 835.159645
318.868714 930.432325
347.460516 893.245015
727.420669 824.403874
1279.017016 917.815740
502.107696 826.361215
177.302972 1036.919640
1338.684213 858.686887
713.603513 898.098506
1933.539399 934.802291
769.139827 955.514117
1257.261474 889.990246
1436.531399 847.255598
360.237466 978.762583
782.729752 916.484964
1428.668526 955.886453
554.629336 914.400225
752.273431 822.909212
1753.338309 921.727025
1526.354606 910.459897
347.085485 942.815987
1306.590371 843.305666
218.766167 949.827955
701.216989 795.205257
596.743765 983.001747
1383.862013 904.012948
687.704968 852.669890
1687.400072 891.358496
557.075491 963.647627
764.902777 918.973610
1602.209765 959.596242
838.064697 985.001968
3.754161 970.662979
283.062519 970.935695
309.073674 897.941132
1826.836659 907.458211
6.394343 934.225333
593.683627 827.093912
632.387020 957.757526
658.861459 910.361633
1258.331768 802.068034
864.189288 959.883879
653.516146 982.565283
1460.341163 986.667296
819.436145 926.889069
1813.583827 977.090257
1893.542581 928.507585
1394.750263 939.155147
799.078981 853.420413
1548.043185 946.376138
785.762292 1031.785349
621.324665 1009.842450
669.366718 954.369027
766.342695 880.844363
687.096541 1000.977615
797.460785 900.812574
1517.941670 943.038896
557.096394 789.109017
416.439924 865.886484
708.821770 912.839164
430.451098 818.600326
209.702967 1008.375524
1506.095784 980.342996
154.566745 944.321774
1633.427014 865.580313
498.998572 864.132862
1503.373275 861.738858
1422.951134 917.541615
214.118659 878.209001
1645.226876 870.272932
752.855984 769.342960
837.847092 849.175529
458.434769 788.193392
1580.682111 907.416713
1245.224347 932.965434
879.904943 976.472910
1472.375758 832.103453
474.450162 817.113796
746.948894 994.360416
236.563743 955.619570
1474.248489 953.321767
1355.546176 909.251211
1568.449763 941.460515
1711.685549 843.190251
1541.129673 846.385044
574.959315 894.494578
719.343697 960.475577
698.498580 1069.060147
819.324915 926.830699
624.744832 854.706262
690.324046 402.736331
732.534249 947.420761
649.842158 785.294474
1470.258887 866.486598
1751.652309 886.319864
857.857416 872.102185
1359.861045 943.429881
782.457713 883.141635
518.504302 925.359392
1792.741241 916.855617
1748.548890 957.146877
1915.837652 903.185192
1459.278779 912.334875
1240.627640 858.805477
1578.101523 874.508287
1552.519217 912.035017
783.311525 817.616835
1673.492703 962.318916
1627.045617 937.570978
1787.486244 950.427403
1929.607401 969.853311
678.111748 919.815349
1970.652986 985.719299
178.542271 910.583172
801.404023 1012.108519
1891.221245 962.994122
729.802650 1027.897218
799.006388 1051.251621
555.929795 840.256453
532.352717 858.578974
1559.927249 823.698026
726.353637 985.967242
1593.024464 847.534047
338.829752 860.192778
736.246130 830.155679
758.181370 954.276014
324.396256 970.115283
400.034614 890.693078
671.488906 1003.508837
1612.325123 900.476224
571.857377 946.459988
476.179722 853.149517
839.509030 903.145860
1720.274256 880.423404
542.713224 992.600454
594.523127 918.289551
291.857579 943.793851
624.082755 900.670632
1644.414291 906.762718
774.632660 941.894105
1967.201739 950.059483
824.674049 806.280983
742.660830 837.013282
262.044796 881.146438
235.310154 852.263829
1702.186906 943.819281
1217.950235 887.001600
737.944693 899.870720
516.507103 809.415722
844.002248 962.202880
