678.889970 731.773922
1588.384424 431.670788
597.129531 591.020818
762.521908 567.003113
670.293077 694.486015
633.487974 588.022406
1478.913251 600.831170
1711.107611 485.512397
1374.517197 691.666809
790.841488 472.264149
705.853074 628.481451
790.443260 653.827377
549.265504 422.996534
1616.431539 373.751526
1622.862205 516.092786
1526.174056 555.573163
644.752886 519.546551
1513.404623 546.387725
714.748192 597.851150
472.748679 1860.245177
657.622917 669.913248
733.774692 668.705163
1554.381539 417.539116
1536.959790 352.633688
421.756641 661.484405
581.242855 483.475304
607.107309 645.036451
691.096832 630.509773
1061.363925 174.105721
595.005042 335.360415
1629.783497 405.744520
702.719509 439.181940
624.201137 622.577395
521.001068 692.344708
458.157325 650.733560
1565.403552 574.960867
1648.481114 438.261373
1565.540103 622.678627
736.137375 392.452065
1330.543109 653.487972
1565.496870 527.755878
1536.564687 641.969640
649.980800 554.603263
561.116204 1855.851833
1545.058389 505.094239
509.793034 1803.523143
1435.228877 565.476431
1586.874083 396.370298
1420.724891 600.135815
1629.594951 609.150149
1536.298637 574.756472
545.638262 672.852534
526.545169 633.509048
427.188211 609.642198
660.183359 565.301253
511.813662 1829.431227
719.493479 510.409729
507.925219 1858.253505
619.282159 721.808154
541.081938 529.124992
1610.551321 546.198906
1498.077320 470.483228
548.449472 1881.604767
1473.369174 536.407970
631.757282 689.657926
610.061918 555.962760
1483.119496 508.696054
665.525328 542.918952
1527.514417 494.643270
1723.736532 432.758897
1341.226194 685.677116
597.969779 1847.063888
1685.779860 508.923817
661.251601 660.774342
1427.887585 534.772965
1499.645214 664.374282
716.409289 566.315325
671.383158 835.574398
742.705929 428.787078
1645.707997 502.681539
1436.829615 623.711888
469.791968 538.330247
735.679708 634.312410
1693.249880 454.251725
626.870665 392.085300
1605.744279 624.677291
739.137053 694.809268
1649.034808 537.162735
622.134136 588.575229
574.687615 521.392477
588.190284 660.857071
1680.892965 305.881993
624.962630 462.981642
446.618402 1815.568905
1492.674225 591.306371
698.940719 574.541454
661.569791 450.326139
652.416938 727.329734
1582.236673 520.128631
1444.033666 598.758778
532.589542 1889.262626
802.542600 565.099023
732.461647 539.167853
1455.047948 649.617081
699.615861 539.149061
621.590842 455.293417
759.227423 477.704016
1484.657027 565.520023
1574.853934 453.626672
507.680682 592.174096
1496.362449 628.437123
637.028594 747.455868
1449.670011 477.090965
1608.596256 443.605552
1608.971482 475.408027
1401.692782 650.911805
656.977381 411.528045
806.153060 621.635582
661.636784 614.406533
1666.243416 546.842575
678.803525 502.598002
673.620882 614.134464
666.305661 578.593605
1707.711779 394.855784
616.285443 487.726170
758.538904 537.628458
1694.841699 364.905165
1663.841085 397.719811
1437.330731 685.381998
548.789041 631.883721
667.524363 621.739280
1594.176786 576.916663
663.337923 548.075918
729.645819 567.143316
548.918808 493.448437
569.728731 1819.353917
1637.144907 463.514338
613.387611 510.440087
1338.770375 616.193805
1640.811178 347.783336
626.453882 1885.574852
1382.120308 556.538407
1490.954369 437.066908
1569.457438 549.683439
1591.455907 485.448896
488.167062 1837.274530
548.822123 599.182729
491.170116 629.884185
1647.420890 305.572149
578.307948 710.275253
583.657605 670.772168
682.141031 468.846690
575.357850 517.109786
1513.406002 624.634691
650.920455 647.364984
676.630665 706.164527
1515.541147 600.681161
590.132503 411.892921
1544.401815 604.337834
551.537780 1847.954855
578.429735 1906.689941
1420.921470 628.108760
703.364660 653.090503
464.559397 598.819945
522.607221 627.854666
1551.662654 470.501649
592.074388 603.577394
708.140408 721.959230
511.988287 1803.259323
577.508050 553.320144
548.742501 678.691553
1698.113237 254.827027
546.949255 563.746559
635.186266 351.443087
670.619548 679.552695
1666.783371 480.287442
507.845001 667.907218
1611.614579 570.297409
575.182837 603.004833
773.479107 595.879474
627.494247 688.112547
1672.903706 339.073368
749.604756 514.848986
1692.830707 439.373207
628.604314 539.755551
679.959675 373.266122
508.764236 553.762080
521.045993 1872.061003
602.640617 532.188135
520.275714 588.400189
1336.345650 590.028819
656.332850 487.615150
607.522155 686.321972
491.225074 659.915411
1715.900686 295.507634
591.924714 440.616460
565.255116 559.362940
1668.825091 406.063173
619.499405 1833.097843
1560.187265 374.510346
1640.185248 439.944054
1333.911857 483.315654
1661.562236 538.962819
1705.330823 508.347939
1432.571127 385.120362
1367.853117 859.526784
1722.503635 520.968107
1367.018982 896.321911
1204.451755 444.703009
1473.069723 398.637678
1839.924571 575.039557
1591.441569 394.427784
1329.193998 556.055710
1212.354649 898.825568
1795.128542 418.481245
1752.257694 370.622096
1308.753054 799.204707
1393.113578 464.828785
1447.221549 861.460301
1636.115341 818.996539
1327.305977 840.454106
1824.787694 385.560541
1611.339986 419.750051
1855.945895 483.016480
1446.127069 420.584216
1180.779414 528.785926
1443.441776 507.862245
1196.446667 481.719821
1677.749585 420.953877
1230.581804 813.672769
1819.166112 558.140919
1727.992119 473.880983
1251.142832 362.220940
1472.770483 438.958329
1550.858249 446.765306
1331.018597 914.260121
1371.510322 608.335083
10.724507 751.547051
1682.727294 403.294791
1229.654746 462.410886
1308.865944 346.867602
1588.439150 437.515753
1469.388565 834.838577
1736.006328 394.726308
1823.101409 485.501014
1724.379798 482.942021
1301.218295 907.274552
1342.113019 749.818509
1583.219385 797.037440
1848.235207 377.265253
1907.024102 509.634707
1272.763258 455.175649
1266.342181 911.732562
1319.186639 877.998106
1477.143004 799.816146
1440.654742 809.664762
1198.994894 840.483616
1376.137057 850.116942
1668.417061 472.670776
1836.526143 518.401617
1177.436489 472.182787
1305.601800 430.428334
1624.707305 453.559325
1320.293983 404.965688
1328.872076 865.457240
1296.382152 786.608739
1339.220740 502.689332
1343.970480 1035.139620
1569.145213 443.531304
1340.858791 870.904770
1483.739183 495.289983
1290.193554 854.997327
1335.315259 542.588015
1392.579508 812.621446
1842.397791 678.004449
1370.803328 777.195345
1814.385882 453.218812
1210.331473 500.850965
1570.561988 386.452649
1408.439985 407.948571
1823.119907 421.660324
1721.073211 421.863036
1451.380054 558.349349
1517.157412 517.889474
1259.002414 489.272767
1293.952395 833.294168
1401.197760 338.074232
1814.385280 387.228715
1223.103024 517.914511
1687.280798 486.286441
1878.795353 489.917618
1627.476816 523.307132
1582.073609 427.983432
1402.900030 528.086861
1837.776594 455.618836
1646.746188 368.486363
1783.089514 518.344114
1186.004562 381.645046
1285.118540 369.331351
1915.910986 701.921335
1466.946832 527.636534
1699.175036 546.719421
1504.969816 422.889282
1434.057323 844.383954
1247.660649 877.213630
1279.568261 413.370375
1346.041576 800.072531
1256.895723 835.199882
1683.241248 365.117014
1351.241009 935.390684
1291.689990 487.570867
1670.611599 854.249595
1389.604104 834.437913
1634.234521 486.830586
1372.404977 373.887604
1745.168536 502.708071
1413.193243 930.852468
1538.019278 413.364246
1281.945027 564.384340
1514.190670 354.643385
1439.807870 470.554495
1362.825959 808.319042
1597.551951 509.648880
1766.571505 420.517212
1754.266265 571.360492
1886.989068 393.114364
1736.378729 428.406717
1519.816124 552.560606
1592.195257 474.926210
1336.752325 315.987911
1305.039945 890.045861
1363.985198 523.358137
1304.747180 498.951582
1178.558423 874.734770
1401.306495 629.199134
1847.362120 418.991374
1231.270516 451.603929
1266.563814 878.638248
1762.087752 328.337546
1408.618705 587.254924
1578.702746 896.165568
1784.186231 355.426519
1713.370877 463.963773
1878.368849 523.141741
1373.335101 303.276180
1357.293111 410.352512
1434.890903 892.816767
1331.631920 784.523058
1404.903822 493.144766
1501.136662 385.391803
1258.871742 345.132382
1869.835712 445.589132
1512.875377 448.129676
1398.181316 437.774538
1411.219574 443.943759
1263.306248 819.539350
1358.618186 1000.199257
1524.583684 482.875163
1702.521799 455.813701
1432.100063 777.026980
1383.168711 555.223823
1383.450984 744.768231
1786.833542 551.417684
1326.913692 777.557281
1338.654838 376.384495
1254.075903 784.747658
1343.401376 398.335714
1764.383105 470.536778
1403.900663 478.910682
1474.214107 461.355836
1516.444080 817.945569
1237.964327 552.088316
1375.107068 490.814524
1267.401071 489.798285
1439.222642 470.723904
1348.688320 440.229633
1232.539724 399.635668
1806.644426 454.821474
1616.157150 542.993485
1329.368007 854.359060
1795.628170 494.932944
1744.563890 532.276310
1328.422643 593.265819
1305.977954 500.442156
1230.542817 465.212541
1376.932152 954.489191
1250.824451 424.849613
1309.989692 950.359674
1280.587364 529.230373
1279.119765 947.861883
1623.581649 387.114242
1369.108165 902.412214
1294.302052 855.782155
1365.345701 455.259238
1360.352786 856.026535
1408.299785 890.839939
1662.643398 504.594763
1319.490727 458.889378
1405.188527 862.779025
1270.533122 427.701493
1804.336471 1700.829075
1701.376768 1838.335858
1664.813848 426.995633
1708.055807 1664.863300
1540.843436 384.744910
1949.733173 1642.724657
1715.041417 1796.367815
1624.010974 1772.104358
1591.873865 421.224398
1661.558762 1776.563540
38.475958 1632.079547
86.292412 1674.008235
1813.676629 576.469168
1801.643548 514.020609
1589.409963 1805.570960
1965.072167 1682.946807
1478.825146 457.378798
1745.337666 1684.851363
1739.929926 506.960284
1638.434717 1712.867371
1793.122544 1738.891664
1747.363340 474.367452
72.762270 1645.991359
1832.587719 1737.154004
1779.818904 598.810480
1613.648965 319.522622
1881.123837 1546.891819
1770.883957 1686.813709
76.401219 1613.248865
1782.255014 618.319877
1958.330669 1514.716523
1516.185416 534.257581
1896.305541 615.750270
1720.963013 609.986713
1829.047395 661.653370
1504.418759 484.766723
1630.870573 337.793076
1912.239547 1758.188002
1574.460252 1774.125427
1731.681495 666.272830
1860.270947 644.763673
1501.350148 1810.296038
1587.984208 1678.789134
1553.817477 1782.766286
1425.377428 1818.519589
1874.374300 1619.744946
1755.586297 1727.755647
1748.919268 1733.318587
1243.086471 336.085741
1665.445920 544.102677
1642.026012 1751.934894
1633.930685 435.998621
1856.144825 601.847350
1640.409469 514.279532
1982.074399 1590.317285
1657.802857 610.199456
26.021804 1645.666769
1590.246997 1749.705486
1936.589330 1652.417404
1769.874514 512.437998
1700.949351 636.243349
1674.831226 1815.914991
1799.262953 1759.623467
1817.853982 591.960756
1519.489912 572.292164
1502.439518 1704.789919
1869.142813 1685.106886
1747.959242 1662.879264
18.576645 1612.713511
1836.342735 1765.234211
1723.753325 543.561245
1758.520939 591.502691
1923.102796 1598.598542
1538.542927 351.167743
1577.747660 454.400826
1748.906913 1789.753118
1883.527290 1723.633341
1702.239148 579.258469
1634.535722 393.709087
1721.093444 1770.767557
1805.914235 1549.010071
1676.028328 473.374293
1736.456440 1564.024846
1628.956009 680.099059
1571.642241 497.231885
1852.911519 568.300079
1771.328224 1789.631358
1700.493114 515.293299
1907.544161 1668.323003
1611.926278 520.307654
1601.266931 684.214015
1574.735514 1840.905795
1544.819154 467.584284
1626.152474 591.483326
1856.324637 1799.571195
1721.924250 1644.168386
1789.050418 1730.572247
1759.717198 1829.443462
1703.724551 1720.992222
1657.359051 1608.934928
1745.459832 525.295763
1910.359344 1620.894523
1798.047154 528.105394
1824.573112 625.842784
1419.445640 416.249998
39.169788 1657.938767
1766.374350 1859.082730
1800.641289 1665.036308
1701.167256 1732.013297
1746.862156 1769.919289
1633.981473 1800.840034
1849.484091 1535.553260
1807.342784 1651.463550
1874.319381 1741.586494
1865.904422 1719.285675
1526.419871 443.297142
1836.379296 1584.600608
1531.012684 1847.417573
1551.562421 414.153315
1663.790497 1738.224699
1548.371447 1673.461436
1646.514951 462.937643
1516.343382 1780.784098
1952.712324 1574.778809
1807.834414 1791.625126
1774.840993 1528.619935
1830.319516 542.997685
1898.279524 1577.104655
1665.023772 510.135148
1840.443429 1644.774065
1948.476794 1612.656526
1690.317385 1593.802306
1937.589478 1715.791829
1747.171098 1704.538878
1637.071654 546.395220
1767.452533 1650.065355
1608.685870 1835.368742
1857.425602 1637.231935
1996.655570 1693.925770
1816.734141 1710.959529
1564.638290 1873.202588
1584.310051 1640.595974
1554.768067 358.489785
1481.224836 532.775285
1474.442574 417.988797
1692.444322 1687.579847
1598.084022 600.968554
1666.409062 1689.446569
1787.436665 1758.283856
1543.808331 1747.713163
1988.544970 1578.751679
1964.827817 1647.541440
1728.490272 1629.508088
1947.371033 1738.255637
1750.187989 571.054989
1980.361008 1722.538582
1583.675431 392.732597
1514.309270 409.843701
1907.894460 1694.425986
1490.748243 575.698265
1851.802339 605.320163
1773.573357 1577.949970
1951.492251 1712.246607
1437.991053 457.077071
1456.255421 501.375485
1837.630738 1674.709513
1659.942452 1838.954170
1969.124898 1617.042680
1771.682915 546.967153
1903.326340 1634.428303
1691.658365 601.797731
1928.873250 1658.517419
1684.761323 1758.277108
1997.916343 1650.262075
1740.524537 614.718997
1466.983806 1791.590937
1658.623174 578.198694
1541.177201 502.702263
1690.688349 1791.517015
1907.529186 1688.886322
1828.208159 1608.268781
1596.730443 563.240911
1741.795551 1830.629902
1383.978341 1825.268605
1626.123295 1679.289709
1574.186230 532.857864
1503.190634 372.412088
1625.490975 1711.396961
1803.392757 1594.152391
1549.515301 563.235303
1662.045097 653.529186
1599.501801 476.224251
1833.489413 528.484427
1459.602919 374.931727
1843.554612 1709.925816
1693.413096 561.037022
1423.354460 381.480757
1684.194200 1652.839572
1330.601882 1834.347469
1552.949693 1817.314103
395.745965 367.781185
872.874898 468.039816
904.408688 412.997423
985.200386 302.427250
1949.830447 141.181726
961.901154 257.073034
1074.228443 335.490871
1726.195362 270.846690
1780.135053 313.505815
761.968951 397.970700
1859.792294 59.965270
1945.157295 1871.234858
1599.497942 507.391701
1985.327460 153.241007
687.667579 398.961252
788.457764 247.118494
963.789578 460.540236
659.883836 423.355626
376.490644 318.966394
830.690269 403.992042
1616.036327 341.162894
728.213082 389.958654
1864.225578 233.977428
881.943685 416.041829
881.072898 343.467047
1945.897533 179.216983
505.778726 375.765298
1644.233533 614.064543
595.175461 401.364358
635.374659 407.879873
887.895854 331.064040
1976.807535 1904.732126
1692.536282 329.175189
1647.587213 500.331710
813.647320 354.460125
1858.860496 198.728036
1664.121392 488.467171
625.606938 376.008654
935.601086 324.028898
342.696516 331.267788
1738.502660 408.715347
1718.095579 592.371576
886.422868 294.296876
941.718782 494.060060
336.158058 291.845527
1023.968624 342.934286
951.475460 358.080668
1621.716753 531.329506
913.134699 256.944973
914.875435 336.703664
859.818883 274.396641
489.001598 344.228093
592.725348 365.518349
1002.759731 366.589541
1600.390960 580.760626
791.382166 375.707809
1946.617859 1935.053288
1635.681465 441.784116
888.805751 239.470957
1912.952647 35.383061
951.938866 395.940875
1587.961825 541.849469
1701.528657 444.685805
548.233553 365.013758
1010.181519 303.945127
1694.244272 544.300623
842.315270 372.575217
1005.753214 448.823514
1883.724236 153.999023
1727.948862 325.749693
443.649584 322.674012
1621.863770 476.769515
314.276578 318.753565
932.349070 237.420131
856.807830 357.512106
1661.964368 410.534682
985.071108 405.724086
1829.153426 179.070155
804.913686 407.096004
968.720096 450.123194
1759.379101 341.787598
1054.806613 325.757707
1949.241533 20.900533
467.353497 372.006917
1945.069257 1760.666692
1935.376528 117.521071
1959.599350 1994.498347
832.720164 269.968828
833.323566 304.477240
905.059406 444.832824
1577.194850 481.507413
1034.311425 261.225209
848.860306 312.311927
1695.170043 406.684903
1025.683783 396.801214
1914.164321 177.287533
1890.470275 60.926048
1660.122539 469.198457
1040.912117 420.389560
1745.428207 525.445570
905.511979 342.611367
850.584535 426.707030
870.819132 427.202756
1005.460758 292.633205
807.793747 439.794937
1018.565553 453.063078
1726.291000 360.886473
741.796158 293.513954
623.921402 340.858497
773.257835 303.811463
665.352697 334.513368
1908.584406 1975.511681
1753.968579 436.014101
1922.505504 1900.449460
1762.315324 195.308531
730.942491 326.892586
1720.049309 378.085643
1702.601996 483.179724
255.462393 236.743090
1793.599428 180.960544
943.306967 279.475255
1057.513665 366.967094
693.708096 365.221383
1751.363595 386.570789
1567.242264 573.940849
1045.454866 297.928001
1665.525500 353.681853
704.792153 306.574033
945.444270 431.063696
431.128700 407.080441
1723.972423 494.323923
1675.154000 529.756721
1766.754479 475.958037
1832.590584 139.316265
1717.845001 292.091586
788.210663 269.967121
954.718369 316.491803
869.342580 389.410819
1015.191239 383.441588
900.306103 383.664795
858.952117 198.686776
931.288624 373.062722
850.656682 241.179264
1737.604579 462.946818
1862.303482 111.337006
1071.095285 269.104214
1647.825342 553.027400
913.821930 483.209962
757.047523 363.673976
1893.602896 106.256329
1894.125149 211.664108
1890.001715 7.971096
1685.482476 373.164014
1564.944151 515.486611
1773.106003 272.731688
1752.686074 294.833447
994.663971 481.563184
1840.000526 248.569939
1807.166056 262.385106
1914.001417 141.565434
1909.571977 88.540745
928.883495 465.607855
1936.300766 62.249400
1975.911073 1863.977893
992.288454 401.292497
16.155063 150.640264
886.227989 378.190569
956.989635 408.362376
715.281914 340.215084
787.067400 337.313432
1750.842302 241.698958
906.421488 258.727322
1771.566921 271.448917
578.087373 336.489757
987.624017 337.145257
977.655077 358.923771
598.083346 434.336151
661.369720 368.562709
912.318888 446.880585
1789.223333 229.735961
819.405611 302.356465
744.301713 360.064628
1003.648566 240.261358
1855.174741 158.577525
777.979988 466.837101
833.703999 462.009607
427.860266 354.098231
641.605778 308.696490
1822.520561 218.688304
973.517437 331.737477
1922.628452 1997.930044
987.235940 212.030026
1015.498369 419.384073
1948.293922 1829.403360
150.303602 1938.806560
1875.006603 269.426463
1547.745129 546.255771
952.247919 288.632558
673.941486 286.049774
1042.198859 396.812435
