0.966623 3.881448
1.705931 3.617983
-0.393023 3.980645
-0.253717 3.991945
0.538756 3.963552
1.810475 3.566816
-0.356599 3.984073
3.577410 1.789451
-1.029755 3.865179
-0.736181 3.931671
-0.154651 3.997009
-2.645865 2.999900
0.481327 3.970935
1.081482 3.851025
1.194414 3.817509
-1.135331 3.835495
0.536854 3.963810
0.436160 3.976149
-0.993516 3.874652
-0.259329 3.991585
1.519298 3.700234
-0.393023 3.980645
1.046301 3.860732
-0.273319 3.990651
2.626750 3.016651
-0.853552 3.907870
2.391494 3.206362
-0.293297 3.989233
-0.463707 3.973031
-1.000091 3.872960
1.156207 3.829254
0.562205 3.960294
0.280254 3.990170
0.139457 3.997568
0.217417 3.994087
3.260158 2.317621
-0.277796 3.990342
1.897460 3.521313
1.188447 3.819371
-0.891941 3.899287
1.847656 3.547699
1.640200 3.648252
0.653761 3.946213
-0.466454 3.972710
1.301019 3.782506
-0.111841 3.998436
2.220479 3.327081
0.941993 3.887499
-0.011806 3.999983
0.455987 3.973924
1.768606 3.587761
-0.121309 3.998160
-0.394854 3.980464
-0.022580 3.999936
0.448986 3.974722
-0.821588 3.914715
1.477878 3.716972
0.582561 3.957350
0.297235 3.988941
-0.557162 3.961006
1.136812 3.835056
0.317295 3.987396
-0.191332 3.995421
-1.028627 3.865479
-0.402353 3.979713
1.803547 3.570325
0.066427 3.999448
3.174349 2.433826
-1.003093 3.872184
0.523237 3.965630
-0.536369 3.963875
-0.381294 3.981785
0.898037 3.897888
-0.609819 3.953242
-0.205168 3.994735
2.353725 3.234189
0.499462 3.968695
1.394498 3.749050
1.879576 3.530891
-0.168997 3.996428
-1.404728 3.745229
-0.203653 3.994812
-0.283505 3.989940
2.618513 3.023804
0.120225 3.998193
0.454972 3.974041
-0.393023 3.980645
0.818173 3.915430
0.480375 3.971050
1.905144 3.517162
-0.849408 3.908773
0.368392 3.983000
0.590440 3.956183
-0.456456 3.973871
2.278243 3.287797
2.568196 3.066654
1.417121 3.740557
-1.601055 3.665600
2.424807 3.181244
2.416841 3.187300
0.811669 3.916784
0.978686 3.878424
1.811618 3.566236
-0.505575 3.967921
2.041434 3.439847
-0.404501 3.979495
-0.743149 3.930360
0.902426 3.896874
1.488467 3.712744
1.761911 3.591054
-0.110001 3.998487
-2.402917 3.197810
0.337210 3.985761
1.547095 3.688699
0.975576 3.879208
2.257516 3.302063
-0.537221 3.963760
-1.162241 3.827427
1.191767 3.818336
0.751879 3.928699
0.057461 3.999587
-0.201066 3.994943
0.947746 3.886101
2.632933 3.011256
0.367379 3.983093
0.440579 3.975662
1.615504 3.659255
1.313685 3.778125
0.219088 3.993996
0.904516 3.896389
0.713748 3.935805
3.157354 2.455833
1.177802 3.822667
1.597072 3.667337
2.569730 3.065369
0.203732 3.994808
2.428698 3.178274
-0.455066 3.974030
1.618847 3.657777
0.158816 3.996846
-0.619218 3.951780
0.597887 3.955064
-0.179086 3.995989
2.264254 3.297446
0.466024 3.972760
-0.894882 3.898613
-0.297062 3.988954
1.668784 3.635266
1.388786 3.751169
0.666321 3.944112
0.903265 3.896680
3.714005 1.485317
-1.334941 3.770667
2.315090 3.261956
0.187889 3.995585
0.294004 3.989181
-1.594856 3.668301
2.316422 3.261010
2.225402 3.323791
0.584815 3.957018
0.462676 3.973151
-0.177234 3.996072
-1.943803 3.495945
1.728614 3.607200
1.177547 3.822746
0.037758 3.999822
-0.309207 3.988031
-1.781927 3.581164
0.315618 3.987529
-2.902544 2.752315
0.018817 3.999956
1.623038 3.655920
0.300365 3.988707
-0.072393 3.999345
1.455708 3.725710
-0.113721 3.998383
-0.476877 3.971472
0.192485 3.995366
1.544991 3.689580
1.560383 3.683097
0.969991 3.880608
-1.809439 3.567342
1.907856 3.515692
1.578725 3.675272
1.681770 3.629277
1.648930 3.644315
0.450653 3.974533
0.895587 3.898451
-0.979070 3.878327
2.784558 2.871626
2.717971 2.934729
0.924927 3.891595
2.004687 3.461392
-0.380328 3.981878
0.285990 3.989763
1.981923 3.474476
-0.881021 3.901769
1.325427 3.774022
-0.689819 3.940070
-0.652368 3.946443
-0.158740 -3.996849
-3.452600 2.019790
-3.630277 1.679609
-1.460065 -3.724005
-1.576507 -3.676225
-2.647679 -2.998299
-3.920735 0.792362
-2.753640 2.901287
-3.635659 -1.667928
-3.579319 1.785630
1.893476 -3.523457
-3.985309 -0.342503
0.486796 -3.970268
-3.775423 1.321432
-3.908473 0.850788
0.428929 -3.344782
-2.803197 2.853434
-0.549911 -3.962019
-3.466589 1.995685
-0.241298 -3.992715
-3.921243 -0.789843
-3.914033 0.824829
1.490743 -3.711830
-3.920936 0.791364
-3.549525 -1.844145
-2.008383 3.459248
-3.685133 -1.555569
-3.856782 1.060771
-3.439702 2.041679
-2.101522 3.403470
0.758280 -3.927469
-3.850033 1.085010
-2.411453 3.191378
-3.466823 -1.995279
-3.915169 0.819423
-3.980046 -0.399040
-3.333711 2.210513
-3.925125 0.770318
-2.606520 -3.034148
-2.478803 3.139352
-3.270074 -2.303609
-0.034115 -3.999855
-3.215732 -2.378879
-0.824440 -3.914115
-3.936358 0.710693
0.051942 -3.999663
-3.743720 -1.408744
-2.318275 -3.259694
-3.135448 2.483740
-3.939304 0.694181
-3.011210 -2.632986
-2.739579 -2.914568
-3.942780 0.674154
-3.018563 -2.624553
-3.972015 -0.472333
-2.741607 -2.912661
-2.641126 -3.004073
-2.811692 -2.845064
-3.669858 1.591271
-3.954770 0.599826
-3.665962 -1.600225
-3.504446 1.928434
-0.596128 -3.955330
-1.403976 -3.745511
-2.976358 -2.672319
-2.901935 -2.752957
-2.740705 -2.913509
-3.788995 1.281999
-3.086643 -2.544137
-1.938490 -3.498894
-3.832491 1.145432
-3.788461 -1.283575
-3.995276 0.194349
-3.712429 1.489252
-3.693387 1.535869
-3.878784 0.977259
-3.251436 -2.329843
-2.741870 -2.912413
-3.002129 -2.643335
-3.835916 1.133908
-3.810945 1.215195
0.038531 -3.999814
-3.553535 1.836406
-0.187338 -3.995611
-2.731517 -2.922125
-2.383711 -3.212152
-2.937446 -2.715034
-0.490982 -3.969753
-2.171991 3.358937
-3.690502 1.542788
-2.803717 -2.852923
-0.447807 -3.974855
0.029853 -3.999889
-3.980186 -0.397640
-3.924622 0.772881
-0.162547 -3.996696
-2.012270 -3.456988
0.205039 -3.994741
-3.291473 2.272929
-0.888568 -3.900057
-3.509407 1.919392
-2.054726 3.431924
1.617692 -3.658288
-3.883969 0.956445
-3.743508 1.409307
-3.754144 1.380726
-0.994386 -3.874429
-2.315617 -3.261582
-3.068810 -2.565620
0.392191 -3.980727
1.755301 -3.594289
-2.635981 -3.008589
-3.996222 -0.173798
-3.969016 0.496906
-3.692917 1.536998
-0.504820 -3.968017
-2.561460 3.072283
-1.037093 -3.863216
-3.993136 -0.234233
-3.443702 2.034925
-0.677821 -3.942152
-1.178446 -3.822468
-3.968958 0.497364
-3.021113 -2.621617
-2.628020 -3.015545
-3.989928 0.283675
-3.621001 1.699516
-3.978392 -0.415203
-3.958624 0.573847
-2.961513 -2.688762
-0.952183 -3.885016
-1.573859 -3.677359
-3.882488 0.962439
-2.913546 2.740665
-2.878207 -2.777756
-3.857033 1.059857
-3.892996 0.919010
-0.810608 -3.917003
-3.920590 0.793081
-2.703333 -2.948218
-3.331514 2.213824
-2.492210 -3.128720
-3.125260 2.496547
-3.073918 -2.559498
-2.538936 -3.090923
-3.686750 1.551734
-3.788412 1.283720
-3.068313 -2.566214
-3.574754 1.794751
0.191117 -3.995432
-3.344387 2.194328
-3.910707 0.840457
-3.186857 -2.417425
-3.991470 -0.261087
-1.940887 -3.497565
-3.476603 1.978189
-3.950932 0.624606
-3.992111 0.251100
-3.555534 1.832533
-0.719827 -3.934698
-3.943715 -0.668664
0.904839 -3.896315
-3.577579 1.789115
-3.995920 0.180618
0.465559 -3.972814
-3.915650 0.817120
-3.695202 1.531496
-2.935765 -2.716852
-3.828531 -1.158599
-3.996449 0.168502
-3.541439 1.859626
-3.565874 1.812332
-3.830544 1.151926
-3.905960 0.862252
-1.597062 -3.667342
-3.496773 -1.942313
-3.949080 0.636216
-3.506149 1.925336
-3.732526 1.438140
-1.606331 -3.663291
-2.807000 -2.849693
-2.347074 -3.239019
-3.942140 -0.677888
-0.830832 -3.912763
-3.977886 0.420025
-2.925171 2.728255
-2.786766 -2.869483
-3.478938 -1.974079
-3.729011 -1.447232
-1.375543 -3.756046
-3.234549 2.353230
1.918579 -3.509851
-1.958019 -3.488002
-3.999223 0.078855
-2.798205 2.858330
-3.993963 0.219680
-2.329403 -3.251750
-2.669079 -2.979264
-3.740245 -1.417945
-3.616869 1.708292
3.992042 0.252195
3.964463 0.532009
2.333705 -3.248664
3.224175 2.367423
3.929425 0.748077
1.562488 -3.682205
3.204166 2.394435
3.454905 -2.015845
3.956794 0.586330
3.859454 1.051005
3.997407 0.143992
2.108684 -3.399037
3.328564 -2.218256
3.897065 0.901603
3.525317 -1.890011
2.709526 -2.942528
3.936657 0.709036
3.857769 -1.057175
3.999535 -0.060986
3.354613 -2.178662
3.963626 0.538206
3.985075 -0.345222
3.959420 0.568323
3.993407 0.229572
3.999871 -0.032132
3.966745 -0.514715
3.861133 -1.044822
3.923079 -0.780671
3.405678 -2.097942
3.325658 -2.222610
3.998991 -0.089829
3.861464 -1.043598
3.661947 -1.609392
3.784545 -1.295075
3.907512 0.855192
3.999992 -0.007858
3.957921 -0.578671
3.997314 0.146569
3.960766 0.558869
3.990553 0.274747
3.896500 -0.904040
3.890765 0.928410
3.978517 -0.414005
3.925605 0.767873
3.992988 0.236749
3.918221 0.804703
3.983840 0.359187
3.997783 0.133171
3.855081 -1.066934
3.929208 0.749217
3.934373 0.721602
3.941347 -0.682482
3.121344 -2.501442
3.947931 0.643304
3.969581 0.492371
3.077053 2.555728
3.955371 -0.595853
3.230092 -2.359345
3.888660 -0.937191
3.935860 0.713449
3.984389 0.353049
3.992820 -0.239555
3.777476 -1.315552
3.890948 -0.927645
3.781486 1.303980
3.998517 0.108915
3.764962 1.350948
3.808558 -1.222656
3.455457 -2.014898
3.830739 1.151276
3.989799 0.285490
3.999269 0.076478
3.603413 1.736494
3.243404 2.341010
3.751550 1.387757
3.789253 -1.281234
3.998299 0.116653
2.601863 -3.038143
3.051975 2.585623
3.885941 -0.948399
2.160163 -3.366556
3.774639 -1.323671
3.136919 2.481882
3.992548 0.244045
3.878557 -0.978161
3.828122 1.159949
2.923688 2.729844
3.891660 -0.924652
3.620066 -1.701506
3.482232 1.968264
3.596058 1.751675
3.964873 -0.528943
3.965990 -0.520502
3.970606 0.484031
3.813698 -1.206529
3.971238 0.478818
3.715555 1.481436
3.997976 0.127245
3.999993 -0.007248
3.999629 0.054480
2.308007 -3.266971
3.809366 1.220136
3.817864 1.193280
3.758910 -1.367698
3.959213 -0.569764
3.508243 1.921518
3.996859 0.158498
3.998917 -0.093095
3.992341 0.247412
3.732417 -1.438424
3.686166 1.553120
3.427471 2.062145
2.024394 3.449903
3.971214 -0.479023
3.587506 -1.769125
3.997275 0.147633
3.995293 -0.193990
3.855319 -1.066075
3.287757 -2.278301
3.715729 -1.481000
3.850888 -1.081972
3.900994 0.884449
3.921786 -0.787145
3.989435 -0.290526
3.298131 -2.263258
3.991500 -0.260634
3.615470 -1.711251
3.998580 -0.106574
3.985615 -0.338930
3.999683 0.050341
3.654693 -1.625798
3.814652 -1.203508
3.736279 1.428363
3.969386 -0.493939
1.941424 3.497267
3.865392 -1.028954
3.968707 -0.499363
3.966643 -0.515501
3.997440 -0.143083
3.998569 0.106987
3.999999 0.002248
3.853481 -1.072700
3.838771 1.124204
3.978117 0.417837
3.675443 -1.578328
3.221466 -2.371108
3.985000 0.346080
3.900570 0.886316
3.759943 1.364854
3.857575 1.057883
3.965145 0.526899
3.902893 -0.876029
3.832564 1.145186
3.688748 -1.546978
3.839428 1.121958
3.406285 -2.096955
3.907759 -0.854059
3.921598 -0.788078
3.769875 1.337177
3.870815 -1.008360
3.690852 -1.541951
3.917796 0.806768
3.400540 2.106259
3.901158 -0.883724
3.749136 -1.394267
3.861192 1.044605
3.970684 0.483392
3.901238 0.883370
3.873996 0.996070
3.997994 -0.126672
3.793306 1.269185
3.908488 -0.850718
3.989742 -0.286281
3.811951 -1.212036
3.074902 -2.558316
3.813391 1.207496
3.657543 1.619376
3.914121 0.824413
3.791363 -1.274977
3.995622 -0.187101
3.957366 -0.582454
3.999612 -0.055741
3.793013 1.270059
3.984621 0.350424
3.875233 -0.991248
3.995951 -0.179923
3.999909 -0.027051
3.994238 -0.214620
2.951605 -2.699634
3.676693 1.575413
3.709644 -1.496175
3.436913 2.046370
3.644024 -1.649572
3.998642 0.104238
3.919772 0.797111
2.241337 -3.313066
2.927569 -2.725682
3.718477 1.474086
3.421596 -2.071878
3.966709 0.514997
3.809561 -1.219525
2.375222 -3.218435
3.392027 -2.119942
2.837719 -2.819105
3.616594 -1.708874
3.881065 -0.968161
3.962535 -0.546181
3.647771 -1.641270
3.362607 -2.166304
3.585463 -1.773262
2.921742 -2.731926
3.393657 -2.117331
3.924106 -0.775496
2.451159 -3.160984
3.413346 -2.085442
3.996745 -0.161342
3.180190 -2.426188
3.826162 -1.166398
3.503011 -1.931040
3.840009 -1.119968
3.549084 -1.844994
3.366010 -2.161013
3.524990 -1.890621
3.621160 -1.699177
3.083568 -2.547863
3.648214 -1.640285
3.987401 0.317229
3.591979 -1.760025
3.384863 -2.131362
2.242374 -3.312364
3.257618 -2.321191
3.263205 -2.313330
3.460708 -2.005867
3.996712 0.162147
3.503018 -1.931026
3.420196 -2.074189
3.974327 -0.452463
2.680761 -2.968758
3.296640 -2.265428
3.489049 -1.956154
3.734580 -1.432798
3.773943 -1.325652
3.550219 -1.842809
3.186224 -2.418259
3.038126 -2.601882
3.927620 0.757498
3.125813 -2.495855
3.953197 -0.610107
3.955598 -0.594344
3.863063 -1.037665
3.998185 -0.120496
3.180128 -2.426269
3.090631 -2.539291
3.627145 -1.686362
2.539597 -3.090380
3.863050 -1.037713
3.283035 -2.285100
3.885796 -0.948993
3.293963 -2.269319
3.492530 -1.949931
2.435317 -3.173205
3.449932 -2.024345
3.566794 -1.810519
3.399295 -2.108268
3.862950 -1.038083
3.190184 -2.413032
2.202080 -3.339288
3.214788 -2.380155
3.437595 -2.045223
3.674096 -1.581462
3.182098 -2.423686
3.638895 -1.660857
3.809322 -1.220272
2.997323 -2.648784
1.565706 -3.680838
3.940945 -0.684803
3.549014 -1.845129
3.912470 -0.832211
3.706861 -1.503058
3.845012 -1.102669
3.367052 -2.159389
3.895265 -0.909347
3.433685 -2.051782
3.647876 -1.641037
3.830399 -1.152407
3.331017 -2.214571
3.724869 -1.457859
3.064759 -2.570458
3.202365 -2.396843
3.910122 -0.843174
3.771964 -1.331274
3.158727 -2.454066
3.224133 -2.367481
3.219538 -2.373725
3.849767 -1.085952
3.474393 -1.982067
3.699575 -1.520902
3.156942 -2.456363
3.990256 -0.279024
3.933523 -0.726223
3.890264 -0.930508
1.163713 -3.826980
3.999409 -0.068776
1.153936 -3.829939
3.524829 -1.890921
3.675857 -1.577365
3.476994 -1.977502
1.873490 -3.534125
3.556168 -1.831302
2.706809 -2.945027
3.909671 -0.845266
3.612274 -1.717987
3.997041 0.153826
3.836418 -1.132209
3.686423 -1.552508
3.609582 -1.723635
3.353524 -2.180338
3.656241 -1.622314
3.175214 -2.432697
3.383525 -2.133486
3.920567 -0.793194
3.999174 -0.081292
3.325210 -2.223280
3.232005 -2.356722
3.969625 -0.492012
3.751891 -1.386835
3.523091 -1.894157
3.452673 -2.019666
2.913504 -2.740711
2.565120 -3.069228
2.488880 -3.131369
3.994772 -0.204449
-0.018093 -3.999959
3.636608 -1.665857
3.168155 -2.441884
2.901734 -2.753169
3.294413 -2.268666
3.566060 -1.811965
3.417534 -2.078572
3.832805 -1.144379
2.694489 -2.956303
2.580708 -3.056133
2.925913 -2.727459
3.774694 -1.323512
3.825864 -1.167374
3.964866 -0.528995
2.868779 -2.787491
2.530417 -3.097901
2.949081 -2.702392
3.704480 -1.508915
3.332165 -2.212843
3.702404 -1.514002
3.953431 -0.608593
2.980881 -2.667274
3.376638 -2.144369
3.595430 -1.752965
2.719434 -2.933373
3.728819 -1.447726
3.821126 -1.182790
3.787277 -1.287064
3.474943 -1.981103
2.787049 -2.869208
3.315718 -2.237413
3.595805 -1.752194
3.816177 -1.198663
3.137964 -2.480561
3.103140 -2.523990
3.037940 -2.602100
3.900823 0.885201
3.675808 -1.577477
3.344419 -2.194279
3.834752 1.137840
3.657382 -1.619739
2.976889 -2.671728
1.944527 -3.495542
3.993216 -0.232860
3.001609 -2.643926
3.060916 -2.575033
1.749413 -3.597159
3.499394 -1.937587
2.535350 -3.093865
2.991056 -2.655858
3.938686 -0.697676
3.574000 -1.796254
2.698287 -2.952837
3.674006 -1.581670
3.473306 -1.983972
3.077261 -2.555477
3.256344 -2.322977
3.723376 -1.461667
3.861705 -1.042706
3.985969 -0.334746
3.306724 -2.250683
2.774894 -2.880966
3.523464 -1.893462
3.653196 -1.629158
3.839067 -1.123193
3.085006 -2.546122
3.509060 -1.920026
3.434100 -2.051087
