2.364688 3.226182
-0.713438 3.935861
1.818379 3.562793
3.801165 1.245451
3.746565 1.401162
3.172813 2.435828
3.995971 -0.179478
2.276338 3.289116
2.283037 3.284470
0.956463 3.883964
2.701788 2.949634
2.729671 2.923850
3.115768 2.508384
2.018363 3.453434
2.888912 2.766620
-1.435193 3.733660
3.951770 0.619282
3.964978 0.528155
2.316141 3.261210
0.091643 3.998950
1.137164 3.834952
-0.421424 3.977738
2.321850 3.257148
3.020075 2.622813
1.787273 3.578499
2.479326 3.138940
3.368459 2.157194
0.822344 3.914556
2.650466 2.995836
2.171731 3.359105
0.977903 3.878622
1.088642 3.849008
2.430182 3.177139
2.253220 3.304996
3.499894 1.936684
3.124374 2.497657
3.442947 2.036201
3.063039 2.572507
2.674303 2.974576
3.422599 2.070222
0.310217 3.987953
1.340864 3.768565
2.670101 2.978349
-1.656811 3.640738
1.994365 3.467349
-0.444833 3.975189
2.428933 3.178095
3.234999 2.352612
3.864894 1.030822
1.195712 3.817103
2.086043 3.412979
0.903177 3.896700
2.001276 3.463365
2.850691 2.805986
2.732639 2.921076
-0.972037 3.880096
3.378453 2.141508
-0.475866 3.971593
1.768680 3.587725
1.375278 3.756143
2.161933 3.365419
2.583650 3.053646
0.661247 3.944966
3.753577 1.382266
3.009413 2.635039
3.448457 2.026856
1.751879 3.595959
2.944970 2.706872
2.321261 3.257568
2.600791 3.039060
3.976095 -0.436658
-1.005036 3.871680
2.745012 2.909452
3.804215 1.236103
1.436141 3.733296
3.190914 2.412067
0.991743 3.875106
1.394498 3.749050
0.671707 3.943198
0.796491 3.919898
2.919777 2.734026
2.825191 2.831660
3.175802 2.431930
2.944938 2.706906
1.214053 3.811309
2.765296 2.890180
1.606014 3.663430
1.946972 3.494181
2.161604 3.365630
0.803265 3.918516
3.902471 0.877909
3.142295 2.475072
2.844790 2.811969
0.549424 3.962087
3.337757 2.204400
2.380477 3.214550
-0.101018 3.998724
-0.624519 3.950946
2.770299 2.885385
1.729731 3.606665
1.213076 3.811620
3.903428 0.873640
-0.056929 3.999595
2.200749 3.340165
1.199106 3.816038
3.264332 2.311738
1.580690 3.674428
2.480489 3.138020
2.091375 3.409714
-0.981602 3.877687
2.664135 2.983686
1.149416 3.831298
2.400366 3.199726
2.665671 2.982314
2.446633 3.164489
1.849777 3.546593
1.050099 3.859701
1.570422 3.678828
3.042796 2.596419
1.444089 3.730229
1.379004 3.754777
3.492856 1.949348
2.962789 2.687356
1.917994 3.510171
3.187929 2.416011
2.768258 2.887343
2.124502 3.389173
1.820309 3.561808
0.690773 3.939903
2.722285 2.930727
2.236053 3.316635
-1.115045 3.841442
1.070889 3.853984
2.261719 3.299186
3.176662 2.430807
-0.956959 3.883842
0.783407 3.922534
0.887665 3.900263
1.962037 3.485744
1.929925 3.503625
-0.927748 3.890923
1.962568 3.485445
2.468041 3.147821
0.786843 3.921846
2.637339 3.007398
-2.547657 3.083738
0.166031 3.996553
3.199069 2.401241
1.214239 3.811250
2.156767 3.368732
3.952763 0.612912
3.133335 2.486406
1.992598 3.468364
-2.138452 3.380388
2.402008 3.198493
3.394946 2.115264
1.391994 3.749981
0.287973 3.989620
1.210716 3.812370
-1.340177 3.768809
0.199393 3.995027
2.220165 3.327291
3.805930 1.230810
2.547633 3.083758
2.610416 3.030797
1.748013 3.597840
2.767633 2.887941
2.759283 2.895921
0.084116 3.999115
1.677038 3.631466
1.752502 3.595655
1.622091 3.656340
0.371804 3.982683
3.141183 2.476483
0.073316 3.999328
1.350106 3.765264
0.515410 3.966655
3.024392 2.617833
3.598950 1.745726
3.166371 2.444197
2.961528 2.688746
0.479319 3.971178
1.055642 3.858189
3.630970 1.678110
2.950689 2.700636
2.178309 3.354843
3.957242 0.583300
1.695015 3.623110
2.050102 3.434688
1.426979 3.736808
-2.356306 3.232309
3.022334 2.620209
1.911655 3.513627
3.028417 2.613176
2.730956 2.922649
0.899775 3.897487
1.781182 3.581534
3.210665 2.385714
-2.294145 3.276721
2.326004 3.254183
-3.974804 -0.448255
-3.321066 2.229467
-3.456503 -2.013104
-3.410756 2.089676
-3.974774 0.448526
-3.632518 1.674758
-3.914375 0.823204
-3.680859 1.565655
-3.817812 1.193446
-3.974988 -0.446620
-3.748212 1.396749
-3.747707 1.398102
-3.969505 -0.492982
-3.985240 -0.343310
-3.779179 -1.310652
-3.186312 -2.418144
-3.960554 0.560366
-3.063107 -2.572426
-3.680332 1.566894
-3.997176 -0.150279
-3.998172 0.120904
-0.161868 -3.996723
-3.141674 -2.475861
-0.816884 -3.915699
-3.841675 -1.114240
-3.647627 -1.641589
-3.651889 -1.632086
-3.884370 -0.954814
-3.023061 -2.619371
-3.999155 0.082221
-3.538595 1.865031
-3.087424 -2.543190
-3.609759 1.723265
-3.623310 -1.694587
-3.900024 -0.888715
-3.928990 0.750357
-3.943016 0.672775
-3.618537 -1.704756
-2.653323 -2.993305
-3.951752 0.619400
-3.679597 1.568619
-3.736887 -1.426770
-3.983370 -0.364371
-2.912348 -2.741939
-3.084649 -2.546554
-3.731420 -1.441008
-3.994051 0.218075
-3.979904 -0.400457
-3.287285 2.278982
-3.806484 -1.229097
-3.279210 2.290585
-3.976075 0.436835
-3.979402 -0.405416
-3.902409 -0.878182
-3.935400 0.715982
-3.414982 -2.082762
-3.841017 1.116507
-3.736925 1.426672
-3.696452 1.528478
-3.343100 -2.196288
-3.633650 1.672301
-2.213051 -3.332027
-3.672274 -1.585687
-2.916007 -2.738047
-3.198346 2.402204
-3.737153 1.426075
-2.055102 -3.431699
-3.772351 1.330175
-3.427497 -2.062102
-3.987702 0.313422
-3.859778 -1.049817
-3.939005 -0.695874
-3.973154 0.462649
-3.997605 0.138392
-3.879875 0.972919
-3.732976 -1.436972
-2.648428 -2.997637
-3.878135 0.979831
-3.965022 -0.527827
-2.725617 -2.927629
-3.436228 -2.047520
-3.805113 1.233336
-3.989768 0.285922
-2.571637 -3.063769
-3.850309 1.084030
-3.926096 0.765355
-2.859426 -2.797085
-3.898530 0.895245
-3.982879 0.369692
-3.771386 1.332910
-3.688988 1.546405
-3.834089 -1.140069
-3.429129 -2.059387
-3.804496 -1.235236
-3.626186 -1.688424
-2.928817 -2.724340
-3.488667 1.956836
-3.932069 -0.734053
-3.988300 0.305716
-3.758170 1.369728
-3.543120 -1.856422
-3.560791 1.822298
-3.986865 0.323897
-3.465181 -1.998130
-3.944110 0.666330
-2.683939 -2.965885
-3.009391 2.635064
-3.941766 0.680060
-3.949700 -0.632351
-3.703097 -1.512307
-2.258905 -3.301113
-3.667106 1.597602
-3.730901 1.442350
-3.986103 0.333136
-3.326364 -2.221554
-3.829748 1.154571
-3.852212 1.077246
-3.240914 -2.344457
-3.992955 0.237299
-3.656599 -1.621507
-3.672354 -1.585502
-3.721492 -1.466457
-3.604513 -1.734209
-3.856903 -1.060331
-3.401218 2.105164
-3.564219 -1.815583
-3.862609 -1.039351
-3.921071 0.790699
-3.493723 1.947794
-3.930276 -0.743593
-3.521588 -1.896950
-3.636556 -1.665971
-3.702761 1.513130
-3.668390 -1.594652
-3.745874 -1.403007
-3.538893 -1.864467
-3.634842 -1.669709
-3.743185 -1.410165
-0.388728 -3.981067
-3.904286 -0.869797
-3.860045 1.048835
-3.834736 -1.137893
-3.760391 1.363620
-3.898607 0.894909
-3.950129 -0.629665
-3.929436 -0.748018
-3.338495 2.203282
-3.999316 0.073961
-3.473994 1.982768
-3.708193 -1.499767
-3.999239 0.078018
-0.238042 -3.992911
-3.043525 -2.595564
-3.656518 -1.621689
-3.533310 -1.875025
-3.915742 0.816678
-3.614641 1.713001
-3.460481 -2.006258
-3.270711 2.302705
-3.894700 -0.911762
-3.511752 1.915097
-3.700171 -1.519452
-3.987668 0.313850
-3.211948 2.383986
-3.148349 -2.467366
-3.676814 -1.575131
-3.805930 -1.230813
-3.632478 -1.674844
-1.679059 3.630532
-3.245354 -2.338307
-3.998963 -0.091075
-3.344076 -2.194801
-3.995722 0.184948
-3.823569 -1.174869
-3.408345 -2.093605
-3.915832 -0.816245
-3.386893 -2.128134
-3.016080 2.627405
-3.824692 1.171210
-3.911515 -0.836690
-3.339409 2.201896
-3.922219 0.784983
-3.999478 0.064644
-3.640430 1.657489
-3.844556 -1.104258
-3.873792 0.996861
-3.669126 -1.592957
-3.982764 0.370929
-3.454012 2.017375
-3.961013 0.557111
-3.673920 -1.581871
-3.992650 -0.242368
-3.004481 2.640662
-3.455304 -2.015161
-3.088089 2.542382
-3.962812 0.544171
-3.990288 -0.278567
-3.860302 1.047887
-3.696622 -1.528067
-3.016900 -2.626464
3.700793 -1.517937
3.999506 0.062849
3.807482 1.226001
3.732214 -1.438951
3.713337 -1.486987
3.894165 0.914047
3.958681 0.573447
3.984455 -0.352302
3.892281 -0.922034
3.905862 -0.862696
2.739657 0.051882
3.626892 1.686906
3.827837 -1.160891
3.928256 0.754193
3.684912 -1.556092
2.972191 -2.676954
3.797229 -1.257398
3.694636 -1.532862
3.933652 -0.725523
3.060640 -2.575360
3.923270 0.779711
3.995265 -0.194568
3.562211 -1.819520
3.972768 -0.465959
2.975088 -2.673733
3.164244 -2.446950
3.989369 -0.291432
3.339446 -2.201841
3.749373 -1.393629
3.711104 -1.492551
3.668778 -1.593760
2.069479 -3.423048
3.338094 -2.203889
3.490654 -1.953288
3.999564 -0.059079
3.997378 -0.144807
3.994106 -0.217058
3.857210 -1.059213
3.550256 -1.842737
3.998746 0.100163
3.484187 -1.964801
3.951118 -0.623433
3.986969 -0.322611
3.988847 0.298493
3.791567 -1.274369
2.940616 -2.711601
3.603639 1.736027
3.998071 -0.124207
3.288350 -2.277445
3.544866 -1.853084
3.982175 0.377204
3.495834 -1.944002
3.998036 0.125321
3.874283 0.994952
3.986983 -0.322445
3.805235 1.232958
3.355101 2.177912
3.996600 -0.164885
3.962115 -0.549226
3.967530 0.508634
3.693444 -1.535730
3.999765 -0.043365
3.623618 -1.693927
3.936734 0.708607
3.933181 -0.728072
3.980126 -0.398246
3.144915 2.471742
3.869342 -1.013999
3.941691 -0.680494
3.875222 -0.991288
3.949941 -0.630846
3.421487 -2.072058
3.930601 -0.741873
3.996853 -0.158644
3.077599 -2.555070
3.875501 -0.990198
3.919941 -0.796283
3.538252 -1.865683
3.245620 -2.337937
3.997387 0.144549
3.845128 -1.102266
3.283925 -2.283821
3.115505 -2.508711
3.962093 -0.549381
2.837698 -2.819126
3.983846 -0.359124
3.852750 -1.075324
3.996932 0.156641
3.854669 -1.068424
3.993766 -0.223227
3.901453 -0.882419
3.719152 -1.472382
3.921605 0.788044
3.928160 -0.754692
3.381836 -2.136162
3.455105 -2.015503
3.102076 -2.525296
3.916139 -0.814775
3.924470 -0.773651
3.281822 -2.286842
3.924922 0.771353
3.786339 -1.289821
3.169094 2.440664
3.698709 1.523008
3.944205 -0.665765
3.967313 0.510324
3.977924 -0.419666
3.922604 0.783055
3.985059 0.345409
3.999481 -0.064433
3.525319 -1.890006
3.663524 -1.605800
3.886695 -0.945306
3.691160 -1.541212
3.383429 -2.133638
3.544320 -1.854128
3.999998 0.003969
3.849548 -1.086730
3.927295 -0.759178
3.376347 -2.144827
3.529586 1.882026
3.994813 -0.203642
3.186386 -2.418045
3.065512 2.569560
3.992274 -0.248488
3.760881 1.362267
3.934415 -0.721374
3.945044 -0.660781
3.934651 0.720086
3.959257 0.569460
3.984055 0.356801
3.460906 -2.005525
3.554461 -1.834614
3.566357 -1.811380
3.563433 -1.817125
3.578604 -1.787063
3.986430 -0.329204
3.989785 0.285682
3.707704 1.500976
3.335586 -2.207684
3.030470 -2.610795
3.565900 -1.812280
3.334338 2.209568
3.425485 -2.065443
3.810655 -1.216104
3.999267 -0.076574
3.696355 -1.528711
3.087684 -2.542874
2.373237 -3.219898
3.928600 -0.752396
3.752593 -1.384936
3.807171 -1.226967
3.984694 -0.349589
2.754982 -2.900013
3.723670 -1.460919
3.914687 -0.821721
3.176392 -2.431159
3.918167 -0.804966
3.719660 -1.471098
3.999875 -0.031597
3.888653 -0.937220
3.799796 -1.249621
3.834441 1.138885
3.913186 0.828838
3.997349 0.145616
3.699911 -1.520086
3.854541 -1.068884
3.926156 0.765048
3.466991 -1.994987
3.997589 0.138858
2.986011 -2.661529
3.789253 -1.281236
3.995802 -0.183207
3.337860 -2.204243
3.998537 0.108173
3.960025 0.564093
3.993795 0.222719
1.666706 -3.636219
3.900889 -0.884908
3.930941 -0.740072
3.999977 0.013509
3.654166 -1.626982
3.546005 -1.850905
3.909135 -0.847741
3.997186 0.150017
3.980738 -0.392079
3.534944 -1.871944
3.958122 0.577298
3.607842 -1.727274
3.803080 -1.239591
3.971974 -0.472673
3.765611 -1.349139
3.841394 1.115209
3.641062 -1.656099
3.797060 -1.257908
3.994127 0.216686
3.792130 -1.272693
3.973942 -0.455839
3.919829 -0.796831
3.950100 -0.629851
2.948962 2.702522
3.684581 1.556877
3.968588 -0.500311
3.738082 -1.423637
3.551825 1.839712
3.132854 -2.487011
3.994926 -0.201408
3.684668 1.556671
3.586126 1.771920
3.508258 1.921491
3.655594 -1.623771
3.384917 2.131276
3.955784 0.593102
2.611724 3.029669
0.250851 3.992126
3.991811 0.255821
3.429615 -2.058577
3.211812 2.384170
3.556549 -1.830562
3.990495 0.275584
3.929624 0.747031
3.297002 2.264901
3.848990 1.088704
3.871864 1.004325
3.904608 -0.868354
3.145285 2.471271
3.198586 2.401884
2.874640 2.781446
3.185803 2.418814
3.602818 1.737728
3.801070 -1.245739
3.227302 2.363160
3.777165 1.316444
3.976897 0.429292
2.807138 2.849557
3.575552 1.793161
3.999826 0.037277
3.455792 -2.014325
3.034161 -2.606505
3.376606 2.144420
3.829977 1.153811
3.134430 2.485025
3.943187 0.671773
2.985014 2.662647
3.520450 -1.899060
3.488164 -1.957732
3.592427 1.759110
3.999999 -0.002292
3.674300 -1.580987
3.756356 -1.374695
3.669679 -1.591683
3.418522 2.076947
3.068272 -2.566264
3.943696 -0.668777
3.720927 1.467890
3.815046 1.202258
3.675982 1.577073
3.932418 0.732179
3.991884 -0.254687
3.339171 2.202257
3.974446 0.451419
3.269250 2.304779
3.468817 1.991810
3.329222 2.217269
1.593421 -3.668925
3.551665 1.840020
3.965303 0.525711
2.740653 2.913558
3.837486 1.128583
3.893335 0.917572
3.438288 -2.044058
3.999776 -0.042327
3.799501 1.250516
3.676537 -1.575777
3.706949 1.502840
3.948406 0.640382
3.950505 0.627305
3.916735 0.811901
3.123734 2.498457
3.355072 2.177955
3.280319 2.288997
3.851731 -1.078965
3.869573 1.013117
3.665402 1.601509
3.726429 1.453867
3.863384 1.036467
2.898556 2.756515
3.798573 -1.253332
3.321618 -2.228644
3.830444 -1.152257
3.987924 0.310589
3.917654 0.807459
3.981797 0.381174
3.934258 -0.722226
3.168954 2.440846
3.324811 2.223878
3.494353 1.946663
3.934582 0.720463
1.234843 3.804624
2.849423 2.807274
3.955890 -0.592395
3.483387 1.966218
2.902162 2.752718
3.628588 1.683255
2.812805 2.843963
2.909904 2.744532
3.898370 0.895941
3.263096 -2.313484
3.874987 -0.992208
2.363727 -3.226887
2.447150 3.164088
3.796449 1.259751
3.062173 2.573538
3.858543 1.054346
3.881636 0.965868
3.636443 -1.666219
0.969599 3.880706
3.961662 0.552482
3.830920 1.150676
3.431918 2.054735
2.943355 -2.708627
3.645545 1.646209
3.821884 1.180339
2.882662 2.773132
3.950684 0.626175
3.991874 -0.254839
3.911124 0.838517
3.884621 -0.953793
3.180477 2.425812
3.844159 1.105639
1.981983 3.474441
1.203299 3.814718
3.091715 2.537972
3.666060 -1.600000
3.983388 0.364166
3.529864 1.881505
2.175458 3.356692
3.995544 -0.188749
3.032132 2.608865
3.999980 0.012796
3.389051 -2.124695
3.962774 -0.544449
1.909165 3.514980
3.677667 1.573138
3.678385 1.571459
3.286423 2.280224
2.509144 3.115156
3.830279 -1.152806
3.418046 2.077730
3.796906 1.258375
3.710582 1.493849
3.498843 1.938581
2.001361 3.463315
3.984402 0.352907
3.497915 1.940256
3.983723 0.360489
3.703261 1.511906
3.907280 0.856249
3.619035 1.703697
3.688353 1.547919
3.784107 1.296355
3.298041 2.263389
3.594670 1.754522
3.605591 1.731968
3.941252 0.683033
1.092508 3.847912
3.967757 0.506855
2.777559 2.878396
3.162691 2.448956
3.882955 0.960553
3.923827 0.776907
3.999155 -0.082226
3.514715 1.909654
3.903516 -0.873248
3.745260 -1.404646
1.943737 3.495981
3.667336 1.597073
3.169843 2.439692
3.456541 2.013039
3.542170 1.858234
3.992302 0.248036
3.659509 1.614927
2.599238 -3.040389
3.798313 1.254120
3.459231 2.008413
2.972570 2.676533
3.614952 1.712345
3.380628 2.138073
3.888503 0.937838
2.779287 2.876728
3.539865 1.862620
3.921462 -0.788754
3.949631 -0.632784
3.624806 1.691385
3.618894 -1.703996
2.763341 2.892049
3.289198 2.276220
3.936435 0.710266
3.354121 -2.179420
3.971349 -0.477901
