3.220380 2.372584
0.953437 3.884708
1.736796 3.603268
3.773021 1.328273
3.125999 2.495622
2.398275 3.201293
1.680846 3.629705
-0.168054 3.996468
2.928810 2.724348
1.311027 3.779049
0.600855 3.954614
1.941265 3.497355
0.936462 3.888835
-0.126617 3.997996
0.669683 3.943542
1.865787 3.538197
2.115903 3.394548
-0.942764 3.887312
0.783259 3.922564
-0.819307 3.915193
1.828231 3.557748
2.350318 3.236666
-0.669380 3.943594
-1.814377 3.564833
3.289351 2.275998
-1.798012 3.573115
0.972492 3.879982
3.221226 2.371435
1.467066 3.721252
2.193723 3.344784
-0.422772 3.977595
0.842771 3.910209
3.545675 1.851536
0.963773 3.882157
2.520923 3.105632
-1.133386 3.836070
0.322519 3.986976
2.983339 2.664524
-0.987507 3.876188
-0.078441 3.999231
1.933575 3.501612
0.067145 3.999436
3.071173 2.562790
-0.266847 3.991089
0.700749 3.938141
0.363565 3.983443
3.747304 1.399183
1.214753 3.811086
0.064513 3.999480
0.583568 3.957202
2.945351 2.706456
1.448629 3.728468
3.435941 2.048001
3.786933 1.288076
3.339957 2.201065
-2.045336 3.437529
0.999585 3.873090
-2.469388 3.146764
2.180876 3.353175
0.791372 3.920935
1.249014 3.799995
2.101947 3.403207
-0.743401 3.930312
1.134818 3.835647
3.374611 2.147558
2.729145 2.924341
0.924341 3.891734
0.724092 3.933915
0.399935 3.979956
0.796470 3.919903
-1.311727 3.778806
-0.242008 3.992672
-0.061101 3.999533
2.811369 2.845383
2.580869 3.055996
-0.122487 3.998124
1.441732 3.731141
1.394498 3.749050
0.397889 3.980161
1.077087 3.852257
2.828638 2.828216
0.109056 3.998513
2.584649 3.052800
0.228310 3.993479
1.827619 3.558062
2.431982 3.175762
2.720825 2.932083
2.878744 2.777199
3.108631 2.517223
0.532100 3.964451
1.925914 3.505832
1.225691 3.807582
2.825245 2.831606
-0.753608 3.928368
0.878603 3.902314
2.624370 3.018722
-0.369569 3.982891
2.377787 3.216540
2.076721 3.418659
1.632000 3.651928
-0.371196 3.982739
-0.582027 3.957429
0.344879 3.985105
2.059811 3.428874
-0.116361 3.998307
2.363150 3.227309
-1.345033 3.767079
2.032779 3.444969
1.564717 3.681258
2.335246 3.247557
2.715206 2.937287
2.668774 2.979538
0.245684 3.992448
1.841557 3.550869
2.366746 3.224673
0.345374 3.985062
0.070248 3.999383
2.113137 3.396270
2.317253 3.260420
-0.314415 3.987624
2.002915 3.462417
3.226708 2.363970
2.148031 3.374309
-1.172604 3.824264
1.500177 3.708028
1.009356 3.870556
1.155893 3.829349
0.074445 3.999307
1.782500 3.580879
3.324906 2.223735
3.353917 2.179734
-0.352793 3.984412
2.449056 3.162613
-0.922810 3.892097
1.386475 3.752024
-0.842290 3.910313
1.858900 3.541820
0.822429 3.914538
0.217992 3.994056
0.704457 3.937479
-2.182023 3.352428
0.165178 3.996588
-0.048996 3.999700
-0.177737 3.996049
1.473988 3.718516
-1.808323 3.567908
2.996825 2.649347
0.514194 3.966813
0.281000 3.990118
2.118649 3.392835
1.982555 3.474115
3.736171 1.428646
1.014124 3.869309
1.968230 3.482251
1.141338 3.833712
2.115970 3.394506
-1.082543 3.850727
3.658818 1.616494
1.464291 3.722345
-1.652762 3.642579
1.297672 3.783655
1.050526 3.859585
1.841115 3.551098
3.739562 1.419746
-0.776618 3.923884
-0.365383 3.983277
0.198601 0.557865
-0.544224 3.962805
0.275201 3.990522
2.449662 3.162144
1.026686 3.865995
0.085397 3.999088
3.640387 1.657583
-0.112348 3.998422
1.998598 3.464910
-1.473848 3.718571
3.075028 2.558164
2.178263 3.354873
2.581904 3.055122
0.573181 3.958720
2.678971 2.970373
0.302426 3.988551
1.239688 3.803048
1.087751 3.849259
0.017723 3.999961
0.419248 3.977968
-0.094765 3.998877
0.063314 3.999499
0.668616 3.943723
2.456624 3.156739
2.886257 2.769390
-1.389571 3.750879
3.468153 1.992966
2.537491 3.092109
1.217725 3.810137
1.498405 3.708744
1.805183 3.569498
1.239930 3.802969
-0.607545 3.953592
1.092077 3.848034
-3.785808 -1.291379
-3.908515 0.850593
-3.660901 -1.611770
-3.285351 -2.281768
-2.019834 -3.452574
-3.570984 -1.802241
-2.547165 -3.084145
-3.499189 -1.937956
-3.920522 -0.793415
-3.533394 -1.874866
-3.961910 -0.550697
-3.669981 -1.590988
-3.966329 -0.517911
-3.998064 -0.124446
-3.526157 -1.888443
-3.961734 -0.551967
-3.999838 -0.035969
-3.393272 -2.117948
-3.693822 -1.534821
-3.803186 -1.239265
-3.710529 -1.493980
-3.999737 -0.045874
-3.948347 -0.640748
-3.496791 -1.942281
-3.395470 -2.114422
-3.981340 0.385918
-3.586397 -1.771371
-3.999934 -0.023058
-3.994144 -0.216363
-3.997641 0.137343
-3.369849 -2.155022
-3.483550 -1.965929
-3.908366 0.851277
-3.641117 -1.655980
-2.323995 -3.255618
-3.333652 -2.210603
-3.943976 -0.667122
-3.712505 -1.489062
-3.659098 -1.615859
-3.582294 -1.779655
-3.988746 -0.299840
-3.587683 -1.768765
-3.482671 -1.967486
-3.166757 -2.443696
-3.204556 -2.393913
-3.998798 -0.098035
-3.802243 -1.242155
-3.944701 -0.662825
-3.999391 -0.069818
-3.963445 -0.539537
-3.595197 -1.753441
-3.895351 0.908977
-2.343371 -3.241699
-3.760262 -1.363976
-3.552925 -1.837586
-3.096777 -2.531792
-3.988368 0.304830
-3.590858 1.762310
-3.561805 1.820315
-3.832957 -1.143870
-3.880807 0.969195
-3.700069 -1.519700
-3.426063 -2.064483
-3.630654 -1.678795
-3.991837 0.255414
-3.970909 -0.481545
-3.606420 -1.730241
-3.650528 -1.635129
-3.097291 -2.531164
-3.647391 -1.642115
-3.928879 0.750938
-3.946789 0.650276
-3.614528 -1.713240
-3.795389 1.262943
-3.712126 1.490007
-3.918395 -0.803853
-3.737163 -1.426048
-3.997823 0.131943
-2.359188 -3.230206
-3.785307 -1.292847
-2.960386 -2.690002
-3.998603 0.105712
-3.999272 0.076297
-3.952082 -0.617288
-3.966385 -0.517488
-3.992974 -0.236974
-2.064217 -3.426224
-3.504925 -1.927564
-3.963564 0.538668
-3.340240 -2.200636
-3.383299 -2.133843
-3.689886 -1.544261
-3.977896 -0.419937
-3.977624 0.422505
-3.678890 -1.570278
-3.520544 -1.898886
-3.555590 -1.832425
-3.528025 -1.884950
-3.916603 -0.812541
-3.537898 -1.866353
-3.480224 -1.971812
-3.748995 -1.394645
-3.832560 -1.145202
-3.897895 0.898006
-3.971668 -0.475238
-3.998602 -0.105735
-3.992490 -0.245003
-3.921760 -0.787273
-2.592110 -3.046468
-3.688241 -1.548186
-2.402318 -3.198260
-3.393222 -2.118029
-3.987444 0.316692
-3.858431 -1.054754
-3.730513 -1.443356
-3.106129 -2.520310
-3.627751 -1.685058
-3.514869 -1.909370
-3.999502 -0.063087
-3.918448 -0.803593
-3.887209 -0.943189
-3.900587 -0.886239
-3.274199 -2.297743
-2.117074 -3.393818
-3.464877 -1.998656
-3.316119 -2.236818
-3.725249 -1.456888
-3.458243 -2.010114
-3.852284 1.076989
-3.874350 0.994691
-3.804959 -1.233809
-3.515924 -1.907427
-3.922477 0.783694
-3.991039 -0.267601
-3.720956 1.467817
-3.883799 -0.957134
-3.919012 0.800842
-3.937047 0.706865
-3.945425 -0.658497
-3.518508 -1.902656
-3.106695 -2.519613
-3.994976 -0.200421
-3.532843 -1.875906
-3.925308 -0.769387
-1.718574 -3.611994
-3.537083 -1.867898
-3.532879 -1.875837
-3.213781 2.381515
-3.756659 -1.373869
-3.610407 -1.721906
-3.989062 0.295603
-3.649691 -1.636997
-3.929862 -0.745777
-3.999146 0.082636
-3.719902 1.470485
-2.934734 -2.717966
-3.700440 1.518797
-3.921836 -0.786896
-3.588440 -1.767230
-3.909749 -0.844905
-3.997756 -0.133957
-3.908693 -0.849776
-2.979661 -2.668636
-3.980823 -0.391218
-3.933954 0.723884
-3.355956 -2.176593
-3.999331 0.073158
-2.630750 -3.013164
-3.999345 0.072361
-3.575956 -1.792356
-3.977925 0.419658
-3.923360 -0.779262
-2.620781 3.021838
-3.901138 0.883811
-3.985868 0.335943
-3.948337 0.640806
-3.973380 0.460709
-3.714571 -1.483902
-3.998474 0.110483
-3.975317 0.443685
-3.799618 -1.250161
-3.257020 -2.322029
-3.550519 -1.842230
-3.977183 -0.426629
-3.993101 -0.234826
-3.954092 -0.604279
-3.844296 1.105165
-3.997190 -0.149912
-1.833518 -0.949058
-3.939114 0.695257
-3.597564 -1.748580
-3.826174 -1.166358
-3.930484 -0.742495
-3.678871 -1.570322
-3.923682 0.777637
-3.935332 0.716351
-3.988176 -0.307330
-3.982656 0.372091
-3.973540 -0.459325
-3.788445 -1.283622
3.984211 -0.355053
3.271968 -2.300919
3.997998 0.126534
3.749240 -1.393987
3.221625 2.370892
3.997661 0.136770
3.456693 -2.012777
3.341213 -2.199158
3.810991 1.215049
3.747378 -1.398984
3.741291 -1.415183
3.262478 -2.314355
3.235510 2.351909
3.978764 -0.411626
3.123176 -2.499154
3.854237 -1.069978
3.993305 -0.231326
3.988822 0.298836
3.887903 -0.940323
3.156142 -2.457390
3.897224 -0.900914
3.267741 -2.306918
2.497908 -3.124173
3.972741 -0.466187
3.772117 1.330841
3.910873 0.839686
3.774647 1.323648
3.999895 -0.028983
3.497228 -1.941494
2.620971 3.021674
3.983953 -0.357938
3.975018 0.446350
3.961782 -0.551617
3.927603 -0.757587
3.759110 1.367147
3.478881 1.974180
3.645564 1.646165
3.995889 -0.181306
3.895583 -0.907982
3.945212 0.659777
3.898830 0.893938
3.817339 -1.194957
3.389096 -2.124625
3.106075 -2.520376
3.553359 -1.836746
3.472218 -1.985876
3.801202 -1.245338
3.245231 -2.338477
3.983949 0.357976
3.779966 1.308380
3.253931 -2.326356
3.898747 0.894298
3.651067 1.633925
3.904374 0.869402
3.922519 0.783485
3.957005 0.584903
3.999670 -0.051389
3.874606 -0.993694
3.999693 0.049535
3.921710 0.787524
3.815535 1.200704
3.885207 -0.951403
3.776034 -1.319684
3.964239 0.533674
3.104916 2.521804
3.120698 -2.502247
3.794264 -1.266318
3.454625 -2.016325
3.132600 -2.487331
3.905727 -0.863304
3.908349 0.851358
3.971189 0.479225
3.950199 0.629227
3.964240 0.533669
3.799217 1.251379
3.726116 -1.454669
3.655401 -1.624206
3.202621 2.396502
3.763771 1.354263
3.594784 -1.754288
3.854702 -1.068303
3.999967 -0.016263
3.781049 -1.305246
3.999462 0.065626
3.999922 0.024989
3.117872 2.505768
3.800150 -1.248544
3.946891 0.649654
3.935973 -0.712825
3.954766 0.599854
3.967377 -0.509822
2.902212 -2.752665
3.456226 2.013579
3.893162 0.918306
3.465469 -1.997630
3.687685 -1.549510
3.429960 -2.058003
3.912367 -0.832699
3.887363 -0.942553
3.565409 -1.813246
3.884438 0.954537
3.752218 -1.385952
3.978140 0.417618
3.898308 -0.896212
3.987827 0.311827
3.263070 -2.313519
3.921330 -0.789414
3.794416 -1.265863
3.999033 0.087946
3.815613 -1.200457
3.158632 -2.454189
2.021813 -3.451416
3.973895 0.456244
3.710414 -1.494266
3.672653 -1.584809
3.996975 0.155539
3.983727 -0.360439
3.240947 -2.344411
3.945421 0.658523
3.878391 -0.978816
3.986285 -0.330951
3.962625 0.545527
3.340923 -2.199599
3.761782 -1.359779
3.750380 -1.390918
3.872434 1.002125
3.113839 2.510778
3.783012 -1.299547
3.992611 -0.243013
3.937881 0.702209
2.549881 3.081899
3.527923 -1.885142
3.989951 -0.283361
3.710806 -1.493292
3.687039 1.551046
3.430350 -2.057352
3.862942 -1.038114
3.992255 0.248792
3.274393 -2.297466
3.854516 -1.068973
3.457969 -2.010585
3.707066 -1.502553
3.780902 1.305673
3.510754 1.916927
3.998670 0.103156
3.973174 -0.462481
3.841644 1.114349
3.688100 -1.548522
3.088760 -2.541566
3.342986 -2.196462
3.631751 -1.676420
3.066974 -2.567814
2.965005 -2.684911
-0.269166 -3.990933
3.958879 0.572081
3.961786 -0.551590
3.639401 1.659748
3.915796 -0.816418
3.709436 -1.496690
3.833240 -1.142922
3.971743 0.474616
3.979199 -0.407397
2.503006 -3.120090
3.781131 1.305008
3.905658 0.863620
3.569923 -1.804343
3.986966 -0.322647
3.988025 -0.309283
2.895514 2.759710
3.943421 0.670397
3.644464 1.648601
3.094399 -2.534698
3.654997 -1.625114
3.899926 0.889145
3.522037 1.896115
3.072982 -2.560621
3.864817 1.031111
3.963190 0.541410
3.880721 -0.969537
2.653855 -2.992833
3.959487 -0.567860
3.997746 -0.134253
3.913515 0.827283
3.523744 -1.892941
3.996050 -0.177717
3.955481 0.595125
3.525657 1.889376
3.907190 -0.856661
2.638208 -3.006636
3.841916 -1.113410
3.998360 0.114534
3.971020 0.480622
3.489711 1.954973
3.987429 0.316873
3.917828 -0.806613
3.765664 1.348990
3.944070 0.666568
3.994666 -0.206506
3.392593 -2.119036
3.559169 -1.825463
3.814299 -1.204626
3.960349 -0.561817
2.906170 -2.748486
3.077093 -2.555680
-0.005671 -3.999996
3.453624 -2.018039
1.857491 -3.542560
0.371476 -3.982713
-0.545219 -3.962668
3.966108 -0.519600
0.326927 -3.986617
0.589084 -3.956385
2.021661 -3.451505
2.390049 -3.207439
3.931252 -0.738415
3.999795 0.040508
3.772778 -1.328964
3.967351 -0.510025
3.854160 -1.070257
3.769127 1.339284
0.066442 -3.999448
3.995737 -0.184632
0.236454 -3.993005
3.771351 -1.333008
2.565530 -3.068885
2.496787 -3.125068
3.933934 -0.723994
3.668821 -1.593661
3.803966 -1.236868
3.999984 0.011448
3.936468 -0.710082
0.153042 -3.997071
-0.164302 -3.996624
-0.120712 -3.998178
3.809836 -1.218666
-0.473692 -3.971853
3.979825 -0.401239
3.439742 -2.041612
3.883497 0.958360
3.848534 -1.090315
3.999999 -0.002711
3.991166 0.265693
2.908721 -2.745787
3.949209 -0.635413
3.786894 -1.288190
1.952509 -3.491090
3.884838 -0.952909
-0.081710 -3.999165
3.990991 -0.268316
3.904290 -0.869783
3.943758 -0.668413
3.814872 -1.202809
3.766230 -1.347410
3.985652 -0.338489
3.851590 -1.079471
3.997755 0.133983
-0.246068 -3.992424
0.065493 -3.999464
3.864264 -1.033183
-0.094845 -3.998875
3.995316 -0.193526
3.809468 -1.219817
3.943277 0.671242
3.485404 -1.962641
3.715434 -1.481740
3.998495 -0.109732
3.534115 -1.873507
3.863485 1.036092
0.373184 -3.982554
0.071434 -3.999362
3.785117 -1.293402
0.126474 -3.998000
3.842061 -1.112909
3.684504 -1.557059
3.876319 0.986992
0.891460 -3.899397
3.721716 -1.465889
-0.797411 -3.919711
3.972803 0.465659
3.623676 -1.693804
0.406650 -3.979276
2.413931 -3.189505
0.234760 -3.993105
3.943436 -0.670309
2.718955 -2.933817
0.265202 -3.991199
-0.542902 -3.962986
3.314843 -2.238709
3.954032 -0.604673
3.769613 -1.337916
-0.166248 -3.996544
3.874956 -0.992330
3.956935 -0.585376
3.934168 -0.722717
3.846005 -1.099202
0.223669 -3.993742
-0.839373 -3.910940
0.167136 -3.996507
3.877425 -0.982639
3.971245 -0.478765
3.999206 0.079688
3.990503 0.275473
3.466788 -1.995339
3.999400 -0.069303
3.844708 -1.103732
3.986025 0.334078
0.042185 -3.999778
3.671718 -1.586974
3.714961 -1.482924
3.521475 -1.897159
3.977525 -0.423431
-0.079821 -3.999203
3.419262 -2.075728
0.473809 -3.971839
0.419957 -3.977893
3.345792 -2.192184
3.359294 -2.171438
-0.295977 -3.989035
3.857909 -1.056664
0.284143 -3.989895
3.944872 -0.661802
3.995245 0.194979
3.684180 -1.557826
3.999184 0.080775
3.827354 -1.162481
1.712477 -3.614889
-0.000055 -4.000000
3.796831 -1.258601
3.999991 -0.008650
3.641158 -1.655889
3.877899 -0.980766
3.998077 -0.124012
2.484047 -3.135205
-0.359190 -3.983840
0.911821 -3.894686
3.963410 0.539798
3.693746 -1.535005
3.899026 -0.893083
3.950459 -0.627593
3.976097 -0.436641
3.999952 0.019514
3.463308 -2.001374
3.968719 0.499265
3.633463 -1.672706
-0.269378 -3.990919
3.994780 0.204295
3.735568 -1.430221
3.695367 -1.531097
3.992029 -0.252402
0.368916 -3.982951
-1.514083 -3.702371
0.035112 -3.999846
3.456318 -2.013421
-0.219874 -3.993952
0.271377 -3.990784
0.457083 -3.973799
3.980698 0.392479
0.176854 -3.996088
1.363022 -3.760608
-0.144795 -3.997378
0.611880 -3.952923
3.938684 0.697688
0.034768 -3.999849
0.401344 -3.979814
3.979790 0.401581
2.489560 -3.130829
3.726809 1.452891
3.721170 1.467274
3.357593 -2.174068
3.985741 -0.337447
-0.152427 -3.997095
3.672804 -1.584459
0.879099 -3.902203
3.946817 -0.650105
3.977745 -0.421358
3.637121 -1.664737
2.781765 -2.874331
4.000000 -0.001914
3.803963 -1.236877
0.407017 -3.979238
3.996292 -0.172204
3.987859 0.311414
2.373781 -3.219498
0.596713 -3.955241
3.289107 2.276352
3.967656 0.507646
3.800184 -1.248441
3.770698 -1.334853
0.853183 -3.907951
3.940357 -0.688175
0.300806 -3.988673
3.950398 -0.627975
3.999738 0.045760
1.766656 -3.588722
3.559874 -1.824089
2.568728 -3.066209
3.940399 -0.687933
3.189529 -2.413898
3.990682 0.272871
3.862203 -1.040858
