1.953924 3.490298
-0.799654 3.919254
1.554760 3.685474
0.269507 3.990910
-0.228805 3.993451
0.021860 3.999940
-0.452990 3.974267
0.660126 3.945153
0.258368 3.991647
0.451526 3.974434
1.412401 3.742342
-0.791437 3.920922
0.553293 3.961548
-1.323804 3.774592
-0.589366 3.956343
1.568545 3.679629
-0.820466 3.914950
-0.353818 3.984321
1.068979 3.854515
-0.235733 3.993048
-0.561745 3.960359
1.950606 3.492154
-1.455981 3.725603
-0.598174 3.955021
0.836738 3.911505
-0.773731 3.924454
0.559125 3.960730
1.433561 3.734287
-0.635589 3.949180
-0.804577 3.918246
-0.270366 3.990852
1.662965 3.637932
0.744741 3.930059
-0.693955 3.939343
1.453660 3.726509
0.865070 3.905337
1.803140 3.570530
0.727433 3.933299
0.159426 3.996822
1.382221 3.753594
0.831863 3.912544
-0.177111 3.996077
2.377272 3.216921
0.029590 3.999891
0.827916 3.913382
-0.318510 3.987299
2.249603 3.307459
-0.516071 3.966569
0.510397 3.967303
-1.483716 3.714645
-0.275749 3.990484
-0.121309 3.998160
-0.236607 3.992996
1.167072 3.825957
-1.106251 3.843983
0.350241 3.984637
-0.569300 3.959280
-0.196187 3.995186
1.776015 3.584100
0.829471 3.913052
-1.819559 3.562191
-0.878418 3.902356
-0.603849 3.954158
2.831561 2.825290
-1.507979 3.704862
1.482534 3.715117
-0.184843 3.995727
-1.529314 3.696106
0.286599 3.989719
1.153745 3.829997
1.711311 3.615441
0.188802 3.995542
1.953510 3.490530
-0.609819 3.953242
0.443780 3.975306
-0.311768 3.987832
2.637333 3.007403
3.451012 2.022503
-0.710401 3.936411
-0.480637 3.971019
1.252451 3.798864
1.244947 3.801329
2.225538 3.323700
0.129078 3.997917
2.912161 2.742137
1.468027 3.720873
1.680329 3.629944
0.316196 3.987483
-0.707809 3.936878
2.671627 2.976980
1.084792 3.850094
0.355200 3.984198
0.997215 3.873701
-0.278057 3.990324
-1.109844 3.842948
-0.181650 3.995873
-1.126131 3.838207
-1.650738 3.643496
-1.252419 3.798874
2.436174 3.172547
-0.832069 3.912501
-0.607940 3.953531
1.186728 3.819905
0.988182 3.876015
-0.347283 3.984896
0.639251 3.948589
-0.743149 3.930360
0.894921 3.898604
-1.711973 3.615128
-0.313667 3.987683
0.116161 3.998313
0.040341 3.999797
1.380826 3.754107
-0.347105 3.984911
-0.976821 3.878894
1.851973 3.545447
-0.004251 3.999998
2.087005 3.412391
-0.647980 3.947166
-0.284846 3.989845
0.601475 3.954520
1.786811 3.578730
0.341704 3.985378
-2.172646 3.358513
-0.275790 3.990481
-0.009143 3.999990
-0.056863 3.999596
-2.212983 3.332072
0.800025 3.919179
0.774939 3.924216
-0.833864 3.912119
1.545935 3.689185
0.364491 3.983359
-1.306035 3.780777
0.317880 3.987349
-0.257493 3.991704
-0.813445 3.916415
1.440527 3.731606
0.455924 3.973932
0.681791 3.941467
-0.799599 3.919265
-0.198340 3.995080
0.225238 3.993653
-2.081166 3.415955
-1.309466 3.779590
-0.658365 3.945447
0.608102 3.953506
1.409994 3.743249
-3.129339 2.491433
0.323592 3.986890
0.330675 3.986308
1.149009 3.831420
-1.320150 3.775871
-1.667391 3.635905
1.431658 3.735018
1.110630 3.842720
0.236742 3.992988
-0.120569 3.998182
-2.239170 3.314531
-0.441142 3.975600
-0.131506 3.997838
0.792929 3.920620
2.087852 3.411872
-1.712295 3.614975
-0.374990 3.982384
-0.602140 3.954419
0.952595 3.884915
0.410985 3.978830
-0.002674 3.999999
-0.627240 3.950515
2.992347 2.654403
-0.745251 3.929962
-2.248018 3.308537
0.455431 3.973988
-0.546694 3.962465
0.246382 3.992405
0.983707 3.877154
-0.497058 3.968997
-1.739622 3.601904
-1.857046 3.542793
1.784102 3.580081
1.318179 3.776560
2.141446 3.378492
0.834895 3.911899
-0.146951 3.997300
0.373512 3.982523
1.660102 3.639239
-0.161828 3.996725
1.432304 3.734770
-0.583082 3.957274
0.545537 3.962624
0.863953 3.905584
0.756597 3.927793
1.072412 3.853561
0.052999 3.999649
-0.977960 3.878607
0.564218 3.960007
0.739763 3.930999
-0.571247 3.958999
-0.654494 3.946091
-0.387298 -3.981206
-2.547185 3.084128
-2.883076 2.772702
0.534399 -3.964141
-0.238720 -3.992870
-0.885838 3.900678
-3.949169 0.635662
-3.108776 2.517044
-3.635659 -1.667928
-3.432973 2.052973
0.173752 -3.996225
-3.995920 0.180614
0.237593 -3.992937
-3.423553 2.068643
-3.414928 2.082851
-0.465947 -3.972769
-2.756674 2.898405
-1.048024 -3.860265
-2.229753 3.320874
1.120544 -3.839841
-2.845821 2.810926
-3.615289 1.711633
-0.120931 -3.998172
-3.608944 1.724970
-3.985386 -0.341613
-1.922471 3.507721
-3.683977 -1.558305
-3.999026 -0.088260
-3.728370 1.448881
-3.096865 2.531684
-0.026725 -3.999911
-3.998704 -0.101822
-3.426750 2.063344
-3.356453 -2.175828
-3.858123 1.055882
-3.481311 1.969891
-3.998157 0.121421
-3.665751 1.600709
-3.673978 -1.581735
-1.705847 3.618023
-3.770448 -1.335560
-0.463252 -3.973084
-3.766980 -1.345311
-0.315307 -3.987553
-3.672082 1.586132
-0.180715 -3.995916
-2.851441 2.805224
-3.941552 -0.681296
-2.361586 3.228454
-3.510397 1.917581
-3.905658 -0.863620
-2.526025 3.101483
-3.744854 1.405728
-3.944376 -0.664754
-0.843044 3.910151
-3.776751 -1.317632
-3.830860 -1.150875
-3.789577 1.280275
-3.111182 2.514070
-3.325838 2.222342
-3.983243 0.365756
-2.886201 2.769449
-0.241537 -3.992701
-0.058051 -3.999579
-3.868339 1.017817
-3.696049 1.529451
-3.964909 0.528674
-1.543250 3.690309
-3.902238 -0.878943
-3.995604 -0.187483
-2.877427 2.778563
-3.401699 2.104388
-3.622241 1.696872
-3.257270 2.321678
-2.679005 2.970342
-2.386332 3.210205
-3.677138 -1.574376
-3.139658 2.478416
-3.990904 0.269599
-2.593930 3.044918
-3.872330 1.002529
-0.412935 -3.978628
-0.706337 3.937142
-0.458928 -3.973586
-3.587413 1.769314
-3.989350 0.291695
-3.737072 1.426288
2.036688 -3.442659
-3.997837 0.131530
-2.196957 3.342661
-3.985779 0.336996
-0.336845 -3.985792
0.207270 -3.994626
-3.776700 -1.317779
-3.579036 1.786197
-0.229624 -3.993404
-0.287325 -3.989667
0.736572 -3.931598
-2.579217 3.057391
0.671558 -3.943223
-3.253537 2.326908
-1.946805 3.494274
1.275579 -3.791161
-3.609015 1.724823
-3.205993 2.391989
-2.106260 3.400540
-3.382334 2.135373
-2.859721 2.796783
-0.334790 -3.985965
-2.247959 3.308577
-0.512191 -3.967072
-3.939508 0.693019
-3.481301 1.969909
-0.443462 3.975342
-2.959209 2.691298
-1.081769 -3.850945
-3.002061 2.643413
0.255805 -3.991812
-3.568635 1.806888
-2.462771 3.151946
-1.039808 -3.862486
0.452175 -3.974360
-2.210108 3.333980
-3.613545 -1.715312
-3.956946 0.585301
-3.780554 1.306679
-3.180370 2.425953
-1.323723 3.774620
-2.469529 3.146654
-3.211985 2.383936
1.340518 -3.768688
-3.800260 -1.248209
-3.241506 2.343638
-3.998134 0.122159
-3.847833 1.092788
-3.969871 0.490025
-2.070047 3.422704
-3.866830 -1.023537
-3.573605 1.797038
-3.978433 -0.414812
-2.321954 3.257074
-3.190710 -2.412336
-2.450442 3.161540
-3.916736 0.811901
-3.924086 -0.775594
-3.977526 0.423425
-1.613969 3.659932
-3.848487 -1.090479
-3.486563 1.960581
-3.278920 2.291000
-3.206152 2.391775
-3.614458 1.713387
-3.999103 -0.084700
-2.033121 3.444767
-3.945661 -0.657081
-3.884911 0.952609
-0.388580 3.981081
-2.289929 3.279668
-2.958296 2.692301
0.036123 -3.999837
-3.144872 2.471797
-0.245214 -3.992477
-1.171941 3.824468
-3.316795 2.235816
-0.748858 -3.929276
-2.809883 2.846851
-2.827844 2.829010
-3.506504 -1.924690
-2.913085 2.741155
-2.557705 3.075410
-3.141488 2.476096
-2.587137 3.050692
0.788022 3.921610
-3.611886 1.718802
-3.856675 -1.061160
-3.893644 -0.916262
-2.627663 3.015856
-2.073746 3.420464
-3.402356 2.103324
-3.021843 2.620776
-3.943452 0.670214
-3.889627 0.933168
-3.135491 2.483686
-1.227011 3.807157
-2.893562 2.761756
-2.099019 3.405014
-3.930668 0.741517
-3.881666 0.965747
-3.418244 2.077404
-3.909702 0.845123
-2.012989 3.456570
0.040759 -3.999792
-3.339492 2.201771
-1.690218 3.625350
-2.659623 2.987709
-3.131260 2.489018
-2.879764 2.776141
-2.974248 2.674668
-2.970285 2.679068
-1.980249 3.475430
3.806204 -1.229964
3.822701 -1.177690
2.969893 -2.679503
3.662887 1.607253
3.898242 0.896497
3.970188 0.487449
3.999590 0.057256
3.954422 -0.602121
3.442228 -2.037417
3.605352 -1.732465
3.647753 -1.641309
3.971569 0.476063
3.070263 -2.563881
2.148792 -3.373824
3.339531 -2.201711
3.474207 -1.982393
3.864480 1.032372
3.919601 -0.797953
3.855034 -1.067105
3.983999 0.357427
2.647402 -2.998543
3.909392 -0.846554
3.998706 0.101725
3.709224 -1.497217
3.658011 -1.618319
3.962769 -0.544482
3.765307 -1.349987
3.269497 -2.304428
3.444758 -2.033137
3.675792 -1.577515
3.488557 -1.957030
2.760613 -2.894653
3.988957 -0.297016
3.978951 -0.409818
3.425979 -2.064623
3.997570 -0.139407
3.645779 -1.645689
3.919228 -0.799781
3.966329 -0.517916
3.847634 -1.093485
3.810823 -1.215577
3.985603 0.339073
3.684283 -1.557581
3.988937 0.297293
3.999480 -0.064506
3.598406 -1.746848
3.986063 0.333615
3.545130 -1.852581
3.945642 -0.657197
3.948730 -0.638384
3.988922 -0.297498
3.946101 -0.654434
3.354067 -2.179503
3.996448 -0.168545
3.989091 0.295217
3.543809 -1.855106
3.866561 -1.024551
3.548494 -1.846128
3.563497 -1.817000
3.996445 -0.168603
3.954854 -0.599272
3.912868 0.830341
3.999952 0.019501
3.999332 -0.073098
3.804207 -1.236127
3.421221 -2.072498
3.792297 -1.272196
3.882413 -0.962739
3.999474 0.064886
3.674380 -1.580800
3.795346 -1.263071
3.965136 -0.526968
3.992302 0.248042
3.904136 -0.870471
3.541662 -1.859202
3.820345 -1.185311
3.926053 -0.765579
3.802568 1.241161
3.723608 -1.461077
3.993039 0.235884
3.989740 0.286315
3.915120 -0.819657
3.902612 0.877278
3.793342 1.269077
3.889664 -0.933012
3.999627 0.054631
3.981341 0.385902
3.524223 -1.892050
3.846464 -1.097594
3.882668 -0.961712
3.541322 -1.859850
3.956213 -0.590235
3.633633 -1.672336
3.855082 -1.066930
3.468719 -1.991982
3.155153 -2.458661
3.960768 -0.558851
3.839184 -1.122793
3.984080 -0.356522
3.888311 0.938636
2.955427 2.695450
3.536890 -1.868263
3.940956 0.684740
3.967577 0.508262
3.978121 0.417796
3.698836 -1.522700
3.913057 -0.829447
3.005608 -2.639379
3.442168 -2.037519
3.966698 -0.515077
3.969383 -0.493961
3.806953 -1.227642
3.254789 2.325156
3.736142 -1.428720
3.974000 0.455332
3.382560 -2.135015
3.897678 -0.898949
3.962124 -0.549160
3.614451 1.713401
3.205807 -2.392237
3.975529 -0.441775
3.440839 -2.039761
3.877223 -0.983433
3.849784 -1.085893
3.995225 -0.195381
3.879570 -0.974134
3.993414 -0.229438
3.975531 0.441758
3.999589 0.057359
3.661534 1.610331
2.754330 -2.900632
3.071171 -2.562793
2.937164 -2.715339
3.998108 -0.123027
3.614981 -1.712283
3.523725 -1.892978
3.783259 -1.298826
3.999176 0.081210
3.386554 -2.128673
3.980867 0.390761
3.967040 -0.512439
3.925075 -0.770576
3.973545 -0.459278
3.579465 -1.785339
3.122341 -2.500197
3.923498 -0.778566
3.960137 0.563305
3.816245 -1.198445
3.967647 -0.507717
3.887207 -0.943198
3.864952 -1.030604
3.854966 -1.067352
3.860385 -1.047582
3.964468 -0.531971
3.087129 -2.543548
3.999594 -0.057021
3.985805 -0.336687
3.120519 -2.502471
3.978187 -0.417164
3.610637 -1.721424
3.987001 -0.322212
3.941016 -0.684391
3.974223 0.453374
3.998997 0.089574
3.997733 -0.134655
3.966109 0.519596
3.723248 -1.461994
3.998408 0.112836
3.733650 -1.435220
1.980194 -3.475461
3.997510 -0.141117
3.618696 1.704417
3.993083 -0.235128
3.993532 -0.227384
3.937902 0.702086
3.997976 -0.127221
3.885813 -0.948924
3.387453 -2.127244
3.925345 -0.769198
3.985922 -0.335300
3.564540 -1.814952
3.627522 -1.685551
3.953103 -0.610716
3.999923 -0.024742
3.936416 0.710370
3.968844 -0.498277
2.809235 -2.847490
3.216999 2.377166
3.913605 -0.826860
3.687910 -1.548973
3.948690 0.638628
2.807959 -2.848749
3.918031 -0.805624
3.809860 -1.218592
3.935887 -0.713297
2.599140 -3.040473
3.985655 0.338459
4.000000 0.001165
3.943107 -0.672238
3.808254 -1.223601
3.115360 -2.508890
3.781734 -1.303260
3.934504 -0.720889
3.995878 -0.181544
2.224502 -3.324394
3.845802 -1.099914
3.900684 0.885813
3.338956 -2.202584
3.411951 -2.087724
1.903641 -3.517976
1.744141 -3.599719
3.745362 -1.404372
3.562115 -1.819708
3.269120 -2.304963
3.836791 -1.130943
3.943105 -0.672250
3.825938 1.167131
1.010840 -3.870168
3.799195 -1.251446
2.472092 -3.144640
3.712945 -1.487965
2.334772 -3.247898
2.650181 -2.996088
1.288860 -3.786666
3.998497 -0.109653
3.985119 -0.344712
2.488976 -3.131293
3.686411 -1.552537
1.971877 -3.480187
3.136395 -2.482544
3.793322 1.269137
2.473362 -3.143641
3.573447 -1.797353
2.425155 -3.180978
2.031887 -3.445495
2.809114 -2.847609
3.215637 -2.379008
3.996474 -0.167905
3.580005 1.784254
2.613994 -3.027712
3.495223 1.945101
3.930996 -0.739776
3.367007 -2.159459
3.892041 -0.923046
3.133602 -2.486068
3.670632 -1.589485
3.999943 -0.021318
2.551695 -3.080398
3.461104 -2.005183
3.883610 -0.957902
3.743799 -1.408535
2.443803 -3.166674
0.956219 -3.884024
1.152713 -0.577435
3.994446 0.210717
1.549724 -3.687595
1.923192 -3.507326
1.545630 -3.689313
3.902686 -0.876952
2.963048 -2.687071
3.972555 -0.467771
3.927946 -0.755803
3.960256 0.562467
1.705722 -3.618081
3.419228 2.075784
3.867436 -1.021245
3.641273 -1.655636
3.236917 -2.349972
3.653899 -1.627583
3.392853 -2.118619
3.121722 -2.500971
3.415035 -2.082675
2.340692 -3.243634
3.895972 0.906314
3.495523 -1.944560
3.683644 -1.559091
2.484629 -3.134744
3.563486 -1.817021
1.397372 -3.747980
3.428605 -2.060259
3.328710 -2.218037
3.854041 1.070687
3.090106 -2.539930
0.115302 -3.998338
2.896109 -2.759086
2.994807 -2.651628
3.093068 -2.536322
3.625613 -1.689653
3.741910 -1.413544
3.999997 0.005139
2.582373 -3.054726
3.999975 -0.014134
3.669581 -1.591909
3.882851 -0.960972
3.898657 -0.894692
3.344797 -2.193703
2.490635 -3.129974
2.525805 -3.101663
2.825078 -2.831773
3.335578 -2.207695
3.710644 1.493694
1.423664 -3.738072
2.751408 -2.903404
2.078862 -3.417357
1.253768 -3.798429
3.996750 0.161211
3.830283 -1.152794
3.988645 -0.301188
3.533854 -1.874000
3.835205 -1.136310
1.931277 -3.502880
3.608010 -1.726923
3.909093 0.847933
2.740082 -2.914095
3.329140 -2.217392
3.989467 -0.290089
3.907558 0.854981
3.511983 -1.914673
2.715155 -2.937335
3.491710 -1.951400
3.732134 -1.439158
0.771550 -3.924884
3.192187 -2.410383
3.511969 -1.914699
3.774083 -1.325255
2.555816 -3.076980
3.692235 -1.538635
3.466292 -1.996202
3.897978 -0.897647
2.668556 -2.979733
3.663246 -1.606433
3.885411 -0.950567
3.759769 -1.365334
2.884517 -2.771202
3.353290 -2.180699
3.547110 -1.848787
2.301649 -3.271454
3.863835 -1.034785
3.781903 -1.302769
2.622732 -3.020145
3.232355 -2.356243
3.346308 2.191397
2.204255 -3.337852
3.923133 -0.780404
3.075453 -2.557652
3.122890 -2.499512
3.712196 -1.489832
3.056842 -2.579868
2.493921 -3.127356
2.805689 -2.850984
2.539594 -3.090382
2.773023 -2.882767
3.974466 -0.451247
2.919519 -2.734303
3.479111 -1.973775
3.493167 -1.948790
3.933168 0.728139
2.795210 -2.861258
3.528270 -1.884492
2.811765 -2.844992
2.681088 -2.968462
3.687015 -1.551104
2.557968 -3.075191
0.740616 -3.930838
3.185217 -2.419585
3.758499 -1.368827
3.983122 0.367065
3.970736 0.482962
1.477507 -3.717119
3.872208 -1.003000
3.242330 -2.342498
3.669066 -1.593097
2.927783 -2.725452
3.828217 -1.159637
3.719449 1.471632
3.111243 2.513994
0.437969 -3.975951
2.295576 -3.275718
0.990889 -3.875324
3.123156 -2.499180
3.963602 -0.538386
3.333743 -2.210466
3.386954 -2.128037
3.075168 -2.557996
1.260268 -3.796278
1.735923 -3.603689
1.246160 -3.800932
3.608083 -1.726770
3.511501 -1.915557
3.799686 -1.249954
2.144737 -3.376404
3.870292 -1.010365
3.939203 -0.694750
1.601116 -3.665573
3.561842 -1.820242
1.178578 -3.822428
3.938733 -0.697409
3.999993 0.007532
2.834123 -2.822720
3.999294 -0.075159
