2.790941 2.865422
-0.084487 3.999108
-0.297160 3.988947
3.961925 0.550593
1.160052 3.828091
2.352102 3.235370
3.985212 0.343637
2.700570 2.950750
-0.121429 3.998156
1.793075 3.575595
2.884107 2.771629
1.146953 3.832036
0.293769 3.989198
1.623508 3.655711
3.181307 2.424724
1.782949 3.580655
3.282135 2.286392
1.977272 3.477124
1.771804 3.586183
-3.347797 2.189122
3.716783 1.478351
0.932792 3.889717
3.368164 2.157654
1.396521 3.748297
0.403604 3.979586
-0.160960 3.996760
0.937178 3.888663
2.884134 2.771601
2.418936 3.185710
-0.295778 3.989049
3.095436 2.533431
0.191587 3.995409
2.144877 3.376315
3.195998 2.405327
-0.862810 3.905837
1.430417 3.735493
2.410431 3.192150
1.387130 3.751782
0.049373 3.999695
2.372346 3.220555
1.649196 3.644194
1.042988 3.861629
1.404983 3.745133
-3.789403 1.280789
1.442721 3.730758
-0.199116 3.995041
3.532615 1.876334
2.970351 2.678995
1.653327 3.642322
3.660108 1.613570
1.299482 3.783034
1.325846 3.773875
0.466880 3.972659
1.087988 3.849192
2.256318 3.302882
-1.572739 3.677838
2.405664 3.195744
-2.476722 3.140995
2.053104 3.432894
-0.250406 3.992154
2.608133 3.032761
3.053549 2.583765
-2.190878 3.346648
0.624457 3.950956
1.261421 3.795895
2.324093 3.255548
2.746370 2.908170
-0.113424 3.998392
2.336332 3.246776
-0.454955 3.974043
0.946434 3.886420
-2.622583 3.020275
1.909134 3.514998
1.979134 3.476065
-0.045115 3.999746
0.916477 3.893593
2.759832 2.895398
1.394498 3.749050
-0.645810 3.947522
0.016452 3.999966
1.944405 3.495610
1.384468 3.752765
3.286702 2.279823
2.612207 3.029253
2.523654 3.103413
0.803487 3.918470
1.706433 3.617746
0.593209 3.955768
2.059532 3.429042
2.835548 2.821288
2.767666 2.887910
2.179949 3.353778
3.461850 2.003894
-2.821160 2.835676
3.630774 1.678536
1.855370 3.543671
2.349247 3.237443
2.894911 2.760342
0.089164 3.999006
0.160568 3.996776
-3.059737 2.576433
-0.582027 3.957429
0.862089 3.905996
0.069411 3.999398
1.893147 3.523633
1.809836 3.567141
2.169821 3.360339
2.786620 2.869625
3.527433 1.886058
2.335246 3.247557
1.167934 3.825694
3.348999 2.187283
3.343001 2.196440
1.362320 3.760862
3.656458 1.621825
-2.151948 3.371813
3.388031 2.126322
3.748042 1.397205
1.394435 3.749073
-0.314415 3.987624
-0.518766 3.966218
0.929528 3.890498
1.201503 3.815284
2.586642 3.051112
3.447474 2.028526
3.121469 2.501286
1.943720 3.495991
2.720199 2.932664
0.794963 3.920208
2.337385 3.246018
2.694932 2.955900
0.779787 3.923255
2.015300 3.455223
2.909250 2.745225
2.716773 2.935838
-2.868022 2.788270
1.520813 3.699612
1.807563 3.568293
0.217992 3.994056
1.693360 3.623884
-3.332123 2.212906
0.137795 3.997626
-0.128597 3.997932
0.272457 3.990710
3.263938 2.312295
-2.258558 3.301350
2.017734 3.453802
2.372643 3.220336
1.563842 3.681630
1.644010 3.646537
1.982555 3.474115
0.122346 3.998129
1.981019 3.474991
-0.036589 3.999833
2.740711 2.913503
2.109277 3.398669
1.832918 3.555336
1.918676 3.509798
1.947953 3.493634
-0.655012 3.946006
-0.775866 3.924033
1.591777 3.669638
1.034701 3.863857
1.150141 3.831080
1.155717 3.829402
-0.152920 3.997076
0.130428 3.997873
1.996440 3.466154
1.347182 3.766311
2.258035 3.301708
2.427986 3.178818
1.247079 3.800631
1.141642 3.833621
2.328335 3.252515
-1.036839 3.863284
-0.097530 3.998811
1.091861 3.848096
1.721729 3.610492
1.635254 3.650472
2.044487 3.438033
0.834870 3.911904
0.681086 3.941589
3.298659 2.262487
1.617188 3.658511
1.547093 3.688700
1.909637 3.514724
2.310379 3.265295
-2.115025 3.395095
1.888799 3.525966
0.878580 3.902319
1.481588 3.715494
2.960836 2.689507
3.178348 2.428601
3.251325 2.329997
2.264811 3.297064
3.152029 2.462664
2.130363 3.385492
2.273222 3.291271
-2.838185 2.818635
2.885482 2.770198
-3.785808 -1.291379
-3.641089 -1.656041
-3.905006 -0.866560
-3.793602 1.268301
-1.994038 -3.467537
-3.994291 0.213626
-3.893204 -0.918129
-3.722207 -1.464641
-2.709128 -2.942894
-3.872487 1.001920
-3.449585 -2.024935
-1.679415 -3.630367
-3.880160 -0.971779
-3.998039 0.125226
-3.526157 -1.888443
-3.663581 -1.605669
-3.516605 1.906172
-2.979771 -2.668514
-3.862556 -1.039550
-3.922170 0.785230
-3.973723 -0.457744
-3.724067 -1.459906
-2.823279 -2.833566
-3.973892 -0.456269
-3.717595 -1.476308
-3.507054 -1.923687
-1.857150 -3.542738
-3.159324 -2.453298
-3.556694 1.830280
-3.949060 -0.636337
-3.995886 -0.181380
-3.985967 -0.334759
-3.869362 -1.013920
-2.286740 -3.281893
-3.920630 -0.792881
-3.890037 0.931455
-3.397702 -2.110835
-3.942285 -0.677045
-3.367212 -2.159140
-3.582294 -1.779655
-3.275662 -2.295656
-3.678509 -1.571168
-3.931541 -0.736874
-3.883040 -0.960209
-3.999876 -0.031488
-3.410559 -2.089997
-3.537450 -1.867203
-3.944701 -0.662825
-3.983650 0.361294
-3.791225 -1.275388
-3.962810 -0.544186
-3.997418 -0.143690
-3.992193 -0.249796
-3.279111 -2.290727
-3.831909 1.147378
-2.952403 -2.698762
-3.061516 -2.574319
-3.971479 0.476815
-3.979103 0.408335
-3.999841 -0.035648
-3.757059 -1.372774
-3.558073 -1.827598
-3.451572 -2.021547
-3.567057 -1.810001
-3.536690 1.868643
-3.998370 0.114190
-3.349725 -2.186171
-3.949342 -0.634588
-3.830158 -1.153208
-3.979790 0.401582
-3.925895 -0.766386
-3.995930 0.180398
-3.800476 -1.247550
-3.977561 -0.423096
-3.924670 -0.772635
-3.997601 0.138510
-3.751483 -1.387940
-3.795753 -1.261847
-3.648236 -1.640235
-3.704886 -1.507919
-2.980741 -2.667430
-3.984960 -0.346541
-3.891461 -0.925488
-2.633549 -3.010717
-3.195549 -2.405923
-3.994019 -0.218660
-2.873898 -2.782213
-3.954070 0.604424
-3.587153 -1.769840
-3.779291 1.310328
-3.841469 -1.114952
-3.848877 -1.089105
-3.980059 0.398914
-3.998674 -0.103005
-3.528940 -1.883236
-3.228350 -2.361727
-3.999670 -0.051397
-3.692480 -1.538047
-3.601894 1.739644
-3.910873 -0.839688
-3.993807 -0.222502
-2.575386 -3.060619
-3.832560 -1.145202
-2.975711 -2.673041
-3.875659 -0.989579
-1.432513 -3.734690
-3.793037 -1.269987
-3.933276 -0.727558
-3.471670 -1.986833
-3.911696 0.835842
-3.134866 -2.484475
-3.985647 -0.338556
-3.769609 1.337927
-3.999949 -0.020179
-3.976966 -0.428647
-3.834170 -1.139799
-3.784764 -1.294434
-3.976528 -0.432694
-3.846895 -1.096085
-3.549937 -1.843352
-3.382385 -2.135291
-3.900587 -0.886239
-3.998137 0.122080
-2.579784 -3.056913
-3.906457 -0.859996
-3.999281 0.075838
-3.487706 -1.958547
-3.701944 -1.515127
-3.863686 1.035339
-3.862948 -1.038091
-3.964767 0.529741
-2.091166 -3.409842
-2.844154 -2.812613
-3.975967 0.437819
-3.474239 -1.982337
-3.985541 0.339796
-3.990015 0.282457
-3.763015 -1.356361
-2.653233 -2.993385
-3.867565 -1.020754
-3.808249 1.223616
-3.082808 -2.548783
-3.997484 0.141840
-3.980920 0.390229
-3.361325 -2.168293
-3.674061 -1.581543
-3.995042 0.199088
-3.743083 1.410436
-3.940296 0.688524
-3.041723 -2.597676
-3.798535 -1.253447
-1.168374 -3.825559
-3.798898 -1.252347
-3.957644 0.580561
-3.863122 -1.037442
-3.982924 0.369212
-3.725810 -1.455451
-3.983567 0.362204
-3.801712 -1.243778
-2.674270 -2.974606
-3.997756 -0.133957
-3.926180 0.764928
-3.973672 -0.458180
-3.251885 -2.329216
-2.997498 -2.648585
-2.555559 -3.077193
-1.399737 -3.747097
-3.877545 0.982163
-3.861836 -1.042221
-2.942981 -2.709033
-3.999758 -0.044021
-3.923360 -0.779262
-3.918784 0.801955
-3.996957 -0.155993
-3.451071 -2.022402
-2.528277 -3.099647
-3.994131 0.216606
-3.714571 -1.483902
-3.925833 0.766702
-3.349621 -2.186330
-3.616098 -1.709922
-3.943826 0.668009
-3.993298 0.231447
-3.837702 1.127848
-3.989591 0.288388
-3.857462 -1.058296
-1.615659 -3.659186
-3.562786 -1.818394
-3.937606 0.703748
-3.521226 -1.897621
-3.705555 -1.506275
-3.826174 -1.166358
-3.998162 -0.121233
-3.866205 1.025894
-3.987383 0.317453
-3.716310 -1.479541
-3.986809 -0.324580
-3.997151 -0.150933
-3.953390 -0.608858
-2.224156 -3.324625
3.996372 -0.170318
3.931730 0.735864
3.717309 1.477028
3.899117 -0.892687
3.728600 1.448288
2.117277 -3.393691
2.423312 -3.182383
3.599676 -1.744228
3.663272 1.606373
3.812269 -1.211035
3.777603 -1.315187
3.854370 -1.069502
3.202628 2.396492
3.392471 2.119230
3.841823 -1.113730
2.574081 -3.061716
3.798217 1.254413
3.400769 -2.105889
2.959859 2.690582
3.999900 -0.028241
3.839919 -1.120277
2.499914 3.122568
3.743784 -1.408573
3.880026 -0.972314
3.310866 2.244586
3.947593 0.645375
3.869611 -1.012973
3.684330 -1.557470
3.772666 -1.329282
3.164135 2.447089
2.632128 -3.011960
3.977105 0.427355
3.491382 1.951986
3.794895 1.264424
3.595164 1.753510
3.045468 2.593285
3.645564 1.646165
2.811515 -2.845239
3.920779 -0.792146
3.740776 1.416543
3.277843 2.292541
3.940654 -0.686471
3.823508 -1.175067
3.940906 -0.685027
3.733224 -1.436328
3.488674 -1.956823
2.335391 -3.247452
3.464522 -1.999271
3.761029 1.361859
2.202357 3.339105
3.896498 -0.904048
3.982122 0.377759
3.830425 1.152323
3.546318 1.850305
2.278969 -3.287294
2.937988 2.714448
3.784230 -1.295995
3.219658 -2.373563
3.876228 -0.987349
3.710147 1.494929
3.712607 -1.488808
3.966900 -0.513523
3.993622 0.225797
3.093241 2.536112
3.881432 0.966687
3.420609 -2.073507
3.020844 -2.621927
3.688253 -1.548156
3.991218 -0.264906
3.017540 -2.625729
3.554827 1.833904
3.892839 -0.919676
1.630174 -3.652743
3.458254 2.010095
3.998310 0.116262
3.671508 -1.587460
3.463189 -2.001581
3.290759 2.273962
3.636972 1.665063
3.992485 -0.245087
3.066710 -2.568130
3.971760 0.474471
3.378538 -2.141374
3.473190 1.984175
3.917099 0.810144
3.799412 1.250788
3.607033 -1.728964
3.669168 1.592861
2.414793 -3.188852
3.926857 0.761440
3.355157 2.177826
3.552671 -1.838078
3.607098 1.728828
3.854919 -1.067522
3.696564 -1.528205
3.806333 1.229564
3.076163 -2.556799
3.982971 -0.368707
3.999600 -0.056589
3.940373 0.688083
3.794282 1.266265
3.681077 -1.565142
3.782213 1.301871
3.986866 0.323881
3.235753 2.351574
3.248826 -2.333480
3.987517 -0.315763
3.993370 -0.230208
3.873486 -0.998050
3.065772 -2.569249
3.866081 -1.026362
2.619272 -3.023147
3.876487 -0.986331
2.829241 -2.827614
3.466718 -1.995462
3.965120 0.527089
2.835648 -2.821187
3.891412 -0.925697
3.981422 -0.385065
3.934831 -0.719103
3.451468 -2.021724
3.440755 2.039903
3.669213 -1.592758
3.514391 -1.910250
3.911503 -0.836747
3.378394 2.141600
3.860521 1.047082
3.161263 -2.450799
2.623343 3.019614
2.577071 -3.059200
3.388360 -2.125798
3.915124 -0.819635
1.868198 -3.536925
3.873973 -0.996159
3.956594 0.587679
3.856831 -1.060592
3.584596 -1.775012
1.757624 -3.593154
2.785863 -2.870360
2.196497 -3.342963
3.741650 -1.414233
3.824918 -1.170470
3.447078 2.029200
3.230510 2.358772
3.545301 1.852253
3.781226 -1.304734
3.988365 -0.304873
3.090427 -2.539539
3.997686 -0.136042
3.797563 -1.256391
3.677556 -1.573398
3.632307 -1.675215
3.558881 -1.826025
3.865081 -1.030119
3.195720 2.405695
3.830252 -1.152897
3.754675 1.379281
3.403700 2.101149
3.195669 -2.405764
3.857987 1.056379
3.487784 1.958408
3.242389 -2.342416
3.930123 -0.744404
3.619105 1.703550
3.736564 1.427617
3.569923 -1.804343
3.699632 -1.520763
2.975634 -2.673126
3.584928 1.774342
2.558090 -3.075090
3.946971 0.649169
3.828839 -1.157580
3.411608 -2.088284
3.543217 -1.856235
3.522037 1.896115
3.906630 -0.859210
2.003733 3.461944
3.768900 1.339923
3.920923 -0.791432
3.794723 -1.264942
3.677597 -1.573302
3.529276 1.882607
3.715262 -1.482170
3.688909 -1.546592
2.640180 -3.004904
3.773855 1.325904
3.981049 0.388907
3.782067 -1.302294
3.788073 -1.284719
3.668085 -1.595354
3.998360 0.114534
3.792098 1.272788
3.647960 1.640850
3.825147 1.169722
3.814620 -1.203608
3.954050 0.604556
3.817158 1.195536
2.291060 -3.278878
3.697160 -1.526764
3.810038 -1.218037
3.973325 -0.461181
3.677570 -1.573365
3.021802 -2.620822
1.753390 -3.595222
3.189998 -2.413278
3.992911 -0.238039
3.976441 0.433495
0.748096 -3.929421
1.142436 -3.833385
3.983375 -0.364317
2.569323 -3.065710
3.696141 -1.529230
3.995197 -0.195952
2.502441 -3.120543
3.927167 -0.759843
3.470002 -1.989745
1.728037 -3.607476
3.996838 -0.159008
3.895156 0.909814
3.681949 -1.563091
0.985917 -3.876592
3.985652 0.338495
2.392572 -3.205557
3.803498 1.238306
0.687372 -3.940497
2.496787 -3.125068
3.993289 -0.231614
3.999075 0.086036
3.956741 0.586687
3.699884 -1.520151
3.468700 -1.992014
3.856011 -1.063568
0.719371 -3.934781
0.924317 -3.891740
3.999987 0.010328
1.621222 -3.656725
3.747853 1.397712
3.882371 -0.962909
3.122841 -2.499572
3.913212 -0.828719
3.989843 0.284873
3.991166 0.265693
3.958538 -0.574437
3.832485 -1.145452
3.929722 -0.746516
3.723426 1.461540
3.736355 -1.428162
0.581971 -3.957437
3.894939 -0.910742
3.829191 -1.156415
3.999886 0.030145
3.967228 0.510980
3.880856 -0.968998
3.937452 0.704607
3.988623 0.301480
3.993166 -0.233717
2.989108 -2.658050
0.693784 -3.939373
3.928892 -0.750871
3.001533 -2.644012
3.158006 2.454995
3.816741 -1.196866
3.930830 0.740661
3.882930 0.960655
3.819518 1.187974
3.970706 0.483214
3.995675 0.185963
4.000000 0.000844
1.225920 -3.807508
2.491330 -3.129421
3.819034 1.189530
0.779009 -3.923410
3.205983 -2.392001
3.959809 -0.565611
3.995219 -0.195521
1.325793 -3.773893
3.881213 -0.967566
0.693899 -3.939353
3.947274 -0.647323
3.933598 -0.725812
0.951413 -3.885204
3.981687 0.382321
2.981852 -2.666188
3.988861 -0.298312
3.977625 -0.422494
2.837162 -2.819665
3.116065 -2.508015
3.930794 -0.740850
3.979669 0.402785
3.564865 -1.814315
0.440563 -3.975664
3.959740 0.566088
3.684576 -1.556889
3.999998 -0.004071
3.999450 -0.066328
1.552500 -3.686427
3.287351 -2.278886
1.296888 -3.783924
3.686543 1.552225
3.852167 1.077409
3.882691 -0.961618
3.914391 -0.823132
3.938450 0.699009
3.974230 0.453316
3.955881 -0.592454
3.484439 1.964354
1.142570 -3.833345
3.819692 -1.187414
3.774633 -1.323685
3.996119 0.176159
3.976237 0.435358
3.214707 -2.380265
3.998054 -0.124759
3.850820 -1.082215
2.266350 -3.296006
3.756595 -1.374043
2.113608 -3.395977
1.164022 -3.826886
3.995735 -0.184658
0.843373 -3.910080
3.821395 -1.181921
3.999623 0.054937
3.944703 -0.662812
3.999861 0.033364
3.994485 -0.209966
3.911502 -0.836749
1.337671 -3.769700
3.997360 0.145295
3.691598 -1.540163
3.999829 -0.037030
3.641801 1.654473
3.864699 1.031553
3.879319 -0.975134
1.834818 -3.554355
2.058238 -3.429819
3.884624 0.953780
3.892126 -0.922690
2.499268 -3.123085
3.998580 -0.106585
3.562398 -1.819154
2.966822 -2.682902
3.734898 1.431971
3.941313 0.682683
3.994632 0.207164
2.631527 -3.012485
3.989132 -0.294665
3.972877 0.465028
2.848666 -2.808042
3.988842 0.298563
3.077235 -2.555509
1.112400 -3.842209
2.968333 -2.681231
3.788502 -1.283452
0.779795 -3.923254
1.364368 -3.760120
1.233127 -3.805180
3.827881 -1.160744
2.572972 -3.062648
2.116704 -3.394049
1.927516 -3.504951
3.119339 -2.503942
3.938684 0.697688
3.150141 -2.465078
3.654487 -1.626261
3.911421 0.837131
2.489560 -3.130829
3.662601 -1.607903
3.668784 -1.593745
3.999669 -0.051455
3.979547 0.403987
2.088171 -3.411677
3.139741 -2.478311
1.728398 -3.607304
3.802325 -1.241905
3.998713 0.101446
3.260265 2.317471
3.971516 -0.476510
3.966673 -0.515274
3.987736 0.312988
1.898823 -3.520578
3.995175 0.196408
3.944062 -0.666613
3.563032 1.817912
0.089852 -3.998991
3.930493 -0.742446
3.980690 -0.392563
3.995543 -0.188771
3.984554 0.351179
1.349430 -3.765507
3.756537 1.374202
3.287586 -2.278547
2.751775 -2.903056
3.180029 2.426400
3.592228 -1.759517
3.559874 -1.824089
2.525952 -3.101542
3.997883 0.130129
3.987929 0.310515
3.999970 0.015410
3.563036 -1.817905
