-0.488251 3.970090
-1.349640 3.765431
-0.239355 3.992832
0.550743 3.961904
3.025972 2.616007
2.260204 3.300224
0.135411 3.997707
-1.245415 3.801176
2.331410 3.250312
1.587840 3.671344
0.695174 3.939128
0.364689 3.983341
0.451227 3.974468
-0.807841 3.917575
-2.680437 2.969050
-0.394172 3.980531
-0.625345 3.950816
-1.236404 3.804117
-0.223594 3.993746
-0.063674 3.999493
-0.301595 3.988614
-0.393023 3.980645
2.194951 3.343978
0.096088 3.998846
2.015470 3.455124
-0.026168 3.999914
0.973667 3.879687
2.527562 3.100230
-0.185755 3.995685
-0.688841 3.940241
-2.207993 3.335381
-0.862442 3.905918
0.264926 3.991217
-1.585761 3.672242
-0.067029 3.999438
-0.383108 3.981611
-2.527204 3.100522
2.410535 3.192071
0.259891 3.991548
0.408779 3.979058
1.978928 3.476183
-0.756928 3.927730
1.296613 3.784018
0.157177 3.996911
0.875985 3.902903
0.820033 3.915041
1.358467 3.762256
-1.847740 3.547655
1.857213 3.542705
-1.231907 3.805576
0.602209 3.954408
1.976756 3.477418
0.469273 3.972377
0.848303 3.909013
1.305018 3.781128
0.305255 3.988335
1.767521 3.588296
-1.578831 3.675227
3.374584 2.147600
-1.431370 3.735128
0.439449 3.975787
-0.352204 3.984464
0.340566 3.985475
0.780433 3.923127
1.545032 3.689563
-1.495151 3.710057
-0.859115 3.906651
-0.819072 3.915242
-0.270508 3.990843
-1.311201 3.778988
2.323335 3.256089
0.610625 3.953117
-0.765067 3.926152
2.045141 3.437644
-0.180169 3.995940
0.637000 3.948953
0.731524 3.932540
1.394498 3.749050
-1.022865 3.867008
-0.257941 3.991675
1.653454 3.642264
-1.525218 3.697798
0.084934 3.999098
2.193018 3.345246
1.248577 3.800139
1.317313 3.776862
-0.397279 3.980222
0.219992 3.993946
1.162179 3.827446
3.001093 2.644512
2.193927 3.344650
-2.372233 3.220638
2.280658 3.286122
-0.092705 3.998926
2.067138 3.424462
0.379271 3.981979
-1.039948 3.862448
2.195348 3.343718
1.247271 3.800568
0.766496 3.925874
-2.158483 3.367633
-0.212654 3.994343
-0.158550 3.996857
-0.025840 3.999917
1.376099 3.755842
2.228237 3.321891
-0.007174 3.999994
0.131931 3.997824
-0.052525 3.999655
0.384083 3.981517
1.590674 3.670117
2.953651 2.697396
1.005869 3.871463
-1.164808 3.826646
-1.663150 3.637847
1.600136 3.666001
-0.224718 3.993683
0.311780 3.987831
1.344170 3.767387
-0.369920 3.982858
0.580836 3.957604
-0.203467 3.994822
1.570394 3.678840
-1.077172 3.852233
1.012032 3.869857
2.785318 2.870889
0.493271 3.969469
-1.761901 3.591059
2.025041 3.449523
1.192028 3.818255
3.929698 0.746639
1.843598 3.549809
1.427095 3.736763
1.794747 3.574756
0.063807 3.999491
-2.102593 3.402808
-0.765150 3.926136
-1.301814 3.782232
1.342008 3.768158
-0.160307 3.996786
0.363249 3.983472
1.117868 3.840621
0.251358 3.992095
-0.997539 3.873618
-0.817964 3.915474
0.180373 3.995931
-0.688247 3.940345
3.593834 1.756234
-1.161568 3.827631
2.630409 3.013461
-0.673250 3.942935
-0.148918 3.997227
1.019546 3.867884
1.720661 3.611001
1.502083 3.707256
2.881707 2.774124
1.604138 3.664252
-1.243898 3.801673
0.318825 3.987274
-1.163577 3.827021
-2.016998 3.454232
0.537672 3.963699
1.684158 3.628169
2.341974 3.242708
0.282973 3.989978
0.964477 3.881982
0.351053 3.984565
1.238559 3.803416
-1.190643 3.818687
2.728835 2.924629
1.933010 3.501924
-1.261225 3.795960
3.999861 0.033326
1.277477 3.790522
2.389219 3.208058
2.542935 3.087634
0.895968 3.898364
2.869272 2.786984
-1.122931 3.839144
1.395601 3.748640
2.398513 3.201114
-2.776027 2.879874
-0.900429 3.897336
0.864687 3.905421
-0.666961 3.944003
-0.687351 3.940501
0.089333 3.999002
-0.989105 3.875780
-0.047180 3.999722
1.832878 3.555356
1.017682 3.868375
-0.041065 3.999789
1.796443 3.573905
0.983598 3.877181
-1.103353 3.844816
1.642848 3.647061
0.603447 3.954219
-1.047202 3.860488
0.077587 3.999247
-0.009120 3.999990
-3.467624 -1.993887
-3.966899 -0.513529
-2.563013 -3.070987
-3.268820 -2.305389
-3.103226 -2.523883
-3.457979 -2.010568
-3.092353 -2.537194
-3.818137 -1.192406
-2.197652 -3.342204
-3.934420 -0.721347
-3.480724 -1.970929
-3.402133 -2.103686
-3.919984 -0.796067
-3.995352 -0.192773
-3.585042 -1.774112
-3.597552 -1.748605
-3.851770 -1.078825
-1.474319 -3.718385
-3.965683 -0.522834
-3.531445 -1.878535
-0.895906 -3.898378
-2.923984 -2.729527
-3.372408 -2.151015
-2.005643 -3.460837
-3.518137 -1.903342
-3.966638 -0.515540
-2.933467 -2.719333
-3.929209 0.749212
-3.950355 -0.628246
-3.911921 -0.834791
-3.532990 -1.875629
-3.702109 -1.514725
-3.971826 -0.473921
-2.928768 -2.724393
-2.058534 -3.429641
-3.905625 -0.863769
-2.843513 -2.813261
-3.960926 -0.557731
-3.835936 -1.133841
-3.583984 -1.776249
-2.167786 -3.361652
-0.482345 -3.970811
-3.196411 -2.404778
-2.979343 -2.668991
-3.486683 -1.960368
-3.094819 -2.534185
-3.993324 -0.231000
-1.992332 -3.468518
-3.947195 -0.647807
-3.793319 -1.269147
-3.782717 -1.300404
-3.982275 -0.376149
-2.160565 -3.366298
-3.358645 -2.172442
-3.915662 -0.817063
-2.504141 -3.119179
-3.911989 -0.834471
-3.272708 -2.299865
-3.914397 -0.823100
-3.432094 -2.054441
-3.504515 -1.928310
-3.686672 -1.551918
-2.024413 -3.449891
-2.701762 -2.949658
-3.863316 -1.036722
-3.997717 -0.135115
-3.402261 -2.103478
-3.859924 -1.049281
-2.238418 -3.315039
-3.548467 -1.846181
-3.961241 -0.555494
-3.480120 -1.971995
-2.819555 -2.837271
-2.755389 -2.899627
-3.606978 -1.729077
-3.243686 -2.340620
-2.830180 -2.826673
-3.426780 -2.063294
-2.105267 -3.401154
-3.684158 -1.557877
-3.570243 -1.803708
-3.812311 -1.210903
-3.845889 -1.099609
-2.444726 -3.165962
-3.838077 1.126573
-3.693465 -1.535682
-3.574162 -1.795931
-2.287293 -3.281508
-3.958498 -0.574709
-3.159422 -2.453171
-3.630294 -1.679573
-2.305554 -3.268703
-3.935958 -0.712905
-2.045070 -3.437687
-3.702362 -1.514105
-2.161162 -3.365914
-3.882186 -0.963655
-3.902490 -0.877824
-3.971981 0.472618
-3.360912 -2.168933
-3.518415 -1.902829
-3.766852 -1.345671
-3.947050 -0.648688
-3.081608 -2.550234
-3.794259 1.266331
-2.645235 -3.000456
-3.294804 -2.268097
-3.917818 -0.806659
-3.624790 -1.691419
-3.403105 -2.102112
-1.661257 -3.638712
-3.471664 -1.986845
-3.969082 -0.496372
-3.504598 -1.928158
-3.832907 -1.144037
-3.759847 -1.365119
-3.988032 0.309200
-3.875695 -0.989436
-2.929596 -2.723503
-2.496457 -3.125333
-2.296636 -3.274976
-3.232852 -2.355562
-3.829432 -1.155616
-3.358410 -2.172806
-3.501873 -1.933103
-3.725098 -1.457274
-3.270506 -2.302996
-2.835872 -2.820962
-3.775451 -1.321352
-3.952311 -0.615822
-3.638114 -1.662566
-2.604771 -3.035650
-3.997119 0.151791
-3.923549 0.778308
-3.407765 -2.094549
-3.440970 -2.039540
-3.595875 -1.752052
-2.025024 -3.449533
-3.269706 -2.304132
-3.254457 -2.325621
-2.716350 -2.936229
-2.818942 -2.837880
-3.872496 -1.001885
-3.465851 -1.996967
-3.871796 -1.004589
-3.810074 1.217924
-3.647263 -1.642399
-3.172861 -2.435766
-2.828504 -2.828350
-3.808262 -1.223576
-3.913508 0.827316
-3.029314 -2.612137
-3.004386 -2.640770
-3.899018 -0.893118
-3.344475 -2.194194
-3.980017 -0.399330
-3.530533 -1.880250
-2.196691 -3.342835
-3.021551 -2.621112
-3.907619 -0.854702
-3.917314 -0.809107
-3.440893 -2.039670
-3.613348 -1.715726
-3.628609 -1.683210
-3.988123 -0.308015
-3.913928 -0.825327
-3.342359 -2.197416
-3.684901 -1.556117
-3.934900 -0.718720
-3.176011 -2.431657
-3.926592 -0.762809
-3.757351 -1.371973
-3.991232 -0.264700
-1.595112 -3.668190
-3.540928 -1.860599
-2.620990 -3.021657
-3.958793 -0.572678
-3.413961 -2.084435
-1.943282 -3.496235
-3.533758 -1.874181
-3.010122 -2.634229
-3.414167 -2.084097
-3.965199 -0.526493
-3.967378 0.509815
-3.409925 -2.091031
-3.682588 -1.561584
-3.802216 -1.242237
-3.878588 -0.978037
-3.841235 1.115755
-3.992017 -0.252579
-3.745612 -1.403706
-3.699041 -1.522200
-1.715254 -3.613572
-3.995989 -0.179078
-3.877652 -0.981740
-3.657838 -1.618709
-3.846824 -1.096331
-3.881095 -0.968042
-3.350823 -2.184488
-2.204220 -3.337875
2.555308 -3.077401
3.614846 -1.712569
3.190709 -2.412338
3.927552 -0.757847
3.974988 -0.446624
3.266448 -2.308748
3.217928 -2.375908
3.917858 -0.806467
3.891017 -0.927355
3.690016 -1.543951
3.957265 -0.583138
3.972877 0.465023
3.852603 -1.075850
3.448179 -2.027329
3.802129 -1.242503
3.998482 -0.110182
3.832139 1.146607
3.336207 -2.206745
3.993685 -0.224686
3.921426 0.788935
3.456128 -2.013748
1.452934 -3.726793
3.999775 -0.042419
3.928565 -0.752578
3.511405 -1.915734
3.596017 -1.751759
3.805571 -1.231921
3.649098 1.638316
3.938077 0.701109
3.584940 -1.774317
3.981486 -0.384407
3.699541 -1.520985
3.643867 1.649919
3.926607 -0.762732
3.939732 0.691747
2.945309 -2.706503
3.442092 -2.037646
3.990335 0.277897
3.929656 -0.746863
3.744355 -1.407055
3.250441 -2.331229
3.805953 -1.230740
3.855635 1.064930
2.508743 -3.115479
3.556066 -1.831501
3.404607 -2.099679
3.620339 -1.700926
3.998922 -0.092838
3.726051 -1.454835
3.798309 1.254132
3.997983 -0.127001
3.878058 -0.980136
3.760610 -1.363015
3.422202 -2.070878
3.989046 0.295819
3.288678 -2.276971
3.969684 -0.491539
3.767615 -1.343533
3.999092 -0.085219
3.046535 -2.592031
3.910801 -0.840019
3.831695 -1.148091
3.505072 -1.927296
3.775880 -1.320125
3.418935 -2.076266
3.720820 -1.468162
3.675087 -1.579158
3.719790 -1.470770
3.564438 -1.815154
3.881265 -0.967356
3.935781 -0.713884
3.537291 1.867505
2.033856 -3.444333
3.391444 -2.120873
3.151045 -2.463923
2.354439 -3.233669
3.801212 -1.245307
3.326824 -2.220865
3.987136 0.320543
3.880001 0.972418
3.310315 -2.245399
3.922889 -0.781627
3.745478 -1.404062
3.628341 -1.683787
3.929341 -0.748517
3.087634 -2.542935
3.715049 -1.482704
3.994187 -0.215572
3.641552 -1.655022
3.991356 0.262819
3.984442 -0.352451
3.543657 -1.855396
3.945365 -0.658858
3.977452 0.424119
3.765960 1.348164
3.254900 -2.325000
3.950884 -0.624913
3.787355 -1.286833
3.698130 -1.524412
3.472374 -1.985602
3.980078 -0.398720
1.063214 -3.856109
3.969610 -0.492135
3.769995 -1.336840
3.281980 -2.286614
3.332859 -2.211797
3.074369 -2.558956
3.354534 -2.178785
3.833006 -1.143706
3.349811 -2.186040
3.115825 -2.508313
2.836727 -2.820102
3.999956 -0.018858
3.821571 -1.181354
3.720619 -1.468670
3.951577 0.620518
3.957615 0.580761
1.763300 -3.590372
3.999549 0.060059
2.466926 -3.148694
4.000000 -0.001383
3.578731 -1.786809
2.003416 -3.462127
3.963443 -0.539557
3.988248 -0.306389
3.946826 0.650049
3.932939 0.729378
3.421625 -2.071830
3.681686 -1.563709
3.899102 -0.892752
3.531168 -1.879056
3.394192 -2.116474
3.761444 1.360713
3.972725 0.466322
1.055755 -3.858158
2.957455 -2.693224
3.926709 0.762206
3.048076 -2.590218
3.944686 -0.662912
1.809276 -3.567425
2.715746 -2.936788
3.978063 -0.418347
3.819489 -1.188066
3.884403 0.954681
3.868865 -1.015818
3.997012 0.154589
3.901062 -0.884146
3.475419 -1.980268
3.908316 -0.851507
3.979252 -0.406885
3.971611 0.475720
3.475946 -1.979343
3.093484 -2.535815
1.676597 -3.631670
2.731135 -2.922483
3.768235 -1.341793
3.218889 -2.374606
2.512149 -3.112733
2.124037 -3.389464
3.278494 -2.291610
2.518428 -3.107655
3.350121 -2.185564
3.761779 1.359787
3.971204 0.479102
3.608383 -1.726144
3.318715 -2.232965
2.622230 -3.020581
3.795039 -1.263994
3.953971 -0.605074
2.736002 -2.917926
3.153690 -2.460536
3.952382 0.615370
3.830930 1.150642
2.935793 -2.716821
3.777309 -1.316032
3.268390 -2.305998
3.971158 -0.479480
3.934033 -0.723455
3.385284 -2.130693
3.956210 0.590256
3.593445 -1.757029
3.940333 0.688311
2.864201 -2.792195
2.057984 -3.429971
3.703748 -1.510712
3.913738 0.826229
3.999621 0.055038
3.047019 -2.591462
3.991880 -0.254740
3.152726 -2.461771
3.412762 2.086397
3.198863 -2.401516
2.816741 -2.840065
3.982416 -0.374653
3.680612 -1.566236
3.869191 -1.014573
2.960424 -2.689961
3.932977 -0.729173
2.084621 -3.413848
3.997077 0.152877
3.518893 1.901944
3.424554 2.066985
3.958959 -0.571530
3.987995 -0.309674
2.226336 3.323165
3.005915 -2.639030
3.964327 -0.533021
2.491076 3.129623
2.835354 2.821483
3.577256 1.789759
3.655594 -1.623771
2.760646 2.894621
3.611601 -1.719400
2.810766 -2.845978
2.289983 3.279631
3.532069 -1.877362
3.669094 -1.593031
3.668692 1.593956
3.656431 -1.621884
2.379231 3.215472
2.819511 2.837315
2.155369 3.369627
3.069013 2.565377
2.335224 3.247573
1.966710 -3.483109
3.997547 0.140052
3.146323 2.469950
2.950886 -2.700421
2.976413 2.672259
2.756095 2.898955
3.471846 -1.986525
2.755444 2.899574
3.187877 2.416079
0.056279 3.999604
2.439283 3.170157
2.426417 3.180016
3.873183 -0.999225
2.880401 -2.775480
3.930409 -0.742888
2.650033 2.996218
3.832841 -1.144259
3.940831 -0.685456
3.971263 -0.478616
3.973608 -0.458738
3.594008 -1.755877
3.805151 -1.233218
3.523193 -1.893968
0.385617 3.981369
2.793846 -2.862591
3.489106 -1.956052
3.814779 -1.203104
2.864278 2.792116
2.929166 -2.723965
3.874811 -0.992894
3.953530 -0.607950
3.273177 2.299199
2.411333 3.191469
0.090606 3.998974
3.662216 -1.608781
2.194297 3.344407
3.980389 -0.395605
3.999847 0.035028
3.581962 -1.780323
2.791032 2.865334
3.114203 -2.510327
3.986050 -0.333777
3.495213 -1.945118
2.582861 3.054314
3.403203 2.101954
3.621281 1.698919
3.554051 -1.835407
3.331656 2.213610
2.001163 3.463430
3.979925 -0.400242
3.747384 1.398968
3.008860 2.635671
3.047147 -2.591312
2.565172 3.069185
2.912716 2.741548
3.749254 -1.393951
2.095677 3.407072
3.967594 0.508135
3.426241 2.064189
3.096609 2.531998
3.336809 2.205834
3.239235 2.346775
2.132366 3.384231
3.992991 0.236694
2.970391 -2.678950
3.364767 -2.162947
-0.057031 3.999593
3.975483 -0.442198
3.402249 -2.103497
3.934258 -0.722226
3.949717 -0.632248
2.712806 2.939504
2.300266 3.272427
0.068907 3.999406
3.998728 0.100860
3.964567 -0.531230
3.375878 -2.145564
2.744922 2.909537
3.541443 1.859619
3.995810 0.183045
2.165045 3.363418
3.999806 0.039434
3.097605 2.530780
2.660373 -2.987041
3.735832 -1.429532
3.141354 -2.476267
3.124806 2.497116
3.218762 2.374778
2.768304 -2.887299
2.211464 3.333081
2.134999 3.382570
1.490717 -3.711841
3.871114 -1.007213
3.260094 2.317711
2.893186 2.762150
3.430457 2.057175
3.296023 2.266325
3.996259 -0.172951
2.658319 2.988869
1.674982 -3.632415
3.982638 -0.372287
3.950389 -0.628034
3.044404 2.594533
3.974542 0.450577
3.965849 0.521577
2.888353 2.767204
3.993001 -0.236522
3.498675 -1.938884
3.959712 0.566290
3.655603 -1.623750
2.160845 3.366118
2.698660 -2.952497
3.855500 1.065419
3.594811 -1.754233
3.997871 -0.130501
3.383615 2.133342
3.334910 -2.208704
3.812697 -1.209687
3.407444 2.095072
3.453509 -2.018236
2.874107 2.781997
3.998961 0.091167
3.481820 1.968993
3.977948 -0.419437
2.582516 3.054605
2.570894 3.064393
2.811870 2.844888
1.583793 3.673092
3.666271 -1.599518
0.165156 3.996589
2.714166 2.938248
3.641167 1.655870
3.279582 -2.290052
2.354656 3.233511
2.345506 3.240154
2.864879 2.791499
2.531936 3.096659
2.566528 3.068051
2.782986 2.873150
2.791959 2.864431
3.944556 0.663684
3.720887 -1.467991
3.357191 -2.174689
2.971152 2.678106
2.082702 3.415019
3.995537 0.188895
2.953098 2.698002
3.046765 -2.591760
2.257461 3.302101
3.318399 -2.233435
3.987882 -0.311119
3.579380 1.785508
3.330135 2.215898
2.269310 3.293969
3.381587 2.136556
2.437412 3.171596
3.734041 1.434203
3.641620 1.654872
3.888937 -0.936039
2.450778 3.161279
3.345870 2.192065
3.079556 2.552711
2.660898 2.986574
2.053322 3.432764
2.776362 2.879551
0.923618 3.891906
3.054289 2.582889
3.305950 -2.251820
3.404706 -2.099518
3.137640 2.480971
3.740890 1.416242
3.581121 1.782013
3.990187 0.280017
3.985265 0.343019
3.110410 -2.515025
2.776526 -2.879393
