3.797929 -1.255284
2.967949 2.681656
3.956321 -0.589511
-0.224179 3.993713
2.951443 2.699812
2.776915 2.879018
3.870883 -1.008100
1.175681 3.823320
2.779575 2.876449
3.838485 1.125180
3.625792 1.689270
3.832519 1.145337
3.944175 -0.665945
2.724726 2.928458
1.794824 3.574718
2.516571 -3.109160
2.473344 3.143655
2.482629 3.136328
3.802832 -1.240349
3.581540 -1.781172
3.926892 -0.761261
3.981364 -0.385672
1.226933 3.807182
3.827595 -1.161688
3.096735 2.531844
3.610244 -1.722249
2.472877 3.144022
3.124744 2.497193
3.915379 -0.818415
3.382995 2.134326
1.256188 3.797630
2.387881 3.209054
2.513073 3.111987
0.636029 3.949110
3.983799 -0.359651
3.038471 2.601479
2.765848 2.889651
3.034686 2.605893
2.833555 2.823290
3.004517 2.640621
3.064269 2.571041
1.203601 3.814622
3.580037 1.784191
3.787954 -1.285069
2.315953 3.261344
0.849618 3.908727
0.323649 3.986885
0.883094 3.901301
1.126045 3.838232
1.979411 3.475907
0.595176 3.955473
3.975580 0.441325
2.779988 2.876050
1.990231 3.469724
1.866322 3.537915
3.900050 -0.888600
0.624874 3.950890
-0.694034 3.939330
3.131288 2.488983
2.393954 -3.204526
2.047634 3.436160
3.645659 -1.645956
3.840040 -1.119862
0.826280 3.913727
1.730416 3.606336
3.555086 1.833402
3.678231 1.571818
3.992852 0.239024
3.999030 -0.088093
0.507047 3.967733
1.535839 3.693400
3.817144 -1.195580
3.159516 2.453051
3.189368 2.414111
2.675848 -2.973187
1.073140 3.853358
2.075505 3.419398
3.372950 -2.150165
2.943654 2.708303
2.970352 2.678995
2.761511 2.893796
3.780384 -1.307170
2.505893 3.117772
1.761220 3.591393
3.675070 1.579196
1.983736 3.473441
3.824070 -1.173240
1.527856 3.696709
2.883150 2.772624
1.129883 3.837104
3.386395 2.128927
2.739909 2.914258
0.637149 3.948929
3.827181 -1.163051
3.634306 1.670875
2.618392 3.023909
3.151510 2.463327
1.619470 3.657501
1.935824 3.500369
1.979578 3.475813
0.672782 3.943015
3.567793 1.808550
1.289185 3.786556
2.709135 2.942888
1.353568 3.764021
0.945061 3.886754
3.779204 1.310578
1.162577 3.827325
0.922044 3.892279
1.393770 3.749321
3.178839 2.427959
1.518795 3.700441
0.018851 3.999956
2.544064 3.086703
1.270682 3.792805
2.788338 2.867955
3.973969 -0.455597
3.934494 -0.720943
3.421445 2.072128
-1.411083 3.742839
3.295418 2.267205
0.787633 3.921688
1.137831 3.834754
-2.044886 3.437796
2.342024 3.242672
0.824368 3.914131
2.366917 3.224547
1.758415 3.592768
2.693399 2.957296
1.655388 3.641386
3.141366 2.476251
1.683353 3.628543
2.027169 3.448273
2.757082 2.898016
2.502981 3.120110
0.264360 3.991255
3.326548 2.221278
3.995459 -0.190535
2.882197 2.773615
2.422721 3.182832
3.778193 -1.313491
0.721586 3.934376
3.744695 -1.406150
1.598921 3.666531
2.077354 3.418274
3.828258 -1.159502
3.311862 -2.243116
2.373171 3.219947
1.643258 3.646876
1.130897 3.836805
3.811276 -1.214156
2.617124 3.025006
-0.909891 3.895138
0.394345 3.980514
1.967108 3.482885
2.816896 2.839912
3.036296 2.604017
1.846817 3.548136
-1.225168 3.807750
1.511023 3.703621
1.260150 3.796317
3.694428 1.533364
1.778166 3.583033
3.334711 2.209005
2.880379 2.775503
3.384729 2.131574
3.151759 -2.463010
3.946300 -0.653237
1.138178 3.834651
1.750197 3.596778
3.446232 2.030636
1.334273 3.770904
0.142066 3.997476
0.356536 3.984079
3.308372 2.248260
1.810605 3.566751
3.454947 -2.015773
3.261906 2.315161
1.707205 3.617382
2.313759 3.262900
1.639011 3.648787
2.951738 2.699489
2.709330 2.942709
1.093179 3.847721
3.652206 1.631377
1.515510 3.701787
2.140144 3.379317
-0.655290 3.945959
3.546334 -1.850274
1.695218 3.623015
2.504311 3.119043
1.493867 3.710574
2.319531 3.258800
2.370036 3.222256
-0.306762 3.988220
2.459980 3.154124
3.782484 -1.301083
1.030308 3.865031
3.932816 -0.730038
3.953255 0.609734
-2.514661 3.110704
3.065943 2.569045
-3.998786 0.098550
3.366790 2.159797
-3.973426 -0.460311
3.624116 1.692863
-3.130409 2.490089
-3.174891 2.433119
3.039060 2.600791
3.780907 1.305657
-1.836865 3.553298
-3.194432 -2.407406
3.774295 1.324650
2.154577 3.370133
2.328095 3.252688
3.923027 0.780933
3.642071 1.653879
3.651623 1.632682
2.667968 2.980259
1.671068 3.634217
2.785802 2.870420
3.793551 1.268452
-2.461030 3.153305
3.038412 2.601548
3.210306 2.386197
3.337519 2.204760
3.111841 2.513253
3.646428 1.644252
-2.169978 3.360237
3.370978 2.153256
-3.990108 0.281134
-3.987299 0.318505
3.908317 0.851505
3.144006 2.472899
-2.004309 3.461610
3.519097 1.901568
2.465069 3.150148
3.921210 0.790005
3.919061 0.800601
3.960974 0.557391
2.913702 2.740501
3.926779 -0.761846
0.673428 3.942904
2.904852 2.749880
-3.162048 2.449787
3.601205 1.741069
1.969612 3.481469
2.684333 2.965528
-3.308718 2.247752
3.876470 0.986399
2.706105 2.945675
-3.993910 0.220641
3.814535 1.203880
3.821831 1.180511
3.244984 2.338819
3.055356 2.581628
-3.963861 -0.536474
3.545550 1.851776
3.855430 1.065674
-3.868067 1.018852
-3.953355 -0.609083
1.261272 3.795944
3.972603 0.467360
3.713209 1.487306
-1.173999 3.823837
-3.965097 -0.527261
3.621358 1.698755
-3.330242 2.215736
3.659136 1.615774
-2.200164 3.340551
3.628469 1.683511
3.500113 1.936288
3.936436 0.710264
2.050592 3.434395
1.223823 3.808183
-1.284607 3.788111
3.947788 0.644183
-3.910088 0.843333
3.309105 2.247181
-2.844951 2.811806
-3.982536 -0.373370
3.576586 1.791098
3.409964 2.090968
3.504630 1.928099
1.679171 3.630480
3.933614 0.725728
3.688319 1.547999
2.644328 3.001254
1.475438 3.717941
-2.383027 3.212660
3.497832 1.940405
2.915227 2.738878
3.856756 -1.060865
2.519619 3.106689
-2.730542 2.923036
3.658075 1.618173
2.664765 2.983124
3.112587 2.512330
3.167204 2.443117
2.570994 3.064309
1.517085 3.701142
2.457327 3.156192
3.911990 0.834468
-3.987096 0.321033
3.962425 0.546982
-2.900647 2.754314
-2.943042 2.708967
3.521709 1.896726
3.249716 2.332240
3.044015 2.594990
3.919296 0.799450
3.955023 0.598157
3.744027 1.407927
-3.468022 1.993194
-1.253326 3.798575
2.318387 3.259614
3.907171 0.856748
3.544479 1.853826
1.657393 3.640474
1.750418 3.596670
-3.943292 0.671155
3.210411 2.386056
-3.979531 -0.404146
3.663374 1.606141
3.682815 1.561048
3.994145 0.216351
2.137951 3.380705
3.561886 1.820156
-1.105337 3.844246
2.934136 2.718611
3.400704 2.105994
3.346825 2.190608
3.534681 1.872440
3.156729 2.456637
3.451372 2.021889
-0.878300 3.902382
-2.549502 3.082214
3.105406 2.521201
3.825318 1.169162
2.226645 3.322958
3.669035 1.593166
2.829932 2.826921
-3.062444 2.573216
3.998950 0.091631
3.133118 2.486678
3.428670 2.060151
-3.909457 0.846255
3.911021 -0.838995
-2.089762 3.410703
3.713209 1.487305
1.802698 3.570753
3.892858 0.919596
3.057175 2.579473
-1.213824 3.811382
3.359290 2.171445
3.751795 1.387095
2.677004 2.972145
1.784314 3.579975
-2.819735 2.837093
2.921792 2.731874
3.804130 1.236364
-2.312793 3.263585
-3.996580 -0.165377
3.393381 2.117773
0.857630 3.906977
2.510763 3.113851
-2.068187 3.423829
3.456144 2.013720
3.929166 0.749436
-3.961728 0.552009
3.425875 2.064795
-1.567156 3.680220
3.889463 0.933852
3.498151 1.939830
1.534086 3.694128
3.575907 1.792454
-1.019428 3.867915
2.151490 3.372105
-3.855662 1.064835
-3.732625 1.437884
-0.978637 3.878437
-1.144482 3.832775
3.476272 1.978770
-3.995535 -0.188936
3.549963 1.843302
-2.928301 2.724895
2.920274 2.733496
3.102886 2.524301
-1.379720 3.754514
-4.000000 0.001428
-3.061854 2.573917
1.533534 3.694357
-1.559564 3.683444
3.580427 1.783407
3.360893 2.168963
3.318792 2.232849
2.344111 3.241164
3.494808 1.945846
-1.137959 3.834716
-3.036453 2.603834
3.191294 -2.411564
3.320719 -2.229984
3.774311 -1.324605
3.231244 2.357767
3.324303 2.224637
2.906755 -2.747867
3.511269 -1.915984
3.996232 0.173575
3.923322 0.779454
3.855850 -1.064152
3.774472 -1.324145
3.994230 -0.214765
3.967779 -0.506681
3.550219 -1.842809
3.482032 -1.968617
3.649066 -1.638390
3.912733 0.830975
3.594132 -1.755625
1.829468 -3.557112
3.897342 0.900404
3.231217 -2.357803
3.133953 -2.485627
3.143451 2.473603
2.412640 -3.190481
3.903695 0.872447
3.597337 -1.749048
3.988576 -0.302097
3.809100 -1.220967
3.192289 2.410247
3.994218 0.214998
3.653740 1.627938
3.860558 -1.046943
3.965724 0.522528
1.131612 -3.836594
3.994057 -0.217958
3.848971 -1.088772
3.844730 1.103652
3.996840 -0.158974
3.950474 -0.627501
3.343997 -2.194922
3.202952 2.396059
3.947618 -0.645222
3.943172 -0.671859
3.456490 -2.013126
3.989248 0.293092
3.999992 -0.008131
3.763520 -1.354960
2.424074 -3.181802
3.949759 0.631984
3.601334 -1.740803
2.882447 -2.773356
3.943370 -0.670698
3.590725 1.762582
3.099617 2.528314
3.947257 -0.647428
3.942602 0.675195
2.422748 -3.182812
3.504876 -1.927653
3.643244 1.651295
3.621173 1.699148
3.481440 1.969664
1.556615 -3.684691
1.498306 -3.708784
3.919627 0.797825
3.965580 -0.523619
3.464758 -1.998862
3.945406 -0.658612
3.155006 2.458849
3.448608 2.026599
3.854744 -1.068151
1.645821 -3.645720
3.303160 2.255911
3.770774 -1.334640
3.940258 0.688743
3.968230 -0.503142
3.718374 -1.474345
3.963536 -0.538868
3.999732 -0.046340
3.750417 -1.390818
3.613698 -1.714988
2.440406 -3.169293
3.857347 1.058715
3.997435 -0.143227
3.466959 -1.995042
3.833748 -1.141219
3.091574 2.538143
1.211355 -3.812167
3.151660 -2.463136
3.584190 1.775832
1.988217 -3.470878
3.857103 -1.059602
3.928409 0.753394
3.840317 -1.118913
3.625795 -1.689264
3.897256 0.900777
3.970131 -0.487917
3.304280 -2.254269
3.763693 1.354480
3.888724 -0.936922
3.919768 -0.797131
3.994107 -0.217051
3.471818 -1.986575
3.574310 -1.795635
1.490454 -3.711946
3.938432 0.699109
3.624485 1.692073
3.991712 -0.257360
3.978487 0.414291
3.847859 1.092693
3.836794 -1.130935
3.080307 -2.551805
3.396765 -2.112342
3.157714 2.455370
2.349318 -3.237392
3.933358 -0.727113
3.992271 -0.248545
2.469407 3.146749
3.840203 -1.119305
3.608675 -1.725533
3.760531 -1.363235
3.981555 0.383692
3.593062 -1.757812
3.763115 -1.356083
3.996743 0.161398
2.874416 2.781678
3.273243 2.299104
3.893892 -0.915208
3.908157 0.852239
3.775937 -1.319963
3.729622 -1.445656
3.956809 -0.586226
3.396040 -2.113507
3.719880 -1.470543
3.933327 0.727284
2.930015 -2.723052
3.550966 -1.841369
3.260643 2.316939
3.723629 -1.461023
3.612254 -1.718028
3.840078 -1.119732
3.948179 0.641780
3.296942 -2.264988
3.768259 -1.341724
3.498310 1.939544
3.505812 -1.925950
3.499143 -1.938040
3.407789 -2.094511
3.601222 -1.741034
3.856635 -1.061304
3.967533 -0.508606
2.960165 -2.690246
3.074242 -2.559108
3.998756 -0.099746
3.111745 -2.513373
3.846945 -1.095909
3.882390 0.962833
3.867204 -1.022121
3.692525 -1.537940
3.711943 -1.490463
3.999120 -0.083878
3.908501 0.850658
3.849133 -1.088200
3.481646 1.969299
3.826980 -1.163712
3.392145 -2.119753
0.255644 -3.991822
3.987546 -0.315402
3.574923 1.794414
3.839189 -1.122775
1.466356 -3.721532
3.853463 -1.072765
2.803720 -2.852920
3.520069 1.899768
3.955199 0.596993
3.965677 -0.522886
3.553243 1.836971
3.577894 1.788483
3.834405 -1.139008
1.822479 -3.560698
3.757442 -1.371725
3.944248 0.665515
1.985087 -3.472669
2.830745 -2.826107
3.265523 2.310057
3.617213 -1.707564
3.827907 -1.160659
3.926216 0.764739
3.891455 -0.925517
3.945809 0.656195
3.418215 -2.077451
3.882361 0.962948
3.769921 -1.337046
3.253761 -2.326593
3.999970 -0.015535
3.777790 -1.314650
3.920857 0.791759
3.999706 0.048517
3.454271 2.016932
3.949776 0.631875
3.997663 0.136702
1.943656 -3.496026
-1.744196 -3.599692
-3.725162 -1.457108
3.995795 0.183365
2.631898 -3.012161
3.669356 -1.592427
-3.978063 -0.418351
-3.673850 -1.582032
-3.817028 1.195949
-1.436324 -3.733225
-0.194312 3.995278
0.576210 3.958280
1.642257 3.647327
1.383810 -3.753008
-0.155245 3.996986
-2.982730 -2.665206
2.856278 -2.800299
1.907366 -3.515957
-1.725180 -3.608844
-1.673393 -3.633147
-3.478500 -1.974852
3.672308 -1.585610
-3.950958 0.624444
2.153194 -3.371017
-0.634506 -3.949355
1.998827 -3.464779
0.887588 3.900281
3.577331 -1.789609
-0.029296 3.999893
-1.205710 -3.813956
2.907883 -2.746673
2.171010 -3.359571
-3.665296 -1.601751
0.468472 -3.972472
0.904097 -3.896487
0.918770 3.893053
1.420512 3.739271
-3.997553 0.139889
-2.689856 -2.960520
1.834516 -3.554512
3.990469 0.275962
1.919358 -3.509425
3.195609 -2.405843
-3.973576 -0.459011
0.497591 3.968930
3.925277 -0.769545
3.914278 -0.823669
0.799743 -3.919236
-1.881308 -3.529969
3.998689 -0.102395
3.977315 -0.425401
-0.164387 3.996621
1.700813 -3.620392
3.973555 -0.459195
3.978538 0.413803
1.523587 -3.698470
2.585597 -3.051997
2.601178 -3.038729
3.870358 -1.010111
0.652144 3.946481
3.656705 -1.621268
-2.494215 -3.127122
3.686163 1.553128
0.546283 3.962521
3.513434 -1.912010
3.335374 -2.208004
-1.462244 -3.723150
-3.122654 -2.499806
-2.931914 -2.721007
1.004868 3.871723
3.338197 -2.203733
-2.816460 -2.840343
1.747813 -3.597937
-2.421907 -3.183452
2.980916 -2.667235
1.321699 3.775329
-3.799605 -1.250202
-2.130948 -3.385123
1.439135 -3.732143
3.938156 -0.700664
-0.400574 -3.979892
-3.991623 -0.258744
3.176442 -2.431094
0.663717 3.944551
0.698131 3.938606
2.083078 -3.414789
0.499539 3.968685
2.753273 -2.901636
3.999657 0.052360
3.476261 -1.978790
1.682481 -3.628947
3.368969 -2.156398
-2.220767 -3.326890
1.390945 3.750369
2.097461 -3.405974
-2.624184 -3.018883
2.285642 -3.282658
0.087780 -3.999037
3.791530 -1.274479
3.974567 0.450354
3.880497 -0.970436
3.991576 0.259469
2.642832 -3.002572
1.119705 -3.840086
-0.022774 3.999935
2.992876 -2.653807
-3.904690 -0.867984
3.101037 -2.526573
-2.460141 -3.153999
2.999546 -2.646266
1.656159 -3.641035
0.390986 3.980845
3.863149 -1.037343
1.705664 -3.618108
-2.236454 -3.316364
3.632802 -1.674142
-1.791462 -3.576404
-2.697324 -2.953717
0.667106 3.943979
-1.654156 -3.641946
2.090150 -3.410465
2.142699 -3.377698
0.279227 -3.990242
1.713370 -3.614466
-3.944265 -0.665411
3.114987 -2.509354
-3.913428 -0.827695
2.972630 -2.676466
3.711946 -1.490456
-0.568642 3.959374
-2.954303 -2.696683
3.979471 -0.404733
-3.792558 -1.271418
-0.265288 3.991193
-1.432393 -3.734736
-3.921209 -0.790015
3.600521 -1.742483
3.925052 -0.770694
-1.867271 -3.537414
-2.241510 -3.312949
2.960423 -2.689962
-3.101887 -2.525529
0.489851 3.969892
-2.633296 -3.010939
-2.462692 -3.152007
2.894659 -2.760606
-3.464554 -1.999216
3.062997 -2.572557
-0.601456 3.954523
-0.470743 -3.972204
-3.947947 0.643204
2.178696 -3.354591
3.820315 -1.185408
0.611476 -3.952986
-2.523558 -3.103491
-3.464173 -1.999877
-2.959447 -2.691036
0.661176 3.944977
0.927322 3.891025
2.321167 -3.257635
0.663436 3.944598
1.657724 -3.640323
2.265879 -3.296330
-0.158244 3.996869
-2.945435 -2.706365
1.606649 -3.663151
-3.031252 -2.609887
3.183570 -2.421752
-0.654967 -3.946013
-3.998785 -0.098592
0.514010 -3.966837
2.230933 -3.320081
-2.790396 -2.865953
-0.079663 3.999207
3.057560 -2.579016
-0.080473 3.999190
3.972982 -0.464131
-0.295892 -3.989041
0.238997 3.992854
2.148590 -3.373953
3.356508 -2.175742
1.669744 -3.634825
2.433551 -3.174560
1.862906 -3.539715
1.421206 -3.739007
-1.849120 -3.546936
0.332713 3.986139
1.464160 -3.722397
0.904728 3.896340
-2.250714 -3.306703
-0.692432 3.939611
3.317922 -2.234142
2.954444 -2.696527
-0.352467 3.984441
-2.023619 -3.450357
1.504634 -3.706221
3.309530 -2.246555
3.092914 -2.536511
3.022241 -2.620316
3.749592 -1.393041
