-3.691374 1.540701
1.511717 3.703338
-2.052021 3.433542
3.388815 2.125073
3.134769 2.484597
3.391449 2.120866
-1.218684 3.809831
3.925808 0.766834
3.922698 0.782588
-2.852915 2.803725
-3.254408 2.325689
-1.888840 3.525944
1.462525 3.723039
-0.142975 3.997444
-1.071842 3.853720
-3.990170 0.280253
-3.627405 1.685803
-1.161448 3.827668
3.840056 1.119808
-0.552501 3.961659
3.755193 1.377871
3.824770 1.170953
3.670999 1.588636
3.970257 -0.486885
-2.038207 3.441760
1.354428 3.763712
1.695235 3.623007
-1.792219 3.576025
-1.572790 3.677816
-1.582294 3.673737
0.506579 3.967793
-3.752552 1.385046
3.297325 2.264431
3.651868 1.632134
-0.337962 3.985697
-1.021269 3.867429
-0.453560 3.974202
2.028319 3.447596
0.328238 3.986510
3.978842 0.410871
3.991472 0.261061
0.977351 3.878761
-3.781456 1.304066
1.624565 3.655241
-0.152923 3.997076
-2.821980 2.834860
-2.212428 3.332441
-0.374552 3.982425
-0.539529 3.963446
-3.406220 2.097061
-1.860793 3.540826
3.084997 2.546132
-2.965253 2.684636
-1.708931 3.616567
-3.058541 2.577853
-1.480698 3.715849
-3.371631 2.152232
-0.981544 3.877702
3.429101 2.059434
1.806481 3.568841
-3.602129 1.739157
-3.889516 0.933630
-3.041064 2.598448
-2.568234 3.066622
3.274437 2.297404
-3.076606 2.556267
-0.533023 3.964327
-3.127586 2.493633
-0.064113 3.999486
-1.262729 3.795460
2.737569 2.916456
-1.367586 3.758950
-0.535741 3.963960
3.521901 1.896369
-2.871634 2.784550
-1.348657 3.765783
-1.647592 3.644920
3.482905 1.967072
-1.284933 3.788000
3.987204 0.319698
-2.162383 3.365130
-0.655306 3.945957
3.222639 2.369515
3.952406 0.615213
-1.883946 3.528562
-2.666827 2.981280
-2.045221 3.437597
2.179308 3.354194
1.465810 3.721747
-1.714896 3.613742
-2.473321 3.143674
1.833525 3.555022
0.521879 3.965809
-2.445154 3.165631
-2.263964 3.297645
-2.494762 3.126686
-1.888794 3.525969
2.070697 3.422311
-1.784300 3.579982
-1.087067 3.849453
-1.158259 3.828634
-2.833861 2.822983
-1.949416 3.492818
-2.548327 3.083185
1.632251 3.651816
0.798678 3.919453
-2.963643 2.686414
-2.065626 3.425374
2.570683 3.064570
-2.592527 3.046113
-2.218570 3.328355
1.206968 3.813558
-1.165337 3.826485
3.950494 0.627376
-0.970973 3.880362
-3.146248 2.470045
0.035269 3.999845
3.995259 0.194684
-0.840866 3.910619
-2.907694 2.746873
-1.593372 3.668946
-2.939900 2.712376
3.841756 1.113961
-0.993822 3.874573
-3.191048 2.411890
1.970971 3.480700
3.993007 0.236420
3.820630 1.184393
-1.301602 3.782305
-1.052020 3.859178
-2.758601 2.896570
-1.212403 3.811834
3.900266 0.887653
3.605527 1.732101
-2.827933 2.828922
-0.899481 3.897555
-0.077732 3.999245
-2.769416 2.886232
2.497250 3.124699
3.922699 0.782581
-2.717859 2.934832
-1.977694 3.476884
3.992372 0.246916
-1.870930 3.535480
-0.381944 3.981723
-2.066522 3.424834
-2.524538 3.102693
-1.555364 3.685220
3.923559 0.778257
3.956746 0.586652
0.853878 3.907799
3.923480 0.778658
-3.469016 1.991464
-1.838947 3.552221
3.849305 1.087591
3.189424 2.414037
-3.369777 2.155135
-2.055686 3.431349
-0.556225 3.961138
-2.098212 3.405511
-2.349408 3.237326
2.403660 3.197252
-3.726112 1.454678
0.442451 3.975454
-2.395826 3.203126
-0.298297 3.988862
2.776103 2.879800
-0.681194 3.941570
-0.566876 3.959628
2.103721 3.402111
3.965648 0.523104
3.158962 2.453764
-3.449064 2.025823
3.916510 -0.812989
3.919934 0.796313
3.965039 0.527696
3.927037 0.760511
-2.636139 3.008450
1.223618 3.808249
3.925516 0.768327
-0.235946 3.993035
3.138968 2.479291
-1.256926 3.797386
-0.640697 3.948355
1.917825 3.510263
-3.911684 0.835900
-0.683137 3.941234
-1.906132 3.516626
-2.646250 2.999560
-2.325866 3.254281
-0.534371 3.964145
-1.676206 3.631850
3.474841 1.981283
-0.304016 3.988430
3.663001 1.606993
-2.610452 3.030766
-2.251893 3.305901
-1.660977 3.638840
0.248416 3.992279
3.150678 2.464392
2.811560 -2.845194
0.818454 -3.915371
0.860786 -3.906283
2.107074 -3.400035
1.400615 -3.746769
0.346905 -3.984929
1.478103 -3.716882
0.934604 -3.889282
0.757642 -3.927592
2.515793 -3.109789
1.375347 -3.756118
0.914492 -3.894060
2.550501 -3.081387
1.066416 -3.855225
1.598835 -3.666569
1.833394 -3.555090
1.420604 -3.739236
0.854002 -3.907772
1.577463 -3.675814
1.281209 -3.789262
0.329020 -3.986445
1.560082 -3.683225
0.516443 -3.966521
2.250251 -3.307019
2.863209 -2.793212
0.507194 -3.967714
0.556480 -3.961102
0.843631 -3.910024
1.835219 -3.554148
2.752266 -2.902590
0.934376 -3.889337
1.305700 -3.780893
1.132974 -3.836192
2.793653 -2.862779
3.747499 -1.398662
0.689034 -3.940207
1.970807 -3.480793
2.541966 -3.088432
1.026043 -3.866166
1.678217 -3.630921
1.359440 -3.761904
1.866115 -3.538024
2.410480 -3.192113
3.082385 -2.549295
2.026836 -3.448468
3.582915 -1.778404
2.548614 -3.082947
1.992599 -3.468364
1.329045 -3.772750
2.709525 -2.942528
2.736885 -2.917098
2.504223 -3.119113
-0.875083 -3.903105
0.332745 -3.986136
0.500383 -3.968579
1.420399 -3.739314
0.847607 -3.909164
1.287644 -3.787080
-0.050220 -3.999685
3.946560 -0.651665
1.062895 -3.856197
0.768084 -3.925563
3.218734 -2.374816
0.267788 -3.991026
1.277895 -3.790380
3.462749 2.002342
-0.090444 -3.998977
-0.237400 -3.992949
2.134275 -3.383026
2.484005 -3.135238
0.451209 -3.974470
2.570385 -3.064820
0.342809 -3.985283
2.486796 -3.133025
-0.884163 -3.901058
2.390008 -3.207470
3.063718 -2.571699
-0.725267 -3.933699
2.106606 -3.400325
0.420113 -3.977877
2.571877 -3.063568
1.217394 -3.810243
3.079349 -2.552961
2.106712 -3.400259
2.298879 -3.273401
1.658574 -3.639936
1.479346 -3.716388
0.177323 -3.996068
2.568419 -3.066468
-0.808937 -3.917349
2.289335 -3.280083
1.325434 -3.774020
1.284136 -3.788271
2.672985 -2.975761
1.562377 -3.682252
3.346242 -2.191498
2.580512 -3.056298
2.473740 -3.143343
3.384130 -2.132526
1.726534 -3.608196
0.556266 -3.961132
0.545756 -3.962594
1.129034 -3.837354
1.159680 -3.828203
2.904538 -2.750211
0.854635 -3.907633
2.587936 -3.050014
2.475247 -3.142158
2.560071 -3.073441
1.553425 -3.686037
2.040684 -3.440292
0.488695 -3.970035
1.074482 -3.852984
0.166033 -3.996553
0.401187 -3.979830
0.211307 -3.994415
1.185041 -3.820429
1.410918 -3.742901
1.890508 -3.525050
3.208883 -2.388110
2.502624 -3.120396
1.769360 -3.587390
-0.096455 -3.998837
1.252686 -3.798786
0.868892 -3.904488
0.323238 -3.986918
2.349734 -3.237090
0.670192 -3.943456
0.638763 -3.948668
1.826460 -3.558657
-0.493239 -3.969473
3.085499 -2.545524
0.920643 -3.892611
2.382834 -3.212803
2.227884 -3.322128
2.652446 -2.994082
0.416083 -3.978301
-0.974007 -3.879602
3.168576 -2.441337
1.555539 -3.685146
2.162329 -3.365165
1.022781 -3.867030
3.203602 -2.395189
3.657205 -1.620140
1.864941 -3.538643
1.787343 -3.578464
2.417210 -3.187020
2.145103 -3.376171
2.976736 -2.671899
0.575635 -3.958364
0.890514 -3.899613
2.605909 -3.034673
3.244161 -2.339961
2.822766 -2.834077
1.237708 -3.803693
1.089386 -3.848797
1.828027 -3.557853
2.946012 -2.705737
3.469702 -1.990268
1.521206 -3.699450
2.816119 -2.840682
1.861104 -3.540663
-1.831851 -3.555886
2.162355 -3.365148
3.288682 -2.276965
2.671491 -2.977102
1.322569 -3.775025
1.265402 -3.794570
2.544535 -3.086316
0.795969 -3.920004
0.713198 -3.935905
0.654457 -3.946098
2.437024 -3.171895
2.568760 -3.066182
0.490716 -3.969786
2.570347 -3.064851
1.343522 -3.767618
1.443126 -3.730601
1.134790 -3.835655
2.871120 -2.785080
1.859474 -3.541519
0.899049 -3.897654
0.592782 -3.955832
2.295284 -3.275923
1.007252 -3.871104
2.083863 -3.414311
1.284563 -3.788126
1.387758 -3.751550
0.021450 -3.999942
1.841276 -3.551014
3.536428 -1.869137
1.005480 -3.871564
0.157299 -3.996906
3.012071 -2.632000
0.440420 -3.975680
0.877782 -3.902499
3.215546 -2.379130
1.386068 -3.752175
1.129062 -3.837345
1.247806 -3.800392
-2.248638 3.308115
-2.312159 3.264034
-3.140698 2.477098
-1.447331 3.728972
-2.354746 3.233446
-2.268038 3.294845
-3.346281 2.191439
-3.590025 1.764007
3.637401 1.664126
-3.017721 2.625521
3.354037 -2.179549
3.677024 1.574641
3.796904 1.258379
3.847924 1.092465
-3.636813 1.665410
3.818650 1.190760
3.788784 1.282620
-3.611066 1.720523
-3.611376 1.719873
-3.789941 1.279197
-2.987925 2.659381
-3.720312 1.469449
3.985183 -0.343974
-2.304521 3.269432
-2.902110 2.752772
-2.720364 2.932511
3.970610 -0.484003
-1.817700 3.563140
-1.509224 3.704354
3.734713 1.432453
3.412699 -2.086501
3.608770 1.725335
-1.812402 3.565838
3.469302 -1.990965
3.601135 1.741214
-3.890905 0.927826
-3.105097 2.521581
-0.707566 3.936921
-2.185657 3.350060
-1.873396 3.534174
3.780982 1.305439
-2.910807 2.743575
-1.030248 3.865047
-3.737321 1.425634
-2.125464 3.388569
-2.559605 3.073829
-2.163160 3.364631
-2.288541 3.280637
-2.646400 2.999428
-0.961344 3.882759
-3.110708 2.514657
-3.334751 2.208945
3.511690 -1.915210
3.770788 1.334599
3.612681 1.717129
-2.870121 2.786109
3.956612 0.587556
-3.544402 1.853972
-2.230065 3.320664
-3.967178 0.511370
-2.755820 2.899217
-2.750862 2.903921
-1.876901 3.532314
3.836386 1.132318
-3.551859 1.839645
-0.854951 3.907564
-2.547651 3.083744
-1.737834 3.602767
3.710717 -1.493513
-3.450178 2.023924
-2.632000 3.012072
3.390411 -2.122525
3.833218 1.142996
-2.339392 3.244572
3.887014 0.943993
3.726884 1.452699
-3.207078 2.390534
3.973339 -0.461060
-3.566291 1.811509
-2.643746 3.001768
-2.800944 2.855646
-3.486308 1.961034
-2.462756 3.151957
-3.117048 2.506793
-2.283559 3.284107
-2.483679 3.135496
-2.950903 2.700403
-2.721253 2.931686
-3.233354 2.354872
3.752240 1.385892
-2.340484 3.243784
-3.232775 2.355667
-2.457301 3.156212
-1.539836 3.691735
-2.629780 3.014010
-3.025228 2.616868
3.974914 0.447282
-1.347971 3.766029
-2.282245 3.285020
-2.331359 3.250348
3.993242 0.232426
3.914577 0.822247
-2.760486 2.894774
3.835579 -1.135049
-2.824429 2.832420
3.975111 -0.445522
-2.581672 3.055318
-2.873041 2.783098
-2.632777 3.011393
-2.608444 3.032494
-1.144112 3.832885
-2.121007 3.391361
-2.229925 3.320758
3.778213 1.313433
-3.790819 1.276594
-1.245424 3.801173
-3.886294 0.946951
-2.787561 2.868711
-0.309576 3.988002
-1.065623 3.855444
-3.104237 2.522640
-2.678005 2.971244
-1.879222 3.531080
3.993841 0.221896
-1.815559 3.564231
-2.609018 3.032000
-2.090751 3.410097
3.994470 -0.210266
-1.988493 3.470720
-1.748611 3.597549
-2.866731 2.789597
-0.953103 3.884790
-2.798761 2.857785
-2.475721 3.141784
3.830088 1.153440
3.781303 1.304510
-0.879223 3.902175
-2.057564 3.430223
3.851259 1.080650
3.806934 1.227704
-2.836467 2.820365
0.442001 3.975504
-3.038234 2.601756
-2.117032 3.393843
-2.744209 2.910209
-1.502348 3.707149
3.879605 0.973993
-2.978270 2.670189
-2.638549 3.006336
-0.680873 3.941626
3.989866 -0.284558
3.879149 0.975810
-2.452538 3.159915
3.964334 -0.532969
-1.643420 3.646803
3.964305 -0.533186
-0.891802 3.899319
-2.793143 2.863276
-2.596520 3.042710
-2.791169 2.865201
3.974050 -0.454896
-2.577950 3.058459
-3.582970 1.778294
-1.809373 3.567376
3.752776 1.384439
-1.311215 3.778983
-1.095625 3.847026
3.352416 2.182043
-3.876502 0.986273
-3.043430 2.595676
3.821776 1.180689
-3.724635 1.458456
-1.580909 3.674334
3.809020 -1.221214
-2.487794 3.132232
-2.620008 3.022508
3.997037 -0.153932
3.736336 1.428215
-3.903279 0.874306
3.934837 -0.719066
-2.035626 3.443287
3.762406 1.358049
3.619424 1.702871
-2.958396 2.692191
-1.774702 3.584750
-1.636774 3.649790
-3.285058 2.282190
-2.849016 2.807688
-0.294262 3.989162
-1.463881 3.722506
-3.638863 1.660926
3.602867 1.737628
3.863982 1.034236
-2.657444 2.989647
-2.093519 3.408398
3.854662 1.068447
-3.214634 2.380363
-2.458025 3.155648
-1.247636 3.800448
-1.767733 3.588192
3.760588 1.363076
3.992638 0.242566
2.887505 2.768088
3.538697 1.864838
3.773468 -1.327003
3.326852 2.220823
3.985531 0.339917
3.867257 -1.021922
3.877862 -0.980912
3.990649 0.273348
3.415081 -2.082599
3.934945 0.718476
3.962223 -0.548439
3.942344 -0.676702
3.848205 1.091475
3.999966 -0.016450
3.995669 0.186090
3.466574 1.995711
2.303959 3.269827
3.996200 0.174316
3.899242 -0.892141
3.951573 -0.620539
3.969412 -0.493732
3.999066 0.086436
3.426196 2.064262
3.759954 -1.364824
3.784052 1.296515
3.999190 0.080499
3.966063 0.519949
3.922161 0.785274
4.000000 -0.000502
3.685560 1.554558
3.950145 -0.629565
3.951585 -0.620463
3.984375 0.353203
3.817778 -1.193553
3.999871 0.032114
3.975471 0.442300
3.375552 2.146077
3.116526 2.507442
3.818767 -1.190386
3.978064 -0.418338
3.866666 1.024156
3.920442 -0.793812
3.902606 0.877308
3.750056 -1.391789
3.915382 -0.818404
3.954713 -0.600204
3.992870 0.238723
3.978809 0.411193
3.995548 -0.188676
3.633084 1.673529
3.660508 1.612663
3.277797 2.292607
3.807216 -1.226828
3.947372 -0.646728
3.177761 2.429369
3.978797 0.411310
3.884686 -0.953527
3.257970 -2.320696
3.994919 -0.201540
3.997247 -0.148385
3.974804 0.448254
3.450026 2.024183
3.888005 0.939902
3.993535 -0.227323
3.997333 -0.146034
3.979623 -0.403240
3.913100 -0.829245
3.455457 -2.014899
3.996329 0.171321
3.851477 1.079872
3.729239 1.446643
3.558646 -1.826483
3.197391 -2.403475
3.778838 -1.311635
3.999965 -0.016703
3.992076 0.251657
3.959293 0.569209
3.885199 0.951434
3.766005 -1.348037
2.482357 3.136543
3.921401 -0.789058
3.064234 2.571084
3.409487 2.091746
3.551943 -1.839484
3.974935 -0.447089
3.965467 -0.524469
3.995944 -0.180084
3.728109 1.449554
3.992195 0.249756
3.994915 0.201627
3.879783 0.973285
3.252002 -2.329053
3.653650 1.628140
3.781963 -1.302596
3.919296 -0.799451
3.460034 -2.007028
3.441838 2.038075
3.978133 -0.417684
2.625901 3.017391
3.941792 0.679911
3.980906 -0.390369
3.745612 -1.403706
3.874200 0.995274
3.907066 -0.857224
3.755184 -1.377893
3.772264 -1.330424
3.921590 -0.788122
3.603851 1.735585
3.994659 -0.206642
3.852321 1.076859
3.864945 -1.030631
3.786969 1.287970
3.928636 0.752209
3.819173 -1.189081
3.834281 -1.139426
3.997507 -0.141191
1.652351 3.642765
3.980691 0.392555
3.997166 -0.150549
3.006816 2.638002
3.928222 -0.754367
3.788152 -1.284486
3.999325 -0.073485
2.506377 3.117383
3.999878 -0.031201
3.891958 0.923398
3.813733 1.206417
2.915420 2.738672
3.999928 0.024067
3.725346 -1.456640
3.087664 -2.542898
3.965893 -0.521242
3.974338 -0.452371
3.991327 -0.263266
3.707058 1.502572
3.739369 1.420253
3.829929 1.153969
3.995935 0.180291
3.057803 2.578729
3.801105 -1.245632
3.997144 0.151124
3.279267 -2.290504
3.888437 -0.938112
3.994408 -0.211444
3.998057 0.124659
3.930863 0.740484
3.917447 0.808459
3.975081 -0.445790
3.592765 -1.758420
3.919393 -0.798973
3.413135 -2.085787
3.741127 -1.415616
3.483465 -1.966080
3.726767 -1.452999
3.964632 -0.530749
3.772229 -1.330521
3.786448 -1.289501
3.992884 -0.238494
3.900462 -0.886788
3.853184 -1.073764
3.951575 -0.620529
2.774277 2.881560
3.973414 0.460418
3.604176 -1.734912
3.980621 0.393262
3.111114 2.514154
3.979867 -0.400819
3.956227 0.590145
3.962690 0.545057
3.795563 1.262420
3.144773 -2.471922
3.917305 0.809148
3.788445 1.283622
3.550747 1.841791
3.439125 2.042650
3.918220 -0.804707
3.898825 0.893960
3.925306 -0.769397
3.811594 -1.213156
3.670979 -1.588684
3.531297 1.878814
3.908312 -0.851525
3.902664 -0.877050
3.996707 0.162278
3.703687 1.510861
3.971350 -0.477894
3.973571 0.459058
3.962512 0.546352
3.541285 -1.859920
3.313176 2.241175
3.894415 0.912981
2.824933 2.831917
0.649570 3.946905
3.827742 -1.161202
3.969165 0.495710
3.998745 0.100193
3.327315 -2.220130
3.580784 1.782692
