2.482208 3.136661
1.246279 3.800893
1.655102 3.641516
-1.917741 3.510309
3.256256 2.323101
0.157763 3.996888
3.995971 -0.179478
2.367070 3.224435
2.094122 3.408028
0.548580 3.962204
0.004263 3.999998
1.659791 3.639381
-0.475894 3.971590
1.760992 3.591505
0.759777 3.927179
3.245067 2.338705
1.679654 3.630256
2.423358 3.182348
1.526534 3.697255
-0.169394 3.996412
2.256337 3.302869
3.361023 2.168760
1.378287 3.755040
2.303577 3.270097
1.906888 3.516216
-0.487711 3.970156
1.677811 3.631109
2.220482 3.327080
-0.028926 3.999895
-0.775892 3.924028
1.721552 3.610576
1.414786 3.741441
1.930335 3.503399
3.031839 2.609205
-0.094191 3.998891
0.754265 3.928242
3.174063 2.434198
1.849031 3.546982
1.332413 3.771562
1.504785 3.706160
0.079265 3.999215
2.374025 3.219317
0.398618 3.980088
0.326602 3.986644
1.977727 3.476866
-0.174140 3.996208
1.453278 3.726659
2.256143 3.303001
2.423622 3.182146
2.825513 2.831339
1.748135 3.597780
3.471522 1.987092
1.385337 3.752445
1.744164 3.599707
2.857324 2.799232
-3.020092 2.622793
1.389013 3.751086
1.236475 3.804094
2.788486 2.867812
0.038801 3.999812
1.595341 3.668090
2.389325 3.207978
-0.295825 3.989046
0.466575 3.972695
1.682563 3.628909
2.751295 2.903511
2.206258 3.336529
1.913097 3.512842
2.000107 3.464040
0.656215 3.945806
2.149447 3.373407
-1.899435 3.520248
0.310591 3.987923
1.334357 3.770874
2.013157 3.456472
0.028884 3.999896
2.943291 2.708697
1.394498 3.749050
2.702003 2.949437
1.783895 3.580184
2.148720 3.373870
1.122183 3.839363
2.785744 2.870476
2.338520 3.245200
1.800354 3.571936
-0.277064 3.990393
3.403133 2.102067
2.318283 3.259688
0.454380 3.974109
1.853146 3.544834
0.146675 3.997310
2.394629 3.204021
3.695703 1.530286
-0.411146 3.978814
2.086334 3.412801
2.532480 3.096214
-0.568910 3.959336
3.472202 1.985903
3.123217 2.499103
2.075325 3.419507
0.108184 3.998537
3.252724 2.328043
1.096440 3.846793
0.476377 3.971532
-0.383531 3.981571
0.615951 3.952291
3.211677 2.384351
3.817634 1.194013
0.580858 3.957601
2.189642 3.347457
1.088307 3.849102
3.015846 2.627675
-0.638230 3.948754
1.251371 3.799220
2.450892 3.161191
-1.926813 3.505337
0.492992 3.969504
1.568483 3.679655
-0.596280 3.955307
3.550428 1.842406
2.710924 2.941239
2.554392 3.078162
1.222173 3.808713
2.423965 3.181886
0.924720 3.891644
0.736528 3.931606
1.287055 3.787280
2.313939 3.262773
3.967696 0.507335
0.892205 3.899227
2.996403 2.649825
1.834807 3.554361
3.006710 2.638124
1.566881 3.680337
0.106846 3.998573
-0.142919 3.997446
2.543467 3.087195
0.042938 3.999770
2.400232 3.199826
2.202767 3.338835
-1.196676 3.816800
0.598933 3.954906
0.574644 3.958508
2.227774 3.322201
2.531152 3.097301
-0.216077 3.994160
2.861349 2.795117
2.468576 3.147401
1.960612 3.486546
2.947025 2.704634
2.361631 3.228420
2.890096 2.765383
0.513635 3.966885
-0.298112 3.988876
1.470421 3.719928
1.405701 3.744864
0.890614 3.899591
2.971458 2.677767
1.630999 3.652375
0.862477 3.905910
1.250048 3.799655
2.107787 3.399593
1.625546 3.654805
0.328178 3.986515
0.902788 3.896790
1.467841 3.720946
1.026782 3.865969
3.305018 2.253188
-1.335258 3.770555
0.315243 3.987558
0.164677 3.996609
3.203400 2.395461
2.719475 2.933335
2.778143 2.877833
1.543552 3.690183
-0.306529 3.988238
0.320154 3.987167
3.141051 2.476651
2.243919 3.311318
1.549060 3.687874
0.560124 3.960588
1.654824 3.641642
2.549172 3.082486
2.250836 3.306620
-0.035387 3.999843
2.394920 3.203804
0.802391 3.918695
0.479480 3.971158
0.475022 3.971694
-1.171733 3.824532
2.628617 3.015024
0.696709 3.938857
1.925889 3.505845
1.408901 3.743661
1.653811 3.642102
0.351182 3.984554
2.919598 2.734218
1.223593 3.808257
-0.449893 3.974619
1.825925 3.558932
-2.293419 -3.277229
-3.583657 1.776907
-3.282703 -2.285577
-3.501049 1.934594
-3.674630 -1.580219
-3.999719 -0.047404
-3.174974 -2.433011
-3.887978 0.940016
-3.982157 0.377392
-3.172195 -2.436633
-3.722701 1.463386
-2.251064 -3.306465
-3.894928 -0.910787
-3.933473 0.726491
-3.652240 -1.631300
-3.808293 -1.223481
-3.934548 0.720645
-2.885127 -2.770568
-3.666627 1.598701
-3.284635 2.282799
-3.767296 -1.344427
-0.733859 -3.932105
-3.899497 -0.891023
-0.116430 -3.998305
-3.582242 -1.779758
-3.998744 -0.100227
-3.813054 -1.208560
-3.632498 1.674800
-2.844330 -2.812434
-3.937501 0.704333
-3.800416 1.247734
-3.935421 -0.715862
-3.821147 1.182725
-3.654509 -1.626211
-3.906556 -0.859544
-3.936272 0.711171
-2.192970 -3.345278
-3.626034 -1.688751
-3.722970 -1.462700
-3.965674 -0.522905
-2.527979 -3.099891
-3.728551 -1.448416
-1.957589 -3.488244
-3.408397 -2.093520
-3.705208 -1.507127
-3.872996 -0.999953
-3.738520 1.422486
-3.724018 1.460031
-3.943175 0.671843
-3.941767 -0.680051
-3.777989 1.314077
-3.561440 1.821029
-3.403873 2.100868
-2.928042 -2.725174
-3.971163 0.479439
-3.923840 -0.776840
-3.421793 2.071554
-3.997654 -0.136989
-3.596784 1.750185
-3.807052 -1.227335
-3.900270 -0.887633
-2.818481 -2.838339
-3.919362 -0.799126
-3.694675 -1.532768
-3.958449 0.575049
-3.959486 0.567862
-3.196344 -2.404867
-3.561757 1.820409
-3.980650 0.392972
-3.521118 1.897822
-3.728676 1.448093
-2.402125 3.198405
-3.687155 1.550770
-3.825391 -1.168924
-3.503526 1.930105
-3.888603 -0.937427
-3.793726 -1.267929
-3.962408 0.547102
-3.735199 -1.431184
-2.656984 -2.990056
-3.949445 -0.633941
-3.917660 0.807428
-3.861323 1.044120
-2.655875 -2.991042
-3.697788 1.525243
-3.585696 1.772791
-3.638058 -1.662690
-3.696540 1.528264
-3.705658 1.506021
-3.837954 1.126992
-3.819690 1.187420
-3.875169 -0.991498
-3.891439 -0.925584
-3.994564 -0.208470
-3.925357 -0.769136
-3.125177 -2.496652
-3.527729 1.885504
-3.497188 -1.941565
-2.653944 2.992755
-3.824708 1.171156
-3.257039 -2.322003
-3.852966 -1.074548
-3.432107 -2.054420
-3.999206 0.079706
-3.344590 2.194019
-3.902359 -0.878406
-3.168634 2.441261
-3.941766 0.680060
-3.931739 -0.735820
-3.326871 2.220794
-3.350237 -2.185386
-3.997417 0.143738
-3.977824 -0.420615
-3.287420 2.278787
-3.994985 -0.200232
-3.834094 1.140054
-3.876478 0.986366
-3.591909 -1.760167
-3.992833 0.239347
-2.582254 -3.054826
-3.798474 -1.253631
-3.944148 -0.666106
-3.960141 0.563281
-3.721535 -1.466348
-3.755997 1.375676
-3.698250 -1.524121
-2.895495 -2.759730
-3.260963 2.316488
-3.925340 -0.769225
-3.999047 0.087322
-2.900867 -2.754083
-3.574443 -1.795371
-3.313436 2.240790
-3.204468 2.394031
-3.894573 -0.912304
-3.871050 -1.007460
-3.717069 -1.477633
-2.761259 -2.894037
-0.388728 -3.981067
-3.990746 0.271930
-3.663568 1.605699
-3.870341 -1.010177
-3.988830 -0.298717
-3.891803 0.924050
-3.557645 -1.828431
-3.873415 0.998328
-3.866311 1.025494
-3.993064 0.235463
-2.926420 -2.726915
-3.807417 -1.226203
-3.460850 -2.005622
-0.574515 -3.958527
-3.356277 -2.176099
-3.803186 -1.239263
-3.788932 -1.282184
-3.924940 0.771263
-3.995030 0.199343
-2.962091 -2.688125
-3.061008 2.574923
-3.249317 -2.332796
-3.359548 2.171046
-2.516554 -3.109173
-3.468126 1.993014
-3.872190 1.003069
-3.562079 -1.819779
-2.794157 -2.862287
-2.512626 -3.112348
-3.730276 -1.443968
-2.228257 3.321877
-3.876778 -0.985186
-2.267638 3.295120
-3.223280 -2.368642
-3.941701 -0.680434
-3.998463 0.110877
-1.904911 -3.517288
-3.984151 -0.355723
-2.878531 -2.777420
-3.862395 1.040147
-3.558309 -1.827140
-3.902442 -0.878036
-3.677523 1.573474
-3.486659 1.960411
-3.743484 1.409370
-3.913558 0.827083
-3.997371 -0.145012
-2.655268 2.991580
-2.966125 -2.683673
-3.354469 2.178884
-2.814184 2.842599
-3.976106 -0.436556
-2.906365 -2.748280
-3.210171 -2.386379
-3.991148 0.265966
-3.902344 0.878471
-3.773561 1.326740
-3.693705 1.535103
-3.953173 0.610264
-3.860302 1.047887
-3.356586 -2.175622
-3.930621 -0.741769
3.886356 -0.946699
3.999999 -0.002987
3.974415 0.451695
3.951668 0.619939
3.931931 -0.734791
3.998047 -0.124982
3.997180 0.150183
3.928935 -0.750649
3.360287 -2.169901
3.784869 1.294128
2.826249 -2.830603
3.573057 -1.798127
3.946616 -0.651326
3.789701 -1.279908
3.990731 0.272156
3.841269 -1.115641
3.917196 0.809676
3.998133 -0.122213
3.933652 -0.725523
3.902375 -0.878335
3.999802 0.039836
3.993053 -0.235637
3.860833 -1.045931
3.610926 -1.720817
3.526062 -1.888620
3.939408 0.693586
3.959764 0.565925
3.566554 1.810993
3.875270 -0.991104
3.972298 0.469947
3.874423 -0.994406
3.985907 -0.335478
2.698800 -2.952368
3.917018 -0.810535
3.142475 -2.474843
3.449116 -2.025735
3.614918 -1.712415
3.949245 -0.635189
3.553827 -1.835842
3.999949 -0.020282
2.803003 -2.853625
3.718188 -1.474814
3.767886 -1.342770
3.774912 -1.322890
3.825450 -1.168730
3.848496 -1.090450
3.999630 0.054371
3.787991 -1.284961
3.998549 0.107726
3.128250 -2.492799
3.973464 0.459983
3.884986 -0.952304
2.230045 -3.320678
3.508701 -1.920682
3.850260 1.084202
3.733953 -1.434431
3.876441 -0.986511
3.999715 0.047745
3.609125 -1.724592
3.721192 -1.467219
3.901478 0.882308
3.955204 -0.596958
3.879199 -0.975609
3.700949 1.517556
3.992050 -0.252071
3.729127 -1.446932
3.453800 2.017737
3.968592 -0.500274
3.762497 1.357799
3.955552 -0.594653
3.483161 -1.966619
3.583631 1.776962
2.311465 -3.264526
3.357590 2.174072
3.937824 0.702527
3.845564 1.100746
3.961136 0.556241
3.917939 -0.806073
3.979175 0.407632
3.973320 0.461225
2.572798 -3.062794
3.643886 -1.649877
3.961073 0.556688
3.927720 0.756977
3.802524 1.241293
3.996639 0.163945
3.928471 -0.753070
3.954266 -0.603141
3.998625 -0.104869
3.859333 -1.051449
3.671979 1.586370
3.849740 -1.086050
3.685324 -1.555117
3.776846 -1.317360
3.994341 -0.212699
3.508878 1.920358
3.984777 -0.348649
3.991988 0.253050
3.991299 0.263694
3.658579 -1.617034
3.921339 -0.789365
3.775561 -1.321037
3.672696 -1.584709
2.497337 -3.124629
3.821295 -1.182244
3.095332 -2.533559
2.900423 -2.754550
3.865590 1.028208
3.863491 1.036069
3.670381 -1.590063
3.968522 -0.500830
3.976886 -0.429391
3.881543 -0.966242
3.985898 -0.335580
3.639862 -1.658736
3.756011 -1.375639
3.380745 -2.137888
3.632118 -1.675624
3.362852 -2.165924
3.494862 -1.945750
3.947658 0.644978
3.994813 -0.203642
3.907297 0.856172
3.996299 0.172025
3.093898 2.535309
3.984668 -0.349883
3.907224 -0.856507
3.349401 -2.186667
3.500768 -1.935102
3.938632 -0.697983
3.817329 -1.194990
3.605752 1.731633
3.863378 -1.036491
3.934171 -0.722701
3.999534 0.061079
3.610347 -1.722031
3.753178 -1.383349
3.990590 -0.274204
2.299875 -3.272701
3.993204 -0.233072
3.675347 -1.578552
3.561863 1.820202
3.926214 0.764752
3.798528 -1.253470
3.536948 1.868155
3.859912 1.049323
3.980712 -0.392339
3.668110 -1.595296
3.983689 -0.360866
3.690450 -1.542911
3.169566 2.440051
3.916819 0.811496
3.719411 1.471727
3.977862 0.420258
3.841374 1.115278
3.935399 0.715984
3.992792 0.240020
3.968094 -0.504215
3.821071 -1.182968
3.994590 -0.207964
3.932197 0.733365
3.788779 -1.282637
3.781692 1.303382
3.910675 0.840606
3.748793 -1.395188
3.880698 -0.969631
3.397246 -2.111568
3.988791 -0.299243
3.965020 0.527840
3.724566 -1.458632
3.506511 1.924676
3.999983 -0.011814
3.892741 0.920093
3.867707 -1.020215
3.961245 0.555462
3.096625 -2.531978
3.942740 0.674390
3.200250 -2.399666
1.541159 3.691183
3.800712 -1.246831
3.999924 0.024696
3.859459 -1.050988
3.641782 -1.654516
3.760815 -1.362451
3.996661 -0.163399
3.877691 -0.981586
3.826584 -1.165014
3.984294 -0.354122
3.998639 -0.104341
3.608745 -1.725388
3.998446 -0.111504
3.967123 0.511797
2.154321 -3.370297
3.989855 0.284710
3.872042 -1.003639
2.740902 2.913324
3.807276 1.226641
3.903021 -0.875459
3.881857 -0.964982
3.699836 -1.520269
3.729516 -1.445929
3.930173 -0.744138
3.869332 -1.014035
3.832275 1.146153
3.937868 -0.702276
3.988704 -0.300397
3.241163 -2.344113
3.937924 -0.701966
3.945769 0.656434
3.951018 -0.624062
3.981415 -0.385140
3.627586 -1.685413
3.620940 1.699646
3.947068 -0.648576
3.589907 -1.764247
3.973786 0.457193
3.998546 0.107841
3.938893 -0.696507
3.510378 -1.917615
3.991973 0.253286
3.999966 -0.016527
3.994504 0.209621
3.949162 -0.635706
3.909473 -0.846182
3.917245 0.809438
3.728964 1.447353
3.941573 -0.681178
3.687756 1.549340
3.907571 -0.854920
3.882829 -0.961060
3.992086 0.251498
3.974946 -0.446997
3.995205 0.195801
3.999533 0.061097
3.818336 -1.191767
3.996327 -0.171381
2.977023 2.671579
3.996708 0.162255
3.938310 0.699794
3.676345 -1.576225
2.023565 3.450389
3.846814 1.096369
3.626206 1.688381
3.929582 -0.747254
3.999016 0.088702
3.936775 0.708378
3.795482 -1.262662
3.984520 0.351564
3.598650 1.746343
3.986373 -0.329897
3.794157 1.266638
3.976947 -0.428824
3.981243 -0.386921
3.765450 -1.349589
3.997427 0.143452
3.999622 -0.054978
3.800027 -1.248918
3.999927 -0.024204
3.989997 0.282710
3.911713 -0.835762
2.816996 -2.839813
3.804762 1.234417
3.074787 2.558454
3.986168 -0.332362
3.962841 -0.543958
3.597193 1.749344
3.980828 -0.391166
3.999984 0.011438
3.926007 0.765811
3.999993 0.007546
3.972091 -0.471688
3.999982 -0.011836
3.926381 -0.763891
3.814869 -1.202819
3.999263 -0.076794
3.997928 0.128731
3.989487 0.289814
3.999007 -0.089106
3.992905 0.238142
3.992885 -0.238475
3.997391 -0.144453
3.595781 1.752244
3.997541 -0.140239
3.940007 -0.690179
3.703063 -1.512389
3.783280 -1.298767
3.459186 -2.008490
3.560483 1.822898
3.987313 -0.318338
3.897782 -0.898498
3.981587 -0.383359
3.814660 -1.203483
3.858952 -1.052847
3.996602 -0.164834
3.477116 1.977286
3.914011 -0.824934
3.922351 -0.784325
3.993781 -0.222966
3.207237 2.390320
3.961240 -0.555497
3.966635 -0.515565
3.790644 -1.277114
3.999777 0.042199
3.809429 1.219940
3.828236 1.159573
3.849885 -1.085535
3.962514 -0.546338
3.808570 1.222619
3.999546 -0.060250
3.560274 -1.823307
3.821451 -1.181743
3.995605 0.187448
3.179959 2.426492
3.840654 -1.117755
3.996659 0.163451
3.986512 0.328213
3.556339 1.830971
3.986374 -0.329881
3.904202 0.870177
3.999605 0.056232
3.444078 -2.034288
3.915182 0.819360
3.999070 -0.086270
1.855502 3.543602
3.764109 1.353323
3.497234 1.941483
3.979841 0.401084
3.726077 -1.454768
3.999983 -0.011625
3.935804 -0.713755
3.784576 1.294986
3.634166 1.671179
3.898965 0.893349
3.862458 -1.039913
3.991397 -0.262202
3.661591 -1.610203
3.938244 0.700166
3.876007 0.988214
3.757040 -1.372825
3.995488 -0.189938
3.965470 -0.524449
3.857807 -1.057037
3.335141 -2.208356
3.668848 1.593598
3.982484 0.373931
3.735226 1.431115
3.966429 0.517147
3.928871 -0.750981
3.981360 0.385705
3.926913 -0.761155
3.878782 -0.977266
3.982622 -0.372458
1.430993 3.735272
3.968281 -0.502737
3.798633 1.253152
3.999999 0.002523
3.414998 -2.082736
3.737741 -1.424533
3.948653 -0.638855
3.928847 -0.751107
3.519923 -1.900038
3.978725 0.412002
3.916565 -0.812721
3.906072 -0.861742
3.972929 -0.464580
3.881029 -0.968305
2.909609 -2.744845
3.995584 0.187896
3.917404 0.808671
3.996018 -0.178430
3.901600 -0.881768
3.570384 1.803430
3.984303 0.354015
3.999138 -0.083032
2.747119 2.907463
3.999477 0.064665
3.969575 -0.492414
3.865216 -1.029615
3.954323 0.602771
3.828506 -1.158682
3.460274 -2.006614
3.931099 -0.739231
3.668753 -1.593816
3.999327 -0.073347
3.803030 -1.239744
3.937961 0.701758
3.767223 -1.344630
3.945538 -0.657824
3.999993 -0.007581
3.564452 1.815126
3.954979 -0.598451
3.999012 -0.088883
3.827818 1.160953
3.884947 -0.952465
3.559874 -1.824089
3.999974 -0.014384
3.704751 1.508250
3.918926 -0.801261
3.449584 -2.024936
3.551297 1.840730
