2.515759 3.109816
0.739501 3.931048
-0.035635 3.999841
0.319886 3.987189
-0.383736 3.981551
2.690387 2.960037
3.995971 -0.179478
1.979126 3.476070
1.347427 3.766224
2.023091 3.450667
2.303891 3.269876
1.659791 3.639381
2.847007 2.809724
2.376978 3.217138
1.750317 3.596719
1.121664 3.839514
1.679654 3.630256
-0.023112 3.999933
3.161377 2.450653
-3.083217 2.548289
0.895670 3.898432
3.081468 2.550403
1.715235 3.613581
1.780366 3.581940
0.931849 3.889943
0.335436 3.985911
0.160530 3.996777
1.296239 3.784146
1.591029 3.669963
0.581640 3.957486
2.251884 3.305906
-0.645480 3.947576
1.930335 3.503399
1.321047 3.775558
-0.605508 3.953904
-0.764786 3.926207
2.000925 3.463568
2.074524 3.419993
-0.212325 3.994361
-0.652319 3.946451
0.600589 3.954655
1.743415 3.600070
1.891389 3.524578
-0.196554 3.995168
1.010458 3.870268
-0.931717 3.889975
2.739564 2.914582
3.265437 2.310178
-0.014379 3.999974
1.209373 3.812797
0.238255 3.992898
1.096456 3.846789
0.883693 3.901165
2.199099 3.341252
2.035468 3.443381
0.059760 3.999554
0.887515 3.900297
-2.264167 3.297506
2.788486 2.867812
2.009717 3.458473
1.016466 3.868695
0.570827 3.959060
-1.799848 3.572191
0.981124 3.877808
2.141836 3.378245
-0.379676 3.981940
2.622888 3.020010
0.148326 3.997249
2.355261 3.233070
3.806618 1.228681
0.170045 3.996384
-3.521490 1.897131
2.176413 3.356073
0.756757 3.927763
1.770545 3.586805
0.550728 3.961906
0.165883 3.996559
1.394498 3.749050
1.469490 3.720296
1.783895 3.580184
1.689959 3.625471
2.421103 3.184064
1.526264 3.697366
2.742097 2.912199
0.814524 3.916191
2.840417 2.816386
1.939392 3.498394
-0.145154 3.997365
0.969218 3.880801
2.707472 2.944418
3.260569 2.317043
0.471799 3.972078
-0.331726 3.986221
-0.238717 3.992870
1.131946 3.836496
2.524388 3.102816
0.475226 3.971670
3.239864 2.345908
1.369870 3.758119
-0.484457 3.970554
-3.217392 2.376633
2.921026 2.732692
0.063457 3.999497
0.476377 3.971532
0.660043 3.945167
1.617891 3.658200
1.985573 3.472391
2.301864 3.271303
2.051151 3.434062
1.555594 3.685122
0.340811 3.985455
2.540272 3.089825
0.438782 3.975861
1.251371 3.799220
0.259526 3.991572
3.223849 2.367868
1.974529 3.478683
-0.481481 3.970916
2.375191 3.218457
0.023651 3.999930
2.710924 2.941239
1.670666 3.634402
2.962789 2.687356
1.752306 3.595751
0.408847 3.979051
0.217049 3.994107
1.612684 3.660499
2.160475 3.366355
2.446845 3.164325
1.659206 3.639648
-0.278153 3.990317
0.334946 3.985952
0.189674 3.995500
2.033857 3.444333
1.138112 3.834671
1.378549 3.754944
3.215733 2.378878
2.037070 3.442433
-1.077424 3.852163
1.701305 3.620161
-2.887480 2.768115
-0.747946 3.929450
0.777789 3.923652
3.246638 2.336523
1.044137 3.861318
-0.735571 3.931785
1.080442 3.851317
2.468576 3.147401
1.320556 3.775729
2.947025 2.704634
0.946400 3.886429
1.042080 3.861874
2.445283 3.165532
-0.816214 3.915839
2.782047 2.874059
2.731796 2.921865
1.596463 3.667602
1.197081 3.816674
1.140315 3.834016
-0.697903 3.938646
-3.170622 2.438680
1.156086 3.829290
1.134591 3.835714
3.323420 2.225956
1.403697 3.745615
2.236912 3.316056
3.168054 2.442014
3.158027 2.454967
-0.841510 3.910481
0.371009 3.982757
0.684930 3.940923
0.657888 3.945527
-0.671659 3.943206
2.466059 3.149373
2.327840 3.252870
2.985096 2.662556
0.320154 3.987167
0.469802 3.972315
3.348988 2.187300
0.541785 3.963139
1.072293 3.853594
3.167546 2.442673
0.473930 3.971825
0.295971 3.989035
-2.030568 3.446272
2.135422 3.382303
3.973466 0.459961
-3.110198 2.515287
-1.081039 3.851150
1.875812 3.532893
-0.273231 3.990657
2.572796 3.062796
-0.085054 3.999096
3.091975 2.537655
1.653811 3.642102
1.734940 3.604162
0.788236 3.921567
0.585156 3.956968
-1.413228 3.742030
-0.157337 3.996904
-3.996146 -0.175559
-3.674328 1.580922
-3.123731 -2.498460
-3.974477 -0.451148
-3.972433 0.468806
-3.997860 0.130816
-3.864366 -1.032799
-3.845282 1.101730
-3.863439 1.036263
-3.112640 -2.512265
-3.997343 0.145777
-3.189984 -2.413297
-3.489606 -1.955160
-3.659550 1.614836
-3.922083 -0.785663
-3.645571 -1.646151
-3.847039 -1.095578
-3.841945 1.113309
-3.999275 -0.076167
-3.763546 1.354888
-3.437128 -2.046008
-0.707520 -3.936930
-3.899497 -0.891023
-0.233296 -3.993191
-3.992192 0.249805
-3.988952 -0.297086
-3.813054 -1.208560
-2.715072 2.937411
-3.463928 -2.000301
-3.985629 -0.338767
-3.990741 -0.272005
-3.372888 -2.150263
-2.528320 3.099613
-3.935246 -0.716823
-3.872666 -1.001227
-3.995423 0.191300
-2.328632 -3.252302
-3.630529 -1.679065
-3.901879 -0.880535
-3.548659 1.845811
-3.969043 -0.496685
-3.965609 0.523400
-3.295205 -2.267515
-3.755194 -1.377867
-3.692744 -1.537413
-3.877464 -0.982484
-3.976564 0.432361
-1.460031 -3.724018
-3.634929 1.669519
-3.982464 0.374139
-3.959398 0.568478
-3.988541 0.302560
-3.948736 0.638343
-2.643461 -3.002018
-3.898746 0.894303
-3.923840 -0.776840
-3.954073 0.604403
-3.997773 0.133459
-3.992762 0.240530
-3.782645 -1.300615
-2.396070 3.202944
-3.186267 -2.418202
-3.781524 -1.303869
-3.863133 -1.037403
-3.972402 -0.469067
-3.809598 1.219412
-2.855101 -2.801499
-3.952855 -0.612323
-2.591153 -3.047282
-3.971589 0.475902
-3.956329 0.589458
-3.572051 1.800126
-3.968555 -0.500572
-3.998111 -0.122926
-3.993597 -0.226236
-2.513318 -3.111789
-3.962657 -0.545298
-3.962408 0.547102
-3.706756 -1.503316
-3.667443 -1.596828
-3.999935 0.022808
-3.999917 0.025705
-3.861323 1.044120
-3.795394 1.262927
-3.929945 0.745343
-3.903472 0.873447
-3.971033 -0.480516
-3.963799 0.536935
-3.884990 0.952288
-3.730923 -1.442295
-3.999606 0.056162
-3.897473 -0.899834
-3.998400 0.113133
-3.933179 -0.728082
-3.998532 0.108371
-3.975233 0.444434
-3.965416 -0.524858
-3.213844 -2.381429
-3.958598 -0.574024
-3.995808 0.183076
-3.981680 -0.382395
-3.995386 0.192060
-3.846884 -1.096123
-3.713464 -1.486669
-3.929613 0.747091
-3.955925 0.592165
-3.999992 0.007841
-3.996809 0.159738
-3.799315 -1.251081
-3.787146 -1.287450
-3.606825 -1.729396
-3.990838 -0.270577
-3.685424 1.554879
-3.826299 1.165949
-3.967244 0.510855
-3.964232 -0.533725
-3.902001 -0.879994
-3.990768 0.271605
-3.313433 -2.240796
-3.860416 -1.047469
-3.199868 -2.400176
-3.389010 -2.124762
-3.996991 0.155111
-3.913427 -0.827700
-3.940627 -0.686628
-3.661191 -1.611113
-2.579213 -3.057394
-3.997802 0.132576
-3.920911 0.791492
-3.163392 -2.448051
-3.435800 -2.048238
-3.574443 -1.795371
-3.780493 1.306857
-3.714900 1.483078
-3.997991 0.126771
-3.725047 -1.457405
-2.480259 -3.138202
-1.593902 -3.668716
-0.388728 -3.981067
-2.490052 -3.130438
-3.564864 1.814317
-3.582752 -1.778732
-3.994122 -0.216766
-3.998154 -0.121507
-2.587125 -3.050702
-3.196525 2.404626
-3.806080 1.230347
-2.209680 -3.334264
-3.530128 -1.881009
-3.614793 -1.712681
-2.823831 -2.833016
-0.574515 -3.958527
-3.396818 -2.112257
-3.039441 -2.600346
-3.991187 0.265378
-3.591583 1.760832
-3.910496 -0.841439
-3.793035 -1.269995
-3.938372 0.699444
-3.813928 -1.205799
-3.996933 0.156610
-3.977990 -0.419045
-3.999983 -0.011675
-3.998525 -0.108636
-3.903250 0.874438
-3.254662 -2.325334
-3.888078 -0.939602
-3.774812 -1.323175
-3.790026 1.278945
-3.870188 -1.010764
-3.985850 -0.336151
-3.155021 -2.458830
-2.926768 2.726541
-3.890916 -0.927779
-3.408345 -2.093605
-2.565686 -3.068755
-3.499297 -1.937763
-3.939825 -0.691217
-2.962545 -2.687625
-3.902442 -0.878036
-3.990597 0.274112
-3.992705 -0.241470
-3.946638 -0.651192
-3.038592 -2.601338
-2.724029 -2.929106
-3.989805 -0.285407
-3.986902 -0.323438
-3.912672 -0.831264
-3.458803 2.009150
-3.849253 -1.087772
-3.776419 -1.318582
-2.621962 -3.020814
-3.922288 0.784640
-3.818765 -1.190394
-3.921995 0.786101
-3.999997 0.004731
-3.883505 -0.958328
-3.964053 0.535052
-3.841469 -1.114949
-2.177487 -3.355376
3.729538 -1.445871
3.625245 1.690443
3.805952 1.230742
3.998779 0.098839
3.802384 -1.241724
3.829469 -1.155494
3.799955 -1.249137
3.540638 -1.861150
3.995045 -0.199046
3.999974 -0.014401
3.868100 -1.018726
3.997923 0.128875
3.743532 1.409243
3.789701 -1.279908
3.973969 -0.455601
3.726643 1.453319
3.972141 0.471273
3.979880 0.400694
3.817224 -1.195323
3.977444 0.424197
3.977994 -0.419005
3.887153 0.943419
3.594124 -1.755641
2.533055 -3.095744
3.999910 0.026886
3.896931 0.902178
0.759643 -3.927205
3.988103 0.308278
3.999739 0.045661
3.782806 1.300145
3.965930 -0.520960
3.261894 -2.315178
3.944712 0.662758
3.997311 -0.146633
3.972044 0.472087
3.621533 -1.698380
3.350532 -2.184934
3.405550 -2.098148
3.985854 -0.336107
3.826131 1.166500
3.925690 -0.767435
3.997989 0.126831
3.934470 0.721070
3.915289 -0.818847
2.891202 -2.764227
3.878120 0.979890
3.999630 0.054371
3.923305 -0.779536
3.997118 -0.151822
1.462745 -3.722953
3.715960 -1.480419
3.416209 -2.080749
3.945772 -0.656418
3.508701 -1.920682
3.494317 -1.946727
3.654600 1.626008
3.203843 -2.394867
3.652623 -1.630444
3.994369 -0.212163
3.956256 0.589947
3.802031 -1.242805
3.015281 -2.628323
3.879199 -0.975609
3.481158 -1.970163
3.924995 -0.770982
3.901772 -0.881007
3.963050 0.542434
3.703886 -1.510375
2.694190 -2.956576
3.967770 -0.506759
3.873473 -0.998100
3.084619 -2.546591
3.821126 -1.182792
3.830861 -1.150873
3.985473 -0.340595
3.493150 -1.948820
3.708564 -1.498849
3.599016 1.745589
3.949091 -0.636145
3.999530 -0.061343
3.938857 0.696712
3.493365 1.948435
3.113727 2.510918
3.576888 -1.790494
3.885381 0.950691
2.563066 -3.070944
3.684433 1.557227
3.841711 -1.114116
3.998873 -0.094954
3.884315 0.955039
3.878898 -0.976808
3.723628 -1.461024
3.678127 -1.572064
3.798331 1.254066
3.311212 -2.244075
3.998957 -0.091360
3.905178 -0.865784
3.798149 -1.254618
3.991299 0.263694
3.510081 1.918158
3.784759 -1.294449
3.915691 -0.816926
3.137399 -2.481275
3.883424 -0.958652
3.902205 -0.879086
3.416836 2.079719
3.689394 -1.545436
3.998666 0.103279
3.930469 -0.742575
3.973675 0.458155
3.999942 0.021451
3.642607 1.652699
3.974456 -0.451332
3.843664 1.107360
3.897471 0.899844
3.786101 1.290518
3.630872 -1.678323
3.764765 -1.351499
3.988581 -0.302034
3.999514 0.062362
3.993958 -0.219769
3.490590 1.953403
3.985622 0.338843
3.996299 0.172025
3.997953 0.127950
3.815248 1.201617
3.885850 -0.948774
3.988417 0.304187
3.500768 -1.935102
3.759947 1.364845
3.069449 -2.564855
3.774101 -1.325202
3.885634 -0.949657
3.819429 -1.188261
3.433158 2.052662
3.564020 1.815975
3.977942 -0.419500
3.920660 -0.792735
3.940407 -0.687892
3.991022 -0.267845
3.993778 -0.223027
3.748714 -1.395401
3.796056 1.260934
3.521344 -1.897402
3.668340 -1.594766
3.979836 0.401135
3.946618 0.651314
3.991418 -0.261881
3.987012 -0.322081
3.956597 -0.587656
3.853558 -1.072421
3.916819 0.811496
3.956968 -0.585153
3.991083 0.266939
3.726505 -1.453671
3.976663 0.431451
3.918863 -0.801569
3.803015 -1.239788
3.538390 1.865421
2.677549 -2.971655
3.772065 -1.330986
3.991219 0.264901
3.280608 -2.288583
3.181683 2.424231
3.961274 -0.555252
3.429700 2.058435
3.895320 0.909111
2.665627 2.982353
3.865197 -1.029686
3.999245 0.077729
3.840430 -1.118526
3.860629 -1.046683
3.901811 -0.880834
3.951847 -0.618795
1.970775 3.480811
3.950965 0.624401
2.748231 2.906411
3.712284 -1.489614
3.699824 1.520297
3.839130 1.122977
3.996362 -0.170563
3.859459 -1.050988
3.997128 0.151562
3.951269 -0.622470
3.629903 -1.680417
3.999991 -0.008403
3.658388 -1.617467
3.162745 -2.448887
3.964110 0.534635
3.995412 0.191523
3.222374 -2.369875
3.992159 -0.250340
3.985304 -0.342570
3.965926 -0.520992
3.462110 2.003446
3.948023 0.642740
3.885500 -0.950206
3.997928 -0.128739
3.925440 -0.768712
3.780984 -1.305435
3.999894 -0.029125
3.530915 -1.879533
3.869332 -1.014035
3.988941 0.297233
3.975621 -0.440951
3.775044 -1.322514
3.894368 0.913180
3.950360 -0.628218
3.955886 -0.592423
3.654872 -1.625396
3.986508 -0.328254
3.962695 -0.545022
3.984700 -0.349520
2.536054 -3.093288
3.968454 -0.501367
3.700857 -1.517781
3.652906 1.629810
3.818224 -1.192126
3.992860 -0.238892
3.804277 -1.235911
3.738616 -1.422234
3.912648 -0.831375
3.998655 -0.103735
3.976911 -0.429165
3.342270 -2.197552
3.004929 -2.640152
3.989182 -0.293989
3.161100 2.451009
3.952674 -0.613487
3.882829 -0.961060
3.765995 -1.348065
3.842328 1.111986
3.906426 -0.860137
3.731841 -1.439918
3.818336 -1.191767
3.941159 -0.683571
3.201815 2.397578
3.908836 -0.849119
3.370725 2.153651
3.959034 -0.571008
3.875941 0.988473
3.973555 -0.459199
3.984577 -0.350922
3.602281 -1.738843
3.943626 -0.669190
3.985975 -0.334672
3.982695 0.371668
3.488427 -1.957262
3.928016 0.755439
3.395461 -2.114437
3.781188 -1.304845
3.964163 -0.534238
3.879867 -0.972950
2.802517 -2.854102
3.726218 1.454407
3.877568 0.982074
3.915379 0.818419
3.857052 -1.059786
3.989997 0.282710
3.994736 0.205142
3.869761 -1.012398
3.998796 0.098139
3.901570 -0.881904
3.981025 -0.389155
3.923443 -0.778841
3.973700 -0.457943
3.874765 -0.993073
3.866648 -1.024223
3.674450 -1.580637
3.999878 0.031294
3.927237 -0.759480
3.964217 -0.533837
3.928727 -0.751734
3.962632 0.545480
3.955025 -0.598146
3.612079 -1.718396
3.989487 0.289814
3.908900 -0.848824
3.989829 -0.285074
3.909557 -0.845791
3.971648 -0.475410
3.963709 -0.537601
3.999327 -0.073367
3.982096 -0.378036
3.941476 -0.681738
3.978566 0.413535
3.687659 1.549571
3.613687 -1.715011
3.952640 0.613709
3.358739 -2.172297
3.711558 -1.491421
2.966516 -2.683241
3.574311 -1.795634
3.983926 0.358237
3.961396 0.554383
3.959259 -0.569446
3.983097 0.367339
3.411362 -2.088686
3.061633 -2.574180
2.684750 2.965151
3.993531 0.227405
3.924911 -0.771410
3.953682 0.606960
3.986304 -0.330728
3.917955 -0.805994
3.964331 0.532994
3.869642 -1.012852
3.989519 -0.289369
3.955805 -0.592962
4.000000 0.001073
3.975545 -0.441634
3.999247 -0.077623
3.458704 -2.009321
3.884981 0.952323
3.946957 -0.649253
3.866420 -1.025083
3.986311 0.330645
3.764140 -1.353236
3.946217 -0.653739
3.877875 -0.980858
3.999803 -0.039706
3.980735 0.392105
3.899409 -0.891410
3.867377 1.021469
3.999577 -0.058152
3.983235 -0.365836
3.371287 -2.152771
3.992536 0.244252
3.919750 0.797221
3.951639 0.620122
3.989965 -0.283165
3.821208 1.182528
3.829215 1.156334
3.911487 0.836821
3.587230 -1.769684
3.511294 -1.915937
3.295990 -2.266374
3.741951 -1.413436
3.685555 1.554569
3.810185 -1.217575
3.995922 -0.180577
3.451658 -2.021399
3.412720 2.086467
3.754059 -1.380957
3.972287 0.470035
3.760785 1.362534
3.952546 0.614316
3.375243 -2.146564
3.999577 0.058171
3.997581 0.139086
3.999106 0.084572
3.994833 -0.203256
3.913304 0.828284
3.641224 -1.655744
3.999432 -0.067382
3.907153 -0.856828
2.945375 -2.706430
3.998367 0.114275
3.985579 -0.339355
3.993020 -0.236209
3.998422 -0.112351
3.953923 -0.605386
3.993459 0.228654
3.987265 -0.318926
3.848295 1.091158
2.489560 -3.130829
3.784629 1.294828
3.739097 -1.420968
3.980815 -0.391298
3.981976 -0.379301
3.941960 -0.678933
3.347008 -2.190328
3.874274 -0.994989
3.908281 -0.851668
3.763665 -1.354559
3.956821 0.586148
3.955182 -0.597109
3.718366 -1.474366
3.398582 -2.109417
3.968308 0.502527
2.373645 -3.219597
3.940720 0.686097
3.999373 0.070809
4.000000 0.001356
3.352575 -2.181797
3.906753 -0.858653
3.929974 -0.745186
3.994727 -0.205316
3.992070 -0.251755
3.580139 1.783986
3.987579 0.314976
3.999999 -0.002769
3.768635 -1.340669
3.962113 -0.549235
3.559874 -1.824089
2.879389 -2.776531
3.754644 1.379365
3.992773 0.240334
3.856135 -1.063120
3.708950 1.497894
