-2.205877 3.336781
0.835932 3.911677
3.999545 -0.060298
-0.849126 3.908834
-1.474261 3.718408
-1.770240 3.586956
3.703940 -1.510240
-0.931100 3.890123
0.819403 3.915173
-1.301827 3.782228
-2.495325 3.126236
-0.685098 3.940893
3.004937 -2.640143
0.911315 3.894805
2.522059 3.104709
3.766734 -1.346000
-0.009576 3.999989
-0.476164 3.971557
3.996870 0.158214
3.785667 1.291792
-0.818268 3.915410
2.596742 -3.042520
-1.471929 3.719331
3.676229 -1.576495
-0.280364 3.990162
3.968335 -0.502316
-0.216476 3.994138
0.563454 3.960116
3.684778 -1.556409
3.751202 -1.388700
-0.088099 3.999030
1.117040 3.840862
0.326858 3.986623
1.243535 3.801792
2.541196 -3.089065
0.836088 3.911644
-1.969728 3.481404
0.219157 3.993992
0.169619 3.996402
-0.709729 3.936532
-0.747954 3.929448
0.178122 3.996032
-0.249372 3.992219
3.360558 2.169482
-0.944026 3.887006
0.177199 3.996073
1.136049 3.835283
1.910956 3.514007
-0.569689 3.959224
-3.125296 2.496503
-1.640245 3.648232
-1.642105 3.647395
-1.046937 3.860560
-1.185576 3.820263
-0.512380 3.967048
3.641188 1.655824
-1.077623 3.852107
-1.140481 3.833967
-1.442077 3.731007
3.405435 -2.098336
-0.835596 3.911749
3.638991 -1.660645
2.846612 2.810125
-0.991423 3.875188
0.113790 3.998381
-1.304823 3.781195
-0.887592 3.900280
-0.099788 3.998755
3.627426 -1.685758
2.239642 3.314213
-1.405516 3.744933
2.517446 3.108451
1.915835 3.511350
-2.419481 3.185296
3.668117 -1.595281
-2.948855 2.702638
-0.109427 3.998503
1.837788 -3.552821
-0.322715 3.986961
1.559255 3.683575
0.247749 3.992320
2.622422 -3.020414
-2.040083 3.440648
-0.463132 3.973098
-0.321686 3.987044
0.878617 3.902311
2.754558 -2.900415
2.991663 2.655174
-0.720127 3.934643
-0.843727 3.910003
-0.287084 3.989685
-0.355080 3.984209
-0.583672 3.957187
2.395884 3.203083
0.445270 3.975140
2.428658 3.178304
0.451868 3.974395
-2.856072 2.800510
0.381777 3.981739
-1.444302 3.730146
-0.725551 3.933647
-1.133129 3.836146
-0.990983 3.875300
-0.213958 3.994274
0.133718 3.997764
-1.380263 3.754314
0.235423 3.993066
-2.059402 3.429120
-0.858402 3.906808
-0.037149 3.999827
1.382225 3.753592
-0.574299 3.958558
1.715785 3.613320
-1.843850 3.549679
0.132135 3.997817
-0.608813 3.953397
3.769208 -1.339056
-2.302432 3.270903
-1.535501 3.693540
0.560955 3.960471
0.630627 3.949976
0.846613 3.909379
0.341704 3.985378
0.934092 3.889405
-1.080656 3.851257
-2.343188 3.241831
-0.173669 3.996228
0.438610 3.975880
-2.994096 2.652431
-0.180585 3.995922
-0.725098 3.933730
-1.113051 3.842020
-0.020986 3.999945
-0.410452 3.978885
-1.244783 3.801383
0.244772 3.992504
-0.431979 3.976606
3.299870 -2.260721
0.398357 3.980115
-2.119803 3.392114
3.975438 -0.442598
-1.533163 3.694511
3.499761 -1.936923
-1.430154 3.735593
-0.968529 3.880973
3.754736 -1.379114
3.912043 -0.834219
-0.956811 3.883879
-2.869377 2.786876
-0.557643 3.960939
-1.162944 3.827213
-1.983570 3.473536
0.333551 3.986069
-0.173436 3.996238
0.612093 3.952890
-1.144663 3.832721
-1.400653 3.746755
-0.396208 3.980329
0.760395 3.927060
-0.162476 3.996699
-0.844120 3.909918
3.679870 -1.567978
0.687814 3.940420
-0.198563 3.995069
1.147208 3.831959
0.376418 3.982249
3.770817 -1.334517
-0.255223 3.991849
-0.325599 3.986726
0.659826 3.945203
-0.297221 3.988942
-0.882445 3.901447
1.187480 3.819672
-1.462344 3.723110
0.762938 3.926567
0.307242 3.988183
3.890964 -0.927578
0.605797 3.953860
0.018711 3.999956
0.182031 3.995856
1.851770 3.545553
0.069203 3.999401
-1.674998 3.632407
-0.304067 3.988426
-0.584240 3.957103
0.102911 3.998676
-1.654653 3.641720
-0.534959 3.964066
2.620686 -3.021921
1.931906 3.502533
0.853669 3.907845
-0.563470 3.960114
-2.556775 3.076183
-0.041955 3.999780
-0.435733 3.976196
0.155224 3.996987
3.324564 -2.224247
2.418444 3.186084
3.650368 1.635486
3.975879 -0.438617
-3.856657 1.061224
-2.192042 3.345886
-2.903927 2.750856
-3.788397 1.283764
-3.044010 2.594995
-0.398338 3.980116
-1.303587 3.781621
-0.996809 3.873806
0.919454 3.892892
0.126523 3.997998
-3.029194 2.612276
-0.765461 3.926076
-3.493604 1.948007
-2.900915 2.754032
-0.387735 3.981163
-2.882598 2.773198
-0.955122 3.884294
-3.488503 1.957127
-2.504862 3.118600
-2.213790 3.331536
-0.748976 3.929254
-1.161878 3.827537
-3.493671 1.947887
-0.252082 3.992049
-0.415015 3.978412
-1.963299 3.485033
-2.306050 3.268353
-3.467246 1.994543
-2.861560 2.794901
-0.695943 3.938993
-2.126032 3.388213
-3.964477 0.531905
-2.004780 3.461337
-0.110748 3.998467
-3.515587 1.908048
-2.947429 2.704194
-1.004932 3.871707
-1.499262 3.708398
-0.397023 3.980248
-3.311309 2.243932
-1.053602 3.858746
-2.358001 3.231073
-0.356830 3.984052
-3.190359 2.412802
-3.992802 -0.239858
-3.429826 2.058225
-2.538432 3.091337
-0.411247 3.978803
-0.614742 3.952479
0.939678 3.888059
-0.881145 3.901741
-0.196560 3.995168
0.304699 3.988378
-0.468414 3.972479
-3.727648 1.450739
0.646550 3.947401
-3.379783 2.139409
1.230424 3.806055
-3.127298 2.493994
-2.869794 2.786446
-2.706526 2.945287
-0.324783 3.986793
-3.103768 2.523217
-3.171146 2.437997
1.367648 3.758928
-1.976942 3.477312
1.133639 3.835996
-0.142422 3.997464
-0.362080 3.983579
-2.586527 3.051209
-3.874205 0.995255
-3.573496 1.797255
-2.819534 2.837292
-2.699779 2.951473
-0.912987 3.894413
-0.181764 3.995868
-0.229375 3.993418
-3.999612 -0.055702
0.199927 3.995001
-0.402822 3.979665
-3.900826 0.885187
-3.127717 2.493469
-3.013500 2.630365
-3.053928 2.583316
-1.894164 3.523087
-1.566106 3.680667
0.112116 3.998428
-1.858206 3.542185
-1.408388 3.743854
-0.470744 3.972203
0.033289 3.999861
-3.085281 2.545789
-3.717434 1.476715
-0.577459 3.958098
-3.551576 1.840192
-1.863933 3.539174
-2.953806 2.697226
-1.853820 3.544482
-2.003702 3.461961
-2.763138 2.892243
-0.263827 3.991290
-3.163395 2.448046
-3.544253 1.854258
-2.620457 3.022120
-1.560820 3.682912
-0.953400 3.884717
-3.663989 1.604738
-0.140916 3.997517
-3.623969 1.693176
1.084452 3.850190
-1.923041 3.507408
-0.502402 3.968324
-2.414199 3.189302
-0.733799 3.932116
0.303555 3.988465
-2.242401 3.312346
-3.234704 2.353018
-2.881348 2.774497
-0.827555 3.913458
0.344584 3.985130
-2.915504 2.738583
-2.266376 3.295989
-2.628750 3.014908
-1.021739 3.867305
-0.075667 3.999284
-0.595667 3.955399
-0.596992 3.955199
-2.627178 3.016279
-0.313997 3.987657
-1.890581 3.525011
-1.659150 3.639673
0.292730 3.989274
-2.040845 3.440196
-1.196371 3.816896
0.884981 3.900873
-1.568550 3.679626
-1.438592 3.732352
0.762924 3.926569
0.128804 3.997926
-0.862959 3.905804
-0.297001 3.988959
-0.899863 3.897467
-0.611739 3.952945
1.833990 3.554783
-0.512416 3.967043
-2.699543 2.951689
-2.638250 3.006599
0.461198 3.973323
-2.604828 3.035600
-3.172054 2.436816
-0.793276 3.920550
-1.390014 3.750715
-0.403504 3.979596
-2.759689 2.895534
-0.490624 3.969797
-3.010635 2.633643
-3.022463 2.620061
-0.161590 3.996735
-2.771396 2.884330
-3.193806 2.408237
-2.684169 2.965676
-2.898080 2.757015
-2.259772 3.300520
-1.123795 3.838891
-2.777091 2.878848
-0.810143 3.917100
-0.205824 3.994701
0.268309 3.990991
-2.149945 3.373090
-2.290266 3.279433
-3.437808 2.044867
-0.657621 3.945572
-3.251143 2.330251
-0.304227 3.988414
-0.534739 3.964096
-0.569805 3.959207
-2.667681 2.980516
0.063345 3.999498
-2.109876 3.398297
-3.150968 2.464021
0.993123 3.874753
0.026316 3.999913
-2.379800 3.215051
-2.337704 3.245788
-0.523785 3.965558
-0.375569 3.982329
-0.666383 3.944101
0.525123 3.965381
0.387951 3.981142
-1.835394 3.554058
-1.477318 3.717194
-3.370741 2.153627
0.371537 3.982708
-1.746915 3.598373
-2.643914 3.001619
-2.301831 3.271326
-1.361454 3.761176
-0.422388 3.977636
-2.578816 3.057729
-0.061930 3.999521
3.412423 2.086952
3.976537 -0.432609
3.415719 -2.081552
3.662887 1.607253
3.892863 -0.919575
3.636616 1.665840
3.363047 -2.165622
3.150813 -2.464219
3.968804 -0.498597
3.997301 0.146918
3.543515 -1.855667
3.949548 -0.633300
3.642939 1.651968
3.945329 -0.659075
1.620253 -3.657155
3.666336 -1.599369
3.965386 -0.525085
3.908781 -0.849373
3.891657 0.924665
3.998724 -0.101021
3.916548 0.812804
1.727579 -3.607696
3.434099 2.051088
3.470311 -1.989206
2.905988 2.748679
3.577096 -1.790080
3.830259 -1.152872
2.769626 -2.886031
3.977137 0.427063
3.999576 0.058206
3.986110 0.333055
3.971044 0.480429
3.728297 1.449069
3.329456 2.216917
3.949066 -0.636298
3.661736 -1.609872
2.830136 -2.826718
3.117343 -2.506427
3.629965 1.680283
3.806181 -1.230034
3.870510 -1.009531
2.558431 -3.074806
2.539184 -3.090719
0.547161 -3.962400
3.869084 1.014983
3.614786 1.712694
3.967580 -0.508242
3.737138 1.426113
3.436740 2.046661
3.877569 0.982068
3.827978 -1.160423
1.694774 -3.623222
3.553488 1.836498
3.827379 1.162400
3.747763 -1.397953
3.993034 -0.235965
3.910486 0.841487
3.104989 -2.521714
3.749541 1.393177
3.756755 1.373604
3.960737 -0.559072
2.241094 -3.313231
3.805195 -1.233083
3.275330 2.296130
1.968590 -3.482047
3.942911 -0.673392
3.442429 2.037077
3.820043 1.186285
3.133496 2.486203
3.968962 0.497335
3.991288 0.263861
3.978605 0.413157
3.977576 -0.422951
2.292516 -3.277861
3.975657 0.440623
3.761357 -1.360953
2.885171 -2.770521
3.699239 1.521719
2.725125 -2.928087
3.017273 -2.626035
3.318541 -2.233222
3.975813 -0.439219
3.850694 1.082661
3.743286 -1.409898
3.999816 0.038321
3.908294 -0.851611
2.881235 2.774615
2.701059 -2.950302
3.765233 1.350192
3.405921 2.097546
3.881977 -0.964495
3.844553 1.104269
3.135695 -2.483428
3.887128 -0.943522
3.992444 -0.245748
2.892176 -2.763208
3.752921 -1.384045
3.967328 -0.510207
3.999829 -0.036967
2.586248 -3.051446
3.266418 -2.308791
3.963866 0.536437
1.926477 -3.505522
3.922001 0.786070
3.999993 -0.007227
3.946887 -0.649678
3.997571 -0.139366
3.458296 2.010022
3.931631 0.736394
3.987696 -0.313497
2.579217 -3.057391
3.957189 0.583657
3.972039 -0.472130
3.262235 2.314697
2.145563 -3.375879
3.956627 -0.587455
3.996683 0.162873
3.987531 -0.315589
3.970516 0.484769
3.121174 -2.501654
3.996171 0.174977
3.981531 -0.383941
2.416446 -3.187599
3.744430 1.406855
3.966021 0.520269
3.542910 1.856823
3.469821 -1.990060
3.448343 2.027049
3.429214 -2.059245
3.992034 0.252311
3.632310 -1.675209
3.929611 -0.747100
3.890267 -0.930496
3.969611 -0.492130
3.025956 -2.616025
3.013665 -2.630175
3.971453 -0.477032
1.595161 -3.668169
3.243402 -2.341014
3.531784 -1.877898
1.851707 -3.545586
1.395193 -3.748791
2.712257 -2.940011
2.148713 -3.373875
0.922355 -3.892205
3.918173 -0.804934
2.578772 -3.057766
3.929126 -0.749645
3.885438 0.950460
3.945078 0.660574
2.079223 -3.417138
3.901233 -0.883394
3.994411 -0.211376
3.773283 1.327530
3.998345 -0.115062
3.758641 1.368437
3.974240 -0.453232
3.865048 -1.030244
3.573367 -1.797512
3.995220 -0.195495
3.994949 0.200953
3.996477 0.167854
3.899164 0.892479
3.721621 -1.466131
3.453135 -2.018876
0.733813 -3.932114
3.163560 -2.447834
3.993295 -0.231508
1.031605 -3.864685
3.997522 -0.140785
2.938397 -2.714005
3.802283 1.242033
3.725111 1.457241
3.999977 -0.013632
2.698961 2.952221
2.783268 -2.872876
3.871518 1.005659
3.478273 -1.975251
3.997696 0.135739
3.764312 1.352760
3.466104 -1.996527
3.986302 0.330748
3.442769 -2.036502
3.694640 1.532851
1.527173 -3.696991
3.398659 2.109293
3.935136 0.717431
3.059715 -2.576460
3.842424 -1.111655
0.852439 -3.908113
3.977725 0.421554
3.541674 -1.859180
3.914993 0.820263
3.955767 -0.593216
3.995565 -0.188310
3.809290 -1.220371
2.693812 -2.956920
3.891144 -0.926820
3.537510 1.867089
1.653155 3.642400
1.482345 -3.715192
3.432946 2.053018
2.118322 3.393039
3.566466 -1.811166
0.866638 -3.904989
3.423139 -2.069328
3.675984 1.577068
-0.002957 -3.999999
1.273179 -3.791967
3.928486 0.752992
3.980225 0.397250
3.952158 0.616807
3.775620 -1.320868
1.799524 -3.572354
3.783854 1.297094
3.994057 0.217970
2.434540 -3.173801
0.569712 -3.959221
3.839606 1.121351
3.878987 0.976451
-0.002072 -3.999999
2.903572 -2.751231
1.102589 -3.845036
1.780290 -3.581978
2.403868 3.197096
2.570407 -3.064801
3.995818 0.182862
3.992249 -0.248901
3.984671 -0.349854
3.943463 0.670149
0.098106 -3.998797
1.241999 -3.802294
-0.267763 -3.991028
1.652449 -3.642720
3.467637 -1.993864
3.963953 0.535798
3.809690 -1.219122
3.821051 1.183035
3.656446 1.621852
1.763911 -3.590072
2.110642 -3.397822
3.826669 1.164733
2.420850 -3.184256
2.634315 3.010047
3.982779 -0.370770
3.048349 -2.589898
3.329600 -2.216701
0.847636 -3.909158
3.265682 2.309832
2.947921 -2.703657
3.981620 -0.383016
3.792583 1.271344
1.241549 -3.802441
3.127365 -2.493910
3.096313 -2.532360
1.542519 -3.690615
0.851851 -3.908241
0.028597 -3.999898
3.956040 -0.591395
3.926227 0.764686
3.787012 -1.287844
3.748046 1.397193
3.781847 -1.302933
3.974307 0.452643
2.474312 -3.142894
3.770764 -1.334667
3.045787 2.592909
3.878042 0.980200
1.066006 -3.855338
3.982022 0.378820
3.431080 -2.056135
0.251716 -3.992072
0.102910 -3.998676
3.876318 0.986995
2.549141 -3.082512
3.984188 0.355316
3.804778 1.234367
-0.035372 -3.999844
1.000141 -3.872947
3.756217 -1.375075
1.086394 -3.849643
3.980627 0.393204
1.451225 -3.727458
3.939895 0.690818
3.377006 2.143789
1.113537 -3.841879
3.986049 -0.333785
3.947882 -0.643607
3.208125 -2.389128
3.992516 -0.244575
2.952022 -2.699179
1.628124 -3.653658
3.990154 0.280477
3.367894 -2.158075
3.807268 -1.226667
-0.097147 -3.998820
0.680147 -3.941751
-0.000334 -4.000000
2.380376 -3.214625
3.978065 -0.418329
1.904559 -3.517479
3.666585 -1.598797
3.954092 -0.604280
1.240345 -3.802834
3.995649 -0.186517
3.630282 -1.679598
0.495738 -3.969162
2.582104 -3.054954
3.886013 0.948104
1.380862 -3.754094
0.017555 -3.999961
3.923180 0.780168
3.817950 -1.193002
0.013593 -3.999977
0.422483 -3.977626
2.375999 -3.217861
2.114718 3.395286
-0.165205 -3.996587
3.992459 0.245510
-0.131152 -3.997849
3.994194 -0.215443
1.095101 -3.847175
3.969909 0.489721
1.538068 -3.692472
3.892654 0.920459
3.272871 -2.299634
0.238046 -3.992910
3.547428 -1.848176
3.328241 -2.218741
3.886297 0.946938
3.805568 1.231929
3.572219 -1.799793
3.889103 0.935348
3.967385 0.509759
-0.238783 -3.992866
3.886429 0.946400
3.556267 -1.831111
3.642197 -1.653602
3.496119 1.943490
3.806559 1.228864
3.686806 -1.551599
3.490097 1.954283
3.757491 1.371590
3.319867 2.231252
-0.143191 -3.997436
3.043906 -2.595118
3.142937 2.474257
1.519796 -3.700030
3.969126 0.496019
0.919937 -3.892777
0.110639 -3.998470
0.803847 -3.918396
1.969205 -3.481700
0.161193 -3.996751
-0.315837 -3.987511
0.207733 -3.994602
3.421381 2.072233
3.965026 0.527794
3.979839 0.401102
1.479552 -3.716305
3.985115 0.344763
1.128107 -3.837626
0.249720 -3.992197
3.906581 0.859432
3.565328 1.813405
1.472818 -3.718979
3.737800 1.424378
3.723062 -1.462466
3.982999 0.368396
3.457640 2.011151
1.131423 -3.836650
3.755886 -1.375981
0.103870 -3.998651
3.659491 1.614970
3.180583 -2.425673
3.949890 0.631163
3.543718 -1.855279
3.597057 1.749624
3.875865 0.988771
0.980392 -3.877993
1.783060 -3.580600
1.170558 -3.824891
3.999970 0.015388
1.475688 -3.717841
1.017651 -3.868383
3.739510 1.419881
3.998084 -0.123805
1.508937 -3.704472
3.970847 0.482053
3.763756 1.354304
3.973838 -0.456739
1.985745 -3.472293
3.999699 -0.049051
3.775375 1.321568
1.041917 -3.861918
0.935412 -3.889088
2.740134 -2.914046
2.603296 -3.036914
3.783535 -1.298023
3.993415 -0.229418
