1.573895 3.677343
1.626932 3.654188
-0.393023 3.980645
-0.772600 3.924677
0.039206 3.999808
1.329423 3.772616
-0.289117 3.989538
-0.802575 3.918657
0.527770 3.965029
2.636633 3.008017
0.368387 3.983000
-0.791437 3.920922
-0.041102 3.999789
0.607571 3.953588
1.050668 3.859546
-0.309160 3.988035
2.012873 3.456637
0.951420 3.885203
-0.740108 3.930934
-0.981279 3.877769
-1.684782 3.627880
-0.393023 3.980645
1.159068 3.828389
-0.246580 3.992393
1.272378 3.792236
-0.236707 3.992990
1.480138 3.716072
0.147751 3.997270
-0.361723 3.983611
0.410816 3.978848
0.076533 3.999268
-0.996129 3.873981
-0.762027 3.926744
1.658644 3.639904
-0.042604 3.999773
-1.402072 3.746224
1.818680 3.562640
-1.638545 3.648996
1.188447 3.819371
0.363622 3.983438
2.294917 3.276180
1.149976 3.831130
-1.883639 3.528726
-0.318751 3.987279
0.090750 3.998970
-0.000752 4.000000
0.259451 3.991577
0.376387 3.982252
-1.046676 3.860631
-1.099478 3.845926
-0.262223 3.991396
1.894023 3.523163
0.277416 3.990368
0.463989 3.972998
-0.073660 3.999322
-0.053476 3.999643
1.477878 3.716972
0.399989 3.979951
1.801111 3.571554
-0.518315 3.966277
-0.164105 3.996632
-0.636502 3.949033
-0.984761 3.876886
-0.515280 3.966672
2.912381 2.741903
3.347080 2.190219
0.544133 3.962817
-0.520581 3.965980
0.157829 3.996885
1.036379 3.863408
0.507834 3.967632
-0.381294 3.981785
-1.171221 3.824688
-0.609819 3.953242
-0.205168 3.994735
0.716436 3.935317
0.780296 3.923154
1.394498 3.749050
-2.664486 2.983373
2.009991 3.458314
1.547988 3.688324
-0.181800 3.995866
-2.175802 3.356469
0.367915 3.983044
0.641066 3.948295
0.454972 3.974041
-0.393023 3.980645
-0.223093 3.993774
-0.042061 3.999779
1.905144 3.517162
0.191200 3.995428
2.299711 3.272817
-1.151002 3.830822
-0.724164 3.933902
0.846636 3.909374
0.170626 3.996359
2.329632 3.251587
-0.597773 3.955081
2.900681 2.754279
1.509555 3.704220
0.404014 3.979544
-0.580020 3.957724
2.261607 3.299263
2.448248 3.163239
0.569667 3.959227
-1.420687 3.739204
-1.735079 3.604095
0.386061 3.981326
0.476820 3.971479
1.278111 3.790308
0.059662 3.999555
0.562074 3.960312
0.337210 3.985761
0.539674 3.963427
0.500036 3.968622
-1.245414 3.801176
-0.731055 3.932627
-1.727282 3.607838
-2.710893 2.941269
0.751879 3.928699
1.090673 3.848433
0.839752 3.910859
0.432400 3.976560
0.315849 3.987510
0.425566 3.977297
1.321695 3.775331
-0.244804 3.992502
2.109130 3.398760
-0.822100 3.914608
0.904516 3.896389
0.713748 3.935805
0.496050 3.969123
1.666684 3.636230
1.597072 3.667337
1.688793 3.626014
0.255874 3.991808
-0.498053 3.968872
-0.711197 3.936267
1.127561 3.837787
-0.364236 3.983382
-0.699937 3.938285
0.597887 3.955064
-0.247533 3.992334
1.333660 3.771121
-0.167540 3.996490
-0.066259 3.999451
-0.027357 3.999906
1.180010 3.821986
-0.081834 3.999163
-1.872395 3.534705
0.903265 3.896680
-0.940732 3.887804
-0.116495 3.998303
-0.669535 3.943567
-1.355457 3.763341
1.976463 3.477584
0.866008 3.905129
-2.043570 3.256172
-1.765786 3.589150
0.537341 3.963744
0.380342 3.981876
-0.775788 3.924048
1.156865 3.829055
-2.259620 3.300624
1.177547 3.822746
3.196258 2.404982
-0.569285 3.959282
-0.516243 3.966547
0.501382 3.968453
0.932303 3.889834
-1.997539 3.465521
2.086346 3.412794
0.818426 3.915377
1.463601 3.722616
-1.639286 3.648663
-1.447093 3.729064
-0.215727 3.994179
-1.925481 3.506069
-1.020351 3.867672
0.683422 3.941184
-1.447539 3.728891
0.011235 3.999984
1.015183 3.869031
0.042444 3.999775
1.193666 3.817743
-0.910334 3.895034
1.463982 3.722466
0.598660 3.954947
-0.722389 3.934229
0.461004 3.973346
0.042964 3.999769
1.424969 3.737574
-0.516737 3.966482
-0.380328 3.981878
0.283880 3.989914
2.418478 3.186058
0.679185 3.941917
-0.331680 3.986225
-0.677226 3.942254
-0.338589 3.985644
-0.745380 -3.929938
-3.533537 1.874597
-3.071864 2.561962
0.374745 -3.982407
-0.883986 -3.901098
-2.506197 -3.117527
-3.582061 1.780124
-3.654306 1.626668
-3.635659 -1.667928
-3.062035 2.573701
0.400975 -3.979852
-3.622631 1.696038
-0.557372 -3.960977
-1.735233 3.604021
-3.736539 1.427683
-0.013430 -3.999977
-3.681779 1.563492
-2.024251 -3.449987
-3.525389 1.889876
-1.750876 -3.596447
-3.331241 2.214234
-3.760101 1.364420
-0.196040 -3.995193
-3.817873 1.193250
-0.982184 -3.877540
-2.673282 2.975493
-3.331298 -2.214148
-1.415332 3.741235
-3.965253 0.526092
-3.739150 1.420829
0.239156 -3.992844
-3.850033 1.085010
-2.594234 3.044659
-0.317079 -3.987413
-2.722616 2.930420
-3.968894 0.497879
-3.832834 1.144284
-3.669111 1.592992
-2.724512 -2.928658
-2.047829 3.436044
-2.293798 -3.276964
-0.447817 -3.974853
-1.534584 -3.693921
-0.869135 -3.904434
-2.089054 3.411136
0.929752 -3.890445
-2.994249 2.652258
-1.295392 -3.784436
-3.493270 1.948605
-3.107223 2.518962
-2.641775 -3.003502
-2.741149 -2.913092
-1.956027 3.489120
-3.423057 -2.069465
-3.392435 2.119288
-2.499907 -3.122573
-1.280176 -3.789611
-2.392996 -3.205241
-3.425039 2.066181
-3.062553 2.573086
-1.930452 -3.503335
-3.612273 1.717987
1.218173 -3.809994
-0.903078 -3.896723
-1.075588 -3.852676
-2.645587 -3.000145
-1.776882 -3.583670
-3.923914 0.776468
-2.411243 -3.191537
-1.424554 -3.737733
-3.949212 0.635392
-1.929032 3.504117
-3.758505 -1.368810
-2.859925 2.796575
-3.461318 2.004813
-2.106251 3.400545
-2.112343 -3.396764
-2.741870 -2.912413
-2.392043 -3.205953
-3.695241 1.531403
-3.794603 1.265302
-0.412935 -3.978628
-3.283435 2.284524
-0.187338 -3.995611
-3.394745 -2.115587
-2.383711 -3.212152
-2.676323 -2.972759
0.690953 -3.939871
-3.297695 2.263892
-3.457555 2.011297
-1.848860 -3.547071
-1.095027 -3.847196
1.537654 -3.692644
-0.628719 -3.950280
-3.581621 1.781009
-1.017463 -3.868433
-0.859721 -3.906518
-1.464039 -3.722444
-3.099842 2.528039
0.671558 -3.943223
-3.834287 1.139403
-3.607834 1.727291
1.577232 -3.675913
-3.883969 0.956445
-3.270004 2.303709
-3.819387 1.188394
-1.491593 -3.711489
-1.710535 -3.615808
-0.079814 -3.999204
-3.967123 -0.511798
-0.795491 -3.920101
-2.438704 -3.170603
-3.758538 1.368719
-3.144750 2.471952
-3.952648 0.613659
1.245869 -3.801027
-2.940560 2.711662
-0.309395 -3.988016
-2.943299 2.708688
-3.679851 1.568022
-0.534686 -3.964103
-0.502823 -3.968270
-2.755081 2.899919
-2.400151 -3.199886
-2.371260 -3.221355
-3.577655 1.788961
-3.057751 2.578790
-3.408399 2.093518
-3.120699 2.502247
-3.287130 -2.279205
-0.903536 -3.896617
-1.080403 -3.851328
-2.507181 3.116736
-3.384078 2.132608
-2.061198 -3.428041
-3.499890 1.936691
-3.142022 2.475419
-2.381058 -3.214120
-3.656157 1.622503
-2.546818 -3.084432
-3.659968 1.613889
-2.882588 -2.773208
-3.896225 0.905223
-1.913945 -3.512380
-2.920662 -2.733082
-3.452667 2.019676
-3.582757 1.778723
-2.345373 -3.240251
-3.917463 0.808382
1.465264 -3.721962
-3.344387 2.194328
-3.782448 1.301187
-2.452592 -3.159872
-3.858029 1.056225
-1.398273 -3.747644
-2.631194 3.012776
-3.733911 -1.434541
-3.471041 1.987933
-3.603253 1.736828
-1.925646 -3.505979
-1.177702 3.822698
-0.636961 -3.948960
-3.577579 1.789115
-3.622629 1.696041
1.828103 -3.557814
-3.339586 2.201628
-3.463689 2.000714
-2.213713 -3.331587
-2.917641 2.736306
-3.246171 2.337173
-3.662004 1.609264
-3.678403 1.571418
-3.740223 -1.418003
-3.836011 1.133588
-3.722495 -1.463909
-2.419925 -3.184959
-3.717554 1.476411
-3.727460 1.451220
-3.416750 2.079860
-1.843991 -3.549605
-2.433854 -3.174327
-2.337715 -3.245780
-3.996937 -0.156513
-2.810156 -2.846581
-3.323223 2.226250
-3.948086 0.642354
-2.034585 -3.443902
-3.212429 -2.383338
-1.613461 -3.660156
-2.300809 -3.272045
-3.569949 1.804291
0.959563 -3.883200
-2.275409 -3.289759
-3.758674 1.368345
-3.985850 0.336157
-2.668821 2.979495
-2.130671 -3.385298
-2.257373 -3.302161
-3.098099 2.530174
-3.731510 1.440774
3.999023 -0.088423
3.964463 0.532009
3.829114 -1.156669
3.421052 -2.072776
3.916592 -0.812593
3.995310 -0.193643
3.996681 0.162918
3.941498 -0.681612
3.973723 -0.457742
3.529006 1.883113
3.997407 0.143992
3.742134 -1.412951
3.991116 0.266441
2.771085 -2.884629
3.953802 -0.606175
3.996585 0.165247
3.807265 -1.226677
3.869513 1.013344
3.210170 2.386380
3.987080 -0.321238
3.963626 0.538206
3.961059 0.556786
2.471892 -3.144797
3.962763 0.544523
3.999871 -0.032132
3.964800 0.529493
3.401550 -2.104628
2.430938 -3.176561
3.722153 -1.464780
3.142251 -2.475128
3.839479 -1.121784
3.888268 0.938816
3.908803 -0.849270
3.583127 -1.777977
3.748030 -1.397238
3.917922 0.806157
2.915598 2.738483
3.535060 -1.871724
3.445400 2.032047
2.211323 3.333174
3.936886 -0.707765
3.959663 -0.566632
3.929891 0.745627
3.981502 0.384246
3.992988 0.236749
3.989735 0.286388
3.941059 -0.684146
3.946199 0.653847
3.998613 -0.105345
3.343402 2.195829
3.993250 -0.232277
3.967251 -0.510799
3.953884 -0.605640
3.726020 -1.454915
3.969581 0.492371
3.982978 -0.368633
3.974813 0.448175
3.674775 -1.579883
3.733064 -1.436745
3.972142 0.471264
3.806248 -1.229827
3.803338 1.238798
3.670923 -1.588813
3.869753 -1.012428
3.987674 0.313774
3.526928 1.887003
3.909086 0.847964
3.805655 -1.231660
3.597813 -1.748067
3.522817 -1.894667
3.339116 -2.202341
3.969275 -0.494829
3.648121 1.640493
3.979376 0.405672
3.970568 0.484345
3.789253 -1.281234
3.831868 1.147514
3.913700 -0.826407
3.992639 0.242561
3.796896 -1.258405
3.639201 1.660186
3.800422 1.247716
3.729787 -1.445230
3.793342 1.269077
3.957645 0.580557
3.895226 -0.909515
3.945559 -0.657694
3.741035 -1.415860
3.995643 -0.186647
3.873002 0.999929
3.986582 -0.327355
3.955873 -0.592508
3.965990 -0.520502
3.880403 0.970810
3.985924 -0.335277
3.874765 0.993072
3.958483 -0.574817
3.796812 -1.258658
3.950092 -0.629899
3.958300 0.576071
3.942105 -0.678090
3.906973 0.857648
2.140756 -3.378929
3.939160 0.694994
3.887253 -0.943006
2.077469 3.418205
3.983353 -0.364553
3.730143 1.444310
3.997536 0.140386
3.831311 -1.149372
3.954982 0.598426
3.935234 -0.716890
3.684625 -1.556772
3.874714 -0.993272
3.999016 0.088700
3.982347 -0.375379
3.898050 -0.897331
3.997184 -0.150054
3.808957 1.221411
3.958415 0.575281
3.709527 1.496466
3.999002 0.089339
3.990977 -0.268515
3.509721 -1.918817
3.979066 -0.408693
3.587057 1.770034
3.558585 1.826601
3.834748 -1.137851
3.751328 1.388358
3.692155 1.538827
3.411217 -2.088922
3.799166 -1.251533
3.998482 -0.110177
3.961973 0.550245
3.744120 -1.407680
3.969769 0.490851
3.893164 -0.918298
3.692964 1.536884
3.084279 -2.547003
3.895806 0.907026
3.984040 -0.356970
3.873562 0.997755
3.840926 -1.116822
3.978117 0.417837
3.958707 -0.573273
3.910157 -0.843013
3.994223 -0.214906
3.960916 0.557805
3.985076 0.345203
2.844941 -2.811816
3.466517 -1.995811
3.952940 0.611775
3.891691 -0.924522
3.990178 -0.280145
3.803634 -1.237887
3.978933 0.409989
3.937133 0.706387
3.790243 1.278304
3.978187 -0.417164
3.684775 1.556417
3.964175 -0.534148
3.991653 -0.258282
3.980039 -0.399109
3.992129 -0.250813
3.998464 -0.110837
3.691810 1.539655
3.680409 -1.566712
3.383229 -2.133955
3.273169 -2.299209
3.976046 0.437101
3.926516 0.763201
3.908488 -0.850718
3.989742 -0.286281
3.998123 -0.122520
3.753017 1.383785
3.987206 -0.319672
3.887538 -0.941834
3.300687 2.259527
3.990675 0.272966
3.985860 0.336033
3.901098 0.883987
3.958119 -0.577318
3.942642 0.674963
3.788911 -1.282246
3.955520 -0.594863
3.906549 -0.859577
3.969220 0.495273
3.608063 -1.726811
3.999996 -0.005705
3.875968 -0.988370
3.979431 -0.405129
3.966093 -0.519714
3.777284 1.316102
3.414312 -2.083860
3.595015 -1.753816
3.795039 -1.263993
3.998135 0.122149
3.973294 0.461445
3.872167 1.003156
3.868584 1.016886
3.617790 -1.706340
3.458489 -2.009689
3.825128 -1.169786
3.999978 0.013162
3.581049 -1.782157
2.565758 -3.068694
2.083235 -3.414693
3.647771 -1.641270
3.545472 -1.851925
3.908004 -0.852941
3.583679 -1.776864
3.826027 -1.166841
3.885172 -0.951544
3.868920 -1.015606
3.656349 -1.622069
3.996745 -0.161342
1.541031 -3.691236
1.880737 -3.530273
3.304784 -2.253530
3.971008 -0.480724
3.759541 -1.365961
3.552248 -1.838895
3.602467 -1.738458
2.695268 -2.955593
3.820172 -1.185869
3.998220 -0.119314
3.994695 -0.205945
3.534937 -1.871956
3.821164 -1.182670
3.598135 -1.747405
3.997493 0.141587
3.313730 -2.240356
3.425067 -2.066136
3.658716 -1.616725
3.473059 -1.984405
3.816746 -1.196851
3.721799 -1.465678
3.994813 -0.203645
3.564134 -1.815749
3.714529 -1.484007
2.090609 -3.410184
3.348667 -2.187791
3.279312 -2.290440
3.650467 -1.635264
3.232129 -2.356553
1.944491 -3.495562
3.656120 -1.622586
3.582499 -1.779242
3.722417 -1.464108
3.965456 -0.524556
3.251676 -2.329507
3.469614 -1.990422
2.732747 -2.920975
3.627145 -1.686362
3.528919 -1.883277
3.657884 -1.618605
2.956683 -2.694072
3.507773 -1.922375
2.174794 -3.357122
3.610557 -1.721592
2.837786 -2.819037
3.156187 -2.457333
3.299959 -2.260590
3.399295 -2.108268
2.604788 -3.035635
3.295095 -2.267674
3.228155 -2.361994
2.722559 -2.930473
3.410197 -2.090588
3.651352 -1.633287
3.700967 -1.517513
3.642114 -1.653784
3.577781 -1.788709
3.317416 -2.234894
3.709866 -1.495624
3.809167 -1.220756
3.899456 -0.891203
3.666857 -1.598175
3.637703 -1.663466
3.428605 -2.060259
3.796913 -1.258352
3.378074 -2.142106
3.136498 -2.482414
3.921903 -0.786560
3.806199 -1.229980
3.623128 -1.694977
3.872170 -1.003145
3.374052 -2.148436
3.884669 0.953597
3.995118 0.197570
3.298878 -2.262168
1.660810 -3.638916
3.505568 -1.926393
3.501828 -1.933184
3.999655 -0.052556
3.474393 -1.982067
3.670437 -1.589934
3.989838 -0.284948
3.316151 -2.236770
3.356187 -2.176237
3.735527 -1.430329
2.895334 -2.759899
2.940891 -2.711302
3.767925 1.342661
3.557824 -1.828082
2.114874 -3.395189
3.436043 -2.047830
3.398532 -2.109497
3.556168 -1.831302
3.068055 -2.566522
2.285889 -3.282486
3.808462 -1.222955
2.331678 -3.250119
3.412658 -2.086568
3.702387 -1.514044
2.675213 -2.973758
3.932632 -0.731031
3.656241 -1.622314
3.465581 -1.997436
3.633054 -1.673595
3.318589 -2.233151
2.857935 -2.798608
2.636479 -3.008152
3.511969 -1.914699
2.188387 -3.348277
3.538775 -1.864690
3.509729 -1.918802
3.159515 -2.453052
3.652803 -1.630040
3.331300 -2.214146
3.214532 -2.380501
3.805738 -1.231406
3.455020 -2.015649
3.321044 -2.229499
3.612439 -1.717640
2.517548 -3.108368
3.294413 -2.268666
3.642548 -1.652829
2.815730 -2.841067
1.425367 -3.737423
3.811647 -1.212990
3.553795 -1.835904
3.680251 -1.567084
3.997735 -0.134584
3.640761 -1.656763
3.861898 -1.041989
2.868779 -2.787491
2.530417 -3.097901
3.268012 -2.306533
3.704480 -1.508915
3.414452 -2.083631
3.301030 -2.259026
2.038492 -3.441591
3.443667 -2.034983
3.601229 -1.741020
3.398103 -2.110189
3.692379 -1.538289
3.437855 -2.044787
3.942821 -0.673914
3.522309 -1.895610
3.425994 -2.064599
3.672896 -1.584245
3.579392 -1.785483
3.189930 -2.413369
3.066979 -2.567808
3.725637 -1.455895
1.901038 -3.519383
3.931983 -0.734514
3.859659 -1.050253
2.394605 -3.204039
3.344419 -2.194279
3.950463 0.627570
3.657382 -1.619739
2.976889 -2.671728
3.999492 -0.063761
3.755686 -1.376526
2.242998 -3.311942
2.269894 -3.293567
3.166523 -2.443999
3.380103 -2.138903
3.859419 -1.051134
3.663058 -1.606863
3.371882 -2.151839
3.754397 -1.380037
3.813204 -1.208089
3.323562 -2.225743
3.767455 -1.343980
2.423008 -3.182614
3.689964 -1.544074
3.999307 0.074471
3.460248 -2.006659
2.160932 -3.366062
3.656626 -1.621446
3.512053 -1.914545
3.470565 -1.988763
3.127845 -2.493308
3.879694 -0.973638
2.713026 -2.939301
3.340656 -2.200004
3.137000 -2.481780
