3.082835 2.548750
-1.204310 3.814399
2.031024 3.446004
0.159512 3.996818
1.891217 3.524670
1.909724 3.514677
-2.081693 3.415634
-0.991135 3.875261
-3.376615 2.144404
0.069838 3.999390
1.272659 3.792142
1.399026 3.747363
2.898504 2.756569
0.221302 3.993873
1.653835 3.642092
-2.673505 2.975293
0.394462 3.980502
1.316145 3.777269
0.873464 3.903468
-0.934330 3.889348
1.053176 3.858863
1.041643 3.861992
1.033525 3.864172
0.119897 3.998203
0.699203 3.938415
2.744698 2.909748
1.000318 3.872901
3.299460 2.261319
1.120574 3.839832
2.333588 3.248748
-2.297263 3.274535
2.015643 3.455023
1.566794 3.680374
2.761538 2.893771
0.531631 3.964514
-0.664230 3.944464
-0.389752 3.980966
-2.139305 3.379848
1.417790 3.740304
-3.040635 2.598950
0.545051 3.962691
-0.353648 3.984336
2.195553 3.343583
-0.834836 3.911911
-1.722492 3.610127
2.073715 3.420483
0.136318 3.997676
-0.092525 3.998930
-1.093560 3.847613
-0.395316 3.980418
-1.938783 3.498731
1.438493 3.732390
0.321113 3.987090
1.829336 3.557180
2.434696 3.173682
1.677751 3.631136
0.258068 3.991666
1.747531 3.598074
2.944262 2.707641
2.968945 2.680553
-2.116024 3.394472
-1.779101 3.582569
-1.575646 3.676593
-2.357929 3.231125
2.221079 3.326681
3.664309 1.604007
0.500023 3.968624
-0.012291 3.999981
-1.330081 3.772384
-2.067221 3.424412
-2.695046 2.955795
2.347672 3.238586
0.052343 3.999658
2.402732 3.197949
-3.335084 2.208442
-3.102263 2.525067
3.508340 1.921340
1.113391 3.841922
0.833576 3.912180
-0.371127 3.982746
-3.413966 2.084427
1.787703 3.578284
0.769874 3.925213
0.120818 3.998175
2.382131 3.213324
-2.165747 3.362966
1.324508 3.774345
-1.595959 3.667822
-0.917011 3.893468
3.292621 2.271266
0.950710 3.885376
-0.292325 3.989304
0.778367 3.923537
1.736041 3.603632
-1.276406 3.790882
1.777026 3.583598
3.998121 0.122604
3.128523 2.492458
-2.096640 3.406479
0.215814 3.994174
-0.976255 3.879037
2.691773 2.958776
2.910702 2.743686
-1.422204 3.738627
2.409599 3.192778
0.882403 3.901457
3.476322 1.978682
-2.212618 3.332315
0.666743 3.944040
-0.043969 3.999758
-1.124225 3.838765
3.013219 2.630686
-1.455103 3.725946
0.091118 3.998962
0.019667 3.999952
-1.441566 3.731205
2.370990 3.221554
0.894124 3.898787
0.077060 3.999258
2.662512 2.985135
0.124370 3.998066
1.782960 3.580650
1.107576 3.843602
1.675107 3.632357
0.916521 3.893583
2.961541 2.688731
0.401600 3.979789
0.201917 3.994900
-0.959618 3.883186
1.249186 3.799939
2.850038 2.806649
-0.563543 3.960103
1.699937 3.620803
1.207715 3.813322
3.049790 2.588200
3.314454 2.239285
-0.172778 3.996267
0.089572 3.998997
-2.692187 2.958400
0.629135 3.950214
-0.678856 3.941973
-2.535080 3.094086
0.553125 3.961572
1.671432 3.634049
0.133963 3.997756
0.414990 3.978415
3.270620 2.302834
2.377902 3.216455
0.751408 3.928789
1.861596 3.540404
1.982555 3.474115
3.136508 2.482401
1.824071 3.559883
-0.901755 3.897029
0.779399 3.923332
-0.381002 3.981813
1.687475 3.626628
2.617547 3.024640
-0.106351 3.998586
0.930189 3.890340
2.892272 2.763107
-3.273116 2.299286
1.836644 3.553412
1.318966 3.776285
2.119877 3.392068
0.822765 3.914468
-0.009362 3.999989
0.353612 3.984339
0.916448 3.893600
2.764840 2.890616
0.219176 3.993991
0.196864 3.995153
0.687136 3.940539
2.335386 3.247456
1.827561 3.558092
-0.959224 3.883283
1.412600 3.742267
-0.247991 3.992305
2.390860 3.206835
0.310581 3.987924
1.045839 3.860857
-0.023053 3.999934
1.200344 3.815649
-1.333519 3.771170
2.500005 3.122495
1.877268 3.532119
1.381883 3.753718
1.731327 3.605899
3.767278 1.344477
-0.094338 3.998887
-1.149170 3.831372
0.505820 3.967889
1.874483 3.533598
2.291301 3.278710
0.349093 3.984738
2.449354 3.162383
2.475798 3.141723
-1.322129 3.775179
1.542997 3.690415
-0.664236 3.944463
-3.882641 0.961822
-2.806313 2.850370
-3.978536 0.413822
-3.219283 2.374072
-3.433203 2.052589
-2.028160 -3.447690
-3.900127 0.888262
-3.425974 -2.064631
-3.952847 -0.612371
-3.830864 1.150862
-3.926869 -0.761383
-3.172397 2.436370
-3.706430 -1.504119
-3.892682 -0.920340
-3.721080 1.467504
-3.934033 0.723454
-1.962062 -3.485730
-3.865995 1.026687
-3.917422 -0.808582
-1.411670 -3.742618
-3.970830 -0.482190
-3.979781 -0.401674
-3.667725 1.596182
-2.460602 3.153639
-3.572087 1.800053
-3.999967 -0.016277
-2.963523 2.686547
-3.999945 0.021025
-3.700036 1.519780
-2.244257 -3.311089
-3.998671 -0.103121
-3.617509 1.706935
-3.823617 1.174712
-3.516702 1.905992
-3.178426 2.428499
-3.557564 -1.828588
-2.994857 2.651571
-2.769652 -2.886005
-3.865926 1.026943
-3.397743 2.110768
-3.820917 1.183467
-3.745779 1.403260
-3.797168 -1.257583
-3.137536 2.481102
-3.985640 -0.338638
-3.940165 0.689275
-3.988839 0.298597
-3.882084 -0.964067
-2.622549 -3.020304
-3.923526 0.778422
-3.395043 2.115109
-2.747853 2.906768
-3.859056 -1.052467
-3.742249 -1.412646
-1.436649 -3.733101
-3.262051 -2.314956
-3.379780 -2.139413
-3.999937 -0.022497
-3.891395 0.925766
-3.892589 0.920736
-3.976231 0.435416
-3.980101 0.398488
-3.620074 1.701488
-3.889051 0.935566
-3.993862 -0.221514
-3.999542 0.060517
-3.777977 -1.314111
-3.292513 -2.271423
-3.406328 2.096885
-3.235616 -2.351762
-3.802271 1.242068
-3.927386 -0.758707
-3.987869 0.311288
-3.383065 -2.134214
-2.844347 -2.812418
-3.985586 0.339272
-3.940880 0.685174
-3.867731 -1.020124
-3.922742 0.782367
-3.141413 2.476191
-3.741391 1.414919
-3.889549 0.933493
-2.847477 2.809248
-3.195678 2.405752
-3.977376 0.424826
-3.986651 -0.326512
-3.991008 -0.268051
-3.188772 2.414898
-3.980835 -0.391090
-3.991752 0.256735
-3.827311 1.162623
-3.565462 1.813141
-3.936697 0.708812
-3.594314 1.755251
-2.899020 2.756027
-3.872765 1.000844
-3.854190 1.070148
-3.674948 -1.579481
-3.530148 1.880971
-2.753445 -2.901472
-3.597543 1.748624
-3.934838 0.719059
-3.892400 0.921532
-3.353886 -2.179781
-3.834074 -1.140120
-3.337197 2.205247
-3.842880 -1.110077
-3.902920 -0.875908
-3.913783 0.826018
-3.112392 -2.512571
-3.253304 2.327232
-2.353589 -3.234288
-3.725039 -1.457424
-3.793945 1.267273
-3.531687 1.878082
-3.996797 0.160034
-2.278581 -3.287563
-3.770564 1.335233
-3.645897 -1.645429
-3.851030 1.081466
-3.692607 1.537743
-3.273392 -2.298892
-3.638108 1.662578
-3.839178 1.122815
-3.941219 -0.683220
-3.681619 1.563868
-3.966622 0.515664
-3.072447 2.561263
-3.812813 1.209319
-3.869495 1.013414
-3.951239 -0.622667
-3.999589 0.057365
-3.968605 0.500173
-3.959601 0.567064
-3.477753 1.976167
-3.783620 -1.297776
-3.281096 -2.287883
-3.946132 0.654251
-3.972433 0.468799
-2.767974 2.887615
-2.984775 -2.662915
-3.976961 0.428693
-3.270081 2.303600
-3.996603 0.164813
-3.682196 1.562508
-3.964844 0.529162
-2.389276 -3.208015
-3.940454 0.687622
-3.959480 0.567908
-3.883995 0.956340
-3.954911 0.598898
-3.702495 1.513780
-3.595824 1.752156
-3.961183 0.555901
-3.207845 2.389505
-3.783299 -1.298709
-3.593867 -1.756167
-3.447698 2.028147
-2.931290 2.721680
-3.180100 -2.426307
-3.744987 1.405373
-3.983840 0.359197
-3.935344 0.716288
-3.453610 -2.018063
-3.986822 0.324423
-2.710411 -2.941712
-3.954702 -0.600276
-3.956037 0.591412
-3.971751 -0.474546
-3.619362 1.703003
-3.129987 -2.490619
-3.983586 0.361997
-3.530588 1.880147
-3.732105 1.439232
-3.978853 0.410768
-3.926505 0.763255
-2.925715 -2.727671
-3.404318 2.100148
-3.561848 1.820230
-3.956137 -0.590746
-3.996308 0.171822
-3.312874 2.241622
-3.800088 -1.248732
-3.991342 0.263043
-3.829245 -1.156236
-3.968011 0.504868
-3.176927 2.430460
-3.757541 -1.371455
-3.949377 0.634369
-3.921585 -0.788142
-3.977670 0.422071
-3.925323 -0.769312
-3.564034 1.815946
-3.074584 2.558697
-3.221096 -2.371611
-2.402177 -3.198366
-3.996634 -0.164066
-3.966319 0.517991
-3.453522 -2.018213
-3.783778 1.297313
3.518765 -1.902181
3.786032 1.290722
3.600680 1.742154
3.832958 1.143868
3.975717 0.440081
3.879803 -0.973207
3.762330 1.358262
3.830773 -1.151165
2.262596 3.298584
3.952830 -0.612485
3.985026 0.345780
3.999778 -0.042099
3.993116 0.234572
1.989071 3.470389
3.970416 -0.485586
2.738518 -2.915565
3.182861 2.422683
3.987499 0.315990
3.290376 2.274516
3.803506 1.238283
3.824246 -1.172663
1.657078 3.640617
3.999368 0.071118
3.343022 -2.196406
1.912134 3.513367
3.841447 1.115028
1.871565 -3.535144
3.740880 1.416270
3.361945 -2.167331
3.683695 1.558972
1.572286 -3.678031
3.826286 1.165992
3.275928 2.295278
3.163666 2.447696
3.685996 1.553522
3.900928 0.884739
3.994369 0.212176
3.771323 -1.333088
3.899735 0.889981
3.046056 2.592594
2.394506 3.204113
3.983123 -0.367057
3.894255 0.913663
3.996014 -0.178522
3.999981 0.012320
3.882635 -0.961843
3.989929 0.283667
3.988597 0.301824
3.937229 0.705853
3.488899 1.956421
3.999058 -0.086807
2.768065 2.887528
2.880466 2.775413
2.793583 2.862847
3.887248 -0.943030
3.451200 2.022181
3.954111 -0.604160
3.971735 0.474678
3.994879 -0.202347
2.707039 2.944816
3.961456 0.553956
3.995922 -0.180565
3.981142 0.387950
3.242053 2.342881
3.293877 2.269444
3.905022 0.866488
3.767040 -1.345144
3.796212 -1.260467
3.457492 -2.011404
3.960504 0.560719
3.810633 1.216171
3.472699 1.985034
3.516622 -1.906140
3.791068 1.275855
3.710524 1.493993
3.182865 -2.422679
3.859085 -1.052359
2.944249 2.707655
3.300798 2.259366
3.998719 0.101238
3.970941 -0.481279
3.999563 -0.059102
3.998648 0.103980
3.573908 1.796436
2.802622 2.853999
2.989554 2.657549
3.616612 -1.708835
3.971476 0.476844
3.781635 1.303547
3.185876 2.418717
3.172633 2.436062
2.463358 3.151486
3.912051 0.834182
3.639313 1.659940
3.631676 -1.676582
3.977679 -0.421986
3.785783 1.291452
3.750149 1.391540
3.913291 0.828346
3.975706 -0.440188
3.529017 1.883093
3.981454 -0.384741
2.794761 2.861697
3.028728 2.612816
2.262805 3.298441
3.895521 -0.908250
3.895634 0.907763
3.927964 -0.755712
3.804042 -1.236634
3.933683 0.725356
3.762373 1.358141
3.476156 -1.978975
3.823861 1.173919
3.997784 -0.133135
2.163492 -3.364417
3.572982 1.798277
3.998363 0.114411
3.957631 -0.580653
3.936120 0.712012
3.550504 -1.842259
3.703067 1.512381
2.600544 3.039271
3.998768 -0.099268
3.208474 -2.388659
3.939236 -0.694564
3.917628 -0.807583
3.024367 2.617863
3.952779 0.612814
3.058708 2.577655
2.889646 -2.765853
3.834035 1.140251
3.478250 1.975292
3.860995 -1.045330
3.962775 -0.544440
3.733848 1.434706
3.976550 -0.432492
3.481650 1.969292
3.770801 1.334562
3.716505 -1.479049
3.619412 1.702896
3.980418 0.395313
3.930262 -0.743668
3.969857 -0.490139
3.907254 0.856368
2.846648 2.810088
3.994992 -0.200105
3.524908 1.890773
3.965173 0.526694
3.943105 -0.672250
3.908754 0.849496
3.943266 -0.671307
3.457208 -2.011892
2.795949 -2.860537
3.739729 -1.419306
2.507295 3.116644
3.884605 -0.953856
3.843231 -1.108863
0.044863 3.999748
3.999343 0.072483
2.052162 3.433458
3.992364 0.247047
3.942060 0.678351
3.905936 -0.862361
0.982781 3.877389
1.654909 3.641604
3.890642 0.928928
3.309366 2.246798
3.829010 -1.157013
3.558059 1.827627
3.750176 -1.391467
3.864832 1.031056
2.358388 -3.230790
3.753312 1.382986
2.439191 -3.170229
3.383086 2.134181
3.997582 0.139057
3.785560 1.292104
3.753364 1.382843
3.760998 1.361945
3.979218 -0.407216
3.965482 -0.524361
3.432261 2.054164
3.930704 -0.741329
3.995760 -0.184119
3.295326 -2.267340
3.280959 2.288079
3.985929 0.335221
3.934482 0.721005
3.999990 0.009003
2.915355 2.738741
3.664543 1.603473
3.416223 2.080726
2.469829 3.146417
1.367226 3.759081
3.877984 -0.980430
2.585836 3.051795
3.173547 2.434872
3.882515 -0.962330
3.999991 -0.008385
3.999942 -0.021464
2.449076 -3.162598
3.872970 -1.000051
3.046940 -2.591555
3.617156 -1.707682
2.763790 -2.891620
3.714926 -1.483011
3.998132 0.122220
3.676788 -1.575193
3.343640 -2.195467
3.945163 -0.660070
3.569729 -1.804725
3.373595 -2.149153
3.780777 -1.306035
3.669522 -1.592046
3.739355 -1.420289
3.746973 -1.400068
2.845754 -2.810994
3.895305 -0.909177
2.410222 -3.192308
3.980920 -0.390222
3.898371 -0.895936
3.897049 -0.901668
3.408067 -2.094057
3.782109 -1.302173
3.999958 -0.018336
3.173641 -2.434750
2.418221 -3.186253
3.556346 -1.830957
1.288498 -3.786789
3.241836 -2.343181
3.703566 -1.511159
2.303850 -3.269905
3.347372 -2.189771
3.769777 -1.337453
3.104414 -2.522423
3.741972 -1.413380
3.393023 -2.118347
3.771418 -1.332818
3.873453 -0.998180
2.188258 -3.348362
3.139735 -2.478319
3.232619 -2.355881
3.952238 -0.616291
3.908744 -0.849541
2.692743 -2.957893
3.990947 0.268958
3.795912 -1.261370
3.819931 -1.186645
3.402530 -2.103043
3.945668 -0.657039
3.911021 -0.838997
0.504512 -3.968056
3.626545 -1.687652
3.998627 -0.104812
3.981880 -0.380307
3.985616 -0.338921
2.617124 -3.025006
3.954967 -0.598530
3.857123 -1.059530
3.597021 -1.749697
3.760082 -1.364471
3.852654 -1.075664
3.485385 -1.962675
1.236298 -3.804151
3.533306 -1.875033
3.554066 -1.835380
3.712242 -1.489719
3.011606 -2.632533
2.906810 -2.747809
3.197398 -2.403466
-0.070538 -3.999378
3.950040 -0.630227
2.973077 -2.675969
3.982902 -0.369448
3.730889 1.442382
3.727873 -1.450160
3.953609 -0.607434
3.292108 -2.272009
3.840609 -1.117910
3.228907 2.360966
3.643874 -1.649904
3.925753 0.767112
3.182554 -2.423087
2.572438 -3.063097
2.718955 -2.933817
3.240407 -2.345157
3.048203 -2.590069
3.992632 -0.242666
3.968168 -0.503628
3.882817 -0.961110
3.953734 -0.606618
3.860142 1.048478
3.997911 -0.129268
3.801328 -1.244952
3.240723 -2.344721
3.081248 -2.550669
3.700338 -1.519046
3.138011 -2.480502
3.947743 -0.644460
3.988038 -0.309114
3.915873 0.816050
3.986803 -0.324652
3.996785 -0.160335
3.963141 -0.541766
3.660665 -1.612306
3.595720 1.752368
2.373340 -3.219823
3.884468 0.954416
0.305801 -3.988294
3.922480 0.783677
2.611288 -3.030046
2.422050 -3.183344
3.462573 -2.002646
1.989657 -3.470052
3.370280 -2.154348
3.376602 -2.144425
3.921259 -0.789763
3.809365 -1.220137
2.771699 -2.884040
3.451151 -2.022265
3.707862 -1.500587
3.267412 -2.307383
3.231279 -2.357718
3.260268 -2.317467
3.716253 -1.479685
3.962809 -0.544195
3.986314 -0.330604
3.798862 -1.252457
3.515395 -1.908403
2.558824 -3.074479
3.999965 0.016615
3.786246 -1.290094
3.450230 -2.023836
3.777608 -1.315173
3.331558 -2.213757
3.998394 -0.113343
3.353924 -2.179723
3.990701 -0.272585
3.975589 0.441240
3.999948 0.020468
3.993382 0.229998
3.911231 -0.838018
3.997236 -0.148684
3.838571 -1.124887
2.741529 -2.912734
3.967676 0.507489
3.802649 -1.240910
3.998641 0.104253
3.845288 -1.101706
3.836391 -1.132302
3.305218 -2.252894
3.425974 -2.064631
3.639340 -1.659881
3.983227 -0.365932
3.676691 -1.575420
3.522219 -1.895777
3.914539 0.822427
3.402846 -2.102531
3.251958 -2.329113
2.733003 -2.920736
3.597459 -1.748796
3.447881 -2.027835
3.274603 -2.297166
0.627723 -3.950438
3.955138 -0.597399
3.363812 -2.164433
3.999994 0.006876
3.688548 1.547454
3.963846 0.536584
3.360926 -2.168911
3.473254 -1.984063
2.114823 -3.395221
3.374583 -2.147600
2.540847 -3.089352
3.893305 -0.917703
3.854319 -1.069684
3.729282 -1.446533
3.079960 -2.552224
3.508105 -1.921770
3.700998 -1.517437
3.899798 -0.889706
3.669623 -1.591813
3.891860 -0.923810
3.267744 -2.306914
3.962351 0.547519
3.517381 1.904738
2.778350 -2.877633
2.407205 -3.194583
3.569912 -1.804363
3.926066 0.765508
2.892826 -2.762527
3.738214 -1.423291
3.804788 -1.234336
2.746644 -2.907911
2.985098 -2.662553
3.567468 -1.809190
3.992309 -0.247927
2.426850 -3.179685
3.991077 -0.267026
3.713894 -1.485595
