-0.187440 3.995606
3.946500 0.652025
0.014163 3.999975
2.164521 3.363755
-1.928120 3.504619
2.569438 3.065614
3.989169 -0.294166
1.789912 3.577180
1.981503 3.474715
2.562952 3.071038
2.952222 2.698960
0.006217 3.999995
1.558142 3.684046
2.426126 3.180238
3.996775 -0.160589
2.427491 3.179196
3.221285 2.371355
-0.432592 3.976539
1.842826 3.550210
-0.163859 3.996642
-1.389780 3.750801
-0.856339 3.907260
3.692842 1.537178
1.710025 3.616049
2.626169 3.017157
-0.043350 3.999765
1.540415 3.691493
0.554470 3.961384
0.609789 3.953246
1.826933 3.558415
3.470902 -1.988175
1.261714 3.795797
2.803207 2.853424
0.530411 3.964677
1.697068 3.622149
3.993681 -0.224747
3.938752 0.697306
-0.236745 3.992988
0.992711 3.874858
2.164607 3.363700
2.041125 3.440030
3.437024 2.046184
3.215032 2.379826
3.017132 2.626198
3.890967 -0.927564
1.914376 3.512145
-0.014601 3.999973
3.889015 0.935716
3.976779 0.430384
1.384368 3.752802
3.946253 -0.653521
0.756763 3.927761
2.876828 2.779184
1.110594 3.842731
0.714384 3.935690
1.255214 3.797952
0.751284 3.928813
1.095945 3.846935
2.488509 3.131664
-0.445016 3.975168
1.219171 3.809675
0.963837 3.882141
1.103186 3.844864
2.265593 3.296527
1.701978 3.619844
2.510989 3.113669
3.993993 -0.219128
2.181749 3.352606
3.877394 0.982761
3.998671 -0.103094
0.653212 3.946304
1.386885 3.751873
3.979099 0.408380
0.117997 3.998259
1.620013 3.657261
2.929118 2.724017
-0.448245 3.974805
1.441680 3.731160
-0.782950 3.922625
1.740992 3.601242
3.988927 -0.297430
1.425073 3.737535
2.761328 2.893971
1.828075 3.557828
1.516498 3.701383
0.115694 3.998327
2.583856 3.053471
0.645819 3.947520
0.518510 3.966251
1.268637 3.793489
1.583354 3.673281
2.409310 3.192996
0.853878 3.907799
0.968163 3.881064
0.276665 3.990421
3.222104 2.370241
0.538306 3.963613
2.978092 2.670388
1.039639 3.862532
3.947076 -0.648527
1.479460 3.716342
2.158490 3.367628
-0.577429 3.958102
1.009450 3.870531
2.273699 3.290941
2.625584 3.017667
-1.529589 3.695992
2.341811 3.242826
2.448399 3.163122
0.541687 3.963152
3.875882 -0.988707
-1.173171 3.824091
3.989996 -0.282716
3.543325 1.856029
3.998486 -0.110052
0.225673 3.993629
0.834522 3.911978
1.275507 3.791185
0.582898 3.957301
1.169146 3.825323
1.294127 3.784869
0.812187 3.916676
0.375820 3.982306
3.224355 2.367179
0.258666 3.991628
1.967011 3.482940
1.296082 3.784200
2.792592 2.863814
2.757464 2.897653
-1.079423 3.851603
1.357917 3.762454
3.985282 0.342818
2.475208 3.142188
1.513375 3.702661
-0.449092 3.974710
1.607823 3.662637
3.989064 0.295582
1.242136 3.802249
2.817984 2.838832
1.842485 3.550387
2.655417 2.991448
0.074373 3.999309
2.855165 2.801434
0.342538 3.985306
3.972349 0.469512
-0.442637 3.975434
1.089365 3.848803
1.102375 3.845097
2.183811 3.351264
2.185050 3.350456
0.853878 3.907799
-0.156467 3.996939
2.754140 2.900812
3.996732 0.161647
0.526814 3.965157
2.761381 2.893921
2.527584 3.100213
2.264380 3.297360
3.967577 -0.508265
1.028656 3.865471
1.625788 3.654697
3.596918 1.749910
1.599443 3.666304
3.867905 -1.019466
0.828141 3.913334
3.916946 0.810884
2.873714 2.782403
0.451381 3.974450
0.301292 3.988637
-0.904112 3.896483
2.389901 3.207550
2.574162 3.061648
3.786496 1.289360
1.501404 3.707531
2.736056 2.917876
1.697096 3.622136
-0.065945 3.999456
3.999692 0.049623
1.829756 3.556964
0.185118 3.995714
0.690038 3.940031
2.569642 3.065443
0.935575 3.889049
3.968785 0.498741
3.151426 2.463436
-0.176336 3.996111
2.132451 3.384177
1.314293 3.777914
2.160493 3.366343
-0.206050 3.994689
1.774251 3.584973
1.537517 3.692701
2.792143 2.864252
2.031919 3.445476
2.698298 2.952827
3.027195 2.614592
2.736789 2.917188
1.570257 3.678898
1.623051 3.655914
2.277457 3.288342
1.576849 -3.676078
-0.218199 -3.994044
2.414690 -3.188930
3.374480 -2.147762
-0.079167 -3.999217
-0.207792 -3.994599
2.059792 -3.428886
-0.936050 -3.888934
1.262469 -3.795546
-0.121935 -3.998141
-0.753834 -3.928325
3.997918 0.129031
1.363979 -3.760261
-1.245772 -3.801059
3.993252 -0.232247
3.228976 -2.360871
-2.032382 -3.445203
-0.402251 -3.979723
-1.254292 -3.798256
-1.390248 -3.750628
-0.406824 -3.979258
3.956567 -0.587862
-0.509196 -3.967458
3.075307 -2.557828
1.934057 -3.501346
0.522905 -3.965674
1.741771 -3.600866
0.690034 -3.940032
3.901377 -0.882754
1.834780 -3.554375
3.342978 -2.196474
3.581610 -1.781031
-0.210795 -3.994442
0.292974 -3.989256
3.782162 -1.302017
-1.537235 -3.692818
-0.744767 -3.930054
-0.464051 -3.972991
3.969323 0.494443
-0.797798 -3.919632
0.955575 -3.884183
3.861271 -1.044312
1.016026 -3.868810
2.687571 -2.962593
3.756753 -1.373612
1.416980 -3.740611
-0.012965 -3.999979
-2.470839 -3.145625
0.611125 -3.953040
2.769132 -2.886505
3.977655 -0.422207
-0.991375 -3.875200
0.176661 -3.996097
-0.458250 -3.973664
-0.867161 -3.904873
0.711043 -3.936295
-0.402046 -3.979744
-2.042162 -3.439415
3.831140 -1.149943
2.481502 -3.137219
-0.314186 -3.987642
0.223215 -3.993767
1.355022 -3.763498
-0.083177 -3.999135
1.876240 -3.532665
-3.394573 -2.115863
-0.275637 -3.990492
-0.682319 -3.941376
3.938823 0.696901
0.633600 -3.949500
3.999377 -0.070578
-0.825534 -3.913885
0.171043 -3.996341
-2.876776 -2.779237
-0.814977 -3.916097
-0.940433 -3.887877
3.105408 -2.521198
-0.446658 -3.974984
3.973401 -0.460526
0.415598 -3.978351
1.557406 -3.684357
3.330004 -2.216094
1.988744 -3.470576
2.913192 -2.741043
-0.826456 -3.913690
-2.080723 -3.416225
0.787897 -3.921635
2.266435 -3.295948
1.314260 -3.777925
3.678392 -1.571443
3.736641 -1.427415
3.285090 -2.282144
3.206532 -2.391265
1.403001 -3.745876
3.440521 -2.040298
0.117064 -3.998287
2.993231 -2.653407
0.133045 -3.997787
-0.454819 -3.974058
0.599999 -3.954744
0.152876 -3.997078
2.416600 -3.187482
-0.077764 -3.999244
0.566125 -3.959735
-1.311390 -3.778922
-0.698956 -3.938459
0.681159 -3.941576
-0.134333 -3.997744
1.540156 -3.691601
-0.197331 -3.995130
-0.038859 -3.999811
-0.451694 -3.974415
-0.166143 -3.996548
3.514898 -1.909318
0.567014 -3.959608
3.878693 -0.977618
0.354441 -3.984265
3.950241 -0.628962
-0.247496 -3.992336
1.086317 -3.849664
1.212755 -3.811722
-2.074645 -3.419919
2.904920 -2.749807
2.442915 -3.167359
3.746666 -1.400892
2.696108 -2.954826
3.836074 -1.133374
3.982014 0.378899
3.638221 -1.662333
0.620027 -3.951654
-1.793594 -3.575335
0.030619 -3.999883
1.677922 -3.631057
-1.041846 -3.861937
3.913752 -0.826164
3.292783 -2.271031
-1.904037 -3.517761
-1.693153 -3.623980
0.888833 -3.899997
-0.154516 -3.997014
1.164461 -3.826752
3.301027 -2.259030
3.969403 0.493804
3.623453 -1.694280
-0.829658 -3.913013
-0.773377 -3.924524
-0.952224 -3.885006
-0.814190 -3.916260
-0.921800 -3.892337
0.677806 -3.942154
-0.474203 -3.971792
3.544455 -1.853871
3.999974 -0.014338
-0.055348 -3.999617
0.634506 -3.949355
0.704186 -3.937527
-0.615491 -3.952363
3.975105 -0.445574
1.444916 -3.729909
-1.967617 -3.482597
0.675406 -3.942566
-1.840311 -3.551514
3.087726 -2.542823
-0.457283 -3.973776
0.824092 -3.914189
-2.188175 -3.348416
-0.459900 -3.973474
3.446650 -2.029927
0.641666 -3.948198
-0.165811 -3.996562
-0.386840 -3.981250
-1.038380 -3.862870
0.669665 -3.943545
-0.138735 -3.997593
-0.427752 -3.977063
0.385582 -3.981372
-1.012727 -3.869675
2.783988 -2.872179
-1.442697 -3.730767
-0.950392 -3.885454
3.413353 -2.085430
3.879916 0.972757
0.856269 -3.907276
0.004683 -3.999997
-0.629592 -3.950141
0.006079 -3.999995
-0.115008 -3.998346
0.110476 -3.998474
-0.345818 -3.985023
-1.380979 -3.754051
1.096882 -3.846667
-0.856120 -3.907308
-0.962138 -3.882562
-1.743971 -3.599801
-0.459057 -3.973571
-0.938983 -3.888227
0.799320 -3.919322
-0.245576 -3.992454
-0.882023 -3.901543
0.521768 -3.965824
3.835101 -1.136660
3.888540 -0.937685
3.965250 0.526111
3.965548 0.523861
3.909295 -0.847002
3.995505 -0.189576
3.984449 0.352373
3.939750 0.691645
3.843382 -1.108337
3.999383 0.070271
3.999673 0.051174
3.834152 -1.139858
3.903510 -0.873276
3.986689 -0.326050
3.997102 -0.152241
3.798944 1.252209
3.994997 -0.200006
1.583036 3.673418
3.682123 -1.562680
3.911251 -0.837922
3.939079 -0.695455
3.397998 -2.110358
3.874795 0.992956
3.901931 -0.880304
3.984881 -0.347451
3.195368 -2.406164
3.689218 -1.545856
1.393577 3.749392
3.885223 -0.951338
3.995006 0.199823
3.749422 -1.393496
3.675340 -1.578567
3.810402 1.216897
3.985748 0.337367
3.260444 -2.317219
3.744644 -1.406287
3.971611 0.475713
3.994857 -0.202784
3.729350 -1.446358
3.844542 -1.104310
3.986297 0.330812
3.998199 -0.120014
3.326934 -2.220701
3.889321 -0.934441
3.980122 -0.398280
1.255026 3.798014
3.932257 -0.733043
3.969963 -0.489276
3.873169 -0.999282
3.891850 -0.923854
2.725207 -2.928011
2.507269 -3.116666
3.621504 1.698444
3.974137 -0.454129
3.928099 0.755008
3.946858 -0.649854
3.890574 -0.929211
3.843868 -1.106651
3.991849 0.255230
3.996130 0.175906
3.910007 -0.843708
3.910364 0.842054
3.860111 1.048592
3.641325 1.655521
3.948811 -0.637881
3.889768 -0.932579
3.705266 -1.506985
3.991675 0.257934
3.976208 -0.435624
3.678394 -1.571437
3.673415 1.583042
3.989024 -0.296126
3.871871 -1.004297
3.961332 -0.554840
3.836729 1.131153
3.957586 -0.580959
3.820740 -1.184039
2.938434 -2.713964
3.898167 -0.896825
3.458245 -2.010110
1.292331 3.785483
3.999269 0.076466
1.303921 3.781506
3.241318 -2.343899
3.512044 -1.914562
3.807845 1.224876
3.999675 0.050972
3.004835 -2.640259
3.991651 -0.258302
3.932381 -0.732380
3.990846 0.270467
3.928557 -0.752619
3.724921 -1.457726
3.942260 0.677193
3.303609 -2.255253
3.925267 0.769599
2.252051 -3.305793
3.999867 -0.032650
3.736448 1.427920
1.630421 3.652633
3.815108 -1.202062
3.999075 0.086032
3.999730 0.046493
2.720892 -2.932021
3.896659 -0.903352
3.902242 -0.878923
3.962647 -0.545371
3.949661 0.632595
3.855574 -1.065152
3.673498 -1.582850
3.696330 -1.528771
3.805470 -1.232234
3.953947 -0.605233
3.904520 0.868747
3.947770 -0.644295
3.700063 1.519714
3.901824 -0.880777
3.993356 0.230443
3.164190 -2.447019
3.943243 -0.671445
3.912890 -0.830235
3.898573 0.895057
2.201434 -3.339714
3.998564 0.107168
3.937126 -0.706426
1.286416 3.787497
3.903031 -0.875412
3.930541 -0.742188
3.993122 -0.234476
3.996315 -0.171656
3.876316 -0.987002
1.604874 3.663929
3.234947 -2.352683
3.491755 -1.951319
3.841785 -1.113862
3.966744 -0.514729
3.779803 1.308850
3.864102 -1.033787
3.948546 -0.639517
3.594022 -1.755848
3.999994 -0.006814
3.995917 0.180690
3.986985 0.322419
3.990331 -0.277951
3.740275 1.417864
3.826157 -1.166413
3.891134 -0.926863
2.415050 3.188657
1.164875 3.826626
3.706740 -1.503356
3.757149 -1.372527
3.581156 -1.781944
1.003251 3.872142
3.563782 -1.816442
3.671139 1.588314
3.994881 0.202303
3.809886 -1.218509
3.865393 1.028948
3.974079 -0.454636
3.969238 0.495127
3.993595 0.226274
2.086548 3.412670
3.962012 -0.549965
3.990463 0.276056
3.608293 -1.726332
2.799330 2.857228
3.798330 1.254068
3.988084 0.308520
3.156172 -2.457352
3.916935 -0.810937
3.987045 0.321670
3.908071 -0.852632
3.635272 -1.668772
3.594430 -1.755014
3.833853 -1.140864
3.855925 1.063880
3.946199 -0.653842
3.845479 -1.101041
3.912925 -0.830069
3.839160 1.122875
3.391225 -2.121224
3.993216 -0.232864
2.674965 -2.973981
3.584935 -1.774329
3.908850 0.849054
3.924932 -0.771301
3.990795 0.271214
3.936545 -0.709659
3.966373 -0.517573
3.991549 -0.259883
3.901533 0.882068
3.969478 -0.493198
3.962053 -0.549672
3.999722 -0.047136
3.785112 -1.293418
3.520326 -1.899291
3.273094 -2.299317
3.430063 -2.057832
3.626805 -1.687094
3.988894 0.297864
3.625759 1.689341
3.995913 -0.180773
3.992229 -0.249213
3.965095 0.527277
3.818516 1.191190
3.984842 0.347894
3.797032 1.257993
3.869112 1.014874
3.817996 1.192856
3.953524 0.607987
3.127097 2.494246
3.723717 1.460800
3.736311 -1.428279
3.992536 0.244239
3.826267 1.166054
3.624743 1.691519
3.966310 0.518061
3.460517 2.006196
3.953136 0.610502
3.882853 -0.960965
3.954725 -0.600122
3.895574 0.908021
3.617187 1.707618
3.290502 2.274334
3.998600 0.105820
3.722310 1.464380
3.952860 0.612288
3.708408 -1.499236
3.961593 0.552975
3.783553 1.297970
3.947751 -0.644405
3.770000 1.336826
3.962633 0.545473
3.999850 0.034644
3.957762 0.579757
3.683661 1.559051
3.595337 1.753155
3.881875 0.964908
3.980860 0.390839
3.450402 2.023542
3.693476 1.535654
3.463775 2.000566
3.831190 1.149776
2.839073 2.817741
3.485473 1.962518
3.885998 0.948167
3.364405 2.163511
2.980194 -2.668042
3.735569 1.430219
3.727732 1.450522
3.632008 1.675863
3.431841 2.054865
3.741371 1.414971
3.973530 0.459412
3.758334 -1.369281
3.898373 0.895928
2.977316 2.671252
3.963371 -0.540085
3.799397 1.250831
3.866160 1.026062
3.999017 -0.088654
3.612630 -1.717237
3.559674 1.824478
3.724292 1.459332
3.805340 1.232634
3.765552 1.349304
3.880321 0.971138
3.859755 1.049901
3.992246 0.248945
2.905704 2.748979
3.867860 1.019638
3.997787 -0.133053
3.553657 1.836170
3.824476 1.171915
3.200442 2.399410
3.997557 -0.139789
3.254838 2.325087
3.493168 1.948789
3.720125 1.469923
3.978427 -0.414874
3.936904 0.707662
3.911908 0.834849
3.703910 1.510316
3.291747 2.272532
3.511241 1.916035
3.430257 2.057508
3.700757 1.518023
3.865384 -1.028982
3.238262 2.348118
3.978728 0.411974
3.834325 -1.139276
3.829741 1.154592
3.984448 0.352379
3.978325 -0.415846
3.875210 -0.991335
3.828506 1.158682
3.841802 1.113803
3.608223 -1.726478
3.375669 2.145893
3.754846 1.378815
3.795283 1.263262
3.314665 2.238972
3.996335 0.171183
3.966111 0.519578
3.999551 -0.059918
3.680788 -1.565823
3.668209 1.595068
3.997326 -0.146246
3.224305 2.367247
3.265952 -2.309450
3.724044 1.459966
3.338197 2.203733
3.773979 -1.325549
3.631051 1.677936
3.598351 1.746959
3.957403 0.582205
3.668473 1.594462
3.963824 0.536752
3.705106 1.507379
3.822334 1.178882
3.997231 -0.148812
3.966853 -0.513885
3.953070 0.610933
3.938460 0.698952
3.776167 -1.319303
3.996711 0.162173
3.990584 -0.274297
3.871470 1.005842
3.971510 -0.476557
3.853892 1.071223
3.812252 1.211087
3.740672 -1.416818
3.636869 1.665289
3.765092 1.350587
2.988711 2.658497
3.954469 -0.601809
3.503573 1.930019
3.962240 -0.548319
3.813227 1.208014
3.984494 0.351862
3.057803 2.578729
3.679125 1.569727
3.348814 2.187566
3.800042 -1.248872
3.999024 -0.088376
3.494452 1.946486
3.806926 -1.227728
3.949597 0.632997
3.835951 1.133789
3.869128 1.014813
3.813460 1.207278
3.834436 1.138904
3.896430 0.904342
3.379740 -2.139475
3.700651 1.518283
3.470625 1.988658
3.999456 0.065939
3.772229 -1.330521
3.625789 1.689276
3.267103 2.307822
3.704499 1.508870
3.950425 0.627805
3.662079 1.609091
3.546136 1.850654
3.923688 0.777609
3.681419 1.564338
3.635604 -1.668048
3.950249 -0.628915
3.546849 1.849287
3.841720 1.114086
3.999089 0.085369
3.184202 2.420920
3.946754 0.650488
3.393795 2.117110
3.960562 0.560312
3.780499 -1.306838
3.254677 2.325312
3.696967 1.527232
3.916303 -0.813986
3.981364 0.385668
3.901377 0.882754
3.928088 0.755066
3.953424 0.608638
3.840495 1.118300
3.853158 1.073857
3.805889 1.230938
3.541339 1.859817
3.975795 0.439383
3.295692 2.266808
3.999360 0.071530
3.573348 1.797550
3.942267 0.677151
3.935566 0.715064
3.694088 1.534183
3.910721 0.840394
3.920026 -0.795864
3.999845 0.035260
3.999793 -0.040683
3.365134 2.162376
3.552545 1.838321
