2.462032 3.152523
0.468037 3.972523
-0.308658 3.988074
-0.493439 3.969448
3.025972 2.616007
3.607506 1.727976
0.159307 3.996826
-0.167372 3.996497
0.393904 3.980558
1.587840 3.671344
-2.293822 3.276947
2.502740 3.120303
-0.180455 3.995927
-1.832842 3.555375
0.204081 3.994790
0.128763 3.997927
2.351463 3.235834
0.109907 3.998490
-0.583863 3.957159
-0.585168 3.956966
0.960537 3.882959
-0.393023 3.980645
1.757320 3.593303
0.104371 3.998638
-1.017989 3.868294
-0.531918 3.964475
1.471738 3.719407
1.148756 3.831496
-0.442279 3.975474
-0.280435 3.990157
-1.370776 3.757788
0.484051 3.970604
2.639879 3.005169
1.948035 3.493588
-0.067029 3.999438
1.324522 3.774340
-0.638362 3.948733
1.973264 3.479401
1.055477 3.858234
0.408779 3.979058
0.498013 3.968877
0.285435 3.989803
0.273056 3.990669
0.509602 3.967405
0.875985 3.902903
-2.188501 3.348203
1.358467 3.762256
-1.279910 3.789701
0.877010 3.902673
1.597473 3.667163
1.437236 3.732875
1.988190 3.470893
-1.086611 3.849581
0.330817 3.986297
0.281923 3.990053
0.305255 3.988335
0.778574 3.923496
-1.263922 3.795063
3.374584 2.147600
0.627962 3.950401
1.453485 3.726578
0.072952 3.999335
-0.211386 3.994411
-1.285688 3.787744
3.471820 1.986571
1.072356 3.853577
-0.341845 3.985366
1.733635 3.604790
-0.266407 3.991119
-0.224255 3.993709
0.384022 3.981523
0.122783 3.998115
1.783121 3.580570
1.085727 3.849831
-0.117276 3.998280
-2.341904 3.242759
0.701175 3.938065
1.394498 3.749050
1.542592 3.690584
2.640148 3.004932
0.133758 3.997763
-0.021729 3.999941
0.945868 3.886558
2.024797 3.449666
0.741877 3.930600
1.317313 3.776862
-0.394823 3.980467
1.246205 3.800917
2.538414 3.091352
0.252141 3.992045
1.738593 3.602401
0.078581 3.999228
0.787651 3.921684
-0.092354 3.998934
2.011607 3.457374
1.874238 3.533728
1.030603 3.864953
3.346836 2.190591
1.163214 3.827131
2.998023 2.647992
-1.793106 3.575580
1.318024 3.776614
3.172829 2.435806
1.010295 3.870311
1.376099 3.755842
-1.278968 3.790019
1.993784 3.467683
2.113168 3.396251
2.191341 3.346345
1.878507 3.531460
2.486369 3.133364
2.576301 3.059848
-0.552243 3.961695
2.326792 3.253619
-0.668923 3.943671
0.523953 3.965536
-0.118009 3.998259
2.114854 3.395201
2.273440 3.291120
2.131133 3.385007
2.051132 3.434073
0.319703 3.987203
0.564731 3.959934
-1.077172 3.852233
0.498257 3.968846
3.433451 2.052172
-0.006936 3.999994
-1.278100 3.790311
2.465013 3.150192
1.192028 3.818255
0.814026 3.916294
1.364483 3.760078
3.651399 1.633182
3.094097 2.535067
2.104487 3.401637
-2.050395 3.434513
0.073713 3.999321
0.244679 3.992510
-0.202158 3.994888
0.362750 3.983518
-0.159806 3.996806
0.665867 3.944188
-0.326082 3.986687
0.176449 3.996106
-0.562653 3.960230
0.700403 3.938202
-1.684632 3.627949
2.648188 2.997849
-0.402858 3.979661
2.630409 3.013461
-2.554519 3.078057
0.572600 3.958804
1.515684 3.701716
1.720661 3.611001
3.154470 2.459536
1.146855 3.832065
1.604138 3.664252
-0.122340 3.998129
2.269747 3.293668
-1.335931 3.770317
-1.902315 3.518692
0.778726 3.923466
0.167519 3.996491
1.898680 3.520656
0.282973 3.989978
1.462926 3.722882
-0.859085 3.906658
3.202097 2.397201
-2.138422 3.380407
2.678578 2.970727
2.373566 3.219656
-0.985507 3.876697
0.489046 3.969992
0.997178 3.873711
2.787514 2.868757
1.376305 3.755767
0.439823 3.975746
-0.772917 3.924614
2.362201 3.228004
1.872957 3.534407
0.553653 3.961498
2.063256 3.426803
2.543818 3.086906
0.640729 3.948350
0.376548 3.982237
0.655375 3.945945
0.089333 3.999002
-2.736953 2.917035
-0.047180 3.999722
0.850231 3.908594
-0.018204 3.999959
2.402339 3.198245
0.851362 3.908348
2.790411 2.865939
-0.265820 3.991158
-1.197728 3.816471
-0.440542 3.975666
1.519315 3.700227
0.598930 3.954906
-0.027105 3.999908
-3.314852 -2.238696
-3.178671 -2.428179
-2.408002 -3.193983
-3.902230 -0.878978
-2.712438 -2.939843
-3.608542 -1.725812
-2.919757 -2.734049
-3.379419 -2.139983
-2.938199 -2.714219
-2.682257 -2.967406
-3.708204 -1.499741
-2.338115 -3.245492
-1.270578 -3.792840
-3.617453 -1.707054
-3.324288 -2.224659
-3.602117 -1.739182
-3.259039 -2.319195
-3.135990 -2.483056
-4.000000 -0.000736
-3.922198 -0.785088
-2.979406 -2.668921
-3.030706 -2.610521
-2.873237 -2.782896
-2.675388 -2.973600
-2.905638 -2.749048
-3.898318 0.896169
-3.263315 -2.313174
-3.916827 -0.811462
-3.106985 -2.519255
-3.562566 -1.818825
-3.898054 -0.897314
-3.584912 -1.774376
-3.971826 -0.473921
-3.818038 -1.192723
-3.059959 -2.576170
-3.947360 0.646800
-3.186390 -2.418040
-3.859590 -1.050507
-3.655123 -1.624831
-3.990544 -0.274878
-3.208285 -2.388913
-3.960349 -0.561812
-2.855179 -2.801420
-3.773933 -1.325681
-3.072735 -2.560917
-2.737565 -2.916460
-3.862491 -1.039790
-3.671349 -1.587827
-3.855596 -1.065071
-3.670758 -1.589193
-3.142093 -2.475329
-3.535196 -1.871467
-3.936866 0.707875
-3.992587 -0.243417
-3.921718 -0.787482
-2.551004 -3.080971
-3.987442 -0.316715
-3.940405 0.687904
-3.925368 -0.769084
-3.520835 -1.898346
-3.987752 -0.312785
-3.686672 -1.551918
-3.190530 -2.412575
-2.293641 -3.277074
-3.965584 -0.523589
-3.838926 -1.123675
-3.941025 -0.684343
-3.953646 -0.607195
-2.909136 -2.745346
-3.548467 -1.846181
-3.961241 -0.555494
-3.871928 -1.004080
-3.457821 -2.010839
-3.836050 -1.133456
-3.735791 -1.429639
-3.521448 -1.897210
-3.009522 -2.634915
-3.955520 -0.594863
-3.367116 -2.159289
-2.570309 -3.064884
-3.480975 -1.970485
-3.369005 -2.156341
-3.430243 -2.057530
-2.444726 -3.165962
-3.730765 -1.442702
-3.985611 -0.338979
-3.144657 -2.472070
-3.750543 -1.390478
-3.849618 -1.086480
-3.452596 -2.019797
-3.818465 -1.191356
-1.859179 -3.541674
-3.154143 -2.459955
-2.973329 -2.675690
-3.578160 -1.787951
-3.284733 -2.282658
-2.880244 -2.775643
-3.542318 -1.857952
-3.850495 -1.083369
-3.783395 -1.298432
-3.518415 -1.902829
-3.558980 -1.825831
-3.644665 -1.648156
-3.358212 -2.173110
-3.919091 -0.800454
-3.992106 -0.251179
-3.911965 -0.834581
-3.927069 -0.760348
-1.846069 -3.548525
-3.948503 -0.639786
-3.992624 -0.242804
-3.614883 -1.712489
-3.219738 -2.373455
-3.884226 -0.955401
-2.344404 -3.240952
-3.985052 -0.345484
-3.988032 0.309200
-2.861733 -2.794725
0.893825 -3.898856
-3.724661 -1.458389
-3.375094 -2.146798
-3.232852 -2.355562
-3.986677 -0.326197
-2.872644 -2.783508
-3.735476 -1.430462
-3.420312 -2.073998
-2.977611 -2.670923
-3.469361 -1.990863
-3.999931 0.023517
-3.838118 -1.126434
-2.372622 -3.220352
-2.978718 -2.669689
-3.750944 -1.389395
-3.324715 -2.224021
-3.890724 0.928584
-3.418386 -2.077170
-3.116327 -2.507690
-3.343025 -2.196402
-3.318419 -2.233404
-2.923060 -2.730517
-3.352349 -2.182144
-3.043970 -2.595043
-3.708594 -1.498776
-3.773260 -1.327594
-3.084421 -2.546831
-3.053970 2.583267
-3.956052 -0.591317
-3.470803 -1.988348
-2.435132 -3.173347
-3.615973 -1.710186
-1.800618 -3.571803
-3.940694 -0.686244
-3.789167 1.281490
-3.535006 -1.871826
-3.929574 -0.747296
-3.980017 -0.399330
-3.993223 -0.232752
-2.422445 -3.183043
-3.596988 -1.749765
-2.446392 -3.164675
-3.996769 0.160746
-3.440893 -2.039670
-3.742535 -1.411891
-3.628609 -1.683210
-0.734683 -3.931951
-3.300159 -2.260298
-3.026944 -2.614883
-3.156589 -2.456817
-3.935106 0.717593
-3.176011 -2.431657
-3.926592 -0.762809
-3.826484 -1.165342
-3.922536 -0.783396
-2.649060 -2.997079
-2.559370 -3.074024
-2.204161 -3.337914
-3.999674 -0.051052
-3.634883 -1.669618
-2.175123 -3.356910
-3.898422 -0.895716
-3.959686 -0.566470
-3.677925 -1.572535
-3.864847 1.031000
-2.205993 -3.336704
-1.928074 -3.504644
-3.961275 -0.555250
-3.351144 -2.183995
-3.506964 -1.923851
-3.884485 -0.954345
-3.924897 -0.771481
-2.541943 -3.088451
-3.829225 -1.156302
-3.989724 -0.286535
-2.290532 -3.279247
-3.716335 -1.479477
-3.952153 -0.616834
-3.801229 -1.245253
-3.974081 0.454621
-3.350823 -2.184488
-3.281633 -2.287112
3.728702 -1.448026
3.807455 -1.226085
3.190709 -2.412338
3.597579 -1.748550
3.501494 -1.933789
3.509857 -1.918568
3.217928 -2.375908
3.928250 0.754221
3.891017 -0.927355
3.859973 -1.049099
3.847296 -1.094676
3.858692 1.053801
2.565862 -3.068608
3.855396 -1.065795
3.790389 -1.277870
3.651951 -1.631947
3.519456 -1.900903
3.992612 -0.242994
3.930191 -0.744044
3.991998 -0.252887
3.368072 -2.157798
3.953964 -0.605119
3.852507 -1.076192
3.889026 -0.935669
3.837567 1.128309
3.926875 -0.761351
3.994744 -0.204991
3.521194 -1.897681
3.999339 0.072728
3.584940 -1.774317
3.531307 -1.878794
3.699541 -1.520985
3.743272 -1.409934
3.926607 -0.762732
3.624157 -1.692774
3.996434 0.168861
3.961121 0.556349
3.990335 0.277897
3.798552 -1.253396
3.895979 -0.906281
3.997911 0.129255
2.872001 -2.784172
3.855635 1.064930
3.886903 -0.944449
3.908923 -0.848716
3.649543 -1.637326
3.620339 -1.700926
2.762019 -2.893312
3.222550 -2.369635
3.993478 0.228324
2.540569 -3.089581
2.049140 -3.435262
3.860844 1.045887
3.160861 -2.451318
2.250710 -3.306706
3.765942 -1.348213
3.817237 -1.195284
1.744956 -3.599323
3.420706 -2.073348
2.890593 -2.764864
3.291648 -2.272675
3.953238 0.609844
3.794340 -1.266090
3.775880 -1.320125
3.418935 -2.076266
1.592870 -3.669164
2.791020 -2.865346
3.212378 -2.383407
3.792616 1.271244
3.707398 -1.501732
3.616905 -1.708214
3.943186 -0.671775
2.466031 -3.149395
1.876640 -3.532453
3.960846 -0.558297
3.111149 -2.514111
3.568428 1.807298
3.588244 -1.767628
3.994865 -0.202625
3.738748 -1.421887
3.917609 -0.807675
3.991520 0.260324
3.254456 -2.325621
3.410893 -2.089451
3.989183 0.293976
3.087634 -2.542935
3.972214 -0.470657
3.988154 0.307619
3.089118 -2.541132
1.770239 -3.586956
3.757454 -1.371691
1.514407 -3.702239
3.640405 -1.657544
3.951694 -0.619773
2.766826 -2.888715
3.995516 -0.189336
2.351816 -3.235577
3.325248 -2.223225
3.698130 -1.524412
2.448198 -3.163278
3.524529 -1.891479
1.063214 -3.856109
3.999886 0.030213
3.994607 0.207636
3.907204 -0.856596
3.992240 -0.249043
3.819617 -1.187657
3.981631 0.382905
3.949498 -0.633614
3.349811 -2.186040
3.871661 -1.005107
3.996885 0.157838
3.551665 -1.840020
3.929950 -0.745313
3.880489 -0.970467
3.977532 -0.423369
3.999562 0.059220
3.785618 -1.291935
3.209617 -2.387123
3.710768 -1.493386
1.157629 -3.828824
3.314889 -2.238641
3.864722 -1.031465
3.963443 -0.539557
3.567411 -1.809303
3.526952 -1.886957
2.722619 -2.930418
3.841265 -1.115652
3.970288 0.486632
2.125810 -3.388352
3.998986 -0.090040
3.394192 -2.116474
3.761444 1.360713
3.673642 -1.582516
3.968493 -0.501063
3.811128 1.214619
3.919490 -0.798499
3.614613 -1.713059
3.824411 -1.172126
1.328155 -3.773063
1.995435 -3.466733
3.998635 0.104473
3.965134 0.526987
3.595700 -1.752411
3.043040 -2.596133
3.805007 -1.233663
1.941995 -3.496950
3.704163 -1.509693
3.284956 -2.282338
3.832057 1.146881
3.440491 -2.040349
3.494832 -1.945802
3.997932 -0.128603
3.438813 -2.043175
3.745182 1.404854
3.560858 -1.822167
2.881403 -2.774440
3.887934 -0.940198
3.898634 -0.894792
3.898695 -0.894528
3.998299 0.116627
3.931487 -0.737162
3.995798 -0.183291
1.490600 -3.711888
3.988023 0.309307
3.990574 -0.274447
3.149990 -2.465271
3.338580 -2.203152
3.421441 -2.072135
3.946937 -0.649374
2.805546 -2.851125
3.115178 2.509117
3.109911 -2.515641
3.054145 -2.583060
3.797890 1.255401
3.411134 -2.089059
3.874600 -0.993718
3.994806 -0.203771
3.385284 -2.130693
3.029742 -2.611640
3.792041 -1.272959
3.428578 -2.060303
3.972104 -0.471582
2.057984 -3.429971
3.962896 0.543559
3.607954 -1.727041
3.935118 -0.717526
3.979650 -0.402971
3.322048 2.228004
3.961227 -0.555594
2.354552 3.233587
2.468306 -3.147613
1.985700 -3.472319
3.484307 -1.964588
2.811746 -2.845010
3.968518 -0.500862
2.960424 -2.689961
3.610240 -1.722257
2.959753 -2.690700
3.572904 -1.798432
3.240535 2.344980
3.665052 1.602308
3.983497 -0.362971
3.565919 -1.812241
2.641049 3.004140
3.991292 -0.263798
3.964327 -0.533021
2.744447 2.909984
3.179375 2.427257
3.313042 2.241373
3.850148 1.084603
2.866818 2.789508
3.903722 -0.872328
3.619008 -1.703754
2.698470 2.952670
3.897614 -0.899226
2.618315 -3.023975
3.527397 1.886125
3.820424 -1.185057
3.130386 2.490117
3.457790 2.010892
2.857377 2.799177
2.862630 2.793806
3.400258 2.106714
3.960594 -0.560087
3.274285 2.297620
2.797013 2.859496
3.759669 -1.365608
2.992110 2.654671
3.110906 2.514411
3.967778 -0.506692
3.231888 2.356884
2.882815 2.772973
0.062983 3.999504
3.697560 1.525795
2.822333 2.834508
3.740393 -1.417554
2.063906 -3.426411
3.968813 -0.498520
3.594915 1.754021
3.998396 -0.113257
3.629142 -1.682062
3.712070 -1.490146
3.999490 0.063846
3.833634 -1.141600
3.356313 -2.176042
3.795407 -1.262888
0.100044 3.998749
3.925944 0.766137
3.714572 -1.483898
3.984804 0.348329
3.230566 2.358696
3.534371 -1.873024
3.999760 0.043813
3.119882 -2.503265
2.945068 2.706764
2.498561 3.123651
-0.341107 3.985429
3.840873 -1.117003
3.441098 2.039325
3.682841 -1.560988
2.462742 -3.151968
2.628001 -3.015561
2.791032 2.865334
3.415224 -2.082366
3.763840 -1.354070
3.992240 -0.249045
3.986084 0.333368
3.403203 2.101954
3.058176 2.578286
3.656702 -1.621275
3.307286 2.249858
3.367387 2.158867
3.979925 -0.400242
3.981775 0.381405
3.588498 1.767112
3.940083 -0.689743
2.806012 2.850666
2.912716 2.741548
3.749254 -1.393951
3.331529 2.213801
2.818449 -2.838370
2.997314 2.648794
3.013551 2.630306
3.354890 2.178236
3.660234 1.613283
2.555854 3.076948
3.795672 1.262091
3.562541 -1.818873
3.809928 -1.218381
0.014211 3.999975
3.675948 -1.577151
3.998183 -0.120558
3.984696 -0.349573
2.748633 -2.906031
2.605616 3.034925
2.687095 2.963025
0.068907 3.999406
3.967891 -0.505806
3.999989 -0.009205
3.993050 0.235702
3.887133 0.943504
3.983512 0.362812
3.925331 -0.769271
3.883253 0.959346
3.998188 0.120382
3.049539 2.588496
3.797471 -1.256667
3.978526 -0.413918
2.724780 -2.928408
2.772134 2.883622
2.494448 3.126936
3.421264 -2.072427
2.842954 2.813826
2.818912 2.837911
3.725049 -1.457397
2.848876 -2.807829
2.594242 3.044652
3.391816 2.120280
3.430457 2.057175
3.933174 -0.728107
2.458529 -2.061351
3.796607 1.259277
2.134778 -3.382710
3.997159 0.150737
3.834618 -1.138290
2.679704 2.969711
3.372814 -2.150378
3.863841 1.034762
2.923497 2.730049
3.339779 -2.201334
3.215669 -2.378965
3.486186 -1.961251
3.977080 0.427591
3.908153 0.852257
3.938357 -0.699533
3.855500 1.065419
3.335083 -2.208443
3.988691 -0.300573
3.383615 2.133342
3.914848 -0.820956
3.896074 -0.905873
3.651754 1.632388
2.334409 -3.248159
2.657605 2.989504
2.892157 -2.763227
3.958685 0.573421
3.889169 -0.935075
3.285109 2.282117
3.276416 2.294580
3.025109 2.617005
3.208150 2.389094
3.999302 -0.074740
0.685402 3.940840
2.423410 3.182308
3.088526 2.541851
3.759717 1.365478
2.724990 2.928213
3.104199 2.522687
3.091724 2.537961
3.604362 1.734524
3.529660 1.881887
3.082071 2.549674
3.020567 2.622246
3.907753 0.854086
3.673040 -1.583913
3.666019 -1.600095
3.994629 -0.207215
2.241500 3.312956
3.763682 -1.354510
2.878636 2.777311
3.934456 -0.721148
2.500300 3.122259
3.990535 -0.275012
3.913156 -0.828981
3.803018 1.239780
2.796680 2.859822
3.581989 1.780268
3.631533 1.676892
2.830536 2.826317
3.410970 -2.089326
3.394462 2.116041
2.515477 -3.110044
2.450778 3.161279
2.252314 3.305614
3.635313 1.668682
3.057772 2.578765
3.210684 2.385688
3.844176 1.105583
3.832298 1.146076
3.054289 2.582889
1.251966 -3.799024
3.520589 1.898803
2.539110 3.090780
2.949453 2.701986
3.992348 -0.247292
3.856577 -1.061516
3.955068 0.597861
3.521896 -1.896378
3.128608 -2.492350
