-0.090596 3.998974
2.625474 3.017762
3.085823 2.545132
3.978272 0.416354
1.327450 3.773311
3.977649 -0.422262
1.768149 3.587987
2.076573 3.418749
3.991203 -0.265145
1.048406 3.860161
1.855174 3.543774
-0.533938 3.964204
1.272776 3.792102
2.531691 3.096860
2.260220 3.300213
1.712671 3.614797
2.279357 3.287025
1.290902 3.785970
3.412804 -2.086329
-0.870807 3.904061
1.756705 3.593604
0.344361 3.985149
2.234992 3.317350
1.582622 3.673596
2.209883 3.334129
3.177985 2.429076
0.272778 3.990688
-0.256232 3.991785
1.120574 3.839832
1.008706 3.870725
2.331933 3.249937
0.714274 3.935710
3.993378 -0.230074
0.812447 3.916622
2.415642 3.188208
2.260153 3.300259
2.503932 3.119347
1.880123 3.530600
0.505824 3.967889
1.596140 3.667743
3.190921 2.412058
-0.448820 3.974740
1.101910 3.845230
-0.977466 3.878732
1.794468 3.574896
-0.604504 3.954058
2.296305 3.275208
2.718867 2.933899
-0.306825 3.988215
-1.126487 3.838102
3.068086 2.566485
0.909355 3.895263
-0.050228 3.999685
0.284572 3.989865
0.469827 3.972312
-0.456352 3.973883
0.161390 3.996743
-1.417017 3.740597
3.950976 0.624331
2.405594 3.195797
1.445803 3.729565
2.753966 2.900978
-1.604909 3.663914
1.975318 3.478235
3.973010 0.463886
2.872372 2.783789
2.288298 3.280806
1.234231 3.804822
2.206696 3.336239
3.294309 2.268817
2.458373 3.155377
-0.573049 3.958739
3.166423 2.444129
3.980997 -0.389443
1.614524 3.659688
0.112902 3.998406
1.006032 3.871421
-0.555928 3.961180
-0.759118 3.927307
1.549367 3.687745
2.780441 2.875613
3.228599 2.361387
3.123933 -2.498208
1.225357 3.807690
1.126565 3.838079
1.458391 3.724660
0.229307 3.993422
3.098777 2.529344
1.471006 3.719696
1.380403 3.754263
1.599314 3.666360
2.629029 3.014665
3.955313 -0.596234
-0.635969 3.949119
1.435232 3.733646
1.493133 3.710870
1.174736 3.823610
3.819638 -1.187587
1.182285 3.821283
0.486118 3.970351
-0.129007 3.997919
2.219402 3.327800
2.062481 3.427269
3.759539 1.365966
2.117164 3.393762
1.923733 3.507029
1.242109 3.802258
2.405682 3.195730
1.880691 3.530298
0.377106 3.982184
0.126975 3.997984
-1.084061 3.850300
1.587311 3.671573
2.862145 2.794302
2.139172 3.379933
0.479151 3.971198
1.086726 3.849549
1.809727 3.567196
0.272660 3.990696
0.960111 3.883064
2.394062 3.204445
0.738034 3.931324
-0.061633 3.999525
2.505847 3.117809
-0.273162 3.990662
-0.114344 3.998365
2.620112 3.022419
2.388793 3.208375
1.110827 3.842664
2.175391 3.356736
-0.118446 3.998246
2.597253 3.042085
3.999000 0.089448
3.837657 -1.128001
1.672599 3.633512
-0.196504 3.995170
2.396862 3.202351
2.934152 2.718594
3.037362 2.602774
2.618283 3.024003
-0.486437 3.970312
0.527004 3.965131
3.024327 2.617909
0.354346 3.984274
2.496858 3.125012
0.432297 3.976571
0.050879 3.999676
0.483833 3.970630
2.640419 3.004695
3.994406 -0.211466
3.958838 -0.572363
-0.226249 3.993596
2.330811 3.250741
1.288386 3.786827
3.622660 -1.695975
1.627651 3.653868
3.081709 2.550112
1.503208 3.706800
2.782551 2.873571
-0.752216 3.928635
0.506026 3.967863
2.746457 2.908088
1.673901 3.632913
2.964531 2.685435
-0.541830 3.963133
2.464977 3.150220
3.899758 -0.889880
2.500152 3.122377
-0.770231 3.925142
1.073528 3.853250
3.915754 -0.816620
2.673546 2.975257
3.353046 2.181073
1.075644 3.852660
3.959985 0.564372
2.057217 3.430431
-1.424945 3.737584
0.156362 3.996943
3.197215 2.403709
0.163296 3.996665
-1.021152 3.867460
2.656828 2.990195
1.703389 3.619180
2.281032 3.285863
3.147325 -2.468673
0.385444 3.981386
0.367902 3.983045
-2.062573 3.427214
3.457461 2.011458
3.757907 1.370450
2.013377 3.456344
1.696137 3.622585
3.916803 -0.811574
0.197331 3.995130
2.704662 2.946999
3.521625 1.896882
1.168019 3.825668
1.312354 3.778588
-1.078738 3.851795
2.473898 3.143220
-1.270633 -3.792821
-2.880118 -2.775774
0.843477 -3.910057
1.210352 -3.812486
-2.899462 -2.755561
-3.529473 -1.882238
-0.648606 -3.947063
-2.969764 -2.679646
-3.563040 -1.817895
-2.915690 -2.738385
1.259133 -3.796654
-0.941455 -3.887629
-2.916720 -2.737288
-0.620102 -3.951642
0.686620 -3.940629
-0.265371 -3.991188
-0.365215 -3.983292
-2.026479 -3.448678
-3.435038 -2.049516
-3.107640 -2.518447
-3.741754 -1.413958
1.520980 -3.699543
-3.372327 -2.151141
0.461454 -3.973293
-3.780877 -1.305745
2.325498 -3.254544
-3.018739 -2.624350
2.331295 -3.250394
-2.642747 -3.002647
1.355144 -3.763454
1.015277 -3.869007
-0.634886 -3.949294
-3.294283 -2.268855
-3.023479 -2.618888
-2.312944 -3.263478
-3.402383 -2.103281
-1.845947 -3.548589
-2.171951 -3.358962
-0.841930 -3.910390
-3.773191 -1.327792
-2.713063 -2.939267
-3.068463 -2.566035
-3.359463 -2.171177
-3.342408 -2.197342
0.993094 -3.874760
-2.573308 -3.062366
-3.946199 0.653846
-2.667524 -2.980657
-2.531639 -3.096903
-0.534153 -3.964175
0.136678 -3.997664
-2.395847 -3.203111
-2.171248 -3.359417
-3.326079 -2.221981
-3.385934 -2.129660
-2.811454 -2.845299
-3.267182 -2.307709
-1.355847 -3.763201
-0.269859 -3.990887
0.315064 -3.987573
-3.216779 -2.377464
-3.249687 -2.332281
-1.826424 -3.558676
-3.402321 -2.103381
-3.738044 -1.423736
-3.369242 -2.155970
-2.452719 -3.159774
-3.661864 -1.609582
-2.329676 -3.251555
-3.467322 -1.994411
-2.905261 -2.749447
-2.083404 -3.414590
-3.418263 -2.077374
-2.155961 -3.369248
-3.691265 -1.540961
-2.907798 -2.746764
0.426100 -3.977240
-3.371256 -2.152820
-1.392054 -3.749958
-3.517487 -1.904543
-0.246619 -3.992390
-2.790570 -2.865784
-3.143725 -2.473256
-1.978964 -3.476162
-2.529493 -3.098655
-3.888927 -0.936081
-3.100147 -2.527664
-3.341419 -2.198844
-2.728781 -2.924680
-1.072731 -3.853472
-1.297127 -3.783842
-1.315368 -3.777540
-1.475879 -3.717766
-3.265399 -2.310231
-0.007818 -3.999992
-2.729294 -2.924202
0.405746 -3.979368
2.303645 -3.270049
-2.911175 -2.743185
-3.226815 -2.363825
-2.302600 -3.270785
-1.372279 -3.757240
-3.205978 -2.392009
-2.946574 -2.705126
-3.987133 -0.320573
-2.134220 -3.383062
-1.965552 -3.483763
-1.020448 -3.867646
-3.226945 -2.363647
-3.781587 -1.303688
-3.340919 -2.199604
-3.990039 -0.282120
-3.468966 -1.991551
-0.961032 -3.882836
-2.738184 -2.915879
0.442803 -3.975415
-3.554132 1.835252
-1.637869 -3.649299
0.794230 -3.920357
-3.452390 -2.020149
-2.948772 -2.702729
-3.012570 -2.631429
-0.700740 -3.938142
-0.357863 -3.983960
-2.268634 -3.294434
-0.550388 -3.961953
-0.961277 -3.882776
-2.303610 -3.270074
-1.978269 -3.476558
-3.698226 -1.524181
-3.999899 0.028464
-2.652339 -2.994177
-3.357084 -2.174853
-3.322665 -2.227083
-1.407114 -3.744333
-0.062831 -3.999507
-3.381286 -2.137032
-3.141288 -2.476350
-3.088536 -2.541838
-3.012509 -2.631499
-3.523289 -1.893789
0.312941 -3.987740
-1.057802 -3.857597
0.118785 -3.998236
-3.281072 -2.287918
-3.655649 -1.623646
-3.861273 -1.044305
-3.100502 -2.527229
-3.001172 -2.644422
-2.255758 -3.303264
-3.186235 -2.418245
0.804191 -3.918326
-1.074915 -3.852863
-2.383542 -3.212278
-3.104603 -2.522190
-1.828118 -3.557806
-3.558417 -1.826929
-2.563807 -3.070325
-2.118773 -3.392757
-2.168973 -3.360886
-2.519273 -3.106970
-3.552239 -1.838912
1.174427 -3.823705
-2.423787 -3.182021
-2.525216 -3.102142
-3.859107 -1.052281
-3.124735 -2.497205
-0.495377 -3.969207
-3.117570 -2.506144
-2.934669 -2.718035
-3.663805 -1.605159
-3.586742 -1.770674
-3.252302 -2.328633
-1.660790 -3.638925
-2.418714 -3.185879
-2.677482 -2.971715
-3.502004 -1.932866
-0.060476 -3.999543
-1.688566 -3.626120
-2.081812 -3.415561
0.334744 -3.985969
-1.661850 -3.638441
-2.526591 -3.101022
-2.171626 -3.359172
2.331296 -3.250394
-3.813742 -1.206388
-2.686863 -2.963236
-3.997492 -0.141638
-3.362514 -2.166449
-2.884000 -2.771740
-0.978491 -3.878473
-3.926423 -0.763677
-3.871319 -1.006423
-1.693662 -3.623742
-3.670586 -1.589590
-3.883365 -0.958892
-0.725843 -3.933593
-3.188882 -2.414753
-2.425717 -3.180549
-3.217793 -2.376091
3.828278 1.159436
2.965946 2.683871
3.835671 1.134738
2.007105 3.459990
3.108663 2.517184
2.375197 3.218453
3.986173 0.332299
3.192982 2.409329
3.072718 2.560939
3.085291 2.545777
3.848887 1.089066
3.148392 2.467312
3.104710 2.522058
3.913764 0.826105
2.872324 2.783839
3.999896 0.028900
3.308957 2.247400
-1.566114 3.680664
2.812923 2.843847
3.244309 2.339757
3.801908 1.243180
3.999821 0.037865
3.975329 -0.443578
3.997408 0.143963
3.733850 1.434701
3.242856 2.341770
3.979523 -0.404226
-1.650306 3.643692
3.995912 0.180794
3.993665 0.225036
3.786447 1.289504
2.752515 2.902354
3.957346 0.582594
3.684231 1.557705
3.977774 0.421084
3.174207 2.434011
3.322846 2.226812
3.970794 0.482492
2.205698 3.336899
2.617344 3.024816
3.539600 1.863125
2.807682 2.849022
2.648648 2.997442
2.626246 3.017090
3.303905 2.254820
-0.830922 3.912744
2.895137 2.760105
2.211061 3.333348
3.198046 2.402604
3.996603 0.164806
3.024688 2.617492
2.261565 3.299291
3.533243 1.875151
3.871433 1.005986
3.603701 1.735898
3.999510 -0.062586
3.578923 1.786423
2.188509 3.348198
3.653599 1.628254
3.518161 1.903299
2.493520 3.127676
3.787890 1.285258
3.378143 2.141997
3.394084 2.116646
3.432552 2.053677
3.458528 2.009623
3.486517 1.960663
1.712550 3.614854
3.793206 1.269482
3.455228 2.015291
3.667205 1.597374
1.957541 3.488271
3.712822 1.488271
3.869806 1.012224
3.803527 1.238218
3.513080 1.912660
3.966479 0.516765
3.806383 1.229410
3.449298 2.025424
3.094570 2.534490
-2.071938 3.421560
2.846105 2.810638
-0.581071 3.957570
3.386587 2.128621
3.577564 1.789144
3.426070 2.064471
3.507816 1.922298
3.999479 0.064530
3.942646 -0.674940
3.856885 1.060395
0.994906 3.874295
1.946574 3.494402
1.795625 3.574316
3.190489 2.412630
3.901192 0.883575
3.780241 1.307586
3.755921 1.375885
2.710573 2.941563
2.082297 3.415266
-1.133197 3.836126
3.212107 2.383772
3.998326 0.115709
2.728178 2.925243
3.661599 1.610183
3.306109 2.251586
3.895802 -0.907043
3.954348 0.602604
3.171448 2.437605
3.170938 2.438269
3.043991 2.595018
0.124350 3.998067
3.955509 0.594938
3.518808 1.902101
3.979467 0.404773
3.849807 1.085810
3.460478 2.006263
3.993513 -0.227722
2.370525 3.221896
3.323570 2.225733
2.560066 3.073444
3.738047 1.423730
3.259523 2.318515
3.262147 2.314821
3.893727 0.915911
3.809861 1.218590
-1.018916 3.868050
3.990810 -0.270984
3.817144 1.195581
3.635353 1.668594
3.174516 2.433609
3.685107 1.555630
-2.377365 3.216852
3.620280 1.701051
3.417353 2.078870
3.319018 2.232515
2.710789 2.941364
3.580910 1.782437
3.377660 -2.142758
3.999280 0.075875
3.740289 -1.417829
2.310697 3.265070
2.229769 3.320863
2.409401 3.192928
3.535313 1.871247
2.804951 2.851710
3.842424 1.111654
3.995890 0.181289
-2.030039 3.446584
-1.012711 3.869679
2.827680 2.829174
3.998732 0.100695
3.602788 -1.737792
-1.769200 3.587469
3.778866 1.311554
3.727724 1.450543
3.992698 -0.241587
3.781301 1.304516
3.618738 1.704328
3.475868 1.979481
2.467587 3.148177
3.932061 -0.734098
-2.153473 3.370839
2.422036 3.183354
1.543717 3.690113
3.345354 2.192854
-1.731154 3.605982
3.168266 2.441740
2.876066 2.779972
3.995898 -0.181109
2.589586 3.048614
3.329853 2.216321
2.820812 2.836022
3.574252 1.795752
3.948584 0.639287
3.708390 1.499281
3.075495 2.557603
1.130218 3.837005
2.365559 3.225543
2.938160 2.714262
3.448268 2.027178
3.658046 1.618241
3.997303 0.146868
3.682144 1.562631
3.602638 1.738102
1.643847 3.646611
3.745854 1.403060
2.603111 3.037073
3.110290 2.515174
3.822603 1.178009
3.561468 1.820973
3.314468 2.239263
3.758282 1.369422
3.898693 -0.894537
1.498371 3.708758
3.495886 1.943909
3.938841 -0.696800
2.383459 3.212339
2.858639 2.797889
3.336262 2.206662
3.025575 2.616466
3.916303 -0.813987
3.906543 0.859605
3.888302 0.938674
3.435555 -2.048649
3.951651 -0.620047
3.842878 -1.110084
3.416734 -2.079887
3.974742 -0.448807
3.672331 -1.585556
3.999987 -0.010236
3.425374 -2.065626
3.883056 -0.960145
3.998323 -0.115827
3.287121 -2.279218
3.953572 -0.607677
3.998813 -0.097455
3.604674 -1.733876
3.863380 -1.036482
3.884485 -0.954347
3.924398 -0.774014
3.953047 -0.611081
3.931164 -0.738882
3.987451 -0.316596
3.909796 0.844684
3.229727 2.359844
3.977370 -0.424882
3.918354 -0.804055
3.959714 -0.566270
3.997708 0.135396
3.979855 -0.400945
3.991176 -0.265545
3.936548 -0.709639
3.667050 1.597731
3.996946 0.156269
3.872740 1.000940
3.999960 -0.017912
3.954989 -0.598382
3.992059 -0.251925
3.917535 0.808034
3.807476 -1.226020
3.990747 -0.271919
3.953893 -0.605585
3.937080 0.706682
3.946286 0.653319
3.662057 -1.609143
3.404718 -2.099499
3.998447 -0.111455
3.971788 -0.474234
3.993701 0.224400
3.492836 -1.949384
3.892957 -0.919175
3.999889 -0.029735
3.920297 -0.794524
3.759863 -1.365074
3.939870 -0.690961
3.926672 0.762394
3.756685 -1.373796
3.930796 -0.740839
3.156031 -2.457533
3.607533 -1.727920
3.930395 -0.742962
3.984546 -0.351276
2.830105 -2.826748
3.822448 -1.178511
3.898950 0.893416
3.974330 -0.452440
3.970540 -0.484575
3.737693 1.424658
3.999764 0.043485
3.994659 0.206639
3.984338 0.353628
3.993214 -0.232899
3.911968 -0.834567
3.655711 1.623508
3.983833 -0.359275
3.991333 -0.263168
3.760233 1.364056
3.821837 1.180492
3.782729 -1.300370
3.999954 0.019174
3.729137 1.446906
3.883864 -0.956870
3.864610 -1.031888
3.968714 0.499306
3.837879 1.127246
3.998957 -0.091357
3.947565 -0.645545
3.919544 0.798234
3.604714 -1.733793
3.804204 -1.236136
3.981019 -0.389218
3.456111 -2.013776
2.963872 -2.686162
3.997566 0.139523
3.751764 -1.387179
3.958525 0.574523
3.786899 -1.288177
3.999999 0.002691
3.992731 0.241042
3.764765 -1.351496
3.939249 0.694493
3.995211 -0.195682
3.763309 1.355546
3.984920 0.347000
3.559256 1.825293
3.204327 -2.394220
3.999959 -0.018133
3.995928 0.180436
3.998587 0.106312
3.994641 -0.206984
3.675812 -1.577469
3.985785 0.336923
3.990033 -0.282195
3.756292 -1.374872
3.981164 0.387732
3.999378 0.070555
3.983758 -0.360100
3.984963 -0.346507
3.963132 -0.541832
3.976418 -0.433703
3.793711 -1.267974
3.947221 -0.647647
3.879678 0.973702
3.925208 0.769897
3.942295 -0.676984
3.688505 1.547557
3.930643 0.741653
3.943109 0.672231
3.458291 -2.010030
3.999816 0.038317
3.995068 -0.198579
3.932706 -0.730631
3.907716 -0.854257
3.761370 -1.360918
3.606861 -1.729322
3.865920 -1.026968
3.272459 -2.300220
3.992183 0.249957
3.900681 -0.885827
3.996272 -0.172648
2.918588 2.735296
3.845580 -1.100688
3.362549 -2.166394
3.465973 -1.996755
3.890823 -0.928168
3.649485 -1.637454
3.976426 -0.433634
3.999173 0.081333
3.939640 0.692271
3.686061 -1.553370
3.951394 -0.621682
3.843603 -1.107573
3.994505 -0.209591
3.999117 -0.084021
3.963621 -0.538248
3.990986 0.268384
3.868158 1.018506
3.969085 0.496353
3.997981 0.127059
3.861814 -1.042300
3.576781 -1.790710
3.999576 0.058268
3.899237 -0.892161
3.681985 -1.563006
3.999290 0.075337
3.939745 -0.691670
3.979628 0.403190
3.902067 0.879702
3.987495 0.316048
3.992459 0.245498
3.890012 0.931560
3.983811 0.359516
3.999967 0.016162
3.999592 0.057163
3.971862 0.473613
3.847921 -1.092477
3.839012 -1.123382
3.958612 -0.573925
3.926243 -0.764600
3.993430 0.229168
3.917645 0.807499
3.998739 -0.100450
0.860544 -3.906336
3.989240 0.293203
3.942234 -0.677343
3.998893 -0.094091
3.994298 -0.213505
3.901504 -0.882195
3.988830 0.298728
3.990417 -0.276716
3.845950 -1.099395
3.998027 -0.125631
3.990166 0.280319
3.998976 -0.090488
3.881593 -0.966040
3.874865 -0.992685
3.985944 -0.335038
3.755260 1.377686
3.996302 -0.171959
3.931163 0.738890
