-2.688461 2.961787
3.645579 1.646134
0.093164 3.998915
2.076850 3.418581
3.009775 2.634626
3.152551 2.461995
1.842080 3.550597
2.534790 3.094324
3.922698 0.782588
2.485394 3.134137
2.915905 2.738156
-3.163677 2.447682
0.557562 3.960950
3.747410 1.398898
3.449234 2.025534
0.020621 3.999947
1.401474 3.746448
-0.644927 3.947666
3.915366 0.818479
0.911891 3.894670
3.924716 0.772401
3.609619 1.723558
3.491272 1.952183
-0.182589 3.995830
-0.521771 3.965823
2.224217 3.324584
0.730624 3.932708
-2.791012 2.865354
1.703549 3.619105
-0.409730 3.978960
3.707551 1.501354
-3.048464 2.589762
1.834508 3.554515
3.268323 -2.306093
-2.814719 2.842069
3.140582 2.477245
3.207236 2.390322
1.996860 3.465913
-0.806918 3.917765
3.996241 -0.173367
3.777429 1.315687
1.447053 3.729080
-1.658021 3.640188
1.233871 3.804939
3.891902 0.923631
2.424668 3.181350
-0.214762 3.994231
3.827778 1.161084
1.257222 3.797288
0.155399 3.996980
0.408292 3.979108
2.998560 2.647384
-0.498961 3.968758
2.404176 3.196864
0.867818 3.904727
2.592927 3.045773
0.338972 3.985611
2.678874 2.970460
1.408433 3.743837
0.041725 3.999782
0.847671 3.909150
-0.153204 3.997065
2.504913 3.118559
0.144631 3.997384
2.110594 3.397851
-3.532035 1.877426
3.960701 0.559330
-0.082130 3.999157
3.914570 0.822277
3.156055 2.457503
1.893100 3.523659
3.937773 0.702810
3.956737 0.586714
3.973204 -0.462226
1.068575 3.854627
-0.195895 3.995200
2.543987 3.086767
3.191089 2.411836
-0.728710 3.933063
3.660689 1.612251
0.931065 3.890131
0.464454 3.972944
2.038184 3.441774
3.588262 1.767591
0.571348 3.958985
1.856218 3.543227
-3.270824 2.302545
2.750428 2.904332
1.499963 3.708114
-0.399651 3.979985
2.877427 2.778563
3.886298 0.946936
1.213115 3.811608
-1.664658 3.637157
2.254418 3.304179
-2.437266 3.171708
-0.252742 3.992007
3.009846 2.634545
-0.891618 3.899361
-0.361598 3.983622
0.316599 3.987451
-2.841342 2.815453
0.840684 3.910659
-2.588994 3.049116
-2.886483 2.769154
1.584340 3.672855
-0.124978 3.998047
1.398795 3.747449
3.116032 2.508056
2.986988 2.660433
-0.454902 3.974049
-2.886448 2.769191
3.372530 2.150824
0.839822 3.910844
3.033173 2.607655
-2.223597 3.324999
-0.554883 3.961326
3.830048 -1.153572
-3.127139 2.494194
0.432568 3.976542
-0.747551 3.929525
-0.397672 3.980183
3.343375 2.195870
3.142126 2.475287
1.437203 3.732887
1.315973 3.777329
1.523115 3.698665
1.678061 3.630993
0.085076 3.999095
-2.439526 3.169970
-1.032749 3.864379
2.868452 2.787828
3.334224 2.209740
1.909164 3.514981
-1.421818 3.738774
-0.166139 3.996548
3.495809 1.944046
2.857959 2.798584
2.028910 3.447249
3.923051 0.780814
1.118183 3.840530
-0.679095 3.941932
3.873201 0.999157
0.268230 3.990996
3.769557 1.338073
1.625793 3.654695
-0.851439 3.908331
-1.716776 3.612849
3.945445 0.658382
2.443809 3.166669
-0.292712 3.989276
3.930684 0.741432
-0.621352 3.951446
2.772595 2.883178
3.449652 2.024820
3.995949 0.179981
1.699923 3.620809
0.246830 3.992377
3.017197 2.626123
2.902407 2.752460
0.523087 3.965650
0.875806 3.902943
-1.363112 3.760575
3.327395 2.220009
1.627645 3.653871
3.795818 1.261652
3.577999 1.788273
-2.801240 2.855356
3.302394 2.257032
1.653701 3.642152
1.842523 3.550368
3.921555 0.788296
-2.751745 2.903084
2.983001 2.664903
2.101403 3.403543
3.562420 1.819111
3.950724 0.625925
1.586896 3.671752
1.699817 3.620859
3.932716 0.730579
-2.915572 2.738511
3.829909 1.154034
1.715263 3.613568
3.908427 -0.850996
2.050425 3.434495
-0.032337 3.999869
0.619985 3.951660
1.903989 3.517787
-2.667221 2.980928
-2.805150 2.851514
-2.771326 2.884398
-2.877165 2.778835
3.550754 1.841777
-2.947698 2.703901
3.651019 1.634032
-2.299293 3.273110
-2.892190 2.763194
-1.196077 3.816988
2.732117 2.921564
2.234599 3.317615
3.967523 0.508684
3.644021 1.649579
3.013084 -2.630841
2.801041 -2.855551
3.723376 -1.461666
1.849878 -3.546541
2.592645 -3.046012
1.097346 -3.846535
3.983602 -0.361817
3.840829 -1.117153
0.426687 -3.977177
-0.902116 -3.896946
3.934910 -0.718667
2.236730 -3.316179
-0.391279 -3.980817
-0.997434 -3.873645
1.662120 -3.638318
-0.219855 -3.993953
0.312196 -3.987798
-0.631602 -3.949820
1.918498 -3.509896
0.206338 -3.994675
0.522464 -3.965732
0.261441 -3.991447
3.328267 2.218703
0.382717 -3.981649
0.375580 -3.982328
0.617235 -3.952091
1.898910 -3.520531
-0.760332 -3.927072
1.046802 -3.860596
2.365188 -3.225816
3.346460 -2.191166
3.908814 -0.849219
2.262943 -3.298347
0.180775 -3.995913
3.992634 0.242640
3.874782 -0.993008
2.383571 -3.212256
3.062501 -2.573148
3.077119 -2.555648
0.028800 -3.999896
2.196545 -3.342931
3.999977 -0.013604
0.103405 -3.998663
3.813989 1.205607
-0.330760 -3.986301
1.699046 -3.621221
0.475102 -3.971684
-0.083875 -3.999121
0.790786 -3.921053
2.870553 -2.785665
0.113601 -3.998387
-0.337530 -3.985734
1.380821 -3.754109
-0.322836 -3.986951
2.144919 -3.376288
0.622779 -3.951221
3.864789 1.031217
2.511045 -3.113623
1.511677 -3.703354
1.230761 -3.805946
3.972184 0.470909
3.865315 1.029242
-0.038948 -3.999810
3.462749 2.002342
-0.349199 -3.984728
1.868693 -3.536663
2.919591 -2.734225
1.279882 -3.789710
0.649101 -3.946982
-0.376008 -3.982288
2.940936 -2.711253
-0.184100 -3.995761
2.371046 -3.221513
0.583848 -3.957161
-1.242892 -3.802002
-0.621580 -3.951410
0.110923 -3.998462
0.452698 -3.974300
3.920518 -0.793433
1.617299 -3.658462
3.922975 0.781195
-0.168588 -3.996446
3.356489 -2.175771
1.182668 -3.821164
3.334093 -2.209938
-0.094028 -3.998895
1.897839 3.521109
-0.502894 -3.968261
3.624559 -1.691914
-0.122102 -3.998136
2.670181 -2.978277
3.999929 -0.023874
-1.396331 -3.748368
3.651006 -1.634061
0.423566 -3.977511
3.826849 1.164141
3.769118 1.339309
-1.298228 -3.783464
0.220310 -3.993928
3.114396 -2.510087
0.314928 -3.987583
-0.312539 -3.987771
0.872198 -3.903751
-0.075378 -3.999290
1.394587 -3.749017
1.333872 -3.771046
3.988230 0.306633
-0.389045 -3.981035
2.033041 -3.444814
1.943893 -3.495895
-0.485263 -3.970456
-0.129970 -3.997888
0.355454 -3.984175
3.606237 -1.730623
-0.134730 -3.997730
-0.083150 -3.999136
3.884955 0.952431
-0.961316 -3.882766
3.957857 -0.579107
-0.266733 -3.991097
1.207462 -3.813402
-0.692158 -3.939660
0.286154 -3.989751
-0.743283 -3.930335
-0.132089 -3.997818
0.264422 -3.991251
2.981268 -2.666841
3.688790 -1.546878
2.092982 -3.408728
3.976866 -0.429582
2.461123 -3.153232
3.019759 -2.623177
1.317836 -3.776679
0.305470 -3.988319
3.110535 -2.514871
0.532050 -3.964457
3.975370 0.443209
3.965309 -0.525663
2.601682 -3.038297
0.696171 -3.938952
0.454841 -3.974056
3.263188 -2.313353
-2.348871 -3.237716
3.761207 -1.361368
2.792515 -2.863889
-0.093540 -3.998906
3.990209 0.279700
0.316690 -3.987444
2.774855 -2.881004
3.999997 -0.004927
1.834216 -3.554666
3.975341 0.443466
1.260497 -3.796202
0.073950 -3.999316
1.954377 -3.490044
1.063392 -3.856060
3.918624 0.802737
1.275994 -3.791021
3.999679 -0.050644
2.247983 -3.308560
0.217660 -3.994074
-0.831673 -3.912585
0.971254 -3.880292
2.798136 -2.858397
-0.992146 -3.875003
3.252963 -2.327709
3.711312 -1.492034
0.637495 -3.948873
3.808197 -1.223780
3.397264 -2.111540
0.411241 -3.978804
3.931047 -0.739506
0.945078 -3.886750
3.138659 -2.479681
2.975890 2.672840
0.772863 -3.924625
0.316363 -3.987470
0.403022 -3.979645
2.730950 -2.922655
-0.092327 -3.998934
2.497425 -3.124559
3.999915 0.026041
0.974417 -3.879499
2.296129 -3.275331
3.206511 2.391294
1.745408 -3.599104
3.935320 -0.716421
1.498372 -3.708757
3.845810 -1.099883
-1.009949 -3.870401
1.546360 -3.689007
3.277093 -2.293613
-0.241062 -3.992730
-0.555899 -3.961184
3.951235 0.622689
2.494042 -3.127260
1.816488 -3.563758
3.970956 0.481150
-2.027462 3.448100
-2.822802 2.834041
-2.080802 3.416176
-0.135292 3.997711
-0.161493 3.996739
-2.401791 3.198656
-3.089167 2.541072
0.021303 3.999943
2.116192 3.394368
-1.987848 3.471089
2.167257 3.361993
3.440637 2.040102
3.055862 2.581029
2.577200 3.059091
-3.149962 2.465308
3.670824 1.589041
0.753256 3.928435
-3.716676 1.478622
-2.381732 3.213620
-3.906914 0.857918
-3.562563 1.818832
-0.491747 3.969658
3.315447 2.237814
-3.782776 1.300234
-3.663136 1.606684
-2.751837 2.902997
3.772656 1.329309
-3.777207 1.316324
-2.439899 3.169684
2.701867 2.949562
3.330015 2.216078
3.812160 1.211379
-3.186035 2.418508
3.073913 2.559503
3.639065 1.660484
-0.372104 3.982655
-3.846072 1.098969
-2.734025 2.919779
-3.306096 2.251607
-3.926779 0.761844
3.822602 1.178012
-2.737656 2.916375
1.572535 3.677925
-0.544914 3.962710
-1.227603 3.806966
-1.948881 3.493117
-3.740740 -1.416639
-3.742030 1.413226
-3.618340 1.705173
-2.954184 2.696813
-3.578441 1.787389
-2.721241 2.931697
3.893246 0.917952
3.620436 1.700719
3.561244 1.821411
-1.894200 3.523068
3.411423 2.088587
-2.760361 2.894893
-3.535188 1.871482
-1.632564 3.651675
-2.427502 3.179188
-3.352493 2.181923
-3.963105 0.542029
2.948877 2.702615
-2.221410 3.326460
-0.210465 3.994459
-0.245346 3.992469
-2.217929 3.328782
3.913426 0.827704
-2.566402 3.068156
-2.957387 2.693299
3.754283 1.380347
3.586460 1.771245
-0.380406 3.981870
2.573192 3.062464
2.138089 3.380617
-1.955978 3.489147
3.618598 1.704626
-0.440005 3.975726
-0.664095 3.944487
-2.673192 2.975574
-3.013168 2.630744
-2.947124 2.704526
-3.898643 -0.894753
-0.052692 3.999653
-3.955588 0.594409
-3.665687 -1.600855
-1.238889 3.803308
-3.873072 0.999657
3.207569 2.389875
-3.348022 2.188778
-1.623430 3.655746
-0.740831 3.930797
-2.644787 3.000851
-3.960119 0.563436
-3.996594 0.165042
3.606507 1.730060
-1.252503 3.798847
-3.968708 0.499358
-1.571745 3.678263
3.142898 2.474306
3.576430 1.791410
-1.244509 3.801473
2.714428 2.938006
-1.247975 3.800337
3.680520 1.566452
-0.978171 3.878554
-3.151030 2.463941
-2.287601 3.281293
-0.229485 3.993412
-1.041417 3.862053
-0.577281 3.958124
-3.965708 0.522645
2.848881 2.807824
-3.037883 2.602166
-3.646946 1.643101
-3.380366 2.138487
-2.993202 2.653439
-1.044651 3.861179
1.175831 3.823274
-1.677366 3.631314
-3.954804 0.599607
-2.197488 3.342312
3.195779 2.405618
-3.866124 1.026198
-2.842935 2.813845
-3.155706 2.457950
3.691953 1.539313
-1.551094 3.687019
-3.965878 0.521353
-3.210928 2.385359
-3.705624 1.506103
-2.917640 2.736307
-3.613513 1.715378
3.161734 2.450192
2.867221 2.789094
0.800516 3.919078
-3.843074 1.109407
3.437542 2.045313
3.569623 1.804934
-0.848775 3.908910
0.306855 3.988213
-3.263339 2.313140
-2.638867 3.006057
-2.687679 2.962496
-2.113741 3.395894
3.900951 0.884635
-3.825218 1.169492
-3.663337 1.606225
1.588201 3.671188
3.750416 1.390819
3.648491 1.639669
-3.794765 1.264816
3.984261 0.354493
-3.589100 1.765889
3.828720 1.157973
0.609861 3.953235
-1.988019 3.470991
-3.030780 2.610435
-3.753628 1.382127
3.825819 1.167523
-3.127766 2.493408
-2.483098 3.135957
-1.472774 3.718997
1.161994 3.827502
-1.682689 3.628851
-1.001369 3.872630
3.973300 0.461398
-1.140934 3.833832
-3.648811 1.638956
3.565173 1.813709
-2.869245 2.787012
-2.256695 3.302624
3.838553 1.124950
-3.626717 1.687284
-2.603671 3.036593
2.832433 2.824415
0.870974 3.904024
-1.730446 3.606322
3.095659 2.533160
0.330418 3.986330
2.990063 2.656976
3.594652 1.754559
-2.667657 2.980538
-3.199868 2.400176
-2.868977 2.787287
-1.623967 3.655507
-1.661475 3.638613
-3.126683 2.494765
-3.438265 2.044098
-2.343770 3.241410
1.345313 3.766979
2.882301 2.773507
-1.398506 3.747557
-3.611753 1.719082
3.016769 2.626614
-0.271299 3.990789
-0.290589 3.989431
-0.696341 3.938922
-1.066856 3.855103
1.478727 3.716634
3.471059 1.987901
3.432354 2.054007
3.443636 2.035036
3.975242 -0.444354
3.002257 -2.643190
3.003174 -2.642148
3.999996 -0.005415
3.997628 0.137742
3.619286 1.703164
3.866950 -1.023082
3.433494 2.052101
3.931123 -0.739103
3.946165 -0.654050
2.765008 2.890455
3.379431 2.139964
3.728669 1.448112
3.545258 1.852334
1.531982 3.695001
3.995123 0.197464
3.897724 -0.898748
3.630366 1.679417
3.795655 -1.262142
3.200961 2.398718
3.746282 1.401917
3.743878 -1.408324
3.850143 1.084619
3.950720 -0.625949
2.920536 2.733216
3.863077 1.037609
3.447120 2.029129
2.948411 2.703123
3.970340 0.486209
3.670198 -1.590487
2.395812 3.203137
3.910411 0.841834
3.997732 0.134672
3.320944 2.229648
3.755136 1.378026
1.432110 3.734844
3.949377 0.634369
3.703590 -1.511099
3.677970 1.572430
3.996835 0.159086
2.023453 3.450455
3.727956 -1.449946
3.710202 1.494792
1.609639 -3.661838
3.952225 0.616377
2.772015 2.883736
3.190195 2.413018
1.895836 3.522188
2.346066 3.239749
3.697714 -1.525422
3.220430 -2.372516
3.605720 1.731699
3.398615 2.109364
3.098194 -2.530058
3.929658 0.746850
3.862636 -1.039253
3.927499 0.758125
3.743135 -1.410299
3.203104 -2.395856
3.142688 2.474574
3.997010 0.154632
3.673190 -1.583565
1.929328 3.503954
3.448500 2.026783
3.980305 -0.396447
3.737140 1.426109
3.735520 1.430347
2.320384 -3.258192
1.887251 3.526795
3.759668 1.365612
3.246635 2.336527
3.881961 -0.964563
3.840159 1.119456
3.988061 -0.308817
3.022291 2.620260
3.996162 0.175188
3.997251 -0.148261
3.508330 -1.921360
3.459658 -2.007676
3.774815 1.323168
2.434043 3.174183
3.811980 -1.211943
3.618073 -1.705739
3.422766 2.069945
3.691379 1.540688
3.409057 2.092446
3.809035 -1.221168
3.310329 -2.245378
3.920898 0.791554
3.821009 -1.183170
3.901081 0.884064
3.861223 -1.044488
2.983768 -2.664044
3.847964 -1.092324
3.602131 -1.739153
3.056474 -2.580303
2.937236 -2.715261
3.635100 1.669146
3.498510 1.939182
3.963036 -0.542539
3.348677 2.187776
2.636551 -3.008089
3.951843 -0.618817
2.597404 3.041955
3.262632 2.314138
3.561469 1.820972
3.625129 1.690693
3.807980 1.224454
3.901898 -0.880449
3.698305 1.523989
3.954198 -0.603586
2.139138 3.379954
2.561141 -3.072549
3.978173 -0.417299
1.761982 3.591019
3.366930 2.159579
3.469599 1.990448
3.369830 -2.155051
2.056228 3.431024
3.391823 -2.120269
3.821963 -1.180085
3.513414 -1.912047
3.778050 -1.313902
3.695652 1.530411
3.584641 1.774923
1.868905 3.536551
3.992938 -0.237592
2.288246 -3.280843
3.998043 -0.125106
3.912292 -0.833049
3.146364 -2.469898
3.849287 1.087654
3.993311 0.231237
3.593054 1.757828
3.848685 -1.089780
3.606262 1.730571
3.326728 -2.221009
3.937143 0.706333
3.201462 2.398050
2.929663 -2.723430
3.103187 -2.523931
3.432866 -2.053152
3.177550 -2.429645
3.821458 -1.181719
2.751704 2.903124
3.870706 -1.008779
3.866781 -1.023719
3.688211 -1.548257
3.746329 -1.401792
3.262580 -2.314211
3.966052 -0.520029
3.918824 -0.801760
3.864290 1.033082
3.772229 -1.330521
3.697029 1.527080
3.943645 -0.669077
3.574746 -1.794768
3.301046 2.259003
3.996706 0.162308
3.508349 1.921324
3.922615 -0.783002
2.585276 -3.052269
3.925642 0.767683
3.990191 -0.279960
3.115730 2.508431
2.587237 3.050607
3.631932 1.676028
3.451726 -2.021284
3.183512 -2.421828
1.129674 3.837165
3.881220 0.967539
3.743779 1.408588
2.520827 3.105710
2.957954 2.692677
3.083206 2.548301
3.424297 -2.067411
3.984444 -0.352425
1.838350 3.552530
3.034938 -2.605600
3.749302 -1.393820
2.542321 3.088139
2.897886 2.757219
2.391352 3.206468
3.323305 2.226128
3.998109 -0.122973
3.918295 0.804343
3.836092 -1.133311
3.943015 -0.672781
3.936580 -0.709465
3.785489 1.292312
1.705747 3.618069
3.971240 0.478805
3.745536 -1.403908
3.575611 1.793045
3.204209 2.394378
3.291410 -2.273020
