2.200976 3.340016
-2.767179 2.888377
0.065298 3.999467
1.959426 3.487212
2.117692 3.393432
2.861325 2.795142
-1.977054 3.477249
-3.279335 2.290406
-2.152844 3.371241
1.828609 3.557554
1.961587 3.485997
1.641119 3.647839
1.571738 3.678266
-1.253406 3.798549
-2.206065 3.336657
-0.724288 3.933879
1.163440 3.827062
-1.988741 3.470578
0.616295 3.952237
2.085273 3.413449
1.099020 3.846057
1.118839 3.840338
-2.046597 3.436778
-2.329626 3.251591
-1.443185 3.730579
2.548515 3.083029
1.307688 3.780205
1.959040 3.487429
1.120574 3.839832
1.425115 3.737519
-1.122783 3.839187
0.796166 3.919964
1.322732 3.774968
0.198323 3.995080
0.445002 3.975170
-2.950092 2.701288
-1.648708 3.644415
-1.825885 3.558953
-0.022132 3.999939
-2.235970 3.316691
-2.619932 3.022574
-2.365218 3.225793
0.915769 3.893760
0.482341 3.970812
-3.215697 2.378927
1.718781 3.611896
-0.640850 3.948330
-1.851664 3.545608
-1.619174 3.657632
-2.115042 3.395084
-2.072176 3.421416
-2.306826 3.267806
2.061459 3.427884
0.588835 3.956422
0.849598 3.908732
-0.101281 3.998718
2.609525 3.031564
-0.367068 3.983122
2.584350 3.053054
2.066203 3.425027
-3.367767 2.158274
-2.443840 3.166646
0.314439 3.987622
-3.299878 2.260709
-0.115958 3.998319
2.947408 2.704216
-1.615079 3.659443
1.057775 3.857604
-1.080508 3.851299
-1.556738 3.684639
-3.508333 1.921353
0.487484 3.970184
-1.073228 3.853334
1.732675 3.605251
-1.699046 3.621221
-2.738047 2.916007
-0.585050 3.956983
1.113391 3.841922
1.572962 3.677742
-2.078746 3.417428
-1.648376 3.644565
-0.376105 3.982279
0.638652 3.948686
-2.254091 3.304402
1.514679 3.702127
-3.413797 2.084704
0.562719 3.960221
-1.883908 3.528582
-1.088772 3.848971
1.475866 3.717771
1.557637 3.684259
-0.927600 3.890959
3.507558 1.922768
1.116214 3.841102
-2.109744 3.398379
0.530810 3.964624
1.948854 3.493131
2.531328 3.097157
-2.853341 2.803292
-1.338880 3.769271
2.166623 3.362401
-0.841856 3.910406
1.397028 3.748108
-2.684101 2.965738
2.986180 2.661340
0.967780 3.881160
-0.227622 3.993518
-2.786732 2.869516
-1.595003 3.668237
1.729613 3.606721
-0.815775 3.915930
1.141989 3.833518
-1.461149 3.723580
-2.145943 3.375638
-2.461111 2.680854
-1.910346 3.514339
3.006093 2.638826
1.147203 3.831961
3.294797 2.268107
-1.125717 3.838328
0.635731 3.949158
2.013328 3.456372
1.694501 3.623350
-1.466226 3.721583
2.687093 2.963027
0.450561 3.974543
-0.930223 3.890332
-0.059795 3.999553
-0.815514 3.915985
0.003942 3.999998
2.247726 3.308735
-2.134546 3.382856
2.373657 3.219589
0.955726 3.884146
1.832562 3.555519
1.448879 3.728371
-2.327553 2.657048
1.370254 3.757979
-3.179938 2.426518
-1.285041 3.787964
1.151943 3.830539
-2.549524 3.082195
-2.703302 2.948247
-2.093004 3.408714
-1.986303 3.471974
-1.074915 3.852864
-0.326552 3.986648
0.710073 3.936470
-1.039300 3.862623
2.516525 3.109197
-0.281681 3.990070
1.828681 3.557517
1.568400 3.679690
-0.184134 3.995760
1.034329 3.863957
2.742474 2.911844
-3.082722 2.548887
1.703756 3.619007
-1.927212 3.505118
1.820840 3.561537
1.454144 3.726321
-2.810574 2.846168
1.694894 3.623166
0.217522 3.994081
-1.240421 3.802809
-2.400566 3.199575
0.078404 3.999232
0.092266 3.998936
2.357293 3.231589
1.201223 3.815372
-0.042512 3.999774
-0.586433 3.956779
1.731985 3.605583
1.184189 3.820693
2.841329 2.815466
-2.524907 3.102394
2.036273 3.442905
-3.457257 2.011809
1.056062 3.858074
-0.596143 3.955327
0.589791 3.956279
-1.404408 3.745349
0.956802 3.883881
-2.090889 3.410012
-0.179201 3.995984
1.071594 3.853789
1.133420 3.836060
2.355128 3.233167
2.719654 2.933170
0.167404 3.996495
-0.919553 3.892868
-0.520217 3.966028
-1.420767 3.739174
2.620791 3.021830
-1.685469 3.627560
1.656947 3.640676
3.089918 2.540159
-2.653895 2.992798
0.029192 3.999893
-1.896891 3.521620
-3.815164 1.201883
-3.997883 -0.130136
-3.660160 1.613453
-3.982985 -0.368552
-3.895185 0.909688
-3.798072 -1.254852
-2.571421 3.063950
-3.762935 -1.356585
-3.939910 0.690729
-3.805772 1.231300
-1.408975 3.743633
-3.908375 0.851238
-3.942861 -0.673680
-3.857771 -1.057168
-3.650034 1.636230
-3.957801 -0.579493
-1.800454 -3.571885
-3.702945 1.512680
-3.330963 -2.214653
-3.943249 0.671404
-2.667498 -2.980680
-3.997734 0.134636
-3.501553 1.933682
-3.929424 0.748084
-3.972269 0.470188
-3.501661 1.933486
-3.835657 1.134785
-3.913917 0.825380
-3.932303 0.732796
-3.477270 -1.977016
-3.129092 2.491743
-3.979065 -0.408707
-3.948860 -0.637575
-3.946346 0.652957
-3.968854 0.498192
-3.693872 -1.534702
-3.999955 0.018910
-0.970923 -3.880375
-3.907675 0.854444
-3.997800 -0.132645
-3.561093 1.821706
-3.947567 0.645532
-3.897271 -0.900711
-3.815739 1.200056
-3.999332 0.073076
-2.914334 2.739828
-3.873133 -0.999420
-3.996990 -0.155140
-3.888516 0.937786
-3.898924 0.893529
-3.815897 1.199555
-3.934883 -0.718817
-2.887160 -2.768448
-2.474415 -3.142812
-3.969050 -0.496628
-3.538132 -1.865911
-3.877157 -0.983694
-2.757396 -2.897718
-3.495062 1.945389
-2.818928 2.837894
-3.989278 -0.292683
-3.640788 1.656702
-3.922816 0.781993
-3.365993 -2.161039
-3.960336 0.561906
-3.986887 0.323619
-3.969581 0.492367
-3.802407 1.241652
-3.999729 -0.046604
-3.074876 -2.558346
-3.913408 0.827791
-3.980172 0.397784
-3.988667 -0.300897
-3.193957 -2.408036
-0.594205 -3.955619
-3.288382 -2.277398
-3.341197 2.199182
-3.779792 -1.308882
-3.707247 1.502104
-3.993969 0.219568
-3.873190 0.999200
-3.574847 1.794566
-3.768551 -1.340903
-3.575877 1.792513
-3.629742 1.680766
-2.513076 -3.111985
-3.401546 2.104634
-2.289279 3.280122
-3.837384 -1.128930
-3.979925 0.400250
-3.512103 1.914453
-3.876143 -0.987681
-3.938081 0.701086
-3.992140 -0.250638
-3.769822 1.337327
-3.260060 2.317759
-3.635084 1.669182
-3.270683 2.302745
-3.983336 -0.364743
-0.605941 -3.953838
-3.899185 -0.892386
-3.599961 1.743641
-3.894298 0.913479
-3.905689 -0.863477
-2.554499 -3.078073
-3.999948 -0.020452
-2.955600 -2.695261
-3.984331 0.353709
-3.995926 0.180476
-3.629384 -1.681538
-3.785102 1.293445
-3.988982 -0.296691
-3.830393 -1.152428
-3.968278 0.502761
-3.935764 0.713974
-3.999998 0.003733
-3.522043 -1.896105
-3.961358 0.554654
-3.960653 -0.559666
-3.132820 2.487054
-3.990932 0.269186
-3.416738 -2.079880
-3.999850 0.034669
-3.347701 2.189270
-1.438985 3.732201
-3.604661 -1.733903
-3.959887 0.565065
-3.995350 0.192825
-3.980168 -0.397825
-3.907907 0.853384
-2.325111 -3.254821
-3.869434 1.013646
-3.709945 1.495429
-2.486808 -3.133016
-3.988618 0.301546
-3.700359 1.518994
-3.542953 1.856740
-3.828546 -1.158549
-3.711752 1.490938
-3.992957 0.237267
-3.741743 -1.413988
-3.628106 1.684295
-3.310909 -0.800218
-3.543679 1.855353
-3.419432 2.075449
-3.993518 0.227621
-3.981037 -0.389030
-3.998635 -0.104506
-3.913859 0.825654
-3.771676 1.332088
-3.769342 1.338680
-3.683230 1.560069
-3.892365 0.921679
-3.635525 -1.668219
-3.994763 0.204618
-3.934164 -0.722743
-2.838639 -2.818178
-3.777193 1.316364
-3.768819 1.340152
-3.274142 -2.297824
-3.980357 -0.395925
-3.350692 -2.184688
-3.997302 -0.146893
-3.131671 -2.488501
-3.680931 -1.565486
-3.986769 0.325074
-3.806276 1.229740
-3.461945 2.003730
-3.623256 1.694703
-3.999998 0.004031
-3.895543 -0.908154
-3.959390 -0.568537
-3.961385 0.554466
-3.936654 -0.709050
-3.809853 1.218615
-3.993960 -0.219729
-3.999903 -0.027872
-3.993424 -0.229269
-3.918288 0.804373
-3.712091 -1.490093
-3.197780 2.402957
-3.980276 -0.396739
-3.593726 -1.756454
-3.984813 0.348237
-3.999076 0.085966
-3.911945 -0.834676
-3.789573 1.280286
-3.998968 -0.090850
-3.899431 0.891313
-2.082655 -3.415047
-3.303405 2.255551
-3.469719 -1.990238
-3.281237 -2.287680
-3.823301 1.175741
-3.831652 -1.148236
-3.195701 -2.405722
-3.795330 1.263119
-3.135702 -2.483420
-3.899202 -0.892312
-3.999999 0.002255
2.380410 -3.214600
3.794905 -1.264394
2.906720 2.747904
3.150985 -2.463999
3.997892 -0.129842
3.883643 -0.957766
3.843109 1.109286
3.801436 -1.244622
3.363762 2.164510
3.904308 -0.869701
3.953923 -0.605388
3.969012 -0.496936
3.469679 1.990309
3.572929 1.798383
3.603620 -1.736065
3.999475 0.064787
3.889461 0.933858
3.992941 0.237526
3.910230 0.842677
3.817950 -1.193005
3.578177 1.787917
1.741929 3.600789
3.795735 -1.261900
2.920343 -2.733422
3.428691 2.060115
0.698617 3.938519
3.979151 -0.407872
3.897265 -0.900736
3.996914 0.157082
3.308773 2.247670
3.537404 -1.867291
3.635749 1.667731
3.738410 1.422775
3.934852 0.718987
3.971351 -0.477879
3.233399 2.354810
1.826262 3.558759
3.987426 -0.316910
3.400446 -2.106411
3.396566 2.112662
3.996322 -0.171505
3.798239 -1.254343
3.848180 -1.091565
3.897893 -0.898017
3.856412 -1.062114
3.910147 0.843061
3.475102 -1.980825
3.838502 -1.125124
3.731983 1.439550
3.741364 1.414990
3.997798 0.132707
3.549330 1.844522
3.793212 1.269465
3.913292 0.828338
3.722693 -1.463405
3.538881 1.864489
3.760268 -1.363960
3.986664 -0.326360
3.955770 -0.593200
3.976912 0.429155
2.629444 3.014303
3.719925 -1.470429
3.381374 -2.136893
3.736895 1.426751
3.406048 2.097341
3.514565 -1.909930
2.561218 -3.072484
3.189583 -2.413826
3.963065 0.542328
3.500057 -1.936389
3.187557 2.416502
3.793233 1.269403
3.819842 1.186932
2.992228 2.654538
3.235329 2.352157
3.990387 0.277142
3.807051 -1.227340
2.927127 2.726156
2.087066 3.412353
3.819049 -1.189481
3.978055 -0.418427
3.236208 2.350948
2.804448 -2.852204
3.994023 0.218593
3.559080 1.825636
2.169753 3.360383
3.274764 -2.296937
2.669921 2.978510
3.868527 -1.017105
2.558181 3.075014
3.051868 2.585750
3.714998 -1.482831
3.634334 1.670813
1.656735 3.640773
3.733554 -1.435469
2.136164 -3.381835
3.298137 -2.263248
3.978869 -0.410614
3.959088 0.570631
3.716060 -1.480167
2.729789 2.923740
3.947766 -0.644317
3.212306 2.383503
3.697406 1.526167
3.696235 1.529003
3.946583 -0.651526
3.994143 -0.216374
3.932455 -0.731981
3.188095 -2.415792
3.934437 0.721253
3.627992 -1.684539
3.555043 -1.833486
3.973486 0.459791
3.898807 -0.894038
3.777014 -1.316878
3.351183 2.183934
3.997809 0.132376
3.981377 -0.385537
1.698022 3.621701
2.769905 -2.885763
3.985873 -0.335876
2.404330 3.196748
3.059893 -2.576248
3.994817 -0.203565
2.887442 -2.768154
3.696971 -1.527220
3.998161 0.121263
3.066986 -2.567800
2.613412 3.028214
2.030966 -3.446038
3.983007 -0.368319
2.669230 -2.979130
3.954597 -0.600970
3.991766 0.256516
3.819687 1.187429
3.996322 -0.171488
3.569908 -1.804372
3.838074 -1.126582
3.435267 -2.049132
3.844015 -1.106140
3.920488 0.793585
3.893396 -0.917313
2.578461 3.058028
3.312728 2.241837
3.351643 2.183228
3.973351 -0.460961
3.304778 2.253539
3.114137 -2.510409
2.049925 -3.434794
3.498868 -1.938536
2.336853 -3.246401
3.610739 -1.721211
3.468525 -1.992319
3.777799 -1.314625
2.893140 2.762198
3.985057 0.345430
3.517970 1.903652
3.478620 1.974640
3.962155 -0.548935
3.909511 0.846005
3.589440 1.765196
3.950904 -0.624783
3.143401 -2.473667
3.549670 1.843867
3.967398 0.509659
3.794940 -1.264291
3.974487 -0.451055
3.266414 -2.308796
3.412457 2.086896
3.998427 -0.112167
3.478915 1.974119
3.976989 -0.428437
3.865049 -1.030241
3.960274 0.562342
3.563726 1.816551
3.877211 -0.983480
3.379968 2.139116
3.477178 1.977177
3.626061 -1.688693
3.997331 -0.146091
3.324613 -2.224173
3.783657 1.297668
3.970773 -0.482661
3.894776 -0.911440
3.462860 -2.002148
3.999626 -0.054694
3.733141 1.436544
3.433492 -2.052104
3.013288 -2.630608
3.708716 1.498473
3.723472 1.461423
2.872719 2.783430
2.670327 2.978146
3.367408 2.158833
3.999568 0.058772
3.226575 2.364152
3.473814 1.983083
3.718652 -1.473645
3.907253 -0.856372
3.989974 -0.283026
3.960877 0.558082
3.726593 -1.453445
3.999664 0.051876
3.214501 -2.380542
2.010079 -3.458263
3.929147 -0.749538
3.999074 -0.086053
3.488908 -1.956405
3.437638 -2.045151
3.932767 -0.730304
-0.218869 -3.994008
0.738491 -3.931238
3.400465 -2.106380
1.780799 -3.581725
3.999834 0.036420
3.467728 -1.993706
3.390917 -2.121717
3.918453 0.803570
3.513354 1.912157
3.683022 -1.560559
3.316569 -2.236151
3.936801 -0.708235
3.251478 -2.329783
3.999962 -0.017348
3.926677 0.762369
2.220823 -3.326852
3.999974 -0.014538
3.508274 -1.921461
3.973220 -0.462086
3.999144 -0.082748
3.976232 0.435411
0.586727 -3.956735
3.307113 -2.250112
3.576900 -1.790470
3.997654 -0.136983
2.846433 -2.810305
2.827122 -2.829731
3.951735 0.619506
2.912769 -2.741491
3.980232 0.397177
3.295102 -2.267665
2.884474 -2.771247
3.363367 -2.165124
3.983543 -0.362476
3.999311 0.074237
3.182035 -2.423769
3.589442 -1.765192
2.268502 -3.294526
3.981788 -0.381262
2.625933 -3.017362
3.433777 -2.051628
3.921334 0.789392
3.659991 1.613835
3.969388 -0.493924
3.227093 -2.363444
3.984327 -0.353748
-1.475864 -3.717772
3.289927 -2.275166
3.912625 0.831482
1.048390 -3.860166
3.991724 0.257182
3.409069 -2.092426
3.349557 -2.186427
3.989514 0.289449
3.648374 -1.639929
2.958402 -2.692185
3.910596 -0.840977
3.715382 -1.481869
1.362728 -3.760714
2.786906 -2.869348
3.610996 1.720671
3.553735 -1.836019
3.972186 0.470888
3.088708 -2.541629
3.916448 -0.813285
3.381182 -2.137197
3.933927 -0.724027
1.402116 -3.746208
3.903794 -0.872006
3.397762 -2.110738
2.966639 -2.683105
2.552542 -3.079696
0.958649 -3.883425
3.999936 0.022696
-0.151930 -3.997114
3.141605 -2.475948
1.349207 -3.765586
3.675836 -1.577411
3.936948 -0.707416
3.985695 0.337986
3.313624 -2.240512
2.517298 -3.108571
3.941011 -0.684424
3.364099 -2.163986
3.997220 -0.149115
1.455391 -3.725834
1.491859 -3.711382
2.348763 -3.237795
3.847783 -1.092961
3.882114 -0.963946
3.996419 -0.169228
3.919912 -0.796426
3.919655 -0.797687
3.915886 -0.815988
3.602806 -1.737755
3.531522 1.878391
2.578845 -3.057705
3.908247 0.851825
3.969109 0.496158
3.997343 -0.145765
3.932154 0.733597
-0.814523 -3.916191
2.682260 -2.967403
-0.557641 -3.960939
2.038050 -3.441853
3.989257 -0.292971
2.719500 -2.933312
3.931772 -0.735640
3.172179 -2.436654
2.886187 -2.769463
3.759489 -1.366105
3.998667 -0.103242
3.935602 0.714869
3.333671 -2.210573
3.382577 -2.134988
2.345317 -3.240292
3.175812 -2.431917
3.927563 0.757790
3.884115 0.955851
3.990537 0.274978
3.993913 0.220586
3.461810 -2.003965
1.668613 -3.635345
2.469318 -3.146819
2.721339 -2.931606
3.998565 -0.107122
3.840433 1.118515
3.415727 -2.081541
3.881753 -0.965399
3.771365 -1.332969
3.030785 -2.610429
3.440273 2.040716
3.163487 -2.447927
3.487984 -1.958053
1.480583 -3.715895
3.889770 -0.932573
3.895522 -0.908245
2.585401 -3.052163
3.668764 -1.593791
2.654918 -2.991891
0.913224 -3.894358
1.212227 -3.811890
3.371557 -2.152348
3.353240 -2.180775
2.769320 -2.886324
2.800497 -2.856084
3.058602 -2.577781
2.697525 -2.953534
2.621394 -3.021307
2.534929 -3.094210
0.022668 -3.999936
3.973082 0.463268
1.446496 -3.729296
1.094961 -3.847214
3.484694 -1.963901
2.876917 -2.779091
3.995267 0.194532
3.610969 -1.720727
3.859831 1.049621
3.991979 0.253183
3.103322 -2.523765
3.935015 -0.718093
2.715818 -2.936722
3.964894 0.528786
2.554500 -3.078072
3.999876 0.031507
3.954166 0.603795
3.999490 -0.063871
3.999983 -0.011553
3.104974 -2.521732
3.763959 -1.353740
3.944529 -0.663843
3.600471 -1.742587
2.352792 -3.234868
3.997190 -0.149918
3.967748 -0.506930
3.837332 1.129107
3.961187 -0.555873
2.558764 -3.074529
3.867594 1.020646
0.720822 -3.934516
3.131625 -2.488559
3.849326 1.087515
0.562984 -3.960183
0.461085 -3.973336
2.481841 -3.136952
3.580116 -1.784032
3.914780 0.821279
3.999982 -0.011947
3.773894 -1.325791
