2.178298 3.354850
1.205468 3.814033
0.486754 3.970273
3.778382 1.312947
1.407937 3.744024
3.267252 2.307611
3.884176 -0.955605
1.608763 3.662223
0.660906 3.945023
2.847254 2.809474
1.840136 3.551605
0.377322 3.982164
1.066378 3.855235
2.712438 2.939843
3.333080 2.211465
1.050139 3.859690
2.373016 3.220061
0.754654 3.928167
2.002558 3.462623
-2.466459 3.149060
3.044334 2.594616
1.673715 3.632999
3.882971 0.960487
2.100944 3.403826
1.661381 3.638655
1.132299 3.836391
1.189502 3.819042
2.288003 3.281012
2.511394 3.113342
1.002156 3.872426
2.541711 3.088642
0.967371 3.881262
0.945768 3.886583
3.031839 2.609205
-1.608222 3.662461
2.525633 3.101802
1.741357 3.601066
1.629538 3.653027
-0.731878 3.932474
2.156632 3.368819
2.733062 2.920680
-0.253643 3.991950
1.157031 3.829005
-3.176604 2.430882
1.195629 3.817129
-1.472713 3.719021
2.742012 2.912279
3.139206 2.478989
2.332140 3.249788
3.274989 2.296617
1.049278 3.859924
1.569831 3.679080
-0.317118 3.987410
-0.207034 3.994639
1.074899 3.852868
-0.825009 3.913995
1.250757 3.799422
-2.265988 3.296255
3.047614 2.590762
0.011230 3.999984
2.013028 3.456547
2.342328 3.242453
-1.967306 3.482773
1.383252 3.753214
2.414628 3.188977
2.914562 2.739585
3.535421 1.871042
0.668803 3.943691
2.875011 2.781063
0.846604 3.909381
2.145456 3.375947
-3.161417 2.450601
0.677957 3.942128
2.202242 3.339181
0.216578 3.994132
2.119394 3.392369
1.682673 3.628858
1.394498 3.749050
-1.403524 3.745680
1.301326 3.782400
1.711618 3.615296
2.517281 3.108584
2.379452 3.215308
1.499856 3.708158
1.392165 3.749917
1.206601 3.813675
1.939392 3.498394
1.833268 3.555155
1.830852 3.556400
1.778192 3.583020
1.692498 3.624286
2.792351 2.864049
3.786272 1.290016
-1.759943 3.592019
3.732782 1.437478
1.128384 3.837545
2.555956 3.076864
2.300770 3.272072
-0.692717 3.939561
-0.622249 3.951304
-3.665424 1.601458
-1.342899 3.767840
1.798265 3.572988
1.351292 3.764839
2.925313 2.728102
0.567169 3.959586
2.783698 2.872460
2.968336 2.681227
2.733980 2.919821
3.255208 2.324569
-0.123777 3.998084
2.468188 3.147705
2.850262 2.806423
0.602436 3.954374
3.269798 2.304001
-0.953911 3.884592
3.377050 2.143720
3.100017 2.527824
2.099050 3.404995
0.107847 3.998546
-1.766134 3.588979
2.130758 3.385243
-0.088643 3.999018
3.132183 2.487857
2.612469 3.029027
3.549467 1.844256
2.240431 3.313679
3.518513 1.902648
-0.507335 3.967696
1.169942 3.825080
3.219817 2.373348
-0.522685 3.965703
3.018993 2.624058
1.872433 3.534685
2.902969 2.751866
-2.679520 2.969877
0.769832 3.925221
2.858626 2.797902
0.478749 3.971247
0.953838 3.884610
-3.258090 2.320527
0.572040 3.958885
0.653832 3.946201
1.042518 3.861756
2.347459 3.238740
-3.199881 2.400159
2.652767 2.993798
1.698796 3.621338
1.664599 3.637184
2.728903 2.924566
2.622227 3.020584
1.401009 3.746622
2.992886 2.653796
-0.298112 3.988876
3.256446 2.322835
3.089805 2.540297
2.878470 2.777483
2.566537 3.068043
2.172277 3.358752
-1.412253 3.742398
-0.517561 3.966375
0.327735 3.986551
1.768621 3.587754
0.380635 3.981848
0.386431 3.981290
-0.440574 3.975663
1.408581 3.743782
2.634292 3.010067
1.097969 3.846357
3.151113 2.463836
3.001490 2.644061
1.228336 3.806730
-0.151222 3.997140
1.649063 3.644255
0.259998 3.991541
0.398709 3.980079
1.341200 3.768446
0.984274 3.877010
0.891662 3.899351
1.815251 3.564388
0.055654 3.999613
1.436965 3.732979
2.396347 3.202736
2.299855 3.272716
2.650682 2.995644
2.938064 2.714366
3.216759 2.377490
-0.911463 3.894770
2.921946 2.731709
2.086313 3.412814
2.177977 3.355059
1.939192 3.498505
3.330381 2.215527
2.329825 3.251448
1.578068 3.675555
3.369253 2.155953
2.800938 2.855651
2.871637 2.784546
-2.418056 3.186378
3.622800 1.695676
-3.693242 -1.536218
-3.741603 -1.414357
-3.953321 -0.609305
-3.999958 -0.018421
-3.002818 -2.642553
-3.913457 -0.827557
-3.944917 -0.661535
-3.053877 -2.583377
-3.511317 -1.915894
-3.929724 0.746503
-3.917410 -0.808639
-2.355395 -3.232973
-3.986609 0.327030
-3.745611 1.403708
-3.946044 -0.654778
-3.985281 -0.342837
-3.942698 0.674636
-3.558464 -1.826838
-3.991723 0.257197
-3.862415 1.040071
-3.995152 -0.196870
-3.606646 -1.729769
-3.408341 -2.093612
-3.616335 -1.709421
-3.045759 -2.592943
-2.702586 -2.948903
-1.941640 -3.497146
-3.780246 -1.307571
-3.903835 0.871822
-3.545120 -1.852600
-3.883720 -0.957453
-3.974686 0.449297
-3.794764 -1.264818
-2.285145 -3.283004
-3.967426 0.509442
-3.983000 -0.368388
-3.895892 -0.906658
-3.861348 -1.044026
-3.691642 -1.540059
-3.964233 -0.533718
-2.764861 -2.890596
-2.978256 -2.670204
-3.486034 -1.961521
-3.811925 -1.212116
-3.777482 -1.315535
-2.937288 -2.715205
-3.949911 -0.631035
-3.739594 -1.419662
-3.656104 1.622623
-3.696494 -1.528375
-3.948087 -0.642349
-3.998257 0.118061
-3.967308 -0.510363
-3.663003 -1.606989
-3.534437 1.872900
-2.979159 -2.669197
-3.726530 -1.453608
-3.802146 1.242450
-3.636678 1.665706
-3.988946 -0.297174
-3.998936 -0.092254
-2.781784 -2.874313
-3.918202 -0.804792
-3.145404 -2.471120
-3.833287 1.142763
-3.943820 -0.668047
-3.711862 -1.490665
-3.982390 -0.374930
-3.997579 0.139156
-3.897668 -0.898991
-3.963895 0.536223
-3.975576 0.441358
-3.873933 -0.996315
-3.996716 -0.162045
-3.605717 -1.731706
-3.979575 0.403716
-3.408626 -2.093149
-3.188705 -2.414986
-3.981861 -0.380501
-3.693738 -1.535024
-2.613881 -3.027809
-3.953763 -0.606428
-3.982430 0.374496
-2.688058 -2.962152
-3.799320 -1.251066
-3.999769 0.043029
-2.685779 -2.964218
-3.985136 0.344521
-3.965680 -0.522862
-3.157533 2.455603
-3.796814 -1.258651
-3.294536 -2.268487
-3.945447 0.658368
-3.911773 0.835482
-3.322783 -2.226906
-3.816174 -1.198672
-3.770887 -1.334321
-3.002132 -2.643332
-3.969932 0.489531
-3.875879 -0.988716
-3.873659 -0.997380
-3.422514 -2.070362
-3.749454 -1.393411
-3.677011 -1.574672
-3.351889 -2.182852
-1.185185 -3.820384
-3.867977 -1.019191
-3.490672 -1.953256
-3.334292 -2.209637
-3.972776 -0.465890
-2.589933 -3.048318
-3.954971 -0.598505
-3.999619 0.055223
-3.990065 -0.281745
-3.816925 -1.196278
-3.751414 -1.388125
-3.861321 -1.044127
-3.815706 -1.200162
-3.986813 -0.324532
-2.769017 -2.886615
-3.656912 -1.620802
-3.998535 -0.108244
-3.746715 1.400760
-2.289140 -3.280219
-3.999172 -0.081359
-3.982268 0.376217
-3.038597 -2.601332
-3.992504 -0.244768
-3.991440 -0.261548
-3.922572 -0.783219
-3.924637 -0.772805
-1.178106 -3.822573
-3.597299 -1.749125
-3.905695 -0.863449
-3.927063 -0.760377
-3.975251 -0.444274
-3.869058 -1.015081
-3.955323 -0.596171
-3.186232 -2.418248
-3.334204 -2.209771
-3.973791 0.457152
-2.802848 -2.853777
-3.979649 0.402984
-3.895088 -0.910105
-3.879915 -0.972759
-3.294921 -2.267928
-3.847021 -1.095642
-3.827316 1.162607
-3.952504 -0.614582
-3.715295 -1.482087
-3.999855 0.034073
-1.892253 -3.524114
-3.194738 -2.407001
-3.987141 0.320475
-3.324632 -2.224145
-3.998544 0.107926
-3.700919 -1.517629
-3.992489 -0.245012
-3.874920 -0.992471
-2.724406 -2.928756
-3.980436 -0.395136
-3.963696 -0.537696
-3.910067 0.843431
-3.397260 -2.111545
-2.817855 -2.838960
-2.751346 -2.903463
-1.539941 -3.691691
-3.933480 0.726456
-3.990959 -0.268789
-3.657588 -1.619275
-3.801641 1.243995
-3.464662 -1.999029
-3.857943 1.056539
-3.734697 -1.432494
-3.918003 -0.805763
-2.882433 -2.773370
-3.851789 -1.078761
-3.803669 -1.237781
-3.963938 -0.535905
-3.485442 -1.962573
-3.720190 -1.469757
-3.949252 -0.635144
-3.855771 -1.064440
-3.996571 -0.165596
-3.995741 -0.184529
-3.779987 -1.308320
-0.353710 -3.984330
-3.958213 -0.576672
-3.975202 0.444710
-3.944326 -0.665054
-3.599106 -1.745405
-3.998033 0.125424
-3.897687 -0.898907
-3.990789 -0.271301
-3.999608 0.055986
-3.611586 -1.719431
-3.999502 -0.063136
-3.736507 -1.427765
-3.547873 -1.847322
-2.001953 -3.462973
3.729538 -1.445871
3.959610 -0.567002
3.612748 1.716990
3.979136 0.408018
3.772548 1.329618
2.334702 -3.247948
3.317650 -2.234546
3.870791 -1.008451
3.906272 0.860838
3.800866 -1.246362
3.601437 -1.740589
3.776168 -1.319300
3.802992 1.239859
3.029124 2.612357
3.550726 -1.841833
3.421631 -2.071820
3.366699 2.159939
2.924586 -2.728882
3.010226 2.634110
3.989489 -0.289787
3.547581 -1.847882
2.817375 2.839437
3.397049 -2.111884
3.995162 -0.196676
3.856657 1.061223
3.530646 1.880037
3.992878 -0.238585
3.778305 -1.313169
3.851528 -1.079692
3.317408 2.234906
2.157651 -3.368166
3.996541 0.166324
3.933541 0.726126
3.968655 0.499781
3.868177 1.018435
3.492875 1.949314
3.981237 0.386975
2.202413 -3.339068
3.690902 -1.541831
3.392544 2.119114
3.420764 2.073251
3.977115 -0.427270
3.738469 -1.422621
3.887665 -0.941308
3.718795 -1.473283
3.353222 -2.180804
2.542785 -3.087757
3.923305 -0.779536
3.894192 0.913929
3.158799 2.453975
3.947283 -0.647269
3.998303 0.116507
3.783251 1.298851
3.117200 2.506604
1.101359 -3.845388
3.654600 1.626008
3.624307 -1.692453
3.811748 -1.212673
3.987890 0.311022
3.483395 1.966205
3.802031 -1.242805
3.591310 -1.761389
3.970303 0.486509
2.539034 3.090842
3.809897 1.218475
3.548899 -1.845349
3.185858 -2.418741
3.579102 -1.786065
3.966209 0.518832
3.701412 -1.516426
3.683596 1.559205
3.638619 -1.661460
2.311465 -3.264526
2.628601 3.015038
3.748749 1.395306
2.966390 -2.683381
3.787133 -1.287486
3.847060 1.095504
2.908742 2.745764
3.859384 1.051262
2.506767 -3.117069
3.608465 1.725972
3.511357 -1.915822
3.335983 2.207084
3.993243 0.232409
3.873082 0.999616
3.971365 -0.477765
3.986454 0.328913
2.618184 -3.024089
3.963216 -0.541216
3.490410 1.953725
3.570593 -1.803015
3.875066 0.991899
3.993482 0.228254
3.009163 -2.635325
3.999562 -0.059195
2.902354 -2.752515
3.653078 -1.629423
3.933789 0.724781
3.952435 -0.615025
3.591812 1.760366
3.570831 -1.802545
3.518863 1.901999
3.671175 1.588229
3.819921 1.186678
2.326339 -3.253943
3.674402 -1.580751
3.707444 -1.501618
3.930469 -0.742575
3.728930 -1.447439
3.990822 0.270817
2.415941 -3.187982
3.814364 -1.204420
3.588000 -1.768123
3.639862 -1.658736
3.922157 0.785292
3.014092 -2.629687
3.822536 -1.178226
3.980043 0.399071
3.973437 -0.460213
3.311851 -2.243132
3.913860 0.825651
3.765528 -1.349370
3.941913 -0.679210
3.972883 0.464970
3.231094 2.357972
3.783772 1.297330
3.578648 -1.786975
3.454746 2.016118
1.930733 -3.503180
3.242071 -2.342856
3.970812 0.482338
1.632872 -3.651538
3.800527 -1.247396
3.995219 -0.195506
3.779207 -1.310570
3.693013 -1.536768
1.518857 -3.700415
2.994318 -2.652180
3.154489 -2.459512
3.826134 -1.166490
3.740177 -1.418125
3.572414 1.799406
3.628610 1.683208
3.625591 1.689701
3.161164 -2.450927
3.678704 -1.570711
3.742727 -1.411381
3.829258 1.156192
3.707260 -1.502073
3.772587 -1.329506
3.889332 -0.934398
3.670689 -1.589353
3.328841 -2.217841
3.799409 1.250795
3.256394 -2.322907
3.964297 0.533245
3.258991 2.319263
3.799382 -1.250877
3.780636 1.306442
3.608402 1.726103
3.823261 -1.175872
3.709380 -1.496829
3.952184 0.616640
3.635193 1.668943
3.149318 -2.466130
3.791174 -1.275539
3.676965 -1.574778
3.965020 0.527840
2.729732 -2.923792
3.997778 -0.133320
3.529436 -1.882307
3.540884 -1.860683
3.657035 -1.620524
3.638508 1.661703
3.889464 -0.933848
3.010200 2.634140
3.957888 0.578901
3.860766 -1.046178
3.999940 0.021962
3.566824 -1.810459
3.644848 1.647750
3.041666 -2.597743
3.679741 -1.568281
3.465961 -1.996776
3.852493 1.076243
3.828682 1.158099
3.455331 -2.015115
3.464650 -1.999050
3.764572 -1.352034
3.982308 0.375794
3.999977 -0.013689
3.747466 1.398749
3.850531 1.083241
3.506511 -1.924677
3.549881 1.843460
3.892420 0.921449
3.223435 -2.368431
3.670546 -1.589682
3.499202 -1.937934
3.994981 -0.200326
3.589473 -1.765131
2.452442 -3.159988
2.815984 -2.840816
3.599511 -1.744570
3.704493 -1.508885
3.904754 -0.867695
1.500314 -3.707972
1.801140 -3.571540
3.889083 0.935431
2.363315 -3.227188
3.788243 -1.284216
3.999459 0.065766
2.701176 -2.950194
3.962996 0.542828
3.521459 -1.897189
2.795916 -2.860569
3.994633 -0.207146
3.980890 -0.390527
3.988987 -0.296614
1.064794 -3.855673
3.999257 0.077097
2.427770 -3.178983
3.714365 1.484416
1.917524 -3.510427
2.496787 -3.125068
3.992563 -0.243805
3.759189 1.366931
3.982674 0.371900
3.992168 -0.250188
3.330989 -2.214613
3.574427 -1.795402
1.945988 -3.494729
0.843349 -3.910085
3.992098 -0.251306
1.856912 -3.542863
3.998235 0.118828
3.811092 -1.214734
3.760574 -1.363116
3.971921 0.473122
3.869672 -1.012738
3.864760 -1.031326
3.994543 0.208873
3.899195 -0.892343
3.481212 -1.970066
3.995621 0.187120
3.997135 -0.151358
0.642190 -3.948112
3.642422 -1.653108
3.254259 -2.325897
3.999999 0.002384
3.958372 -0.575579
3.936916 -0.707599
3.882938 0.960620
3.999800 0.039966
3.870843 -1.008254
2.413114 -3.190123
1.364384 -3.760114
3.961746 0.551878
2.822180 -2.834661
3.779543 1.309601
3.998907 0.093503
3.484144 1.964878
3.995735 0.184674
3.998678 -0.102815
3.915305 -0.818772
3.723849 1.460461
3.787449 1.286557
-0.063022 -3.999503
1.353195 -3.764155
3.878760 0.977353
1.053289 -3.858832
2.677725 -2.971496
3.994067 0.217778
3.999452 0.066197
0.564069 -3.960029
3.936185 -0.711651
1.923338 -3.507246
3.896486 -0.904102
3.958148 0.577120
2.149779 -3.373196
3.723177 1.462173
3.129055 -2.491789
3.973761 -0.457412
3.902339 0.878494
3.069754 -2.564490
3.473239 -1.984090
3.939903 -0.690770
3.944805 0.662205
3.142411 -2.474924
0.699640 -3.938338
3.994093 -0.217296
3.700968 -1.517511
3.789027 1.281902
3.935542 0.715200
1.308073 -3.780072
3.276557 -2.294378
0.534605 -3.964114
3.577129 1.790013
3.994055 -0.218008
3.922470 -0.783726
3.852174 -1.077383
3.726404 1.453931
3.986304 -0.330728
3.986160 -0.332458
3.930941 0.740070
1.101708 -3.845288
3.813671 -1.206611
3.853125 -1.073978
3.840670 -1.117700
3.984769 -0.348732
3.070275 -2.563867
3.981334 -0.385977
3.999959 -0.018047
1.086609 -3.849582
3.747762 -1.397957
0.909838 -3.895150
0.867589 -3.904778
3.991871 -0.254891
1.097299 -3.846549
3.517387 -1.904728
3.805022 -1.233615
3.979607 -0.403397
3.989115 0.294896
3.983322 -0.364890
3.972884 0.464968
1.333286 -3.771253
3.992389 0.246638
3.793213 -1.269461
3.988843 -0.298552
3.866682 1.024093
3.991182 -0.265458
3.614540 -1.713214
1.106142 -3.844015
0.846528 -3.909398
3.985050 -0.345508
3.997348 -0.145644
1.362749 -3.760707
3.900954 -0.884622
3.848847 -1.089210
2.785000 -2.871198
3.996979 0.155433
3.977523 0.423447
3.958292 -0.576130
3.428905 -2.059760
3.872146 1.003237
3.933956 0.723871
2.861553 -2.794909
3.970444 -0.485358
3.241711 -2.343354
1.361310 -3.761228
3.137338 -2.481352
3.999999 0.002435
0.616255 -3.952244
1.115523 -3.841303
0.981616 -3.877684
3.251627 -2.329575
2.367157 -3.224371
2.334153 -3.248343
2.951852 -2.699364
3.547897 -1.847276
3.505394 1.926711
3.304620 -2.253771
3.729869 -1.445018
3.999580 0.057965
2.489560 -3.130829
3.985071 -0.345267
3.986375 -0.329873
3.987740 -0.312935
3.898210 -0.896636
1.860566 -3.540946
3.295108 -2.267656
1.488768 -3.712623
3.797046 -1.257952
3.819111 -1.189282
3.404855 2.099277
3.802242 -1.242159
3.789929 -1.279232
3.876714 -0.985438
1.664500 -3.637229
3.999467 -0.065310
3.949027 0.636541
3.849226 1.087868
0.949860 -3.885584
3.999814 0.038621
3.895621 0.907821
3.999335 0.072954
3.995844 0.182291
1.592816 -3.669187
3.115455 2.508772
3.324238 -2.224734
2.457900 -3.155745
3.390844 2.121833
3.699614 -1.520807
3.559874 -1.824089
2.524421 -3.102789
3.979560 -0.403861
3.896538 0.903878
3.927834 0.756385
3.674303 -1.580979
