0.951802 3.885109
-1.950661 3.492123
3.058310 -2.578128
1.020956 3.867512
1.995591 3.466644
0.520905 3.965937
3.721110 -1.467426
0.464730 3.972912
0.561584 3.960382
-0.534925 3.964071
0.185186 3.995711
1.386385 3.752058
2.858192 -2.798346
-0.287570 3.989650
0.888789 3.900007
3.629403 1.681498
-1.726842 3.608049
-0.816319 3.915817
3.948294 -0.641076
3.538954 -1.864351
-0.451783 3.974405
3.436778 -2.046596
-0.718041 3.935024
3.780528 -1.306754
-0.059486 3.999558
3.998550 -0.107691
-3.261986 2.315048
1.334186 3.770935
3.645944 -1.645325
3.666877 -1.598127
0.660403 3.945107
-2.012939 3.456599
-0.035352 3.999844
-0.575434 3.958393
3.876983 -0.984378
-0.465640 3.972805
-1.478019 3.716915
1.225754 3.807562
-0.320465 3.987142
-0.450748 3.974522
-2.324129 3.255522
-1.931993 3.502485
-1.717174 3.612660
3.846872 -1.096163
-0.934284 3.889359
-0.854386 3.907688
1.414593 3.741514
-0.789123 3.921388
-1.801743 3.571236
-2.578201 3.058248
-3.178854 2.427939
1.721637 3.610536
-0.917888 3.893261
-0.933181 3.889624
-1.695233 3.623008
3.822701 -1.177692
-1.459979 3.724038
-2.391055 3.206690
0.356823 3.984053
3.260905 -2.316570
-1.018602 3.868133
3.719872 -1.470562
3.754130 -1.380764
0.082524 3.999149
0.093566 3.998906
-1.740322 3.601566
-1.220951 3.809105
-1.327241 3.773384
3.723131 -1.462291
0.411025 3.978826
1.076628 3.852385
3.906874 -0.858100
-1.592166 3.669470
0.799558 3.919274
3.440568 -2.040218
0.710054 3.936473
1.405085 3.745095
3.989276 -0.292710
-0.931139 3.890113
0.327982 3.986531
-0.296520 3.988994
3.161286 -2.450769
2.296615 3.274990
-0.721993 3.934301
-0.581763 3.957468
-1.006555 3.871285
3.941958 0.678947
-1.094953 3.847217
-1.795545 3.574356
-0.911781 3.894696
-1.038932 3.862722
-2.080632 3.416280
0.364533 3.983355
3.749241 -1.393985
-1.838241 3.552587
-0.805087 3.918142
-1.144638 3.832728
-0.761026 3.926938
-2.741907 2.912378
0.708646 3.936727
-0.466724 3.972678
1.189086 3.819172
1.757859 3.593039
-1.995265 3.466831
-0.128035 3.997950
-0.193525 3.995316
-0.548109 3.962269
0.667013 3.943995
0.958059 3.883571
0.300697 3.988682
1.624762 3.655153
-1.012061 3.869849
-2.346013 3.239787
-0.081736 3.999165
0.909531 3.895222
0.778429 3.923525
3.650251 -1.635747
2.307005 3.267679
0.775298 3.924145
2.254777 3.303934
2.302853 3.270606
-0.454945 3.974044
0.463416 3.973065
-0.461645 3.973271
-0.826458 3.913690
-1.318478 3.776455
-1.277831 3.790402
-1.763692 3.590180
-0.019246 3.999954
0.165726 3.996565
-0.466267 3.972731
-0.171368 3.996327
0.418623 3.978034
1.080035 3.851432
-1.490740 3.711832
-0.804849 3.918191
-0.977848 3.878636
2.955143 -2.695762
0.492943 3.969510
-0.627934 3.950405
3.575119 -1.794025
-0.777791 3.923652
3.441546 -2.038568
1.214510 3.811163
-0.602936 3.954297
3.713187 -1.487361
3.241595 -2.343515
0.859658 3.906532
-0.143327 3.997431
2.304012 3.269791
-1.838146 3.552635
-1.868702 3.536658
1.900233 3.519818
-3.118885 2.504507
-1.084464 3.850187
1.177593 3.822731
0.454441 3.974102
-2.922298 2.731331
0.445899 3.975069
-1.285235 3.787898
0.313780 3.987674
3.841061 -1.116357
-1.768821 3.587656
0.038342 3.999816
-0.665932 3.944177
-1.842602 3.550326
3.999667 -0.051605
-0.966218 3.881549
-0.532413 3.964409
0.916442 3.893602
-0.336656 3.985808
-3.353956 2.179674
0.935119 3.889158
-1.430196 3.735578
1.148541 3.831560
-0.214108 3.994266
3.869212 -1.014494
-0.257816 3.991683
0.453835 3.974171
-1.388487 3.751280
1.615915 3.659074
-1.748602 3.597553
-1.346448 3.766574
0.519340 3.966142
-1.184250 3.820674
0.060578 3.999541
0.707113 3.937003
-0.313647 3.987684
3.920663 -0.792716
-3.083145 2.548376
-0.053587 3.999641
0.814560 3.916183
-2.276614 3.288925
2.129935 3.385761
-0.750973 3.928873
-0.453627 3.974195
3.410914 -2.089417
-1.834684 3.554424
3.739033 -1.421138
3.857066 -1.059738
-2.490030 3.130455
-3.859871 1.049475
-2.767063 2.888488
-3.630009 1.680189
-3.716599 1.478814
0.520231 3.966026
-2.631788 3.012257
1.124957 3.838551
2.400595 3.199554
1.495913 3.709750
-2.854716 2.801892
-2.763319 2.892070
-2.724849 2.928344
-1.619220 3.657612
-0.771996 3.924796
-3.057802 2.578730
-2.026975 3.448387
-3.520368 1.899213
-0.732914 3.932281
-1.991157 3.469192
1.066841 3.855107
0.028144 3.999901
-3.806555 1.228878
-1.189719 3.818975
0.556130 3.961151
0.343388 3.985233
-0.230421 3.993358
-2.659162 2.988119
-3.596699 1.750358
-0.436830 3.976076
-2.399842 3.200118
-3.687665 1.549557
-0.070345 3.999381
-2.179336 3.354175
-2.715693 2.936837
-3.117981 2.505633
2.020389 3.452250
-1.001066 3.872708
-0.779696 3.923273
-2.487610 3.132379
-0.199372 3.995028
-3.271456 2.301646
-0.670519 3.943400
-2.402293 3.198279
-3.227669 2.362658
0.328993 3.986447
-3.236882 2.350020
-1.248291 3.800233
0.623000 3.951186
1.866323 3.537914
0.343488 3.985225
-0.196560 3.995168
-3.146933 2.469172
-0.046711 3.999727
-1.367086 3.759132
0.249445 3.992215
-3.630564 1.678990
1.575530 3.676643
-1.407406 3.744223
-2.391906 3.206054
-2.292180 3.278095
2.421589 3.183694
-3.509029 1.920083
-3.323809 2.225375
-0.760236 3.927091
-1.834709 3.554412
0.774624 3.924278
0.482747 3.970763
-1.132280 3.836397
-3.248705 2.333649
-3.931003 0.739739
-0.044451 3.999753
-2.393479 3.204880
-3.761482 1.360608
1.631087 3.652335
0.147101 3.997294
-0.814527 3.916190
-3.521960 1.896258
0.436623 3.976099
-0.072270 3.999347
-3.384636 2.131722
-1.573507 3.677509
-3.985406 0.341383
-3.216346 2.378049
2.459347 3.154618
-0.423905 3.977475
2.412574 3.190531
-3.756005 1.375655
-1.317907 3.776655
0.531356 3.964550
2.368847 3.223130
-2.912172 2.742126
-0.406743 3.979266
0.402675 3.979680
-3.013537 2.630322
-3.031882 2.609155
-2.880709 2.775160
-3.303032 2.256099
-2.789596 2.866733
-3.289800 2.275349
3.143224 2.473892
-2.996513 2.649700
-1.645061 3.646063
-3.332201 2.212789
-2.204713 3.337550
-3.826764 1.164423
-1.872950 3.534410
1.312684 3.778473
-2.170401 3.359964
1.024413 3.866598
-3.389551 2.123898
0.799257 3.919335
-3.311245 2.244027
1.602685 3.664887
-0.857887 3.906921
-3.701600 1.515968
-3.381673 2.136420
-3.825483 1.168622
1.173330 3.824042
1.252553 3.798830
-2.942980 2.709034
-3.039928 2.599776
-1.979702 3.475742
0.457556 3.973744
1.547849 3.688382
0.767968 3.925586
2.956957 2.693772
-3.481837 1.968962
0.096670 3.998832
0.137098 3.997650
-2.929196 2.723933
-0.945239 3.886711
-0.740043 3.930946
-2.359781 3.229773
0.388018 3.981136
-0.856692 3.907183
0.051164 3.999673
0.480681 3.971013
-0.386662 3.981268
-0.726515 3.933469
0.252137 3.992045
-0.840731 3.910648
0.648688 3.947050
0.880342 3.901922
0.683342 3.941198
-1.140557 3.833944
-2.276751 3.288831
-0.840460 3.910707
-3.186928 2.417331
-3.205259 2.392971
-3.380677 2.137995
-0.635379 3.949214
-0.334512 3.985988
-2.947305 2.704329
-0.461734 3.973261
-3.131846 2.488280
-2.019870 3.452553
1.858462 3.542050
0.529160 3.964844
-3.271007 2.302284
-2.737609 2.916419
-3.433611 2.051905
-3.756745 1.373632
-2.705800 2.945955
-1.783141 3.580560
0.237534 3.992941
0.037285 3.999826
0.261961 3.991413
-0.324874 3.986785
-1.517425 3.701003
-3.895739 0.907314
-0.677302 3.942241
-3.091776 2.537897
-0.633711 3.949482
0.480442 3.971042
-0.673680 3.942861
-2.982373 2.665606
1.228512 3.806673
-2.721721 2.931252
-3.188256 2.415580
-1.305229 3.781055
-1.683624 3.628417
-3.286949 2.279466
-3.231819 2.356978
-0.092586 3.998928
0.963203 3.882298
0.604270 3.954094
1.399076 3.747344
-1.535848 3.693395
-2.431806 3.175897
-3.315642 2.237525
-2.144240 3.376719
-1.583994 3.673005
-3.857221 1.059172
-3.178699 2.428142
-2.803252 2.853380
0.259756 3.991557
-0.484063 3.970602
-3.023705 2.618627
0.824551 3.914092
3.876916 -0.984644
3.904561 0.868565
3.838548 -1.124967
3.481926 -1.968804
3.999999 0.002834
3.737781 1.424428
3.861535 -1.043334
3.981089 0.388501
3.695785 1.530090
3.825189 1.169585
3.414562 -2.083451
3.899672 -0.890257
3.753100 -1.383561
3.524098 -1.892283
-1.179931 -3.822010
3.495923 -1.943842
3.906907 0.857950
3.939232 0.694589
3.807525 1.225868
3.906237 0.860993
3.999821 0.037867
3.699178 1.521869
3.943406 0.670486
3.999498 0.063353
3.972707 0.466472
2.811857 -2.844901
3.549149 -1.844870
3.781559 -1.303767
2.959590 -2.690879
2.846366 2.810373
3.883738 0.957381
3.968996 0.497059
3.986124 -0.332887
3.999995 -0.006448
3.942580 -0.675324
3.720360 1.469326
3.371987 -2.151674
3.897769 0.898552
3.799164 -1.251541
3.680401 -1.566731
3.889898 0.932038
3.658053 -1.618224
2.162944 -3.364770
3.880803 0.969210
3.319056 2.232458
3.607356 -1.728288
3.844081 -1.105913
3.994173 0.215826
3.898505 0.895354
3.634868 -1.669650
3.942205 -0.677509
3.878684 0.977654
3.683917 -1.558447
3.930499 0.742416
3.979565 0.403808
3.977855 -0.420319
3.973444 -0.460155
-0.841984 -3.910379
3.627670 -1.685234
3.994099 -0.217199
3.258697 -2.319676
-1.019947 -3.867778
3.940616 0.686694
3.998999 0.089487
3.879212 0.975557
3.930177 0.744118
3.887444 -0.942220
3.999081 0.085746
3.923646 -0.777817
3.688408 -1.547788
3.966073 -0.519871
2.150938 3.372457
3.990622 -0.273741
3.969099 -0.496236
3.999502 0.063088
3.663354 1.606187
3.922887 0.781637
3.971981 -0.472613
3.975491 -0.442121
3.909324 0.846870
3.860273 -1.047995
3.938574 -0.698309
3.949520 0.633473
3.977485 -0.423808
3.997711 0.135291
3.955624 -0.594173
3.999695 0.049407
3.800816 -1.246514
3.974110 -0.454370
3.943716 -0.668661
3.995550 -0.188627
3.911224 0.838048
3.985265 -0.343019
3.917976 0.805891
3.967823 -0.506340
3.984434 0.352544
3.803740 -1.237563
3.915107 0.819719
3.954204 -0.603550
3.727362 -1.451472
3.999539 -0.060752
3.593863 -1.756175
3.278258 -2.291948
2.859561 -2.796947
3.124085 -2.498018
3.701134 -1.517104
2.531001 -3.097424
3.998608 -0.105512
3.613378 1.715662
3.489818 1.954782
3.594242 -1.755399
3.995019 -0.199567
3.694744 1.532602
3.151566 -2.463256
3.838992 -1.123452
3.909734 -0.844973
3.977254 0.425967
3.413412 2.085334
3.661989 -1.609297
3.759664 -1.365623
3.001640 -2.643890
3.830124 -1.153322
3.952391 0.615308
3.977380 -0.424795
2.646949 2.998943
3.990994 -0.268272
3.990669 0.273055
2.789226 2.867092
3.363583 2.164788
3.999510 0.062590
2.901066 -2.753873
3.577494 1.789284
3.856986 -1.060027
3.984818 -0.348178
3.960914 0.557814
3.999255 -0.077186
3.973228 -0.462013
3.969880 0.489954
3.013176 -2.630736
3.953586 -0.607581
3.706471 -1.504018
3.981654 0.382662
3.887314 0.942755
3.714105 1.485066
-0.614676 -3.952490
3.759475 -1.366144
3.809115 1.220918
3.871685 -1.005017
3.896410 -0.904426
3.961439 0.554075
3.999524 0.061716
3.959280 -0.569300
3.876422 -0.986585
3.712206 -1.489809
3.818025 -1.192762
2.957286 -2.693411
3.182963 2.422550
3.589791 -1.764482
3.961520 -0.553497
3.993252 0.232245
3.936864 -0.707887
3.843408 -1.108249
3.969945 -0.489424
3.851411 -1.080108
3.768970 -1.339727
-0.580536 -3.957648
3.613578 -1.715241
3.924933 0.771299
3.982790 -0.370653
3.875484 -0.990263
2.754601 -2.900375
3.998490 -0.109892
3.997237 -0.148635
3.172904 -2.435709
3.128451 2.492548
3.715942 -1.480465
3.983661 -0.361170
3.351509 -2.183435
3.954594 0.600985
3.667777 1.596061
3.991172 0.265612
3.908135 0.852337
3.630819 -1.678438
3.819488 1.188070
3.526988 -1.886891
3.999957 -0.018617
2.762446 -2.892904
3.732712 -1.437658
3.995837 0.182447
3.870859 1.008193
3.983535 -0.362562
3.412494 -2.086835
3.852963 1.074559
3.995489 0.189914
3.951287 0.622356
3.999407 0.068850
3.807434 1.226151
3.982558 0.373133
2.905099 -2.749619
3.977657 -0.422186
1.072513 -3.853533
3.398285 2.109895
2.032891 3.444903
3.979154 -0.407839
1.145567 -3.832450
2.807013 -2.849680
3.579191 1.785887
-0.001960 -4.000000
1.457383 -3.725055
3.245478 2.338135
3.877750 0.981352
3.660505 1.612670
3.949647 -0.632681
0.309406 -3.988016
2.951887 2.699327
3.935674 0.714469
2.643391 -3.002080
1.789930 -3.577171
3.699907 1.520095
3.398676 2.109265
-0.074098 -3.999314
2.425425 -3.180772
1.408523 -3.743803
1.208412 -3.813101
3.432799 2.053263
3.815419 -1.201073
3.737675 1.424706
3.967422 -0.509474
3.844203 1.105488
3.086899 2.543826
3.999956 0.018673
2.018580 -3.453308
-0.110113 -3.998484
1.373827 -3.756674
3.631493 -1.676979
3.880963 0.968569
3.986102 -0.333147
3.801040 1.245830
3.269781 2.304025
0.746840 -3.929660
3.581107 -1.782041
3.894653 0.911963
3.781941 -1.302659
3.719250 1.472135
2.494246 3.127097
3.874276 -0.994982
3.924860 -0.771668
0.882937 -3.901336
2.555172 3.077514
3.977086 0.427537
3.647200 -1.642539
3.624365 1.692328
1.116652 -3.840975
3.739928 -1.418780
3.467879 -1.993443
0.934778 -3.889240
1.014306 -3.869261
0.017903 -3.999960
3.687645 -1.549603
3.857302 1.058877
2.877860 -2.778115
3.831402 1.149068
2.267667 -3.295100
3.699723 1.520542
3.986646 -0.326578
2.345605 -3.240083
1.182281 3.821284
3.692688 1.537549
1.566741 -3.680397
3.867816 1.019804
3.986647 -0.326564
0.030771 -3.999882
-0.179402 -3.995975
3.579867 1.784531
3.131633 -2.488549
3.952460 0.614867
3.588691 1.766720
0.189289 -3.995519
0.744697 -3.930067
3.566149 -1.811789
1.301283 -3.782415
3.991089 0.266845
1.356502 -3.762965
3.718810 1.473245
3.767777 1.343078
0.859881 -3.906482
3.758055 1.370045
2.160811 -3.366139
2.869684 -2.786560
3.530874 -1.879608
1.255639 -3.797811
3.165993 -2.444686
3.650719 1.634701
3.917559 -0.807916
3.858956 -1.052833
0.057116 -3.999592
1.644795 -3.646183
0.014799 -3.999973
3.765160 -1.350397
2.993098 -2.653557
3.751158 -1.388818
3.344485 -2.194179
3.698288 -1.524030
0.988972 -3.875814
3.511358 1.915820
2.917221 -2.736754
1.279830 -3.789728
3.917647 -0.807493
3.161179 2.450907
2.918453 -2.735440
0.017555 -3.999961
3.706655 1.503566
3.731750 -1.440154
0.021855 -3.999940
0.091287 -3.998958
3.075364 -2.557760
3.996847 0.158783
-0.061930 -3.999521
3.728820 1.447722
0.151753 -3.997120
3.929740 0.746419
1.095101 -3.847175
3.234174 2.353745
0.788149 -3.921584
3.638285 1.662192
2.879250 -2.776674
0.271969 -3.990743
3.934826 -0.719130
2.595077 -3.043941
3.816044 1.199087
2.958307 2.692289
3.999368 -0.071090
1.160360 3.827998
3.779132 1.310787
-0.341713 -3.985377
3.353476 2.180412
1.926975 -3.505249
3.644711 1.648053
3.513506 1.911877
3.569970 1.804248
3.537109 -1.867850
3.025733 2.616284
3.558640 1.826494
3.931314 0.738085
0.043669 -3.999762
3.238864 -2.347288
3.997230 0.148825
3.955578 -0.594474
3.990295 0.278473
1.264741 -3.794790
-0.040602 -3.999794
-0.281814 -3.990060
3.231869 -2.356910
0.039684 -3.999803
-0.636320 -3.949063
0.475786 -3.971603
3.725308 1.456736
3.774404 1.324340
3.849165 1.088086
1.339188 -3.769161
3.616719 1.708608
0.517719 -3.966354
-0.022263 -3.999938
3.605614 1.731919
3.611838 1.718902
1.279924 -3.789696
1.871069 3.535407
3.999997 -0.004754
3.791913 1.273339
2.627680 3.015841
0.939489 -3.888105
2.531025 -3.097404
-0.135177 -3.997715
3.750632 1.390237
3.685514 -1.554667
3.761724 1.359937
3.665915 -1.600334
3.988729 0.300074
3.776604 1.318053
1.301076 -3.782486
3.626864 -1.686968
1.173426 -3.824013
3.834254 -1.139516
1.321225 -3.775495
0.656393 -3.945776
3.225126 2.366128
3.654790 1.625579
0.564945 -3.959904
3.887013 0.943997
3.338882 2.202695
3.562700 1.818562
3.332488 -2.212358
3.241130 -2.344159
3.862614 1.039334
1.168813 -3.825425
1.328929 -3.772790
3.552554 -1.838303
2.670625 -2.977879
3.530783 -1.879779
3.503892 -1.929441
