-2.573563 3.062152
3.662109 1.609024
0.668567 3.943731
2.890877 2.764567
2.413401 3.189906
2.230233 3.320551
2.065942 3.425184
1.492035 3.711311
3.922698 0.782588
-0.171622 3.996317
-0.913360 3.894326
-1.814437 3.564803
-3.978275 -0.416327
3.796720 1.258936
2.576542 3.059646
0.020621 3.999947
0.531574 3.964521
-2.106541 3.400365
3.983774 0.359919
3.035251 2.605235
3.907554 0.854998
3.353769 2.179962
3.877572 0.982056
3.621792 1.697828
0.000336 4.000000
1.831317 3.556160
3.564802 1.814438
-2.393131 3.205140
1.216587 3.810501
-0.962063 3.882581
3.801252 1.245185
-2.336109 3.246936
2.691975 2.958593
3.381285 2.137033
-3.161603 2.450360
2.479044 3.139162
3.651510 1.632934
2.056727 3.430725
0.738779 3.931184
0.895608 3.898447
3.980477 0.394715
2.763960 2.891458
-3.183326 2.422073
1.233871 3.804939
3.803120 1.239466
1.533226 3.694485
1.933618 3.501588
3.851677 1.079159
2.032973 3.444854
0.078368 3.999232
3.288689 2.276955
1.972908 3.479603
2.753510 2.901411
-0.038767 3.999812
1.121527 3.839554
3.474213 1.982383
-0.704130 3.937537
-0.155454 3.996978
2.329418 3.251740
2.348879 3.237710
-1.707237 3.617367
1.865854 3.538162
3.076363 2.556558
-2.226833 3.322833
0.649634 3.946894
-2.397615 3.201788
3.820882 1.183578
-0.603422 3.954223
3.842032 1.113009
2.479787 3.138576
1.648715 3.644412
2.696202 2.954741
3.892900 0.919418
3.433540 2.052024
-1.001900 3.872492
0.327259 3.986590
-0.383803 3.981544
-0.018638 3.999957
-1.322580 3.775021
3.818992 1.189663
0.931065 3.890131
-1.154570 3.829748
2.965256 2.684633
3.542928 1.856789
-0.813554 3.916393
1.392292 3.749870
-2.792001 2.864390
2.241629 3.312869
2.804819 2.851840
-0.365721 3.983246
1.392031 3.749966
3.999322 -0.073645
0.162482 3.996699
1.160016 3.828102
0.001906 4.000000
-2.280848 3.285990
-2.214885 3.330809
1.442336 3.730907
-1.033926 3.864065
2.905121 2.749594
3.725445 1.456385
-2.916972 2.737019
-2.966388 2.683383
-2.724303 2.928852
-2.886756 2.768870
1.369512 3.758249
2.758243 2.896911
1.268573 3.793511
3.459902 2.007256
-0.292301 3.989306
0.968422 3.881000
-2.886448 2.769191
3.816739 1.196871
2.051590 3.433800
2.720312 2.932559
-2.638573 3.006315
0.813346 3.916436
2.579591 3.057075
-3.014310 2.629437
1.447033 3.729088
-0.588158 3.956523
1.593414 3.668928
3.403438 2.101574
3.847614 1.093559
0.937668 3.888545
1.777114 3.583555
3.306592 2.250877
0.550294 3.961966
2.501990 3.120905
-2.947297 2.704337
2.144942 3.376273
2.808367 2.848346
1.813737 3.565159
3.828985 1.157096
-2.710492 2.941638
1.531729 3.695106
3.719651 1.471120
0.041984 3.999780
3.193673 2.408412
3.924664 0.772664
-0.520352 3.966010
-1.676202 3.631852
2.546617 3.084598
-0.122209 3.998133
3.851219 1.080791
2.516300 3.109378
-2.282280 3.284996
-0.554704 3.961351
3.976276 0.435002
1.540944 3.691272
3.551064 1.841180
3.929575 0.747290
1.494962 3.710133
3.106578 2.519757
2.412198 3.190815
3.456137 2.013732
0.184901 3.995724
0.871162 3.903982
3.832458 1.145543
3.757191 1.372412
1.749914 3.596915
3.095085 2.533860
1.521686 3.699253
3.533472 1.874721
1.320052 3.775905
3.687314 1.550392
1.510992 3.703634
-2.404576 3.196563
3.770254 1.336109
3.017918 2.625295
2.290176 3.279496
3.974094 0.454509
-2.405039 3.196215
2.440716 3.169055
2.527677 3.100137
3.520584 1.898812
3.969759 0.490929
1.550721 3.687176
2.157892 3.368011
3.934486 0.720987
-2.959616 2.690850
3.673700 1.582381
-0.838991 3.911022
3.818881 1.190020
1.930248 3.503447
-2.027939 3.447820
-1.887970 3.526410
3.555613 1.832379
-2.465464 3.149839
-2.889845 2.765646
-3.016007 2.627489
-2.722899 2.930157
3.995932 -0.180352
-3.013182 2.630729
3.670913 1.588836
1.197012 3.816695
-2.900258 2.754724
-1.748846 3.597435
-1.342416 3.768013
0.794904 3.920220
3.868650 1.016634
3.982833 0.370191
3.991995 -0.252938
3.961213 0.555688
3.999459 -0.065773
2.457631 -3.155955
2.592645 -3.046012
-0.868329 -3.904613
3.950561 0.626953
3.788750 1.282720
0.707079 -3.937009
-0.069944 -3.999388
3.728423 1.448746
-0.181426 -3.995883
2.077182 -3.418379
-0.429666 -3.976856
0.143274 -3.997433
-0.582316 -3.957387
-0.537856 -3.963674
0.353415 -3.984357
1.966285 -3.483350
-0.546270 -3.962523
0.291157 -3.989389
1.280812 -3.789396
3.897250 0.900800
-0.206441 -3.994669
0.578125 -3.958001
1.352773 -3.764307
0.407116 -3.979228
0.083499 -3.999128
0.503474 -3.968188
3.974529 -0.450684
3.957202 -0.583568
3.865143 1.029888
2.674104 -2.974755
-0.050711 -3.999679
3.880892 0.968853
3.984325 -0.353773
0.600498 -3.954668
3.992616 0.242935
3.627184 -1.686279
0.999043 -3.873230
-0.424509 -3.977410
3.976166 0.436007
-1.469599 -3.720253
3.623997 1.693118
-0.001599 -4.000000
1.294048 -3.784896
1.883870 -3.528602
1.819640 -3.562150
1.295820 -3.784290
3.279003 2.290882
0.113601 -3.998387
0.570902 -3.959049
0.362136 -3.983573
1.255188 -3.797960
-0.853692 -3.907840
-0.620256 -3.951618
3.782010 -1.302459
3.842912 -1.109966
3.858319 -1.055165
0.183657 -3.995782
3.723134 1.462283
3.697904 1.524961
0.483465 -3.970675
3.965426 0.524786
-1.545299 -3.689452
-0.149996 -3.997187
1.422869 -3.738375
0.172845 -3.996264
0.128363 -3.997940
0.033677 -3.999858
3.710280 -1.494597
2.999971 -2.645784
2.689139 -2.961171
0.062340 -3.999514
1.468247 -3.720787
2.982446 -2.665524
1.142022 -3.833508
1.225083 -3.807778
3.978201 -0.417036
2.348420 -3.238043
3.995790 -0.183463
-0.156994 -3.996918
3.644971 -1.647479
1.345998 -3.766734
3.510260 -1.917831
-0.542950 -3.962979
3.988430 -0.304020
2.355810 -3.232671
3.063155 -2.572369
1.408296 -3.743888
1.691158 -3.624912
3.869814 1.012197
1.768709 -3.587711
3.802014 1.242857
2.354445 -3.233665
3.826849 1.164141
3.640826 1.656619
0.767434 -3.925690
0.455651 -3.973963
3.935843 -0.713539
-0.378201 -3.982080
0.628950 -3.950243
1.852844 -3.544992
3.582121 -1.780003
-0.146257 -3.997325
0.830240 -3.912889
3.988230 0.306633
0.133912 -3.997758
3.643773 -1.650127
3.970016 -0.488846
-2.482490 -3.136438
0.126912 -3.997986
0.752909 -3.928502
3.828511 -1.158664
0.688782 -3.940251
0.954736 -3.884389
3.976901 -0.429252
-1.167585 -3.825800
3.969918 0.489645
1.677474 -3.631264
1.694881 -3.623173
0.198219 -3.995086
0.644890 -3.947672
-0.045015 -3.999747
-1.527478 -3.696865
1.444842 -3.729937
0.741729 -3.930628
3.977613 -0.422601
2.072811 -3.421031
3.959809 0.565608
3.480471 -1.971376
-0.704702 -3.937435
3.029619 -2.611782
1.808481 -3.567828
3.984270 0.354388
2.038497 -3.441588
3.999997 -0.004852
3.964651 0.530609
2.182847 -3.351892
-0.105862 -3.998599
1.441804 -3.731113
3.940297 -0.688518
2.547907 -3.083532
3.280699 -2.288452
3.382953 -2.134392
0.125866 -3.998019
3.926638 -0.762572
-0.103549 -3.998659
3.109914 -2.515638
2.431135 -3.176410
-1.703506 -3.619125
3.953394 0.608831
1.260497 -3.796202
2.063701 -3.426534
3.702622 -1.513470
0.441458 -3.975565
3.899233 0.892180
1.275994 -3.791021
3.776675 1.317848
2.660605 -2.986835
1.998815 -3.464785
0.545283 -3.962659
0.170914 -3.996347
2.822723 -2.834120
2.007961 -3.459493
3.941491 -0.681653
3.971019 -0.480636
0.518232 -3.966287
3.947208 0.647727
3.893811 -0.915553
0.139977 -3.997550
3.997074 -0.152971
-0.680570 -3.941678
3.877958 0.980531
3.772216 1.330559
-2.035022 -3.443644
0.385457 -3.981385
-0.449689 -3.974642
3.997982 0.127049
-1.124181 -3.838778
2.558876 -3.074435
3.856882 1.060407
0.459705 -3.973496
-1.688455 -3.626171
3.985634 -0.338707
2.317439 -3.260288
3.986650 0.326527
-0.440297 -3.975694
3.927002 0.760695
1.733425 -3.604891
1.546360 -3.689007
3.996156 0.175323
-0.122140 -3.998135
1.991480 -3.469007
3.952747 0.613020
3.723534 -1.461265
1.271556 -3.792512
3.909542 0.845861
1.004543 3.871808
-1.859740 3.541380
-3.976947 0.428825
1.881689 3.529766
-3.592285 1.759399
-3.784780 1.294388
-3.152100 2.462573
2.592147 3.046436
1.050292 3.859649
-1.701903 3.619879
2.506222 3.117508
3.994615 0.207479
3.693763 1.534965
1.143208 3.833155
-3.354639 2.178622
3.788357 1.283881
1.236845 3.803973
-3.696473 1.528426
-3.999443 0.066772
-3.761509 1.360533
-3.718084 1.475075
0.178699 3.996006
3.781665 1.303461
-3.782776 1.300234
-3.145092 2.471516
-1.136669 3.835099
3.997634 0.137569
-2.243660 3.311494
-3.991594 0.259192
2.870591 2.785625
3.999239 0.078007
0.786599 3.921895
-3.995910 0.180830
1.380358 3.754279
3.391196 2.121271
-1.399113 3.747330
-3.550032 1.843169
-1.635736 3.650256
3.030565 2.610684
-3.982856 0.369948
3.061999 2.573744
2.108444 3.399186
2.983855 2.663946
0.393854 3.980563
-1.640806 3.647980
0.030454 3.999884
-3.999935 0.022862
-3.956544 -0.588013
-2.058378 3.429735
-3.551509 1.840322
-3.781128 1.305017
-3.873258 0.998935
3.523003 1.894320
2.243691 3.311472
3.911314 0.837630
-3.641224 1.655744
3.024781 2.617384
-1.626999 3.654159
-3.745688 1.403502
-1.958514 3.487725
0.125128 3.998042
-3.866247 1.025734
-3.998913 0.093258
3.814971 -1.202495
-3.193248 2.408976
2.416461 3.187587
-0.276477 3.990434
-1.154766 3.829689
3.994305 -0.213368
-1.066745 3.855134
0.215079 3.994213
3.745419 1.404220
2.718074 2.934634
1.880677 3.530305
3.700504 1.518641
1.248399 3.800197
-1.505318 3.705944
3.760859 1.362330
-0.973716 3.879675
1.985638 3.472354
-3.999321 0.073709
-3.924853 0.771707
1.019386 3.867926
-3.873655 0.997397
-3.490147 1.954193
-3.862598 1.039393
-3.890996 -0.927443
-3.944599 0.663429
-3.414415 2.083691
0.837185 3.911409
-2.748619 2.906045
1.412079 3.742463
2.492287 3.128659
-3.970048 0.488589
-3.999913 0.026402
-3.926671 -0.762399
2.777329 2.878618
-3.988989 0.296593
-3.943603 -0.669323
-2.825761 2.831091
1.352688 3.764337
0.855622 3.907417
-3.982351 0.375343
3.819767 1.187174
0.035802 3.999840
2.381743 3.213612
-2.556968 3.076022
3.482232 1.968263
-0.010377 3.999987
-0.853964 3.907780
1.134778 3.835659
-3.553608 1.836264
-3.991400 0.262156
3.871115 1.007207
-3.114788 2.509601
-3.721788 1.465705
-2.703276 2.948271
1.788328 3.577972
1.820836 3.561538
2.821601 2.835237
-2.649907 2.996330
-3.999805 -0.039498
0.539869 3.963400
3.072733 2.560921
-3.969887 0.489898
1.810233 3.566939
-3.835540 1.135179
3.892596 0.920703
-0.912860 3.894443
-3.982976 -0.368653
-2.818602 2.838218
-2.456113 3.157136
-3.765661 1.348999
-3.999130 0.083413
2.456110 3.157139
0.922051 3.892277
3.001326 2.644247
-3.536570 1.868869
3.872985 0.999995
3.094601 2.534451
1.917414 3.510487
2.534263 3.094755
-3.982705 0.371569
-1.896583 3.521786
-2.333526 3.248793
-0.515108 3.966694
1.498320 3.708778
-3.686435 1.552482
-3.938347 0.699589
3.095081 2.533865
3.712454 1.489189
1.604935 0.157056
-3.794765 1.264816
3.952402 0.615239
-2.995471 2.650877
3.979383 0.405602
2.760534 2.894728
-1.158398 3.828592
-0.756214 3.927867
-3.422958 2.069627
3.999277 0.076075
-1.462021 3.723237
-2.587935 3.050015
1.087373 3.849366
1.528190 3.696571
-3.548588 1.845948
-1.657914 3.640236
3.983362 0.364449
-1.631589 3.652112
-3.998263 0.117858
2.480951 3.137655
0.434442 3.976338
-1.592315 3.669405
3.897271 0.900712
-3.992195 0.249758
2.297246 3.274547
3.703721 1.510778
0.988770 3.875866
0.944105 3.886987
3.992122 -0.250924
1.392809 3.749678
1.159346 3.828305
1.715211 3.613593
-3.033873 2.606840
3.568767 1.806627
-3.492622 1.949766
0.030404 3.999884
1.659035 3.639726
-3.843384 1.108332
0.324233 3.986837
-3.791246 1.275325
2.224457 3.324423
3.975087 0.445738
-0.653412 3.946271
-3.997087 0.152636
2.097683 3.405837
-1.962556 3.485452
1.926703 3.505398
2.647197 2.998724
0.489638 3.969919
0.592279 3.955908
2.896092 2.759104
2.949331 2.702119
1.946156 3.494636
3.676653 -1.575507
3.723679 -1.460895
3.987684 -0.313647
3.949845 0.631448
3.996331 0.171294
0.740339 3.930890
3.725022 -1.457468
3.167314 2.442974
2.612800 -3.028741
3.991669 -0.258024
1.922688 3.507602
3.514804 1.909491
2.890673 2.764780
3.420610 2.073507
0.157100 3.996914
1.932040 3.502459
3.998140 -0.121967
3.071999 2.561800
3.997479 -0.141992
1.865337 3.538434
3.737123 1.426153
3.895442 -0.908590
1.290647 3.786057
1.703957 -3.618913
1.196367 3.816897
3.040144 2.599524
2.447643 3.163707
0.128243 3.997944
3.854180 -1.070185
2.949760 -2.701651
2.974321 2.674587
3.507756 -1.922406
3.861812 1.042309
0.915468 3.893831
2.257068 3.302370
0.849892 3.908668
3.930642 0.741658
3.474667 -1.981587
2.950822 2.700491
2.437717 3.171362
0.090958 3.998966
3.999053 0.087052
2.522565 3.104298
3.224908 -2.366425
1.916957 3.510737
1.748824 3.597446
-0.775617 3.924082
0.898282 3.897831
0.934781 3.889239
3.999996 0.005748
2.640497 -3.004626
3.538227 1.865731
3.137853 2.480701
2.900147 -2.754840
2.483885 3.135334
3.168032 -2.442043
1.395347 3.748734
2.830370 -2.826482
3.801913 1.243163
2.820569 2.836263
3.384196 2.132420
3.599684 -1.744212
1.803028 3.570587
1.278882 3.790048
3.717225 -1.477240
3.608535 1.725826
3.197863 2.402846
2.320384 -3.258192
0.237807 3.992925
1.272425 3.792220
3.251784 2.329357
3.854314 -1.069701
2.441810 3.168212
3.566309 -1.811475
1.833731 3.554917
2.293723 3.277016
3.636242 -1.666657
3.245861 -2.337603
3.922181 -0.785175
3.080247 2.551877
-0.041077 3.999789
3.847205 -1.094996
3.642390 -1.653177
2.370090 3.222216
3.228140 2.362015
3.287615 2.278506
3.092062 -2.537549
3.116346 -2.507666
2.019633 3.452692
3.430491 -2.057118
2.075016 3.419694
3.795881 -1.261462
3.933546 -0.726097
3.137041 -2.481728
2.219956 3.327431
3.995653 -0.186429
3.134217 -2.485293
3.026985 2.614835
2.877404 2.778587
3.474364 1.982118
2.256548 3.302725
3.562916 1.818139
2.511833 3.112988
3.235312 2.352181
3.217597 2.376356
0.989843 3.875592
1.911108 3.513924
3.053766 2.583508
3.603877 -1.735532
3.261115 2.316274
3.999153 -0.082295
1.679665 3.630252
3.902339 -0.878493
3.998608 0.105527
0.527575 3.965055
3.937073 0.706723
3.664573 1.603403
3.322410 -2.227463
0.997506 3.873626
3.825015 -1.170154
3.226161 -2.364717
3.368359 -2.157350
3.989379 -0.291301
1.035614 3.863613
2.216929 3.329448
0.610675 3.953110
3.992938 -0.237592
2.696905 -2.954099
3.443927 -2.034543
3.987557 -0.315265
3.647819 1.641162
2.536338 3.093055
2.459116 3.154798
0.700054 3.938264
2.889194 2.766326
2.669491 2.978895
3.758035 -1.370100
3.620176 1.701273
2.912265 2.742027
3.957234 0.583352
3.261616 -2.315569
3.871163 -1.007022
1.970014 -3.481242
2.697009 2.954004
3.418829 2.076441
3.720713 -1.468434
3.274680 -2.297057
3.786816 -1.288419
3.981486 -0.384406
1.668372 -3.635455
3.864245 -1.033254
3.913660 -0.826598
2.082145 3.415358
3.772229 -1.330521
3.996608 -0.164707
3.360458 -2.169636
3.695254 -1.531372
1.953130 3.490743
3.994475 -0.210169
3.111702 2.513427
2.786797 2.869453
3.497487 -1.941027
1.930853 3.503114
3.996474 -0.167914
1.508745 3.704550
1.709524 3.616287
3.941965 0.678906
2.845783 2.810964
3.999965 0.016634
1.257631 3.797152
3.498553 1.939104
2.101977 3.403189
0.575406 3.958397
3.405966 2.097473
0.242935 3.992616
3.999234 -0.078282
2.297432 3.274417
3.041655 2.597756
3.447122 -2.029125
3.733120 -1.436599
3.540470 1.861470
2.408896 3.193309
0.570886 3.959052
1.946350 3.494527
3.955054 -0.597951
2.541573 3.088755
3.998703 -0.101841
2.554153 3.078360
3.528653 1.883776
3.120429 2.502583
-0.067044 3.999438
3.398707 -2.109216
2.152169 -3.371671
0.576937 3.958174
2.016270 3.454657
3.150975 -2.464012
