2.692780 2.957860
3.977245 0.426058
1.048950 3.860013
2.585061 3.052451
3.222966 2.369069
2.791493 2.864885
3.999457 -0.065932
1.578424 3.675401
2.538032 3.091665
0.284687 3.989856
0.963710 3.882172
0.006217 3.999995
0.551549 3.961792
3.988685 0.300658
3.999999 -0.002225
-0.194238 3.995281
1.604037 3.664296
2.077565 3.418146
2.290456 3.279300
3.363893 2.164306
-0.944622 3.886861
2.780823 2.875243
2.459008 3.154882
2.794326 2.862122
2.209883 3.334129
1.490593 3.711891
1.540415 3.691493
0.554470 3.961384
0.609789 3.953246
2.058789 3.429488
3.991996 0.252916
3.576201 1.791867
2.941275 2.710886
2.032570 3.445092
0.701761 3.937960
3.999937 0.022465
3.994359 0.212356
-0.121147 3.998165
0.992711 3.874858
2.164607 3.363700
-0.312677 3.987760
2.392355 3.205719
0.069145 3.999402
0.771360 3.924921
3.998457 0.111099
0.633152 3.949572
-0.014601 3.999973
3.997514 0.140991
3.994769 -0.204491
1.672110 3.633738
3.997794 -0.132841
2.619257 3.023159
0.069044 3.999404
-1.458213 3.724730
1.221983 3.808774
0.122784 3.998115
2.197588 3.342246
3.286281 2.280430
2.488509 3.131664
1.210636 3.812396
1.650801 3.643467
0.804584 3.918245
3.039981 2.599714
1.590651 3.670127
2.159901 3.366723
0.617745 3.952011
3.979360 -0.405822
1.725481 3.608700
3.979175 -0.407639
3.955652 -0.593982
2.920586 2.733163
3.159788 2.452701
3.963012 -0.542708
2.910632 2.743760
1.128785 3.837427
-0.156130 3.996952
2.221540 3.326373
3.786097 1.290531
0.777772 3.923655
0.952689 3.884892
3.996202 -0.174278
0.409170 3.979017
2.742412 2.911903
1.447329 3.728973
0.990576 3.875404
2.099357 3.404806
3.126003 2.495618
-0.164131 3.996631
0.518510 3.966251
0.333837 3.986045
2.049268 3.435186
2.685447 2.964520
0.853878 3.907799
0.360890 3.983687
0.795153 3.920170
-0.587550 3.956613
1.729089 3.606973
2.978092 2.670388
0.535401 3.964006
3.898761 -0.894239
-0.288495 3.989583
2.078718 3.417445
0.989974 3.875558
-0.026714 3.999911
-0.719298 3.934795
1.570602 3.678751
1.531878 3.695044
2.405449 3.195906
2.840323 2.816481
0.795045 3.920192
3.971775 -0.474344
0.574935 3.958466
3.985294 0.342687
2.619480 3.022966
3.857913 1.056649
1.035747 3.863577
1.689877 3.625509
2.213276 3.331878
1.587261 3.671594
0.659839 3.945201
-0.545038 3.962693
1.316468 3.777157
1.871175 3.535351
3.966668 0.515314
1.078340 3.851906
1.335966 3.770304
3.053912 2.583336
3.142504 2.474807
1.438681 3.732318
2.484609 3.134760
1.357917 3.762454
3.974129 -0.454205
2.883693 2.772060
1.858025 3.542280
0.330851 3.986294
0.083804 3.999122
3.967286 0.510528
0.500698 3.968539
3.004807 2.640291
2.554462 3.078104
-1.512312 3.703095
0.595751 3.955386
3.482942 1.967006
0.859794 3.906501
3.995761 0.184114
0.093585 3.998905
0.577676 3.958066
1.102375 3.845097
2.664640 2.983236
3.149113 2.466392
0.853878 3.907799
-1.193802 3.817700
-0.103713 3.998655
3.983639 -0.361415
2.397291 3.202030
-0.813119 3.916483
-1.421071 3.739058
0.231280 3.993308
3.994777 -0.204340
0.515310 3.966668
-0.382655 3.981655
0.801368 3.918904
-0.447994 3.974834
3.999967 0.016359
-1.239476 3.803117
3.991839 -0.255378
2.055656 3.431367
1.937978 3.499177
2.870178 2.786051
1.226960 3.807174
2.738197 2.915867
2.768892 2.886735
-0.739400 3.931067
1.677636 3.631189
2.491257 3.129479
1.344846 3.767146
-0.587415 3.956633
3.985106 0.344868
-1.308041 3.780083
1.212977 3.811651
0.424385 3.977423
3.997815 0.132205
1.910256 3.514388
3.999801 0.039929
3.446008 2.031017
1.865982 3.538094
3.012819 2.631144
2.975081 2.673742
1.904757 3.517371
0.834872 3.911903
2.641654 3.003609
1.088897 3.848935
1.955680 3.489314
2.031919 3.445476
3.820207 1.185757
1.314331 3.777901
2.960226 2.690179
1.294126 3.784870
-0.447400 3.974900
2.687188 2.962942
-0.029176 -3.999894
-0.218199 -3.994044
3.440864 -2.039720
3.374480 -2.147762
-1.224685 -3.807906
-1.250771 -3.799417
2.817744 -2.839070
-1.910685 -3.514155
-0.286123 -3.989754
-0.642754 -3.948021
3.716850 -1.478184
2.847213 -2.809516
0.932371 -3.889818
-2.605545 -3.034985
3.342134 -2.197757
2.808847 -2.847873
-2.808441 -2.848273
0.669201 -3.943624
-1.247191 -3.800594
-1.350352 -3.765176
-1.898653 -3.520670
3.845986 -1.099268
-0.784219 -3.922372
3.444577 -2.033443
-1.795801 -3.574227
0.895996 -3.898358
2.196877 -3.342713
-1.260380 -3.796241
3.747560 -1.398497
1.834780 -3.554375
2.918860 -2.735005
3.234252 -2.353639
-0.437165 -3.976039
0.811170 -3.916887
3.665284 -1.601779
-0.664936 -3.944345
-1.041046 -3.862153
-0.701513 -3.938005
3.682505 -1.561781
-0.822804 -3.914460
0.955575 -3.884183
3.733709 -1.435067
-1.725034 -3.608914
1.349257 -3.765568
2.775513 -2.880369
1.416980 -3.740611
-2.157885 -3.368016
0.448791 -3.974744
-1.447270 -3.728996
3.573032 -1.798178
3.101282 -2.526272
0.045381 -3.999743
1.204908 -3.814210
-1.059580 -3.857109
-0.429847 -3.976837
-1.832157 -3.555728
-2.338054 -3.245536
0.302364 -3.988556
3.772007 -1.331151
2.814494 -2.842292
-0.241656 -3.992694
-0.459628 -3.973505
2.282916 -3.284554
-2.071601 -3.421764
-1.199680 -3.815858
-0.904185 -3.896466
-0.778957 -3.923420
-0.557871 -3.960906
3.997013 0.154565
-1.803840 -3.570176
3.844835 -1.103288
0.215584 -3.994186
-0.620095 -3.951643
-1.419132 -3.739795
0.849217 -3.908815
-0.424918 -3.977367
3.454533 -2.016483
-0.446658 -3.974984
3.879297 -0.975219
-0.988734 -3.875875
3.754600 -1.379485
3.848785 -1.089429
0.509228 -3.967453
3.541608 -1.859304
0.811739 -3.916769
-0.709177 -3.936632
0.787897 -3.921635
-0.469173 -3.972389
-1.809040 -3.567545
3.032755 -2.608140
3.518358 -1.902933
3.467168 -1.994680
3.557679 -1.828365
-1.850473 -3.546230
3.440521 -2.040298
0.942107 -3.887471
3.205591 -2.392528
2.114114 -3.395662
0.036678 -3.999832
-1.186248 -3.820055
-0.370155 -3.982836
3.655546 -1.623880
0.749798 -3.929097
1.233571 -3.805036
0.234564 -3.993117
-1.159371 -3.828297
-0.879067 -3.902210
-2.115207 -3.394981
-0.195341 -3.995227
-1.799198 -3.572518
-1.272667 -3.792139
-0.966595 -3.881455
-1.194865 -3.817368
3.372694 -2.150566
0.492403 -3.969577
3.356830 -2.175245
-1.685177 -3.627696
3.834351 -1.139191
0.275726 -3.990486
0.052935 -3.999650
-0.855585 -3.907426
-0.531813 -3.964489
3.736102 -1.428826
3.469055 -1.991395
3.736074 -1.428898
3.410855 -2.089514
3.836074 -1.133374
3.833707 -1.141354
3.811358 -1.213899
-0.736257 -3.931657
-1.095547 -3.847048
0.030619 -3.999883
0.204936 -3.994747
-1.051349 -3.859361
3.566567 -1.810967
3.240469 -2.345071
-0.551898 -3.961743
-0.606268 -3.953788
0.740188 -3.930919
0.379376 -3.981969
-0.023507 -3.999931
3.914245 -0.823824
3.999733 0.046183
3.061475 -2.574368
-0.735359 -3.931825
-1.279013 -3.790003
-1.251226 -3.799267
-0.296050 -3.989029
-0.921800 -3.892337
0.402835 -3.979664
-1.506843 -3.705324
3.263739 -2.312576
3.905400 -0.864783
1.346304 -3.766625
-0.409283 -3.979006
-1.358921 -3.762092
-1.037424 -3.863127
3.594602 -1.754660
1.993273 -3.467977
1.071253 -3.853883
-1.188978 -3.819205
-1.361001 -3.761340
3.756770 -1.373564
-0.999333 -3.873155
-0.392863 -3.980661
-1.732399 -3.605384
-0.974608 -3.879451
3.999850 -0.034643
-1.038112 -3.862942
-1.682607 -3.628889
-1.404082 -3.745471
-0.525290 -3.965359
0.149200 -3.997216
-0.146724 -3.997308
1.126765 -3.838020
0.901957 -3.896983
-1.560983 -3.682843
3.137638 -2.480973
0.569620 -3.959234
-1.618182 -3.658072
3.188785 -2.414881
3.133683 -2.485967
-1.294204 -3.784843
0.380053 -3.981904
-1.893656 -3.523360
-0.516077 -3.966568
-1.145938 -3.832340
-0.928170 -3.890823
0.177291 -3.996069
-2.056885 -3.430630
0.424206 -3.977443
-1.033489 -3.864182
-2.394225 -3.204323
1.794251 -3.575005
-0.973785 -3.879658
-2.355468 -3.232920
1.536195 -3.693251
-0.686929 -3.940575
-1.126266 -3.838167
-0.634966 -3.949281
3.998613 -0.105332
3.233706 -2.354388
3.965250 0.526111
3.864161 -1.033565
3.556869 -1.829941
3.998646 0.104078
3.939883 -0.690885
3.963395 0.539905
3.665835 -1.600518
2.490420 -3.130145
3.958775 0.572798
3.890402 0.929931
3.940561 0.687007
3.946414 -0.652548
2.941798 -2.710318
3.776201 -1.319206
3.647694 1.641440
1.090015 3.848619
3.872524 1.001777
3.987161 -0.320233
2.701715 -2.949701
3.879609 -0.973979
3.832131 -1.146636
3.941792 0.679909
3.934308 0.721954
3.709249 -1.497154
3.394322 2.116266
1.641391 3.647717
3.953539 0.607889
3.773522 1.326850
3.994228 0.214814
3.721225 -1.467134
3.941620 0.680905
3.937254 -0.705715
3.944003 0.666961
3.702389 1.514040
3.837622 -1.128121
3.934211 -0.722482
3.227930 -2.362301
3.999358 -0.071640
3.897768 -0.898558
3.526345 -1.888092
3.923511 -0.778498
2.516754 -3.109011
3.901956 0.880194
0.982357 3.877496
3.932257 -0.733043
2.669003 -2.979333
3.977233 0.426168
3.737967 -1.423938
3.084075 -2.547250
3.659397 1.615183
3.954781 0.599757
3.485363 -1.962714
3.856775 1.060797
3.743007 1.410639
3.978576 -0.413440
3.999314 -0.074076
3.991849 0.255230
2.701306 2.950075
2.685676 2.964312
3.360467 -2.169622
3.971091 0.480040
3.981241 -0.386939
3.979354 0.405881
3.990748 0.271899
3.999918 0.025671
3.991193 -0.265291
3.661309 1.610843
3.441811 -2.038120
3.207662 -2.389750
3.251334 2.329984
3.969834 -0.490325
3.447466 -2.028541
3.888282 -0.938758
3.957586 -0.580959
3.983015 0.368225
3.514439 1.910162
3.638576 1.661554
3.742217 -1.412731
0.787171 3.921781
3.955074 0.597822
0.998564 3.873354
3.949344 0.634571
3.770546 -1.335284
3.995116 0.197596
3.850197 1.084427
3.938671 -0.697759
3.618016 1.705860
3.608834 -1.725200
3.591407 -1.761192
3.998992 -0.089808
2.883530 -2.772229
3.458396 -2.009850
3.993840 0.221897
3.992138 0.250665
3.929989 -0.745108
3.872025 1.003704
3.852114 -1.077600
0.520703 3.965964
3.991113 -0.266496
3.999075 0.086032
3.713061 -1.487676
3.635812 -1.667594
3.715302 1.482069
3.902242 -0.878923
3.962647 -0.545371
3.736804 -1.426987
3.871601 1.005339
3.784463 -1.295313
3.966056 -0.519999
3.987351 0.317855
3.841121 -1.116148
3.939761 -0.691577
3.400703 -2.105997
3.967318 0.510284
3.901824 -0.880777
3.838305 1.125795
3.990546 -0.274853
3.943243 -0.671445
3.912890 -0.830235
3.982049 0.378534
3.995385 0.192085
3.990429 -0.276547
3.762864 1.356780
0.960915 3.882865
3.898431 0.895677
3.988704 0.300400
3.796373 -1.259982
3.922491 -0.783625
3.958959 0.571531
2.173993 3.357641
3.951051 0.623855
3.958083 0.577561
3.975603 0.441113
3.698358 -1.523859
3.789546 -1.280369
3.864102 -1.033787
3.648484 -1.639685
3.926006 -0.765818
3.839225 -1.122655
3.977492 -0.423745
2.272715 -3.291621
3.594704 1.754453
3.401803 -2.104219
3.945672 -0.657021
3.192724 -2.409671
0.692528 3.939595
1.164875 3.826626
2.025569 -3.449213
3.984364 -0.353337
2.965444 2.684426
1.003251 3.872142
3.977442 0.424214
2.491660 3.129158
3.994881 0.202303
3.908713 0.849683
3.999995 -0.006550
3.956334 0.589423
3.685025 -1.555826
3.916081 -0.815054
1.878305 3.531568
3.684668 -1.556670
3.974408 -0.451750
3.988039 0.309099
-0.562668 3.960228
3.776846 -1.317358
3.802575 -1.241138
3.825153 -1.169703
3.993355 0.230473
3.994922 -0.201496
3.810805 1.215634
3.266464 -2.308726
3.992435 -0.245893
3.949967 -0.630685
3.999998 -0.004114
3.872313 1.002592
3.999418 -0.068241
3.987796 -0.312228
2.078262 -3.417723
3.981759 0.381567
3.931568 0.736729
2.674965 -2.973981
3.992982 -0.236836
3.364346 -2.163603
3.591566 -1.760867
3.568352 1.807446
3.678732 -1.570646
3.999997 0.004570
3.207317 -2.390213
3.942099 -0.678128
3.961870 0.550984
3.450109 -2.024042
3.999722 -0.047136
2.631294 -3.012688
3.949077 0.636230
3.889712 -0.932813
3.956463 -0.588560
3.998114 -0.122827
3.993648 -0.225340
3.374237 2.148145
3.985323 0.342345
3.791696 -1.273986
3.966457 -0.516932
3.630367 1.679416
3.759021 1.367393
3.777705 -1.314894
3.474607 1.981693
2.623964 3.019075
3.882419 0.962717
3.666102 1.599904
3.738872 1.421561
3.443270 -2.035655
3.674543 1.580423
3.924525 0.773372
3.905434 -0.864632
3.929070 -0.749938
3.809346 1.220198
3.931162 0.738894
3.984629 -0.350327
3.508087 1.921802
3.937783 0.702755
3.952267 -0.616108
2.965491 2.684373
3.889739 -0.932699
3.523949 1.892561
3.998963 0.091098
3.611559 -1.719489
3.979575 -0.403711
3.783553 1.297970
3.907672 -0.854460
3.563256 1.817473
3.151286 2.463614
3.872525 -1.001774
3.882798 0.961187
3.835536 1.135194
3.958275 0.576247
3.750798 1.389789
3.980860 0.390839
3.910855 0.839768
3.461435 2.004612
3.695268 1.531337
3.948489 0.639869
3.855984 1.063667
3.668364 1.594713
3.839456 -1.121863
3.364405 2.163511
3.569186 -1.805799
3.516930 1.905572
3.976135 0.436288
3.819680 1.187454
3.771254 1.333283
3.826359 1.165753
3.999501 -0.063168
3.547453 -1.848127
3.981964 0.379423
3.914058 0.824714
3.858968 -1.052788
3.915790 -0.816447
3.844921 1.102989
3.972497 -0.468256
3.045079 -2.593741
3.125225 2.496592
3.996945 0.156311
3.933676 0.725392
2.588392 3.049627
3.998402 -0.113053
3.762816 -1.356913
3.893027 0.918879
3.518182 1.903258
3.967859 0.506058
3.523410 -1.893563
3.553657 1.836170
3.826198 1.166280
3.986137 -0.332739
3.640023 1.658384
3.896850 0.902528
3.878525 0.978288
3.999462 -0.065599
3.998543 0.107964
3.619601 1.702495
3.769472 1.338313
3.748418 1.396197
3.492426 1.950118
3.609554 1.723694
3.689518 1.545139
3.700757 1.518023
3.999995 0.006515
3.995423 0.191297
3.736529 1.427707
3.802118 -1.242537
2.739357 2.914776
3.984448 0.352379
3.802043 1.242767
3.999742 0.045422
3.380058 2.138974
3.860051 1.048810
3.364805 -2.162888
3.996362 0.170563
3.754846 1.378815
3.998149 -0.121677
3.991505 0.260549
3.764642 1.351840
3.905536 0.864168
3.725535 -1.456156
3.853679 -1.071988
3.229152 2.360631
3.898971 0.893321
3.967171 0.511423
3.996958 0.155976
3.921249 0.789812
3.927424 0.758511
3.773477 -1.326977
3.478338 1.975136
3.831783 1.147796
3.847554 1.093769
3.428969 2.059653
3.689838 1.544375
3.645682 1.645904
3.434041 2.051186
3.978116 -0.417841
3.999991 0.008290
3.963011 0.542715
3.061330 2.574540
2.677533 -2.971669
3.816796 1.196692
3.794739 1.264894
3.746829 1.400454
3.979877 0.400722
3.681098 1.565093
2.287200 3.281572
2.913737 -2.740463
3.388391 2.125748
3.897665 0.899002
2.922928 2.730657
3.926352 0.764040
3.975466 0.442345
3.667306 1.597142
3.985250 -0.343199
3.984494 0.351862
3.057803 2.578729
3.975643 0.440751
3.964748 0.529878
3.304115 2.254511
3.844258 1.105298
3.931255 -0.738401
1.909178 -3.514974
3.998430 0.112056
3.999893 0.029197
3.606080 1.730950
3.943230 0.671521
3.834436 1.138904
3.529601 1.881998
2.710842 -2.941316
3.700651 1.518283
3.109227 2.516488
3.880245 -0.971443
3.772229 -1.330521
3.485833 1.961880
3.866626 1.024307
3.795389 1.262943
3.834684 1.138068
3.662079 1.609091
3.521053 1.897943
3.899989 0.888869
3.854111 1.070433
3.997194 -0.149789
3.998544 -0.107923
3.636975 1.665056
3.832785 1.144448
3.721628 1.466112
3.920850 0.791791
3.137733 2.480853
3.945641 0.657205
3.983412 0.363911
3.022005 2.620589
3.981289 0.386441
3.985714 0.337760
3.344819 2.193669
3.506258 1.925138
3.934619 -0.720258
3.973985 0.455464
3.728084 -1.449616
3.754767 1.379031
3.998260 0.117970
3.908931 0.848682
3.753797 1.381669
3.964574 0.531184
3.934399 0.721462
3.906553 0.859558
3.614710 1.712854
3.983197 -0.366256
3.995232 0.195252
3.694088 1.534183
3.626730 1.687255
3.715480 1.481624
3.671472 -1.587542
3.999793 -0.040683
3.968883 0.497963
3.907287 0.856215
