-0.369411 3.982905
0.391696 3.980776
-0.393023 3.980645
0.788120 3.921590
0.039206 3.999808
0.021860 3.999940
-0.317427 3.987385
0.139533 3.997566
0.258368 3.991647
0.587885 3.956563
-1.672468 3.633573
0.769280 3.925329
-0.312720 3.987757
0.743992 3.930201
-0.660082 3.945160
-0.481414 3.970924
1.336904 3.769972
-0.353818 3.984321
-0.740108 3.930934
-0.008482 3.999991
-0.040009 3.999800
-0.393023 3.980645
-0.442112 3.975492
-0.500623 3.968548
-1.299122 3.783158
0.268357 3.990988
-0.127255 3.997975
2.110552 3.397877
-0.384709 3.981457
0.009442 3.999989
0.469516 3.972349
1.158734 3.828490
-1.752378 3.595716
-1.689886 3.625505
-0.042604 3.999773
-2.571691 3.063724
-0.072079 3.999351
-1.336172 3.770231
-0.363628 3.983438
0.363622 3.983438
0.119181 3.998224
-0.610615 3.953119
-0.464157 3.972979
-0.318751 3.987279
0.071203 3.999366
0.336566 3.985815
1.442518 3.730837
-0.277067 3.990393
-1.541635 3.690984
0.572387 3.958835
-0.262688 3.991365
-1.642105 3.647395
-2.957649 2.693011
0.137074 3.997651
-1.106251 3.843983
0.551481 3.961801
-0.569300 3.959280
0.315140 3.987566
-1.762288 3.590869
-0.516851 3.966468
-0.317862 3.987350
0.147341 3.997285
0.142450 3.997463
-1.994037 3.467538
3.499996 1.936499
1.007942 3.870924
-0.184843 3.995727
-1.529314 3.696106
-0.375615 3.982325
0.859966 3.906464
1.021369 3.867403
0.169580 3.996404
1.573413 3.677550
0.434134 3.976371
-0.696454 3.938902
-0.326511 3.986652
-2.222337 3.325841
1.394498 3.749050
0.850074 3.908628
-2.078969 3.417293
-1.318966 3.776285
-0.164906 3.996599
0.657738 3.945552
-1.262426 3.795561
2.103215 3.402424
-0.067637 3.999428
-0.393023 3.980645
0.081249 3.999175
0.031487 3.999876
1.329020 3.772758
-0.332402 2.802398
0.355200 3.984198
0.123341 3.998098
-0.052033 3.999662
1.458940 3.724446
-0.701662 3.937978
1.443133 3.730599
-2.495227 3.126314
0.862924 3.905811
-1.033902 3.864071
2.063545 3.426629
-3.225447 2.365690
-0.365421 3.983273
1.485650 3.713872
-0.864445 3.905475
-1.896597 3.521778
1.321594 3.775366
1.403349 3.745746
-0.045642 3.999740
0.772442 3.924708
0.473976 3.971819
-1.493385 3.710768
1.245641 3.801102
0.383368 3.981586
1.917323 3.510537
-1.197467 3.816552
-0.526319 3.965222
0.992589 3.874889
2.332877 3.249259
-0.370341 3.982819
1.112498 3.842180
-2.205865 3.336789
-1.092775 3.847836
1.062541 3.856294
0.530939 3.964606
1.102901 3.844946
2.440591 3.169151
-1.759128 3.592418
-1.321287 3.775474
-0.794437 3.920315
-0.316096 3.987491
1.354765 3.763590
-1.187620 3.819628
-0.450563 3.974543
-0.336628 3.985810
0.311938 3.987818
0.898152 3.897861
-0.174718 3.996182
1.127561 3.837787
-1.052420 3.859069
0.242027 3.992671
0.324819 3.986790
-0.371867 3.982677
0.428401 3.976993
-0.561441 3.960402
-0.445073 3.975162
-0.717368 3.935147
0.579903 3.957741
0.774415 3.924319
1.175431 3.823397
-1.219991 3.809412
1.806527 3.568818
2.341591 3.242985
-1.178546 3.822438
0.678366 3.942058
-1.853163 3.544825
-0.286473 3.989728
-2.126324 3.388030
-0.834784 3.911922
0.313184 3.987721
0.388576 3.981081
-1.204304 3.814400
0.623257 3.951145
-1.020648 3.867593
1.177547 3.822746
0.441856 3.975520
-0.309965 3.987972
0.410985 3.978830
0.172372 3.996284
-0.627240 3.950515
0.238962 3.992856
1.319575 3.776072
1.055218 3.858305
-0.521827 3.965816
-0.148712 3.997235
-0.276839 3.990409
-0.475699 3.971613
-0.260768 3.991491
-1.516454 3.701401
-0.359918 3.983774
0.610840 3.953084
-1.342820 3.767869
0.165301 3.996583
-0.827699 3.913427
0.164888 3.996600
0.445231 3.975144
-0.636101 3.949098
0.343415 3.985231
0.208426 3.994566
0.975685 3.879180
0.217014 3.994109
0.992113 3.875011
-1.166842 3.826027
-0.380328 3.981878
0.243165 3.992602
-1.055394 3.858257
-0.317530 3.987377
-0.746608 3.929704
-0.049607 3.999692
-0.133826 3.997761
-0.143557 -3.997423
-3.898316 0.896175
-2.766601 2.888931
-0.401312 -3.979818
-1.464878 -3.722114
-3.989513 0.289465
-2.888597 2.766949
-3.108776 2.517044
-3.635659 -1.667928
-1.740817 3.601327
-0.742843 -3.930418
-3.760867 -1.362307
-0.471789 -3.972080
-3.708760 1.498367
-3.353249 2.180762
-1.546113 -3.689110
-1.818840 3.562558
2.011289 -3.457559
-1.294271 3.784820
-0.941589 -3.887597
-1.980493 3.475291
-3.538365 1.865469
-0.263297 -3.991325
-3.597816 1.748062
-3.551061 -1.841186
-2.310589 3.265146
-2.212300 -3.332526
-2.302866 3.270598
-3.723069 1.462450
-2.901277 2.753651
-0.765643 -3.926040
-3.880644 -0.969847
-0.858205 3.906851
-1.818860 -3.562548
-3.800134 1.248590
-2.906142 2.748516
-2.947990 2.703582
-3.496306 1.943154
-3.006418 -2.638456
-2.515081 3.110364
-2.129219 -3.386211
-0.422982 -3.977573
-2.279983 -3.286591
-0.438545 -3.975887
-3.517871 1.903834
-0.999872 -3.873016
-1.396342 3.748363
-1.380756 -3.754133
-2.274746 3.290217
-3.267517 2.307235
-3.789595 -1.280222
-3.868718 1.016376
-2.979910 2.668359
-2.724607 -2.928569
-3.615344 1.711517
-2.194765 -3.344100
-3.245130 2.338617
-3.991810 0.255836
-3.111182 2.514070
-3.912892 0.830227
-3.942182 -0.677646
-2.125275 3.388688
-0.707710 -3.936896
-0.575929 -3.958321
-3.891067 0.927143
-3.804757 1.234432
-3.701270 -1.516773
-3.330586 2.215219
-2.357021 -3.231788
-3.808159 1.223897
-1.623709 3.655622
-2.741133 2.913107
-3.858856 1.053200
-3.747176 1.399525
-3.169128 2.440620
-3.135882 2.483192
-2.537638 -3.091989
-3.889829 0.932327
-3.140297 -2.477606
-2.839216 2.817597
-3.329928 2.216209
-0.928718 -3.890692
-3.283435 2.284524
-0.973659 -3.879689
-3.587413 1.769314
-1.360611 3.761481
-3.496084 -1.943553
-0.352304 -3.984455
-3.315972 2.237036
-2.601210 3.038701
-3.696024 -1.529513
-0.217294 -3.994094
-0.189134 -3.995526
-2.018107 -3.453584
-3.357516 2.174187
-0.328867 -3.986458
0.443285 -3.975361
-0.306099 -3.988271
-3.907452 0.855464
0.671558 -3.943223
-2.921980 2.731673
-3.877141 0.983755
-2.645452 -3.000264
-2.263087 3.298248
-3.247211 2.335727
-2.874284 2.781814
-3.879186 0.975662
-3.875322 0.990898
-0.774500 -3.924302
-3.510650 1.917116
-1.611490 -3.661024
-3.999448 0.066436
-2.852829 2.803813
-2.371720 3.221016
-1.919371 3.509418
-1.575164 -3.676800
-3.258811 2.319515
-0.617561 -3.952040
-1.245743 3.801069
-2.853113 2.803524
-0.004693 -3.999997
0.096170 -3.998844
-2.669980 2.978457
-2.374866 -3.218697
-3.894171 -0.914021
-3.313542 2.240634
-3.006989 2.637806
-2.570584 3.064653
-0.963791 3.882152
-3.027630 2.614088
-0.203737 -3.994808
-2.047533 -3.436220
-0.965694 3.881679
-2.716809 2.935805
-3.686423 1.552510
-3.449950 2.024314
-2.394274 3.204286
-2.717132 -2.935505
-3.486590 1.960533
-2.810777 -2.845968
-2.366263 3.225027
-2.459647 -3.154384
-1.819723 3.562107
-3.765599 -1.349172
-3.187846 -2.416120
-2.106186 3.400585
-2.891708 2.763698
-2.532888 -3.095881
-2.615821 3.026133
-2.805087 2.851576
-1.897740 3.521162
-3.570182 1.803830
-2.558382 -3.074847
-3.483118 1.966695
-3.397634 -2.110944
-3.505983 1.925639
-2.985308 2.662318
-3.622971 1.695311
-2.666041 2.981983
-0.372845 -3.982585
-2.472646 3.144205
-1.270187 -3.792970
-2.736375 2.917577
-2.289268 3.280130
-2.195524 -3.343602
-2.540404 3.089716
-2.827844 2.829010
-2.248356 -3.308307
-3.210313 2.386187
-2.138863 3.380128
-2.522799 3.104108
-3.094424 2.534668
-3.321532 2.228772
-3.637834 1.663180
-2.223287 -3.325206
-2.115898 -3.394551
-3.581762 1.780724
-3.224847 2.366509
-3.647787 1.641233
-3.918783 -0.801962
-3.980743 -0.392032
-3.996358 0.170648
-1.129689 3.837161
-2.966201 2.683589
-3.732362 1.438566
-1.503094 3.706846
-3.134868 -2.484472
-3.722903 1.462870
-3.660156 1.613461
-3.604593 1.734044
-2.871736 2.784445
-3.659663 1.614578
-3.339492 2.201771
-2.948919 2.702568
-0.809446 3.917243
-2.688445 2.961801
-3.930234 0.743814
-2.180648 3.353323
-2.175681 3.356548
-2.980302 2.667921
3.613099 -1.716251
3.459095 2.008647
3.994240 -0.214592
3.726551 -1.453552
3.453487 -2.018273
3.986405 0.329506
3.350003 -2.185744
3.708250 -1.499627
3.956794 0.586330
3.805187 -1.233107
3.948261 -0.641275
3.959456 -0.568076
3.275020 -2.296572
3.939315 0.694118
3.858814 -1.053354
3.185731 -2.418909
3.966171 0.519124
3.962754 -0.544591
3.855034 -1.067105
3.911040 -0.838909
3.829722 -1.154655
3.935770 0.713945
3.977775 -0.421081
2.878979 -2.776955
3.999871 -0.032132
3.999993 0.007453
3.828264 -1.159481
3.651400 -1.633180
3.985354 -0.341989
3.438438 -2.043807
3.714156 -1.484939
3.971434 0.477188
3.620956 -1.699612
3.952380 0.615378
3.127182 -2.494140
3.424047 2.067826
2.533211 3.095617
3.314832 -2.238725
3.685677 1.554281
3.214686 -2.380293
3.936886 -0.707765
3.999817 0.038271
3.993594 0.226294
3.573942 -1.796368
3.956844 -0.585991
3.927910 -0.755989
3.067573 -2.567098
3.272990 -2.299464
3.710519 1.494004
3.648954 -1.638638
2.794580 2.861874
2.988006 -2.659290
3.987758 0.312711
3.990631 0.273614
3.871353 1.006293
3.983971 -0.357738
3.699752 -1.520473
3.018885 -2.624182
3.994579 0.208181
3.940248 -0.688801
3.916252 -0.814229
3.991037 -0.267623
3.877767 -0.981288
3.974658 0.449545
3.354648 -2.178608
3.858048 1.056157
3.792297 -1.272196
3.953413 -0.608711
3.852987 -1.074472
3.998182 0.120578
3.992930 -0.237725
3.999997 -0.004905
3.920466 -0.793694
3.816317 1.198218
3.941600 0.681023
3.913046 -0.829502
3.926053 -0.765579
3.913700 -0.826407
2.073601 -3.420552
3.795928 1.261321
3.865304 1.029282
3.303430 -2.255516
3.578295 -1.787681
3.579671 -1.784925
3.998609 0.105499
3.674267 1.581063
3.393533 -2.117530
3.998092 0.123548
3.973701 0.457934
3.873002 0.999929
3.021064 -2.621673
3.943108 0.672236
3.997015 -0.154506
3.999865 -0.032806
3.843848 1.106720
3.944490 -0.664080
3.674827 -1.579761
3.999966 -0.016431
3.940600 0.686782
3.139953 2.478042
3.996889 -0.157741
3.943330 0.670929
3.996617 0.164484
3.999976 -0.013959
3.883562 0.958095
2.834567 -2.822274
3.998908 -0.093453
3.752097 -1.386278
3.678669 -1.570794
3.739277 1.420496
3.946834 -0.650000
3.944913 -0.661561
3.997663 -0.136720
3.998803 -0.097854
3.845745 -1.100112
3.864179 -1.033498
3.997533 0.140475
3.835129 -1.136568
3.870663 -1.008942
3.877249 -0.983330
3.961201 0.555779
3.875370 0.990712
3.983718 -0.360540
3.982251 -0.376402
3.909660 0.845317
3.555626 -1.832355
3.935180 -0.717189
3.123495 -2.498755
3.236914 -2.349976
3.225355 -2.365816
3.733871 1.434645
3.191688 -2.411043
3.632650 1.674470
3.830034 -1.153621
3.787383 1.286753
3.811632 -1.213037
3.751931 -1.386728
3.999925 0.024532
3.899855 0.889456
3.827380 -1.162396
3.960973 -0.557401
3.925075 -0.770576
3.975967 -0.437820
3.799964 -1.249109
3.958707 -0.573273
3.779868 1.308663
3.962313 -0.547791
3.936841 -0.708013
3.999974 0.014508
3.878149 -0.979777
3.966408 -0.517310
3.998974 0.090579
3.926346 -0.764073
2.821381 -2.835456
3.876831 0.984979
3.523555 -1.893293
3.762851 -1.356817
3.996533 0.166513
3.889703 -0.932852
3.905967 -0.862220
3.940749 -0.685930
3.902929 0.875867
3.332694 -2.212047
3.654967 1.625183
3.519543 -1.900742
3.686196 -1.553048
3.947022 -0.648857
3.998228 0.119037
3.733650 -1.435220
3.420500 -2.073688
3.997510 -0.141117
3.908488 -0.850718
3.599148 -1.745317
3.790600 -1.277242
3.894879 -0.910998
3.987708 -0.313339
3.839675 1.121114
3.607152 -1.728715
3.925345 -0.769198
3.471564 -1.987018
3.564540 -1.814952
3.816497 -1.197644
3.937041 -0.706899
3.784448 -1.295360
3.770155 -1.336388
3.704645 -1.508511
1.976528 -3.477548
3.988080 0.308569
3.968136 -0.503882
3.971816 -0.473999
3.831551 1.148572
3.969441 0.493495
3.950493 0.627381
3.986187 0.332138
3.809111 -1.220931
3.168443 -2.441510
3.890423 0.929842
3.744209 -1.407444
3.808616 1.222475
3.993867 -0.221416
2.689414 -2.960921
1.333455 -3.771193
3.979156 0.407820
3.636330 -1.666465
3.549936 -1.843355
3.996494 0.167450
3.942748 -0.674342
3.098684 -2.529458
3.497082 -1.941755
2.346543 -3.239404
3.882365 -0.962936
3.997659 -0.136833
3.833581 -1.141777
3.248885 -2.333398
2.355457 -3.232928
3.887648 -0.941380
3.999984 0.011153
3.545997 -1.850920
1.319964 -3.775936
3.060646 -2.575353
3.283968 -2.283759
3.422972 -2.069605
3.893937 -0.915016
3.614097 -1.714147
3.075567 -2.557516
2.951760 -2.699465
2.122506 -3.390423
2.929989 -2.723080
3.335014 -2.208548
3.023270 -2.619129
3.316102 -2.236843
3.342294 -2.197515
3.610753 -1.721180
3.260497 -2.317145
2.464232 -3.150803
3.339142 -2.202301
3.881268 -0.967346
3.560346 -1.823167
3.694690 -1.532731
2.826183 -2.830669
3.999502 -0.063105
2.668322 -2.979943
2.698187 -2.952928
2.854158 -2.802460
2.782297 -2.873817
3.134169 -2.485354
3.277727 -2.292707
3.600845 -1.741815
3.997289 -0.147238
3.026013 -2.615959
1.651280 -3.643250
3.180128 -2.426269
3.896560 -0.903780
3.311932 -2.243013
2.745463 -2.909026
2.842940 -2.813840
3.489670 -1.955045
2.533467 -3.095407
3.610407 -1.721907
3.909610 -0.845547
3.901790 -0.880929
2.357245 -3.231624
3.484291 -1.964616
3.918785 -0.801951
3.764334 1.352696
1.719799 -3.611411
3.088689 -2.541653
3.515958 -1.907365
3.653899 -1.627583
3.569178 -1.805814
2.087069 -3.412352
3.657663 -1.619106
3.721479 -1.466491
3.744343 1.407086
1.589412 -3.670663
3.198587 -2.401882
2.614084 -3.027633
3.692696 -1.537529
1.375931 -3.755904
3.668191 -1.595111
3.591216 -1.761581
3.876327 0.986961
3.136498 -2.482414
3.286860 -2.279595
3.613092 -1.716266
3.523430 -1.893526
3.590142 -1.763769
3.815140 -1.201961
2.436850 -3.172028
3.986727 -0.325588
2.975384 -2.673405
3.967599 0.508089
3.845973 -1.099314
3.219538 -2.373725
1.663545 -3.637666
3.763603 -1.354729
3.141253 -2.476395
3.551889 -1.839588
3.269621 -2.304252
1.818425 -3.562770
3.148899 -2.466665
2.745792 -2.908715
2.348899 -3.237696
3.054087 -2.583128
2.928095 -2.725116
2.784712 -2.871477
3.697812 -1.525183
3.774782 -1.323262
3.018900 -2.624165
3.410425 -2.090216
2.565230 -3.069136
3.351734 -2.183089
1.877669 -3.531906
3.719607 -1.471233
3.375855 -2.145601
2.669993 -2.978446
2.674943 -2.974001
3.479509 -1.973074
3.120098 -2.502996
3.716547 -1.478946
3.148567 -2.467088
2.653305 -2.993321
3.233274 -2.354982
0.618919 -3.951827
1.843842 -3.549683
3.982988 -0.368519
3.256282 -2.323064
2.975395 -2.673393
2.750960 -2.903828
3.276550 -2.294389
3.726226 1.454386
3.205328 -2.392880
3.968101 0.504161
3.350803 -2.184518
3.354800 -2.178374
2.233260 -3.318516
3.190437 -2.412698
3.512482 -1.913758
3.028834 -2.612693
1.264742 -3.794789
3.732056 -1.439360
3.840177 -1.119392
3.388789 -2.125113
3.641923 -1.654206
3.836957 -1.130380
3.122890 -2.499512
3.966673 -0.515270
3.056842 -2.579868
3.897191 -0.901058
3.388805 -2.125089
3.339291 -2.202075
3.364623 -2.163172
3.722972 1.462696
2.919519 -2.734303
3.495636 -1.944358
3.517664 -1.904217
3.912420 -0.832446
3.636413 -1.666284
3.895790 -0.907096
3.564549 -1.814935
3.956851 -0.585947
2.916698 -2.737311
2.079275 -3.417106
2.656412 -2.990565
3.083189 -2.548322
-0.852903 -3.908012
2.344146 -3.241139
3.444206 -2.034072
3.390867 -2.121796
2.792330 -2.864070
3.738133 -1.423503
3.063267 -2.572236
3.579089 -1.786092
1.912527 -3.513153
3.134195 -2.485321
3.567281 -1.809561
2.098425 -3.405380
3.507721 -1.922471
1.923475 -3.507170
3.633132 -1.673426
2.816788 -2.840018
3.548617 -1.845891
3.996958 0.155978
3.611600 -1.719402
3.778992 -1.311190
2.982855 -2.665065
2.979672 -2.668624
3.443606 -2.035086
3.839467 -1.121825
2.665648 -2.982335
3.999987 0.010171
3.705302 -1.506896
2.844761 -2.811998
3.849327 -1.087513
3.689957 -1.544092
2.779194 -2.876818
1.383122 -3.753262
3.999327 -0.073395
0.974214 -3.879550
3.464500 -1.999309
