0.671287 3.943269
0.301900 3.988591
-0.393004 3.980647
-0.223518 3.993750
0.078262 3.999234
1.079836 3.851487
-1.462340 3.723112
1.147654 3.831826
-0.949338 3.885712
-1.946057 3.494691
-0.568027 3.959463
0.646524 3.947405
0.220585 3.993913
0.977997 3.878598
0.940967 3.887748
-0.453875 3.974166
1.867483 3.537302
-2.103588 3.402193
0.089827 3.998991
-1.663778 3.637560
0.709700 3.936537
-0.393023 3.980645
1.216548 3.810513
-0.058652 3.999570
1.325233 3.774090
0.382958 3.981626
1.588069 3.671245
0.391036 3.980840
0.380033 3.981906
0.344463 3.985141
0.820841 3.914872
1.675878 3.632001
0.784663 3.922283
0.874376 3.903264
-0.785864 3.922042
0.299620 3.988763
1.276384 3.790890
-0.543923 3.962846
-0.504834 3.968015
-2.524568 3.102669
-0.250983 3.992118
2.289422 3.280022
-0.649402 3.946933
-1.406665 3.744502
0.601581 3.954504
0.817692 3.915531
-0.681971 3.941436
0.387544 3.981182
1.758558 3.592697
0.194991 3.995244
1.590139 3.670349
1.056673 3.857907
0.129847 3.997892
-0.272754 3.990690
0.987583 3.876168
-1.269645 3.793152
-0.450334 3.974569
0.368421 3.982997
-1.226217 3.807413
1.135858 3.835339
2.142559 3.377787
0.473457 3.971881
-0.752805 3.928522
-1.888615 3.526065
1.122041 3.839404
3.483160 1.966620
0.001265 4.000000
0.425593 3.977294
0.525996 3.965265
-0.576988 3.958167
0.478673 3.971256
-1.215331 3.810902
1.595253 3.668128
2.570123 3.065040
0.114823 3.998352
-0.968597 3.880956
-0.284389 3.989878
1.394498 3.749050
-0.128456 3.997937
0.343839 3.985194
0.551684 3.961773
0.380225 3.981888
2.506133 3.117579
-2.021638 3.451519
1.796936 3.573657
0.775034 3.924197
-0.393023 3.980645
0.947527 3.886154
-0.296734 3.988978
-1.054159 3.858594
-1.465697 3.721792
1.311937 3.778733
1.369861 3.758122
-1.117371 3.840766
-0.056729 3.999598
1.307791 3.780170
0.493873 3.969394
-1.566136 3.680655
-0.001129 3.903116
-0.491754 3.969657
0.689839 3.940066
-0.414765 3.978438
0.565974 3.959757
2.285868 3.282500
-1.744325 3.599629
1.013148 3.869565
-1.644214 1.675676
-0.177596 3.996055
3.172048 2.436825
0.504099 3.968108
1.786161 3.579054
-1.773501 3.585344
1.025727 3.866249
2.251541 3.306140
0.240699 3.992751
3.437365 2.045611
0.590578 3.956162
-0.239560 3.992820
0.621742 3.951384
2.807833 2.848872
1.800267 3.571980
1.001371 3.872629
0.564731 3.959934
0.675460 3.942557
-1.126537 3.838087
-0.679912 3.941791
-0.407018 3.979238
0.976686 3.878928
0.846579 3.909387
0.534484 3.964130
0.998264 3.873431
2.083727 3.414393
0.418498 3.978047
2.123751 3.389643
2.434533 3.173806
0.607463 3.953605
1.135445 3.835461
-0.129811 3.997893
0.278068 3.990323
0.694978 3.939163
-1.044911 3.861109
-1.488931 3.712558
0.868448 3.904587
1.283868 3.788361
-0.189389 3.995514
-0.964948 3.881865
-0.457718 3.973725
-2.291694 3.278436
0.684268 3.941038
-0.261296 3.991456
-0.559064 3.960738
0.670425 3.943416
0.635477 3.949199
1.331471 3.771894
0.191470 3.995415
1.861915 3.540236
0.711924 3.936136
0.408936 3.979042
-0.062601 3.999510
0.732769 3.932308
0.342443 3.985315
0.348688 3.984773
-1.404591 3.745280
-0.154660 3.997009
-1.768835 3.587649
2.223230 3.325244
-0.511162 3.967205
1.541400 3.691082
0.740266 3.930904
2.024392 3.449904
0.150942 3.997151
0.167724 3.996482
0.442836 3.975411
1.197856 3.816430
2.318121 3.259803
-0.337537 3.985733
-0.144680 3.997383
-1.075258 3.852768
1.676732 3.631607
-0.748808 3.929286
-1.009561 3.870502
1.274786 3.791427
0.486184 3.970343
1.416410 3.740826
-0.876010 3.902897
1.912323 3.513263
0.678324 3.942065
0.682235 3.941390
0.231643 3.993287
2.172190 3.358808
0.999650 3.873074
-0.197645 3.995114
0.340550 2.497882
1.217973 3.810058
-1.081205 3.851103
3.067609 2.567056
0.848653 3.908937
-0.262027 3.991409
-0.960138 3.883057
-0.761474 3.926851
-2.900644 -2.754317
-3.571287 -1.801640
-3.847731 1.093145
1.183274 -3.820977
-1.905014 -3.517232
-2.585267 -3.052277
-3.998442 -0.111621
-3.991337 -0.263113
-3.797038 -1.257974
-3.993605 -0.226100
1.027462 -3.865789
-3.394540 -2.115915
-3.117245 -2.506548
-3.892122 0.922705
-3.911302 -0.837686
-3.736890 -1.426764
-3.939249 0.694491
-3.752516 -1.385143
-3.993927 0.220332
-0.568238 -3.959432
-3.814577 -1.203744
-3.870978 -1.007736
-2.505650 -3.117967
-3.744214 -1.407432
-2.218057 -3.328697
-3.972647 -0.466989
-3.307955 -2.248874
-4.000000 0.001891
-3.439619 -2.041818
-3.422212 2.070860
0.380839 -3.981829
-3.914405 0.823065
-3.976924 0.429044
-0.192663 -3.995357
-3.782046 -1.302356
-3.990334 -0.277910
-3.988509 0.302981
-3.959296 -0.569189
-3.998871 -0.095048
-2.816482 2.840322
-2.687857 -2.962334
-3.144009 -2.472895
-3.915999 0.815444
-3.991876 -0.254808
-3.927919 -0.755947
-3.960009 0.564208
-3.835834 -1.134187
-2.687909 -2.962287
-3.998929 -0.092562
-3.954354 -0.602563
-0.918583 -3.893097
-3.666678 -1.598584
-3.776451 1.318492
-3.204902 -2.393450
-3.978673 0.412505
-3.109087 -2.516660
-3.127848 -2.493305
-3.362187 -2.166957
-3.813229 -1.208007
-3.995971 -0.179485
-3.341125 -2.199292
-3.979104 -0.408329
-2.843199 -2.813578
-3.560338 -1.823182
-3.938610 -0.698106
-3.381895 -2.136067
-2.613252 -3.028351
-3.980482 -0.394666
-3.745457 -1.404121
-3.585849 -1.772480
-3.978997 0.409365
-3.922311 -0.784525
-3.987101 0.320972
-3.915086 0.819816
-3.968489 0.501092
-3.999128 0.083513
-3.844878 1.103137
-2.741870 -2.912413
-3.346915 -2.190471
-3.997441 -0.143044
-3.949150 0.635779
0.850574 -3.908520
-3.927990 0.755574
-3.681441 -1.564286
-2.551860 -3.080262
-3.991935 -0.253876
-3.121921 -2.500722
1.162467 -3.827358
-3.023423 2.618952
-3.980226 -0.397246
-3.058629 -2.577749
-1.958500 -3.487733
-3.026539 -2.615351
-3.540792 -1.860859
-3.922639 -0.782879
-3.333191 -2.211297
-1.340168 -3.768813
-0.855456 -3.907454
-3.603138 1.737065
0.586313 -3.956796
-3.971256 0.478675
-3.990979 -0.268484
-0.707531 -3.936928
-3.751656 -1.387470
-3.680882 -1.565602
-3.363083 -2.165566
-3.601412 -1.740641
-2.397614 -3.201788
-3.063507 -2.571950
-3.279291 -2.290470
-1.318860 -3.776322
-2.917953 -2.735973
-3.961416 -0.554242
-3.981129 0.388083
-3.969245 0.495069
-0.842757 -3.910212
-3.969031 -0.496782
-3.717198 -1.477307
-3.965873 0.521395
-3.664132 1.604413
-2.815517 -2.841279
-3.143554 -2.473473
-3.893267 0.917862
-3.532261 -1.877000
-1.745188 -3.599211
-3.995102 -0.197887
-3.889301 0.934527
-3.935651 0.714596
-3.992519 0.244531
-1.975311 -3.478239
-1.060644 -3.856817
-0.074789 -3.999301
-2.656186 2.990766
-3.775985 -1.319824
-2.474868 -3.142456
-3.750448 1.390734
-3.988284 0.305929
-3.357645 -2.173988
-3.886061 -0.947906
-1.460618 -3.723788
-3.655765 1.623386
-3.985032 0.345715
-3.899690 -0.890179
-0.389214 -3.981019
-0.413712 -3.978548
-3.631776 -1.676366
-3.964757 -0.529815
-3.590412 -1.763220
-3.507154 -1.923505
-2.455290 -3.157776
-3.052277 -2.585267
-3.849072 -1.088416
-2.343034 -3.241942
-3.982136 0.377619
-3.676376 -1.576153
-2.993183 2.653461
-3.921439 -0.788872
-3.864508 -1.032267
-3.988293 0.305810
-3.064339 -2.570959
-1.473042 3.718891
-2.969968 -2.679420
-3.966599 0.515838
-3.982233 -0.376586
-1.013323 -3.869519
-3.761952 -1.359306
-3.999960 0.017861
-3.638461 -1.661808
-2.546509 3.084687
-3.880463 0.970572
-3.999521 0.061893
-3.987354 0.317812
-3.918263 -0.804499
-3.745447 -1.404146
-1.187303 -3.819727
-1.643628 -3.646709
-3.985587 -0.339260
-3.814394 1.204325
-3.713602 -1.486326
-2.794077 -2.862365
-3.473435 -1.983746
-2.847854 -2.808866
-3.492624 1.949764
-3.899051 -0.892972
-3.969586 -0.492328
-3.958758 0.572918
-2.627261 -3.016206
-1.916786 -3.510830
-2.806452 -2.850233
-1.951468 -3.491672
-3.776390 1.318667
-2.373070 -3.220022
-2.582161 -3.054905
-3.998824 -0.096993
-3.986094 -0.333248
-3.981287 0.386461
-2.816639 -2.840166
-1.377831 -3.755207
-3.998297 0.116712
-3.285391 2.281712
3.658711 -1.616734
3.991754 0.256718
3.146198 -2.470109
3.919491 -0.798493
3.780707 1.306236
3.979718 0.402303
3.869971 -1.011594
3.620449 -1.700690
3.912295 0.833036
3.623234 -1.694750
3.952385 -0.615345
3.952008 0.617763
3.297456 -2.264240
3.996176 0.174874
2.687822 -2.962366
3.887669 -0.941290
3.952707 -0.613273
3.936165 -0.711760
3.995361 0.192591
3.731891 1.439789
3.999905 -0.027567
3.999121 -0.083846
3.838589 -1.124828
3.991244 0.264519
3.922889 -0.781626
3.310534 -2.245076
2.954341 -2.696640
3.965738 -0.522418
3.942426 0.676221
3.991382 0.262431
3.987548 -0.315376
2.580185 -3.056574
2.440938 -3.168884
3.966689 -0.515152
3.943534 -0.669734
1.535556 -3.693517
3.810028 1.218068
3.926293 -0.764347
3.428634 -2.060211
3.999815 -0.038433
3.972165 0.471069
3.935310 -0.716472
3.929801 -0.746097
3.227698 -2.362618
3.736522 -1.427728
3.832857 -1.144206
2.573675 -3.062058
3.991904 0.254362
3.898133 -0.896972
3.983148 -0.366787
3.917132 -0.809987
3.785934 -1.291009
3.991974 0.253271
3.968784 -0.498756
3.865805 1.027401
3.950340 -0.628343
3.096204 2.532493
3.928411 -0.753381
3.884883 0.952726
3.876680 -0.985571
3.982404 -0.374783
3.883557 -0.958114
3.537558 1.866998
3.543064 -1.856529
3.999524 0.061723
3.864582 -1.031991
3.956176 0.590482
3.755850 1.376078
3.336288 2.206622
3.990878 0.269989
3.998833 0.096631
3.930608 0.741835
3.999049 -0.087202
3.987978 0.309889
3.707898 -1.500497
3.430883 -2.056464
3.798681 -1.253005
3.946643 0.651159
3.366882 -2.159655
3.822320 1.178928
3.986725 -0.325609
2.396311 -3.202764
3.977943 0.419484
3.960006 -0.564224
2.778534 -2.877455
3.945931 0.655463
3.577692 -1.788888
3.991407 -0.262056
3.740715 1.416705
3.982731 0.371284
3.993249 0.232303
2.762547 -2.892807
3.923582 -0.778141
3.872961 -1.000087
3.999184 -0.080806
2.642798 -3.002602
3.610926 -1.720818
3.089735 -2.540381
3.991204 -0.265129
3.611254 -1.720129
3.993961 0.219711
1.720591 -3.611034
3.837389 -1.128915
3.999988 -0.009866
3.295312 -2.267359
3.937107 -0.706534
3.828479 1.158771
3.810716 -1.215912
3.164801 -2.446228
3.801457 -1.244557
3.999282 -0.075807
3.941507 0.681557
3.994400 -0.211591
3.705487 -1.506441
3.999981 -0.012214
3.654356 -1.626556
2.642788 -3.002611
3.990395 0.277034
3.999992 -0.007753
3.945030 0.660864
0.388419 -3.981097
2.518603 -3.107513
3.823221 -1.176002
3.445610 -2.031691
3.654016 -1.627319
3.718089 -1.475064
3.059467 2.576754
3.989359 0.291567
3.428449 -2.060518
3.969175 0.495628
3.960294 0.562199
3.407327 -2.095262
3.103291 -2.523804
3.987976 -0.309919
3.692262 -1.538570
3.987622 -0.314435
3.761757 -1.359848
3.909303 -0.846966
3.899841 0.889519
3.900865 0.885013
3.712530 -1.488999
3.590145 -1.763763
3.606253 -1.730588
2.882488 -2.773313
3.999818 -0.038187
3.748320 -1.396459
2.506797 -3.117045
3.998894 0.094045
3.817161 -1.195527
3.910332 0.842201
3.887051 0.943842
3.887856 0.940519
2.781855 -2.874245
3.977645 -0.422308
3.999835 0.036318
3.996312 -0.171716
3.210040 2.386555
3.105622 -2.520935
3.968283 -0.502719
3.993160 -0.233826
3.635029 -1.669300
3.135792 -2.483306
2.194345 -3.344376
3.954353 -0.602568
3.588088 -1.767943
3.888261 -0.938843
3.774495 -1.324081
3.998881 -0.094592
3.999744 -0.045217
3.997719 0.135080
2.805546 -2.851125
3.952382 0.615370
3.997345 -0.145725
3.999889 0.029766
3.993402 0.229659
3.753738 -1.381829
3.994801 -0.203883
3.543031 -1.856591
3.999783 0.041680
3.995634 0.186847
3.997077 0.152894
3.776738 -1.317669
3.970807 0.482380
3.192931 -2.409397
3.902086 0.879618
2.985829 -2.661733
3.639652 -1.659197
3.762979 -1.356463
3.979190 -0.407485
3.556995 -1.829695
3.931554 0.736806
2.482460 -3.136461
3.908423 -0.851016
3.738496 -1.422551
3.535469 -1.870950
3.688095 1.548534
3.994850 0.202915
3.497429 -1.941131
0.384927 -3.981436
3.670854 -1.588971
3.974279 -0.452884
3.845670 -1.100374
3.820421 -1.185068
3.298868 -2.262183
3.993268 -0.231963
3.288799 -2.276797
3.723594 -1.461113
3.864514 1.032247
3.962319 0.547745
3.820359 -1.185268
3.997794 0.132817
3.969291 -0.494703
3.537933 -1.866289
3.914510 0.822562
3.961966 -0.550292
3.161007 -2.451130
3.891877 -0.923739
3.755270 -1.377661
3.961574 0.553113
3.893641 -0.916274
3.999966 0.016473
3.891471 -0.925446
3.916722 0.811965
3.877949 -0.980568
3.965824 -0.521767
3.985630 -0.338756
3.828602 -1.158365
3.881263 -0.967365
3.506291 -1.925078
3.979986 -0.399638
3.704928 -1.507816
3.914640 -0.821944
3.981512 -0.384140
1.593235 3.669006
3.954739 -0.600032
3.998435 -0.111879
3.498649 -1.938931
3.720359 -1.469329
3.989400 -0.291013
3.989161 0.294272
3.425228 -2.065868
3.442806 -2.036440
0.785445 -3.922127
3.993548 0.227106
3.997263 0.147946
3.968753 0.498998
3.999709 0.048272
1.590273 3.670290
3.876307 -0.987038
1.553293 -3.686093
3.789665 -1.280015
3.977112 0.427291
3.836286 1.132655
3.967029 -0.512523
3.783177 -1.299067
3.994783 -0.204234
3.290485 -2.274358
1.297848 3.783595
3.954106 -0.604193
3.926556 -0.762994
3.494123 -1.947076
3.446752 2.029755
3.904141 -0.870450
3.989253 -0.293019
3.890963 -0.927581
3.676801 1.575161
3.983971 0.357734
3.737891 -1.424137
3.953815 0.606092
3.868867 1.015808
3.975627 0.440897
3.999521 -0.061920
3.999975 0.014140
3.969780 -0.490765
3.863274 1.036876
3.707083 1.502510
3.915366 0.818481
3.985891 -0.335673
3.848647 -1.089916
3.420226 -2.074139
3.625659 1.689556
2.618888 -3.023479
3.947267 0.647369
3.965922 -0.521024
3.884665 -0.953611
3.980309 0.396411
3.867606 -1.020598
3.795672 1.262091
3.326922 -2.220719
3.999237 0.078136
1.724979 3.608940
3.994929 0.201351
2.699991 -2.951279
3.999264 0.076728
3.929560 0.747370
3.994905 0.201830
3.999675 -0.050956
1.594169 3.668600
3.990110 0.281115
3.977573 0.422980
3.176141 -2.431487
3.734571 -1.432821
3.974825 -0.448073
3.711961 -1.490418
3.986227 0.331656
3.944667 0.663025
3.999897 -0.028771
2.313459 -3.263113
2.283453 -3.284181
3.692787 -1.537310
3.989464 0.290127
3.928004 -0.755505
3.523564 -1.893276
3.800840 -1.246440
3.833286 -1.142767
3.986788 -0.324847
3.716614 -1.478776
3.958003 -0.578113
3.923717 -0.777458
3.962338 0.547609
3.919257 0.799643
3.459305 -2.008284
3.874001 -0.996052
3.901024 0.884316
3.873423 -0.998294
3.978350 0.415605
3.991507 -0.260515
3.952752 -0.612986
3.832600 -1.145065
3.591895 -1.760196
3.506217 -1.925213
3.732478 -1.438265
3.926631 0.762608
3.764434 -1.352419
3.632698 1.674366
3.999709 -0.048285
3.966183 -0.519033
3.619815 -1.702039
3.743054 -1.410513
3.997474 0.142146
3.975050 -0.446067
3.668656 -1.594041
3.933115 -0.728427
3.732094 -1.439263
3.318685 -2.233009
3.655116 -1.624846
3.641731 1.654628
3.951271 0.622464
3.861421 -1.043757
3.294937 2.267904
3.506174 1.925290
3.985886 0.335726
3.937018 -0.707029
1.524209 3.698214
3.999217 -0.079131
3.786469 1.289438
3.341826 -2.198226
3.512432 1.913850
3.913390 0.827877
3.880619 -0.969947
3.974025 -0.455109
3.999394 -0.069643
3.949568 -0.633175
3.886621 -0.945608
3.363317 -2.165202
2.850031 -2.806657
3.921445 -0.788842
3.989061 0.295627
3.819348 -1.188522
3.925325 0.769299
3.786536 -1.289243
3.826480 -1.165354
3.938653 0.697863
3.345421 -2.192751
3.999931 0.023451
3.866806 -1.023626
3.998802 0.097887
3.895566 -0.908058
3.281345 -2.287526
3.993974 -0.219474
3.909302 -0.846971
3.837229 -1.129456
3.166159 -2.444471
3.763928 1.353827
3.459436 -2.008059
3.536893 -1.868258
3.992436 0.245881
3.882543 -0.962215
3.956234 0.590097
3.458499 -2.009673
3.686185 -1.553074
3.919844 -0.796758
3.456407 -2.013269
3.997110 0.152021
3.951743 0.619459
3.846303 -1.098158
3.999839 -0.035870
3.974521 0.450761
3.999787 0.041264
3.987888 0.311045
