-0.170971 3.996344
-1.501927 3.707319
-0.393022 3.980645
2.902566 2.752291
2.399954 3.200034
-0.734994 3.931893
-0.541000 3.963246
2.203403 3.338415
2.295491 3.275778
1.924153 3.506798
0.885121 3.900841
-0.077376 3.999252
-0.562827 3.960205
0.776545 3.923898
-1.376360 3.755747
-1.529950 3.695843
-0.026803 3.999910
1.662431 3.638176
-0.479388 3.971169
-0.855949 3.907346
1.348617 3.765798
-0.393023 3.980645
3.058365 2.578062
-1.041950 3.861909
0.728607 3.933082
-1.291520 3.785760
-0.668079 3.943814
-0.035234 3.999845
-0.842173 3.910338
-1.104130 3.844593
1.194456 3.817496
2.946253 2.705475
0.280254 3.990170
2.714623 2.937826
-0.307678 3.988149
1.175579 3.823351
0.245425 3.992464
1.315628 3.777449
1.188447 3.819371
1.177200 3.822852
-1.202112 3.815092
1.692400 3.624332
1.652840 3.642543
-0.981006 3.877838
0.341656 3.985382
2.010423 3.458063
1.395462 3.748691
0.322800 3.986954
1.023868 3.866742
0.388569 3.981082
-2.300797 3.272053
1.417955 3.740241
2.109894 3.398286
-0.242375 3.992650
0.897666 3.897973
-0.687186 3.940530
2.389543 3.207816
-0.221502 3.993862
2.069415 3.423086
-0.297797 3.988899
0.196860 3.995153
-0.563601 3.960095
-0.540864 3.963265
2.833290 2.823556
1.165908 3.826311
0.818024 3.915461
0.646341 3.947435
0.523628 3.965579
-0.592076 3.955938
-0.437618 3.975989
0.920853 3.892561
-0.381294 3.981785
2.793450 2.862977
1.448502 3.728517
-0.407097 3.979230
0.936888 3.888733
1.509617 3.704194
1.394498 3.749050
-0.658303 3.945458
1.979446 3.475887
1.412917 3.742147
-0.525122 3.965381
0.239712 3.992811
0.236630 3.992995
1.150937 3.830841
1.359980 3.761709
-0.393023 3.980645
-0.924612 3.891670
1.458774 3.724510
0.929919 3.890405
1.705630 3.618125
-0.586588 3.956755
1.121135 3.839669
-0.408752 3.979060
-0.318194 3.987324
2.020137 3.452397
-0.324959 3.986778
-0.597773 3.955081
1.858260 3.542156
-0.699516 3.938360
0.062943 3.999505
1.901716 3.519017
1.330632 3.772190
2.066288 3.424975
0.569667 3.959227
0.118388 3.998248
2.665763 2.982232
1.403349 3.745746
3.164409 2.446736
3.781846 1.302937
0.822425 3.914539
2.755888 2.899152
2.016870 3.454307
2.015331 3.455205
1.013343 3.869514
2.518503 3.107595
-2.023000 3.450720
0.907183 3.895769
2.059751 3.428910
0.232649 3.993229
1.022951 3.866985
2.622674 3.020195
0.432400 3.976560
-0.786162 3.921983
2.309706 3.265770
2.358400 3.230782
0.092195 3.998937
0.163871 3.996642
2.316308 3.261092
2.515982 3.109636
3.556987 1.829712
1.009881 3.870419
-0.891327 3.899428
2.062093 3.427503
0.692767 3.939553
-0.882564 3.901420
3.168540 2.441383
-0.482076 3.970844
1.127561 3.837787
1.676253 3.631828
-0.586852 3.956716
0.376976 3.982197
-1.447185 3.729029
-1.305119 3.781093
-0.235770 3.993046
-0.444152 3.975265
-0.311931 3.987819
2.552798 3.079484
1.057966 3.857552
2.141631 3.378375
-0.656687 3.945727
-1.408439 3.743835
0.057207 3.999591
0.890568 3.899601
1.215620 3.810809
0.812181 3.916677
0.967836 3.881146
-0.154223 3.997026
0.084052 3.999117
-0.629127 3.950215
0.485261 3.970456
-0.467102 3.972633
0.430438 3.976773
-1.431249 3.735174
3.173631 2.434762
-0.998759 3.873304
-0.050547 3.999681
-0.275833 3.990478
0.793316 3.920542
2.228762 3.321539
-1.161657 3.827604
0.606233 3.953793
0.233004 3.993208
-1.540785 3.691339
1.455708 3.725710
2.142204 3.378011
-0.741501 3.930671
1.656061 3.641080
-1.020351 3.867672
2.027775 3.447917
2.780341 2.875709
-0.182467 3.995836
2.919758 2.734047
-0.029786 3.999889
2.812886 2.843883
1.159145 3.828366
0.934695 3.889260
-0.243940 3.992555
-0.112457 3.998419
1.475181 3.718042
1.111272 3.842535
1.424969 3.737574
2.237558 3.315620
2.286088 3.282347
-0.215270 3.994203
-0.550803 3.961896
-0.439074 3.975829
-0.307236 3.988183
-1.159090 3.828382
-0.712170 3.936091
-1.161555 -3.827635
-3.306122 2.251568
-3.910988 0.839151
-0.961493 -3.882722
-0.947826 -3.886081
-2.855645 -2.800945
-3.993720 0.224064
-3.840202 1.119308
-3.635659 -1.667928
-3.926688 -0.762316
-1.465115 -3.722021
-3.985882 0.335780
-1.811867 -3.566110
-3.477821 1.976047
-3.941830 0.679688
-1.156079 -3.829292
-3.999842 0.035522
-1.062354 -3.856346
-3.683547 1.559320
-0.584745 -3.957028
-3.927963 -0.755716
-3.840726 1.117507
0.465751 -3.972792
-3.999531 -0.061241
-2.951278 -2.699992
-3.988114 -0.308130
-3.815179 -1.201835
-3.683696 1.558968
-3.626950 1.686782
-3.244004 2.340179
-0.485092 -3.970477
-3.974100 -0.454454
-3.961684 -0.552326
-3.865110 -1.030012
-3.998635 -0.104507
-3.096482 2.532154
-3.813477 1.207225
-3.909428 0.846389
-3.056702 -2.580034
-3.716383 1.479357
-3.292915 -2.270840
-0.286530 -3.989724
-3.452043 -2.020743
-0.079468 -3.999211
-3.971175 0.479344
-0.302821 -3.988521
-3.765134 1.350470
-3.585572 -1.773040
-3.533028 1.875557
-3.949978 0.630615
-3.489175 -1.955929
-2.718695 -2.934058
-3.384666 2.131674
-3.398163 -2.110092
-3.885925 0.948467
-3.001471 -2.644083
-1.178860 -3.822341
-1.953043 -3.490791
-3.384538 2.131877
-3.990748 0.271903
-1.460697 -3.723757
-3.921922 0.786465
0.683241 -3.941216
-0.863352 -3.905717
-0.955989 -3.884081
-2.901935 -2.752957
-2.088186 -3.411668
-3.328082 2.218980
-3.356743 -2.175380
-2.378603 -3.215937
-3.832491 1.145432
-3.005839 2.639116
-3.051353 2.586357
-2.717940 2.934757
-3.693387 1.535869
-3.960957 0.557513
-3.251436 -2.329843
-2.741870 -2.912413
-3.120105 -2.502987
-3.658248 1.617783
-3.985025 -0.345801
-2.758655 -2.896519
-2.519625 3.106684
-1.627413 -3.653974
-1.405344 -3.744998
-2.383711 -3.212152
-3.331777 -2.213428
-0.741098 -3.930747
-3.990351 0.277665
-3.657726 1.618962
-3.418637 -2.076757
-0.371428 -3.982718
-1.086054 -3.849739
-3.978248 0.416583
-3.841611 1.114462
-0.124661 -3.998057
-0.755999 -3.927908
-1.899227 -3.520360
-3.569779 1.804626
-2.270326 -3.293269
-3.807489 1.225979
-3.724883 1.457824
-1.365200 -3.759818
-3.986032 -0.333993
-3.979834 0.401148
-3.996758 -0.161024
-2.520649 -3.105854
-2.601888 -3.038121
-0.394016 -3.980547
-2.867522 -2.788784
-1.908501 -3.515341
-2.402153 -3.198384
-3.961365 0.554608
-3.960216 0.562754
-3.601119 1.741248
-1.555522 -3.685153
-3.335997 2.207062
-0.009668 -3.999988
-3.917697 0.807248
-3.763044 -1.356282
0.421470 -3.977733
-2.228841 -3.321486
-3.481898 1.968854
-2.982038 -2.665980
-2.761368 -2.893932
-3.918767 0.802039
-3.889221 0.934857
-3.377388 2.143186
-3.925843 0.766652
-1.539885 -3.691714
-1.310621 -3.779189
-2.040386 -3.440469
-3.992958 0.237247
-2.257591 3.302012
-2.204346 -3.337792
-3.953148 0.610424
-3.501902 1.933050
-3.474825 -1.981311
-3.868635 1.016692
-3.939460 -0.693293
-3.973922 0.456005
-3.474177 -1.982446
-3.565362 1.813338
-3.319205 -2.232236
-3.744245 -1.407350
-3.999966 -0.016372
-3.599647 1.744289
-3.068313 -2.566214
-3.952785 0.612774
-1.201688 -3.815226
-3.415813 2.081399
-3.852930 1.074676
-3.373641 -2.149080
-3.671000 1.588635
-2.380806 -3.214306
-3.899014 -0.893136
-3.193662 2.408428
-3.927938 -0.755845
-3.079020 2.553357
0.063670 -3.999493
-1.045058 3.861069
0.125741 -3.998023
-3.714800 1.483328
-3.622629 1.696041
-2.348747 -3.237806
-3.993714 -0.224167
-3.975402 0.442922
-2.905485 -2.749211
-3.526433 1.887927
-3.471096 1.987836
-2.653257 2.993364
-3.773946 1.325644
-3.912415 0.832470
-3.759758 -1.365364
-3.499570 -1.937268
-3.720380 -1.469276
-3.665288 1.601769
-3.506149 1.925336
-3.935666 0.714517
-3.552579 -1.838256
-2.486666 -3.133128
-2.315305 -3.261804
-3.512659 1.913434
-2.964214 -2.685784
-3.677370 1.573833
-3.531623 1.878202
-3.601248 -1.740981
-0.951212 -3.885254
-1.110569 -3.842738
-1.854578 -3.544085
-3.680448 1.566621
-0.587299 -3.956650
-1.463159 -3.722790
-3.817784 1.193535
-3.608222 1.726481
-3.349034 2.187230
-2.203783 -3.338164
-2.639498 -3.005504
-3.999007 0.089128
-3.800985 1.245997
3.836033 -1.133513
3.699330 -1.521498
3.558675 1.826427
3.349012 2.187263
3.777020 -1.316859
3.512152 1.914363
3.489291 1.955723
3.454905 -2.015845
3.998322 -0.115847
3.967873 -0.505947
3.982004 -0.379007
3.826462 -1.165413
3.971145 -0.479592
3.621300 1.698879
3.990708 0.272492
3.755432 1.377219
2.925013 -2.728424
3.819356 -1.188493
3.718427 1.474212
3.994767 -0.204543
3.982181 0.377144
3.813840 1.206079
3.713120 -1.487528
3.294605 2.268387
3.864037 1.034030
3.964800 0.529493
3.874508 0.994077
3.991456 0.261297
3.738381 -1.422851
3.919599 -0.797964
3.807255 1.226705
3.459784 -2.007459
3.509316 -1.919558
3.994427 0.211072
3.634475 -1.670506
3.823072 -1.176487
3.777035 1.316816
3.376589 2.144446
3.853934 1.071072
3.581649 1.780952
3.985784 -0.336933
3.959089 0.570629
3.998519 0.108837
3.872388 1.002304
3.999681 -0.050518
3.989735 0.286388
3.971082 0.480115
3.739827 1.419046
3.953450 0.608470
3.997473 0.142169
3.804130 1.236364
3.902505 0.877758
3.631282 -1.677435
3.998124 0.122492
3.911481 0.836851
3.942670 0.674799
3.984355 0.353433
3.887098 -0.943648
3.844162 1.105631
3.909285 -0.847047
3.592732 1.758488
3.906820 0.858348
2.505086 3.118420
3.980208 -0.397426
3.812149 -1.211411
3.991295 0.263745
3.909086 0.847964
3.998403 0.113003
3.291995 2.272173
2.912404 -2.741880
3.271222 2.301978
3.963461 -0.539421
3.459661 -2.007672
3.900443 -0.886873
3.948143 -0.642001
3.934908 0.718679
3.979319 -0.406228
3.038143 2.601863
3.985050 0.345507
3.923785 -0.777116
3.894461 0.912783
3.993858 0.221579
3.203356 2.395518
3.990246 -0.279175
2.837986 2.818836
3.979341 -0.406008
3.896910 0.902270
3.899852 0.889469
3.882453 0.962578
3.772511 -1.329722
3.969505 0.492977
3.955125 0.597483
3.965990 -0.520502
3.999519 0.062004
2.574126 3.061679
3.959849 -0.565329
3.999646 -0.053213
3.828815 1.157661
3.369707 2.155244
3.999629 0.054480
3.988187 0.307192
3.999682 -0.050468
2.942343 -2.709727
3.956893 -0.585662
3.997245 0.148427
3.985125 0.344637
3.952687 -0.613407
3.830343 -1.152593
3.154203 2.459878
3.988629 -0.301398
3.846572 1.097215
3.785578 1.292051
3.999686 0.050108
3.796079 -1.260865
3.992038 0.252250
3.999991 0.008698
3.995293 -0.193990
3.912484 0.832147
3.860252 -1.048072
3.740299 1.417803
3.429574 -2.058645
3.383819 -2.133019
3.894764 0.911489
3.997263 -0.147946
3.771524 -1.332520
3.417342 2.078887
3.948460 -0.640052
3.993287 -0.231643
3.691554 1.540268
3.502890 -1.931259
3.950950 -0.624496
3.880170 -0.971742
3.019170 -2.623854
3.156047 2.457512
3.974004 -0.455296
3.999602 -0.056395
3.987399 -0.317247
3.473195 1.984166
3.998443 0.111606
3.978325 -0.415846
3.875010 0.992119
3.873562 0.997755
2.432339 -3.175489
3.914214 0.823970
3.437986 -2.044567
0.536786 -3.963819
3.840603 1.117929
3.998691 -0.102306
3.995572 -0.188169
3.999994 0.007170
3.377377 2.143204
3.941045 0.684227
3.463090 -2.001752
3.999961 -0.017598
3.988248 -0.306393
3.599609 -1.744367
3.991078 0.267008
3.921598 -0.788078
3.833489 1.142087
3.684775 1.556417
3.700150 1.519502
3.599326 -1.744951
3.998084 0.123804
3.956126 -0.590819
3.962743 0.544673
3.775420 -1.321439
3.932911 0.729529
3.978181 0.417224
3.995521 -0.189237
3.894551 0.912401
3.844037 -1.106066
3.936528 0.709753
3.663928 1.604876
3.995760 -0.184132
3.540289 1.861814
3.808155 1.223909
3.762879 -1.356739
3.801935 -1.243098
3.646666 1.643723
3.977799 0.420851
3.999536 -0.060931
3.997419 -0.143677
3.936602 0.709342
3.999800 0.039958
3.992019 -0.252550
3.995951 -0.179923
3.999570 0.058637
3.774481 1.324119
3.478129 1.975504
3.971816 -0.473999
3.196003 -2.405320
3.972437 -0.468766
3.980603 0.393441
3.999881 -0.030840
3.926325 -0.764182
3.992651 -0.242365
3.974069 0.454728
3.746346 1.401746
3.418809 -2.076473
3.711461 1.491661
3.809561 -1.219525
3.514654 -1.909766
3.086298 -2.544556
3.487942 1.958126
3.045434 -2.593324
2.877020 -2.778984
2.415727 -3.188144
3.647771 -1.641270
3.385821 -2.129840
3.216568 -2.377749
3.031776 -2.609278
3.621797 -1.697818
3.804278 -1.235907
3.059061 -2.577236
3.763240 -1.355738
3.818801 -1.190278
2.382828 -3.212807
3.287137 -2.279196
3.974162 -0.453917
3.670732 -1.589252
3.509243 -1.919692
3.752414 -1.385420
3.536808 -1.868419
3.878076 -0.980064
3.587642 -1.768849
3.402903 -2.102439
3.618818 -1.704158
2.645024 -3.000642
3.938522 -0.698605
2.671048 -2.977499
3.629402 -1.681500
3.209810 -2.386864
3.924761 -0.772172
3.976688 0.431224
3.211717 -2.384298
2.911403 -2.742942
3.215637 -2.379008
3.934885 -0.718804
3.918234 -0.804638
3.342482 -2.197229
3.775067 -1.322449
3.568624 -1.806910
2.322763 -3.256497
3.854611 -1.068630
2.998688 -2.647238
3.577126 -1.790019
3.932273 -0.732960
3.960592 0.560097
3.694278 -1.533725
3.092996 -2.536411
2.433287 -3.174762
3.958338 -0.575809
2.911207 -2.743151
3.760615 -1.363002
3.497959 -1.940176
3.214244 -2.380890
3.488263 -1.957555
3.895903 0.906611
3.855835 -1.064206
3.266746 -2.308326
3.986995 0.322296
2.706102 -2.945677
3.772600 -1.329470
3.008564 -2.636008
3.943299 -0.671114
3.481453 -1.969642
3.578885 -1.786499
3.619728 -1.702225
3.624204 -1.692675
3.446727 -2.029796
3.529872 -1.881489
3.787291 -1.287022
3.363693 -2.164617
3.882683 -0.961652
2.465027 -3.150181
3.939940 -0.690562
2.401880 -3.198589
3.620776 -1.699995
3.225684 -2.365367
3.890294 0.930383
3.452617 -2.019762
3.999397 -0.069433
3.501213 -1.934297
3.258212 -2.320356
3.268049 -2.306481
3.450630 -2.023153
3.303282 -2.255732
2.810718 -2.846026
3.956294 -0.589695
2.997450 -2.648640
3.977078 0.427611
3.765777 -1.348674
3.884603 -0.953865
3.975065 -0.445937
3.656798 -1.621058
3.304541 -2.253888
3.252881 -2.327824
3.994820 0.203496
3.579738 -1.784789
3.356187 -2.176237
2.903813 -2.750976
3.812128 -1.211479
3.244560 -2.339408
2.968807 -2.680706
2.463083 -3.151701
3.958857 -0.572236
3.556279 -1.831086
3.258119 -2.320487
3.726170 -1.454529
2.952102 -2.699091
3.788716 -1.282820
3.521467 -1.897175
2.410301 -3.192249
3.399516 -2.107911
3.333108 -2.211422
3.139963 -2.478030
2.862621 -2.793815
3.111772 -2.513339
3.696650 -1.527999
3.262341 -2.314548
3.992270 0.248551
3.849898 -1.085489
3.997164 -0.150600
3.511969 -1.914699
3.305261 -2.252831
3.900812 -0.885250
3.764007 -1.353606
3.159515 -2.453052
1.114277 -3.841665
3.903474 -0.873436
3.458930 -2.008931
3.422186 -2.070904
3.162366 -2.449375
3.488632 -1.956898
3.468528 -1.992314
2.560950 -3.072709
3.769332 -1.338706
2.975578 -2.673188
3.710298 -1.494552
2.978129 -2.670346
3.367824 -2.158185
2.601901 -3.038109
3.598508 -1.746638
3.988625 -0.301451
3.393362 -2.117804
1.607477 -3.662788
3.717133 -1.477472
3.811012 -1.214985
2.889845 -2.765646
3.228270 -2.361837
3.403355 -2.101707
3.768268 -1.341698
2.571373 -3.063991
3.985084 0.345111
3.565228 -1.813601
3.390353 -2.122618
3.706467 -1.504029
3.625253 -1.690427
3.293430 -2.270092
3.660585 -1.612488
3.366018 -2.161000
3.205599 -2.392516
3.579392 -1.785483
3.595805 -1.752194
3.627072 -1.686520
3.797781 -1.255731
3.565779 -1.812518
3.749174 -1.394166
3.618753 -1.704296
3.675808 -1.577477
3.364886 -2.162763
3.734986 -1.431740
3.381812 -2.136199
3.561730 -1.820461
3.761858 -1.359568
3.026275 -2.615657
3.217334 -2.376713
2.698620 -2.952533
3.186558 -2.417818
3.517921 -1.903742
2.820243 -2.836588
3.509481 -1.919255
3.889035 -0.935633
3.183381 -2.422000
3.622894 -1.695476
3.313865 -2.240156
3.843272 -1.108719
3.962636 -0.545449
3.764887 -1.351157
2.945431 -2.706369
3.608086 -1.726765
3.908175 -0.852155
1.242048 -3.802278
2.712020 -2.940229
3.883456 -0.958523
3.558158 -1.827434
3.491386 -1.951979
3.285410 -2.281683
3.022040 -2.620549
3.420803 -2.073188
