1.687448 3.626640
2.150803 3.372543
2.529999 3.098242
2.409881 -3.192565
3.258322 2.320202
3.746408 -1.401580
1.683469 3.628489
2.249325 3.307648
3.752062 -1.386374
2.647593 2.998375
-0.022464 3.999937
2.825420 2.831431
0.508518 3.967545
2.164858 3.363538
2.810049 2.846686
0.080499 3.999190
0.405304 3.979413
1.535753 3.693435
2.744405 -2.910024
0.362635 3.983528
1.517911 3.700803
-2.133175 3.383720
3.903881 0.871616
3.298090 2.263317
1.516965 3.701191
0.269115 3.990937
1.186519 3.819970
3.176693 2.430766
1.120574 3.839832
2.413116 3.190121
2.114384 3.395494
1.468368 3.720739
3.707495 -1.501493
1.066867 3.855100
1.747238 3.598216
0.507596 3.967663
1.865098 3.538561
0.124686 3.998056
0.764253 3.926311
0.332476 3.986158
1.027531 3.865770
-0.187899 3.995584
0.784051 3.922405
0.979903 3.878117
1.616332 3.658889
-0.951879 3.885090
1.613220 3.660262
2.277945 3.288004
0.321204 3.987083
2.035145 3.443571
2.167213 3.362021
1.651810 3.643010
2.288854 3.280419
2.844653 2.812108
1.235759 3.804326
-0.195471 3.995221
1.051529 3.859312
-1.586103 3.672094
3.527550 -1.885839
0.224688 3.993684
2.556670 3.076270
0.678142 3.942096
-2.288866 3.280411
2.615933 3.026037
3.507890 -1.922162
-0.199077 3.995043
1.193646 3.817749
1.303988 3.781483
1.851403 3.545745
1.580952 3.674315
0.529353 3.964818
-2.017097 3.454174
2.212742 3.332233
3.828526 -1.158614
0.869531 3.904346
0.374169 3.982461
-0.291786 3.989343
-0.555928 3.961180
0.125729 3.998024
2.127044 3.387578
3.077714 2.554932
-0.689891 3.940057
3.747895 -1.397599
1.382398 3.753528
2.021341 3.451692
-0.394031 3.980545
0.709883 3.936504
-0.381484 3.981767
1.200859 3.815487
2.255890 3.303174
-0.707140 3.936998
2.325297 3.254688
3.283705 -2.284137
1.361597 3.761124
-0.364129 3.983392
3.303143 2.255935
2.744728 2.909719
3.971748 -0.474569
-0.108769 3.998521
0.499969 3.968631
-1.325989 3.773825
0.518673 3.966230
0.851366 3.908347
-1.105594 3.844172
-0.645894 3.947508
2.148985 3.373702
-0.046005 3.999735
-0.298403 3.988854
2.533281 3.095559
0.271645 3.990765
-0.655433 3.945936
2.062248 3.427409
2.309945 3.265602
3.531224 1.878951
1.860666 3.540893
1.645922 3.645674
1.336171 3.770232
2.759373 2.895835
1.540958 3.691267
0.193881 3.995298
1.405130 3.745078
0.993574 3.874637
0.719820 3.934699
2.221656 3.326296
0.510626 3.967274
0.165465 3.996576
3.163820 2.447497
3.529825 1.881578
-0.326609 3.986644
-0.056131 3.999606
3.533530 1.874610
1.481571 3.715501
3.538122 -1.865930
3.543856 -1.855017
3.409387 2.091909
-0.345781 3.985026
2.249732 3.307371
1.593716 3.668797
-0.776745 3.923859
3.193418 2.408751
-2.012636 3.456776
0.266544 3.991109
3.024327 2.617909
-0.308379 3.988095
1.809486 3.567318
0.171291 3.996331
0.582995 3.957286
2.190102 3.347156
3.269019 2.305106
3.674357 -1.580855
3.799991 -1.249026
1.123742 3.838907
-0.851765 3.908260
1.610386 3.661510
3.883920 -0.956642
0.703157 3.937711
2.098456 3.405361
1.443148 3.730593
1.368245 3.758711
0.028677 3.999897
-0.277788 3.990343
1.177008 3.822911
3.003597 2.641667
1.471069 3.719671
2.066827 3.424650
1.813676 3.565190
2.748140 -2.906498
1.842967 3.550137
0.532340 3.964418
1.712876 3.614700
3.180003 -2.426433
2.468191 3.147703
2.236206 3.316531
0.129825 3.997893
3.035317 -2.605158
2.500474 3.122119
1.103307 3.844830
0.417440 3.978158
1.312070 3.778686
2.146662 3.375180
1.299589 3.782997
2.347829 3.238472
-0.408507 3.979086
1.639553 3.648543
3.993993 0.219129
1.450151 3.727876
0.395088 3.980440
0.522647 3.965708
1.757268 3.593329
1.751930 3.595934
0.795522 3.920095
1.615490 3.659261
2.605303 -3.035193
3.133807 2.485810
2.423950 3.181897
2.725000 2.928203
2.739614 2.914536
1.610477 3.661470
-1.794925 3.574667
2.842174 2.814613
-3.173143 -2.435398
-3.619514 -1.702681
-1.508215 -3.704765
-0.079365 -3.999213
-2.306166 -3.268271
-3.977683 -0.421944
-1.273212 -3.791956
-1.478323 -3.716794
-3.958294 -0.576118
-3.664838 -1.602798
-1.772250 -3.585963
-2.930697 -2.722317
-3.394694 -2.115668
-1.606499 -3.663217
-0.513480 -3.966905
-1.482314 -3.715205
-2.089317 -3.410976
-3.720109 -1.469962
-2.655541 -2.991338
-3.916998 -0.810633
-1.876094 -3.532743
-1.537050 -3.692896
-1.518430 -3.700590
-0.840209 -3.910761
-2.040747 -3.440255
2.328556 -3.252357
-2.014965 -3.455418
2.331296 -3.250394
-2.833471 -2.823374
-1.275758 -3.791100
0.011578 -3.999983
-1.467744 -3.720985
-3.697947 -1.524857
-3.781288 -1.304555
-1.653406 -3.642286
-3.996872 -0.158162
-3.712779 -1.488379
-3.962286 -0.547983
-1.877391 -3.532054
-3.991257 -0.264332
-3.733277 -1.436191
-2.034733 -3.443815
-3.654752 -1.625665
-2.042458 -3.439239
-0.834626 -3.911956
-2.367511 -3.224111
-3.623979 -1.693156
-3.849728 -1.086090
-3.073012 -2.560585
-1.446325 -3.729362
0.913957 -3.894186
-3.565469 -1.813127
-2.702670 -2.948826
-3.155735 -2.457913
-2.521686 -3.105012
-2.991526 -2.655329
-3.879137 -0.975858
-3.218068 -2.375719
-1.607731 -3.662677
-1.953410 -3.490586
-3.758084 -1.369966
-3.661600 -1.610182
-3.759343 -1.366506
-3.210502 -2.385933
-3.823158 -1.176208
-3.648885 -1.638791
-3.338229 -2.203685
-3.914447 -0.822866
-2.852150 -2.804504
-3.069605 -2.564669
-1.867298 -3.537400
-3.713771 -1.485901
-3.757857 -1.370587
-1.040019 -3.862429
-3.964215 0.533856
-3.613715 -1.714953
-1.145292 -3.832533
-3.988176 0.307337
-2.034448 -3.443983
-3.736382 -1.428092
-0.507206 -3.967712
-0.393479 -3.980600
-2.600811 -3.039043
-1.965033 -3.484056
-3.824717 -1.171127
-3.997197 -0.149708
-2.593047 -3.045670
-3.246638 -2.336524
-3.740922 -1.416157
-2.087810 -3.411898
-1.420643 -3.739221
-2.739832 -2.914330
-2.968001 -2.681598
-1.632494 -3.651707
-0.269413 -3.990917
-2.532198 -3.096445
-1.034018 -3.864040
2.314222 -3.262572
-3.638447 -1.661838
-3.065304 -2.569807
-2.511589 -3.113185
-1.615076 -3.659444
-2.934735 -2.717965
-2.488908 -3.131348
-2.172886 -3.358358
-3.538945 -1.864369
-2.950586 -2.700749
-2.414476 -3.189091
-0.350588 -3.984606
-3.999955 -0.018950
-3.705846 -1.505559
-3.999119 -0.083963
-2.283138 -3.284400
-2.696797 -2.954198
-2.729243 -2.924249
-0.858552 -3.906775
-3.998186 -0.120453
-3.424435 -2.067183
0.794230 -3.920357
-2.991942 -2.654860
-3.119225 -2.504083
-0.662910 -3.944686
-1.929890 -3.503644
-0.663085 -3.944657
-3.796910 -1.258362
-0.290086 -3.989467
-1.981059 -3.474969
-2.897306 -2.757828
-1.838407 -3.552500
-3.590621 -1.762793
-1.611954 -3.660820
-2.359983 -3.229625
-3.968545 0.500652
-3.855155 -1.066668
-2.110560 -3.397872
-1.003940 -3.871964
-3.998199 -0.120029
-2.728123 -2.925294
-1.155854 -3.829360
-3.353146 -2.180919
-3.985394 0.341513
-1.767013 -3.588546
-0.977702 -3.878672
-1.172710 -3.824232
-3.423684 -2.068427
-3.996933 -0.156619
-2.078796 -3.417398
-2.123607 -3.389733
-2.677155 -2.972010
-2.488939 -3.131323
-3.927209 -0.759623
-1.011774 -3.869924
-1.919013 -3.509614
-2.408635 -3.193506
-2.552894 -3.079405
-3.213167 -2.382343
-3.987365 -0.317682
-0.801216 -3.918935
-1.530743 -3.695514
-2.390424 -3.207160
-2.787704 -2.868572
-3.125230 -2.496585
-0.514472 -3.966777
-2.626712 -3.016685
-3.724414 -1.459021
-3.032735 -2.608164
-3.995822 0.182782
-1.585627 -3.672300
-2.194766 -3.344099
-2.888780 -2.766758
-2.855669 -2.800920
-3.900965 -0.884573
-3.644104 -1.649396
-3.212007 -2.383907
-2.993773 -2.652795
-1.221430 -3.808951
-3.853030 -1.074319
-0.923991 -3.891817
-0.948699 -3.885868
-2.980355 -2.667862
-0.722948 -3.934126
-1.452045 -3.727139
-3.944238 -0.665575
-3.959996 -0.564299
2.331296 -3.250394
-2.373009 -3.220067
-3.959075 -0.570722
-3.830873 1.150830
-3.497007 -1.941891
-3.369324 -2.155842
-1.370757 -3.757795
-2.840425 -2.816378
-2.397509 -3.201867
-3.545448 -1.851971
-3.910171 -0.842950
-3.930414 -0.742864
-2.390772 -3.206900
-3.779441 1.309894
-3.800552 -1.247319
-3.523933 -1.892589
3.763384 1.355339
3.589435 1.765208
3.901674 0.881443
3.883130 0.959844
3.266639 2.308478
3.688887 1.546646
3.844752 1.103578
3.140188 2.477745
3.941410 0.682118
3.997578 0.139167
3.805286 -1.232802
3.265121 2.310624
3.978237 -0.416689
3.537667 1.866791
2.684102 2.965737
3.917401 0.808685
1.128018 3.837652
-0.730533 3.932725
3.313680 2.240429
2.320043 3.258435
3.142953 2.474236
3.988780 0.299384
1.909166 3.514980
3.640033 -1.658360
3.382208 2.135572
3.997354 0.145476
3.926828 0.761591
-0.890225 3.899679
2.262791 3.298451
3.591176 1.761662
3.931003 -0.739741
3.968205 0.503339
2.722442 2.930582
3.993241 -0.232431
3.722075 1.464976
1.906878 3.516222
3.171550 2.437472
3.993848 0.221757
3.454103 2.017219
3.951921 0.618323
3.964615 -0.530878
3.309549 2.246527
3.182527 2.423122
1.987178 3.471473
3.149359 2.466078
-1.558441 3.683919
3.940651 0.686491
3.770063 1.336646
2.675845 2.973189
3.511553 1.915462
2.847019 2.809712
3.181939 2.423894
2.339511 3.244486
3.819055 1.189461
3.983007 0.368312
3.999069 -0.086286
3.858669 1.053884
2.402806 3.197894
3.101254 2.526306
3.453573 2.018127
4.000000 -0.000127
2.000457 3.463838
3.188130 2.415745
2.107893 3.399528
3.910520 0.841331
2.882646 2.773148
3.037018 2.603175
3.613897 1.714570
3.090575 2.539360
3.579637 1.784994
2.959128 2.691386
3.994333 -0.212842
3.999220 -0.078986
2.551041 3.080940
2.610989 3.030303
1.858403 3.542081
3.790979 1.276117
3.987673 -0.313786
2.298582 3.273610
3.997726 -0.134861
-0.979515 3.878215
3.956747 -0.586644
-1.450509 3.727737
3.482722 1.967397
2.278024 3.287949
3.630495 1.679138
3.065393 2.569702
3.558483 1.826799
3.999964 0.016890
2.950953 2.700347
3.974717 -0.449023
2.992271 2.654490
3.338205 2.203722
3.928541 0.752705
3.410140 2.090680
3.159314 2.453311
3.952174 0.616704
3.232361 2.356235
3.984035 -0.357022
-1.381665 3.753798
3.766585 -1.346416
3.952090 0.617240
3.873457 0.998162
3.548449 1.846216
3.110319 2.515137
3.213662 2.381675
3.926545 0.763048
2.966121 2.683678
3.004678 2.640437
2.867751 2.788549
2.277625 3.288225
3.934666 -0.720002
3.665138 1.602113
3.258807 -2.319520
3.770549 1.335274
3.002583 2.642819
3.706353 1.504310
2.576171 3.059958
3.170884 2.438339
3.655403 1.624200
2.612894 3.028661
2.899338 2.755693
3.406559 2.096510
3.655615 1.623723
3.892876 0.919521
-1.590184 3.670329
3.468788 1.991861
3.998875 -0.094849
3.933061 0.728721
3.788302 1.284043
3.984664 -0.349930
-1.747364 3.598155
3.218858 2.374648
2.946122 2.705617
3.950266 0.628810
3.512399 1.913911
3.859840 1.049587
3.952278 0.616035
3.283126 2.284969
3.981653 0.382676
3.374807 2.147249
3.333896 2.210234
3.916727 0.811942
3.102321 2.524996
2.612434 3.029057
3.406184 2.097119
3.999191 -0.080443
-1.318638 3.776400
-2.202834 3.338791
3.587024 1.770102
3.541818 1.858905
2.407270 3.194535
-1.306677 3.780555
3.684995 1.555895
3.624872 1.691242
3.687793 1.549252
3.161305 2.450745
3.854415 1.069340
3.338961 2.202575
3.800757 1.246695
1.939024 3.498598
-1.763161 3.590441
2.996539 2.649671
3.781256 1.304647
2.030482 3.446323
-3.130883 2.489492
2.631028 3.012920
3.303766 2.255024
3.663914 1.604909
3.943602 -0.669332
3.921781 0.787169
3.981398 0.385321
2.635763 3.008779
3.904807 0.867456
3.767612 1.343541
1.918561 3.509861
1.378750 3.754870
3.183678 2.421609
3.835643 1.134833
2.893972 2.761327
3.251140 -2.330254
3.896271 0.905027
3.989024 0.296116
2.096125 3.406796
2.589871 3.048371
2.335065 3.247687
3.441200 2.039153
2.901828 2.753070
3.944731 0.662646
3.993437 0.229044
3.888020 0.939840
3.901904 0.880422
3.895274 0.909307
2.281903 3.285258
3.326169 2.221845
3.993795 0.222712
2.490674 3.129943
3.994015 0.218732
3.999992 0.008134
2.876467 2.779557
3.959801 0.565662
3.975534 -0.441731
3.269468 -2.304470
3.994745 -0.204968
3.975055 -0.446027
3.881796 -0.965227
3.323591 -2.225700
3.936878 -0.707807
3.730060 -1.444525
3.999130 -0.083405
3.994516 -0.209376
3.994863 0.202652
3.895626 0.907798
3.957593 -0.580911
3.933921 -0.724064
3.534260 -1.873235
3.960467 0.560985
3.926851 -0.761472
3.996029 -0.178185
3.973053 0.463515
3.881175 0.967720
3.999767 0.043193
3.981360 -0.385707
3.880184 -0.971685
2.566025 -3.068471
3.930614 -0.741803
3.681780 -1.563489
3.996000 0.178840
3.988836 -0.298643
3.998307 -0.116354
3.478240 -1.975309
3.997511 -0.141077
3.875893 -0.988662
3.978168 0.417347
3.988956 -0.297031
3.920991 -0.791096
3.744003 -1.407991
3.932473 -0.731885
3.190522 -2.412585
3.957076 0.584420
3.863770 -1.035027
3.985034 -0.345692
3.850931 -1.081818
3.999116 -0.084071
3.995391 -0.191961
3.900456 -0.886816
3.980994 0.389472
3.958188 0.576840
3.884419 -0.954613
3.768611 1.340734
3.932335 0.732624
3.998708 -0.101655
3.999773 0.042611
3.849294 -1.087630
3.999854 -0.034207
3.990619 -0.273789
3.905799 -0.862982
3.990901 0.269651
3.647540 -1.641782
4.000000 0.001501
2.855237 -2.801361
3.975359 0.443309
3.968042 0.504619
3.932370 -0.732440
3.242462 -2.342316
3.995412 -0.191538
3.812011 1.211846
2.930876 -2.722125
3.947182 -0.647887
3.958216 -0.576651
3.886559 -0.945863
3.814340 1.204495
3.972624 0.467184
3.395931 -2.113683
3.374868 -2.147153
3.942543 0.675539
2.976073 -2.672638
3.832133 -1.146629
3.853902 1.071187
3.336492 -2.206313
3.274856 -2.296806
3.812966 -1.208838
3.991986 -0.253078
3.761004 -1.361927
3.884180 -0.955587
3.554068 -1.835375
3.998771 -0.099149
3.653266 -1.629002
3.996882 -0.157916
3.734669 -1.432566
3.974716 -0.449039
3.992446 0.245719
3.938548 -0.698452
3.718063 1.475129
2.751322 -2.903486
3.330617 -2.215173
3.863041 -1.037743
3.942427 -0.676219
3.687582 -1.549755
3.406177 -2.097130
3.661205 -1.611080
3.997663 -0.136723
3.882178 -0.963687
3.727441 -1.451270
3.644220 -1.649140
3.932810 -0.730073
3.781853 -1.302916
3.931026 -0.739619
3.383767 -2.133101
3.716113 -1.480035
3.771113 -1.333682
3.711916 -1.490531
3.868991 1.015335
3.998884 -0.094488
2.333036 -3.249145
3.870607 -1.009159
3.951677 -0.619879
3.735885 1.429392
3.794072 1.266894
3.822602 -1.178012
3.850980 1.081645
3.832125 -1.146654
3.951538 0.620762
3.860929 -1.045575
3.996465 -0.168125
3.933957 -0.723867
3.521057 1.897936
3.994166 -0.215961
3.925386 0.768989
3.988746 0.299836
3.957045 0.584636
3.999679 0.050641
3.665973 -1.600200
3.995636 0.186799
3.678342 1.571560
3.921455 0.788793
3.952341 -0.615633
3.929179 -0.749371
1.499103 -1.582191
3.885803 -0.948964
3.852595 1.075877
3.287691 -2.278396
3.899215 -0.892258
3.998185 0.120477
3.852975 -1.074516
3.999839 0.035846
3.927227 0.759530
3.985865 0.335982
3.631402 -1.677177
3.994951 -0.200924
3.918075 -0.805414
3.985826 -0.336442
3.935877 0.713353
3.985060 -0.345396
3.990337 -0.277862
3.948085 -0.642361
3.782107 -1.302176
3.933997 -0.723651
3.945949 -0.655350
3.662353 -1.608467
3.981574 -0.383494
3.974975 -0.446739
3.928661 -0.752076
3.999189 -0.080539
3.620175 -1.701273
3.960306 -0.562115
3.532940 -1.875722
3.474377 -1.982096
3.642035 -1.653959
3.859493 -1.050865
3.997005 0.154757
3.977401 -0.424594
3.980543 -0.394048
3.612407 -1.717706
3.905095 -0.866159
3.292547 -2.271373
3.824313 -1.172446
3.984208 0.355083
3.999968 0.016063
3.866853 -1.023449
3.856444 1.061996
3.992097 -0.251318
3.397060 -2.111867
3.826709 -1.164602
3.930376 -0.743064
3.990058 -0.281844
3.884927 -0.952544
3.108967 -2.516808
3.941503 -0.681581
3.963775 -0.537110
3.998745 -0.100189
3.997683 0.136122
3.878123 -0.979879
3.961296 -0.555101
3.666669 -1.598606
3.990097 -0.281290
3.997362 0.145250
3.998812 0.097484
3.999925 0.024416
3.886945 -0.944276
