1.442255 3.730938
0.281770 3.990063
2.537334 3.092238
3.889591 0.933318
1.695963 3.622666
2.868963 2.787302
0.686984 3.940565
1.353543 3.764030
2.685219 2.964726
0.662483 3.944758
1.404026 3.745492
2.568503 3.066397
0.016886 3.999964
0.222108 3.993829
-0.227490 3.993526
-0.569954 3.959186
1.254888 3.798059
-1.750285 3.596735
3.299100 -2.261844
-1.002280 3.872394
2.237675 3.315541
3.329537 2.216796
2.274464 3.290413
2.406615 3.195028
-0.479378 3.971171
-0.752168 3.928644
1.494191 3.710444
-0.054166 3.999633
1.120574 3.839832
0.944393 3.886917
0.155496 3.996976
1.785358 3.579455
2.854387 2.802227
1.560931 3.682865
2.909428 2.745037
2.910676 2.743714
-0.388476 3.981091
0.746821 3.929664
1.004767 3.871749
2.584734 3.052728
-0.551904 3.961742
0.488500 3.970059
1.444068 3.730237
1.875169 3.533234
-0.101972 3.998700
-1.941059 3.497469
-0.491810 3.969650
-0.061104 3.999533
-2.733198 2.920553
-0.481724 3.970887
2.333492 3.248817
2.940940 2.711250
2.281347 3.285644
2.019897 3.452538
1.264919 3.794730
0.179297 3.995980
1.851232 3.545834
-0.112193 3.998426
3.187077 2.417134
2.237862 3.315414
1.039556 3.862554
-0.220715 3.993906
0.732504 3.932358
-0.093241 3.998913
3.938529 0.698564
-0.309438 3.988013
0.569221 3.959291
1.275779 3.791093
1.433128 3.734454
-0.147134 3.997293
1.594955 3.668258
1.861661 3.540370
0.063109 3.999502
3.996535 0.166450
1.415630 3.741122
2.315270 3.261828
3.308980 2.247366
3.241673 2.343406
0.697412 3.938733
-0.676605 3.942360
-0.900216 3.897385
0.353378 3.984360
3.999986 0.010690
0.340551 3.985477
-0.528347 3.964953
0.649636 3.946894
-1.089830 3.848671
-0.981560 3.877698
2.423252 3.182428
-1.092964 3.847783
1.926337 3.505599
0.848570 3.908955
3.609301 -1.724222
-1.696722 3.622311
1.484087 3.714497
2.377690 3.216612
1.565379 3.680977
3.398222 2.109997
2.280839 3.285996
2.133089 3.383775
2.577409 3.058915
1.065853 3.855380
3.042450 2.596825
0.556639 3.961080
3.980170 -0.397804
2.813292 2.843482
1.670760 3.634358
-0.467464 3.972591
1.722118 3.610306
0.070221 3.999384
-0.460665 3.973385
1.643295 3.646859
-1.399121 3.747327
1.612498 3.660581
0.016441 3.999966
1.176526 3.823060
1.816854 3.563571
2.357784 3.231231
-2.379482 3.215286
-0.128679 3.997930
0.005924 3.999996
1.544957 3.689595
3.988434 -0.303961
0.569738 3.959217
3.017326 2.625975
1.241715 3.802387
2.326456 3.253859
2.308098 3.266907
0.242784 3.992625
-0.056131 3.999606
1.129781 3.837134
0.887690 3.900257
3.767167 -1.344787
3.841632 1.114390
1.102197 3.845148
2.302144 3.271105
-0.972198 3.880055
1.849046 3.546974
-0.067828 3.999425
2.468833 3.147199
1.270888 3.792736
-0.871545 3.903897
1.651152 3.643309
1.764534 3.589766
0.395142 3.980435
0.641735 3.948187
3.216480 2.377868
0.124409 3.998065
2.617867 3.024363
3.516074 1.907150
3.782826 1.300086
3.963464 -0.539398
1.649059 3.644257
1.559363 3.683529
3.721242 1.467093
0.919130 3.892968
1.688244 3.626270
-0.032742 3.999866
1.629305 3.653131
-0.453671 3.974190
1.013623 3.869440
1.125154 3.838493
1.156220 3.829250
0.775672 3.924071
-0.619074 3.951803
-2.031152 3.445928
3.999943 -0.021440
-0.579276 3.957833
-1.653329 3.642321
3.516486 1.906391
3.336954 2.205615
0.774139 3.924374
0.400438 3.979906
-0.559842 3.960628
3.904552 0.868606
-0.032455 3.999868
0.655377 3.945945
0.366609 3.983164
2.688427 2.961817
3.941613 0.680943
-0.769591 3.925268
0.344611 3.985128
1.635766 3.650242
0.415387 3.978373
3.483264 -1.966436
1.107798 3.843538
0.911260 3.894818
-0.240155 3.992784
2.592942 3.045759
3.224727 2.366671
3.214990 2.379882
1.317940 3.776643
3.994591 -0.207958
-1.260020 3.796360
0.492881 3.969517
0.798395 3.919511
2.459599 3.154421
0.336671 3.985806
-0.290329 3.989450
2.647266 2.998663
-4.000000 -0.000444
-3.361395 2.168184
-3.875829 0.988915
-3.996527 0.166650
-3.994453 0.210582
-3.798072 -1.254852
-3.975718 -0.440078
-2.162373 -3.365136
-3.983012 -0.368265
-3.994665 0.206515
-3.654213 -1.626877
-3.895425 -0.908659
-3.978828 -0.411005
-3.469061 -1.991386
-3.986395 -0.329627
-3.808111 -1.224047
-3.773458 -1.327033
-3.988061 0.308820
-3.920747 -0.792303
-2.880453 -2.775427
-2.059677 -3.428955
-3.257209 -2.321764
-3.391627 -2.120581
-3.481367 -1.969793
-3.839778 1.120762
-3.762120 1.358842
-3.917318 0.809086
-3.973875 -0.456414
-3.947986 -0.642967
-2.945300 -2.706513
-3.951785 -0.619189
-3.799733 -1.249810
-3.998049 0.124927
-3.999660 -0.052144
-3.986446 -0.329008
-2.862787 -2.793645
-3.875272 -0.991093
-2.966825 -2.682900
-3.994627 0.207257
-3.788596 1.283177
-3.904500 0.868840
-3.994302 0.213424
-2.231918 -3.319419
-3.502842 1.931346
-3.664873 -1.602719
-3.967811 0.506431
-1.052232 -3.859120
-3.055340 -2.581647
-1.391160 -3.750290
-3.951747 -0.619430
-3.739999 -1.418592
-3.456329 2.013403
-1.791329 -3.576470
-3.449559 -2.024979
-1.264156 -3.794985
-1.096145 -1.518349
-3.047042 -2.591435
-3.213196 -2.382303
-3.954674 -0.600462
-3.435486 -2.048765
-3.937370 0.705064
-3.670141 1.590618
-3.967107 -0.511918
-3.398128 2.110149
-2.691573 -2.958958
-3.961779 -0.551643
-3.813951 1.205726
-3.016968 -2.626386
-3.775780 -1.320411
-1.279284 -3.789912
-3.482965 1.966966
-3.657881 -1.618613
-3.899961 0.888989
0.340365 -3.985493
-2.958468 -2.692112
-2.214962 -3.330757
-3.823866 -1.173903
-2.699107 2.952088
-3.724238 -1.459470
-3.995018 0.199579
-3.953482 -0.608259
-3.896110 0.905719
-3.960770 0.558841
-3.989981 0.282929
-3.995104 0.197848
-2.590713 -3.047656
-3.999934 -0.023006
-3.964871 0.528957
-3.932499 -0.731743
-3.909241 0.847253
-3.863557 -1.035821
-3.989989 0.282819
-3.753023 1.383769
-3.984023 -0.357153
-3.961384 -0.554467
-3.996086 0.176909
-3.990215 -0.279615
-3.530351 1.880591
-3.632311 1.675206
-2.961309 -2.688986
-3.961076 0.556665
-3.720591 1.468743
-3.751461 -1.387998
-3.017906 -2.625308
-1.955458 -3.489439
-3.795473 1.262689
-3.532439 -1.876666
-2.640965 -3.004214
-3.996491 -0.167518
-2.878578 -2.777370
-3.124365 2.497668
-3.074487 -2.558814
-3.528064 -1.884877
-3.905497 0.864347
-3.830222 1.152997
-3.733115 -1.436612
-2.850531 -2.806150
-3.780281 -1.307471
-2.017626 -3.453865
-3.947395 -0.646587
-3.997138 -0.151291
-3.248127 -2.334452
-3.991877 0.254783
-3.736977 -1.426536
-3.875738 -0.989268
-3.436191 -2.047582
-3.921869 -0.786731
-3.980117 0.398336
-3.994048 0.218127
-3.993638 -0.225504
-1.671699 -3.633927
-3.911827 0.835232
-3.807665 -1.225435
-3.531646 -1.878157
-3.999191 0.080450
-3.961419 -0.554217
-3.616627 1.708804
-3.322539 -2.227271
-2.781078 -2.874997
-3.759680 1.365580
-2.848481 -2.808230
-3.758322 -1.369312
-3.999003 0.089288
-3.809175 -1.220731
-2.936110 -2.716479
-3.936553 0.709611
-2.696313 -2.954639
-2.226392 -3.323128
-3.980011 0.399389
-3.452966 -2.019165
-3.975162 0.445067
-3.413085 -2.085870
-3.976151 -0.436144
-3.916345 0.813785
-3.386279 2.129111
-3.801204 -1.245329
-3.850294 -1.084084
-3.983551 -0.362385
-3.645593 -1.646102
-3.363990 -2.164157
-3.336216 2.206731
-2.918218 -2.735691
-3.917939 -0.806071
-2.368554 -3.223345
-3.663061 1.606855
-3.417825 -2.078093
-3.937779 0.702778
-3.992659 0.242227
-3.964432 -0.532243
-3.967642 0.507760
-0.790525 -3.921106
-3.931635 0.736376
-3.924853 0.771705
-3.998000 0.126486
-3.635659 1.667929
-3.929811 0.746047
-3.979350 -0.405920
-3.705224 -1.507088
-3.320163 2.230811
-2.585537 -3.052048
-2.707905 -2.944020
-3.507065 1.923668
-3.833610 1.141681
-3.960346 -0.561834
-3.987611 0.314580
-3.539708 -1.862920
-2.720789 2.932116
-3.451649 -2.021414
-3.969063 -0.496527
-1.051856 -3.859223
-3.943023 -0.672734
-3.138142 -2.480336
-3.205005 -2.393313
-3.850067 1.084890
-3.031016 -2.610161
-2.966404 -2.683365
-3.961393 -0.554404
-3.088933 2.541357
-2.780578 -2.875480
-3.700173 -1.519447
3.929368 -0.748376
3.924700 0.772481
3.806089 1.230321
2.776055 2.879847
3.995988 0.179115
3.904759 -0.867672
3.963066 0.542318
3.992236 -0.249110
3.996725 0.161825
3.802714 1.240713
3.562451 1.819051
3.757967 1.370285
3.030298 2.610995
3.837636 1.128074
3.571058 1.802095
3.613631 1.715129
3.972821 -0.465504
-3.900760 0.885480
2.068307 3.423756
3.824224 1.172737
2.327241 3.253299
3.989974 0.283038
3.974623 0.449855
3.959147 0.570223
3.395635 2.114158
2.978905 2.669481
3.336468 2.206350
-2.611676 3.029711
3.991657 0.258210
3.037020 2.603173
3.430992 2.056281
3.553585 1.836310
3.768309 1.341583
3.319689 2.231516
2.902090 2.752794
3.950440 0.627712
3.666084 1.599946
2.043222 3.438785
3.626627 -1.687476
3.966278 0.518307
2.266223 3.296093
3.999546 -0.060294
3.969254 -0.495000
3.997842 -0.131382
3.816479 -1.197703
-1.295866 3.784274
3.940651 0.686491
3.822201 1.179312
2.494764 3.126684
2.511236 3.113470
3.701303 1.516692
3.462321 2.003081
2.339511 3.244486
3.691955 1.539308
3.382761 2.134697
3.197977 2.402695
3.397737 2.110779
3.932186 0.733426
1.813446 3.565307
3.941636 0.680812
2.967105 2.682590
4.000000 -0.000528
3.414355 2.083790
3.413693 2.084874
3.290886 2.273779
3.935267 0.716709
3.211301 2.384857
3.872116 1.003353
3.920874 0.791671
2.990771 2.656179
3.822689 1.177730
2.774056 2.881773
2.944254 2.707650
3.792135 1.272678
3.801381 1.244791
3.782689 1.300487
2.846297 2.810444
2.736706 2.917266
3.774925 1.322853
2.596234 3.042954
-3.526698 1.887433
3.298032 2.263402
-3.052782 2.584671
2.299844 3.272723
3.538511 1.865192
3.724777 1.458095
3.956481 0.588438
2.821870 2.834969
3.393843 2.117033
1.558432 3.683923
3.174716 2.433347
3.998814 -0.097385
3.766093 1.347793
3.505389 1.926720
3.677285 1.574031
3.686627 1.552026
3.415330 2.082192
3.999046 -0.087363
3.143356 2.473725
-2.552161 3.080012
3.862896 1.038284
3.692980 1.536847
3.656067 1.622706
1.811581 3.566255
3.963979 0.535600
3.997841 0.131401
1.944387 3.495620
2.511196 3.113502
3.988521 -0.302820
3.716588 1.478842
3.957789 0.579577
3.409184 2.092239
3.533047 1.875522
2.697473 2.953581
3.029582 2.611825
3.965252 -0.526094
3.832401 1.145733
3.991753 0.256723
3.821021 -1.183131
3.834686 1.138061
3.884127 0.955801
2.514843 3.110557
3.986210 0.331853
3.685571 1.554530
2.898281 2.756804
-1.403822 3.745569
3.189108 2.414454
2.536564 3.092870
3.138607 2.479748
2.471529 3.145083
2.948064 2.703501
-3.176439 2.431097
2.683632 2.966162
3.996289 0.172260
3.533578 1.874521
3.530775 1.879794
3.962871 0.543742
2.601210 3.038701
3.600470 1.742588
3.250438 2.331234
3.757979 -1.370252
3.873320 0.998694
3.777239 1.316231
3.841507 1.114819
3.956358 0.589262
3.591205 1.761603
3.211806 2.384177
-3.334412 2.209456
-3.376361 2.144804
3.844825 1.103322
3.992087 -0.251485
3.999739 -0.045662
-3.401816 2.104197
2.694323 2.956454
3.396230 2.113201
2.514317 3.110982
3.253223 2.327347
3.546528 1.849903
3.466493 1.995852
3.800757 1.246695
3.793577 -1.268375
-1.780627 3.581810
3.782426 1.301251
3.999718 0.047456
3.931166 -0.738872
-1.682187 3.629084
3.998941 -0.092044
3.616840 1.708352
3.645320 1.646707
1.460781 3.723724
3.561323 1.821258
3.940696 0.686232
3.981553 0.383711
2.569818 3.065295
3.589509 1.765057
3.964050 -0.535078
2.081263 3.415896
3.183678 2.421609
3.878212 0.979525
3.510046 1.918222
1.771196 3.586484
2.850407 2.806276
3.428725 2.060060
3.775699 -1.320644
3.962869 0.543758
3.082460 2.549204
3.843942 1.106396
3.875684 -0.989480
2.215556 3.330362
3.601804 1.739831
2.501161 3.121569
3.369149 2.156116
3.948314 0.640949
3.584919 1.774362
3.881788 0.965255
3.698829 1.522716
3.948331 -0.640846
3.270065 2.303623
3.987118 0.320764
3.999095 0.085101
3.932902 -0.729574
3.844788 1.103452
3.972283 -0.470073
3.885224 0.951333
3.982455 -0.374238
3.974574 -0.450293
3.186204 -2.418285
3.932267 0.732989
3.997597 -0.138615
3.862291 -1.040532
3.922831 -0.781921
3.865882 -1.027112
3.997841 -0.131397
3.830247 -1.152911
3.716386 -1.479351
3.994095 0.217264
3.814965 -1.202514
3.982851 -0.369994
3.982612 -0.372560
3.835655 -1.134790
3.837187 1.129601
3.799410 -1.250794
3.999519 0.062015
3.951451 -0.621315
3.984191 -0.355283
3.806935 -1.227698
3.952628 -0.613787
3.999953 -0.019381
3.630994 -1.678059
3.997102 -0.152226
3.903728 -0.872299
3.722479 -1.463950
3.944511 -0.663955
3.971762 -0.474451
3.817314 -1.195036
3.981195 0.387410
3.993681 -0.224746
3.923173 -0.780200
3.933302 0.727417
3.968967 -0.497293
3.356030 2.176480
3.998727 0.100892
3.657884 -1.618606
3.604942 1.733318
3.898173 -0.896799
3.524713 -1.891136
3.969055 -0.496587
3.979158 -0.407804
3.947771 0.644287
3.977892 -0.419972
2.395325 -3.203501
3.653309 -1.628906
3.982414 -0.374674
3.953800 -0.606186
3.996757 0.161046
3.605105 -1.732980
3.793421 -1.268840
3.998226 0.119108
2.955337 -2.695549
3.966229 -0.518682
3.560089 -1.823668
3.999281 -0.075831
3.784461 1.295320
3.720184 -1.469773
3.958491 -0.574759
3.891702 -0.924475
3.722111 -1.464885
3.818062 -1.192645
3.985577 -0.339372
3.996364 0.170507
3.887197 -0.943238
3.983362 -0.364458
3.899237 -0.892160
3.825558 1.168376
3.815596 -1.200510
3.987287 -0.318654
3.199726 -2.400366
3.999999 -0.003073
3.924453 -0.773739
3.545595 -1.851690
3.986155 -0.332517
3.746956 -1.400114
3.788240 -1.284227
3.882375 -0.962892
3.945147 0.660161
3.936870 -0.707850
3.797410 -1.256853
3.987685 -0.313642
3.594578 -1.754711
3.277183 -2.293485
3.830639 -1.151610
3.984879 -0.347480
2.331425 -3.250301
3.893602 0.916439
3.635886 -1.667434
3.968616 0.500084
3.978739 -0.411867
3.913348 0.828075
3.960016 -0.564155
3.953627 -0.607319
3.882860 0.960934
3.413778 -2.084735
3.500475 -1.935632
3.852356 -1.076732
3.839443 -1.121908
3.895126 0.909941
3.882267 0.963331
2.409997 -3.192478
3.874932 -0.992423
3.994763 -0.204621
3.127294 -2.494000
2.607303 -3.033475
4.000000 -0.000839
3.905282 -0.865316
3.012139 -2.631923
3.993303 0.231364
3.896890 0.902356
3.876367 0.986801
3.881555 -0.966195
3.995004 -0.199854
3.988232 0.306598
3.950983 -0.624289
3.853959 -1.070981
3.864752 -1.031355
3.994637 -0.207059
3.577577 -1.789118
3.979016 0.409180
3.619499 -1.702713
3.806128 -1.230200
3.999951 -0.019800
3.513326 -1.912208
3.964757 -0.529816
3.986854 -0.324036
3.991888 0.254624
3.991922 -0.254080
3.451044 -2.022447
3.658330 -1.617597
3.940778 -0.685759
3.760000 -1.364697
3.984424 0.352654
3.999999 -0.003335
2.005305 -3.461033
2.935749 -2.716869
3.960034 -0.564034
3.981690 -0.382294
3.751073 -1.389047
3.999487 0.064085
3.715647 -1.481204
3.960373 0.561644
3.997006 -0.154742
3.957610 -0.580798
3.553672 -1.836141
3.884354 0.954879
3.990129 -0.280838
3.964697 -0.530263
3.998659 -0.103564
3.935891 -0.713276
3.986167 -0.332379
3.999983 0.011680
3.914911 -0.820653
3.871173 -1.006985
3.835983 -1.133681
3.833895 -1.140724
3.189229 -2.414294
3.985741 -0.337442
3.776340 -1.318809
2.524382 -3.102821
3.992580 -0.243534
3.795261 -1.263327
3.865650 -1.027985
3.976830 0.429913
3.686359 -1.552662
3.938572 -0.698321
3.856866 -1.060465
3.434610 2.050233
3.826578 1.165032
3.715319 -1.482027
3.781649 -1.303508
3.944861 -0.661869
3.864834 -1.031048
3.954523 -0.601457
3.747388 -1.398958
3.996862 -0.158403
3.912146 -0.833733
3.898454 -0.895575
3.183002 -2.422498
3.847005 -1.095696
3.995589 -0.187809
3.996656 -0.163534
3.999971 -0.015138
3.962803 -0.544233
3.409430 -2.091838
3.999590 0.057242
3.881285 -0.967276
3.936048 -0.712409
3.966378 -0.517541
3.967161 0.511498
3.906549 -0.859579
3.966484 0.516725
3.993558 -0.226930
