0.600967 3.954597
-2.549954 3.081839
0.332779 3.986133
-2.111626 3.397210
1.147087 3.831996
3.006709 2.638124
0.099884 3.998753
0.028613 3.999898
0.500478 3.968567
0.062011 3.999519
-0.544435 3.962776
1.861287 3.540566
-0.592816 3.955827
3.958042 0.577844
-1.820656 3.561630
-0.408352 3.979102
-0.625345 3.950816
0.337020 3.985777
-1.387640 3.751594
0.604888 3.953999
1.247739 3.800414
-0.393023 3.980645
1.933759 3.501511
-1.302947 3.781842
1.516705 3.701298
-0.387539 3.981182
-0.858789 3.906723
0.638818 3.948659
-0.984073 3.877061
-0.688841 3.940241
-0.895086 3.898567
-1.404347 3.745372
-1.766176 3.588959
1.475365 3.717970
-0.134143 3.997750
1.169751 3.825138
-2.225091 3.323999
-0.110599 3.998471
0.022171 3.999939
-1.820429 3.561747
-0.715641 3.935462
-0.467100 3.972634
1.113516 3.841885
0.078786 3.999224
1.377922 3.755174
3.460403 2.006392
-0.987598 3.876164
2.578932 3.057631
1.378908 3.754812
1.556460 3.684757
-1.060345 3.856899
-1.061128 3.856683
-0.574844 3.958479
1.351275 3.764845
0.912177 3.894603
-0.899954 3.897446
-0.187500 3.995603
3.435267 2.049132
3.569597 1.804986
-1.736815 3.603259
-1.139568 3.834239
-1.886593 3.527147
-1.391615 3.750121
1.967910 3.482431
2.092014 3.409322
-0.810821 3.916959
-1.294388 3.784780
-0.488779 3.970025
-0.594213 3.955618
-0.530524 3.964662
-0.138956 3.997586
-1.027847 3.865686
-0.521073 3.965915
0.052322 3.999658
-0.550186 3.961981
0.637000 3.948953
1.557182 3.684452
1.394498 3.749050
-1.518860 3.700414
-0.544863 3.962717
1.740805 3.601333
-1.525218 3.697798
-1.451920 3.727188
-0.457644 3.973734
2.550285 3.081566
1.257267 3.797273
-0.439119 3.975824
0.219992 3.993946
-0.659567 3.945247
-0.232598 3.993232
1.838355 3.552527
-0.951695 3.885135
-0.245631 3.992451
-0.745721 3.929873
-1.773222 3.585482
-2.547499 3.083869
-0.435599 3.976211
2.889647 2.765852
-1.572249 3.678048
-1.138348 3.834601
3.263037 2.313566
0.043688 3.999761
3.111038 2.514248
-2.022337 3.451109
-1.221842 3.808819
0.263252 3.991328
-0.007174 3.999994
1.617967 3.658166
-1.579129 3.675099
0.900489 3.897322
1.098019 3.846343
2.848165 2.808550
1.259256 3.796614
-1.019228 3.867968
-0.233786 3.993162
-1.934333 3.501194
-1.018858 3.868065
2.436758 3.172099
0.612716 3.952794
0.153112 3.997069
0.842060 3.910363
1.340773 3.768598
-0.544736 3.962734
-1.272861 3.792074
-0.245414 3.992464
-0.106237 3.998589
-1.268548 3.793519
3.381938 2.135999
2.935982 2.716618
0.572017 3.958888
0.295883 3.989042
0.862021 3.906011
-0.709368 3.936597
1.250786 3.799412
-0.946566 3.886388
3.373747 2.148914
-0.891837 3.899311
-1.007350 3.871078
0.838684 3.911088
-0.411395 3.978788
-0.954612 3.884420
-0.373486 3.982525
-1.107943 3.843496
0.981104 3.877813
2.737881 2.916164
0.065914 3.999457
1.147493 3.831874
1.042645 3.861721
2.188510 3.348197
1.760839 3.591580
-0.152834 3.997079
-1.385697 3.752312
-1.723682 3.609560
-0.878179 3.902410
1.005339 3.871601
-0.446589 3.974992
-0.066920 3.999440
0.590868 3.956119
1.117420 3.840752
3.454699 2.016198
3.721096 1.467463
-0.867944 3.904699
0.830511 3.912832
0.083959 3.999119
1.306014 3.780784
0.907195 3.895767
-1.558473 3.683906
2.431801 3.175900
3.661943 1.609401
-1.168386 3.825556
-0.598276 3.955005
3.275495 2.295894
2.092054 3.409298
-0.464590 3.972928
0.176519 3.996103
-1.213392 3.811519
-0.046971 3.999724
-1.504372 3.706328
-1.122931 3.839144
1.564165 3.681493
-2.039573 3.440951
-0.135233 3.997713
2.475750 3.141761
-0.578435 3.957956
1.394396 3.749088
0.491535 3.969684
0.601391 3.954533
3.169729 2.439839
-1.578141 3.675523
0.139411 3.997570
0.047321 3.999720
-0.562791 3.960210
0.253693 3.991947
-0.053406 3.999643
1.698348 3.621548
1.152756 3.830294
-0.533150 3.964310
1.052423 3.859068
0.659004 3.945341
-0.768380 3.925505
-3.481536 -1.969493
-3.966899 -0.513529
-3.351377 -2.183637
-3.926723 -0.762131
-3.429140 -2.059369
-3.975541 -0.441674
-3.946653 -0.651098
-3.751318 -1.388385
-0.488450 -3.970065
-3.613659 -1.715070
-3.607342 -1.728317
-3.999733 0.046192
-2.625317 -3.017898
-3.986333 0.330374
-2.932824 -2.720026
-3.518266 -1.903104
-3.959633 -0.566839
-2.005356 -3.461004
-3.986871 -0.323818
-3.951488 -0.621081
-3.997422 -0.143596
-0.639324 -3.948578
-1.995419 -3.466743
-0.536640 -3.963839
-3.890881 -0.927926
-3.906578 0.859448
-2.129697 -3.385911
-3.993386 0.229938
-2.809783 -2.846949
-3.992202 -0.249645
-3.880120 -0.971940
-3.487592 -1.958750
-3.998158 0.121388
-3.534098 -1.873541
-3.992881 -0.238546
-3.219748 -2.373441
-3.640377 -1.657606
-2.213021 -3.332047
-3.655123 -1.624831
-3.791318 -1.275110
-3.966406 -0.517320
-2.799947 -2.856623
-2.465093 -3.150129
-3.947620 -0.645210
-3.656155 -1.622509
-3.928862 -0.751028
-3.882832 -0.961049
-2.285640 -3.282659
-3.759242 -1.366785
-3.995762 -0.184071
-3.807384 -1.226305
-3.899109 -0.892722
-3.995582 0.187955
-3.613472 -1.715465
-3.915662 -0.817063
-3.507183 -1.923453
-3.933545 0.726102
-3.997958 0.127784
-3.773473 -1.326990
-3.664554 -1.603447
-3.886593 0.945725
-1.671584 -3.633979
-3.856296 1.062535
-3.063656 -2.571772
-4.000000 -0.001497
-3.089349 -2.540850
-3.098596 -2.529566
-3.716967 -1.477890
-3.970368 0.485984
-3.995391 0.191966
-3.989980 0.282945
-3.786257 -1.290062
-3.544533 -1.853723
-3.655286 -1.624464
-3.836768 -1.131022
-2.514313 -3.110986
-3.958246 -0.576448
-3.666777 -1.598357
-3.903001 0.875548
-3.514402 -1.910230
-3.823929 -1.173699
-3.966127 -0.519455
-2.758695 -2.896481
-3.663207 -1.606521
-3.516401 -1.906548
-3.170149 -2.439294
-2.842451 -2.814333
-3.999999 -0.002573
-3.849618 -1.086480
-3.686695 -1.551863
-3.818465 -1.191356
-3.631020 -1.678003
-3.892669 -0.920394
-3.955411 -0.595587
-3.923067 -0.780732
-3.879750 -0.973415
-3.938466 0.698915
-1.887853 -3.526473
-2.453338 -3.159293
-3.887392 -0.942436
-2.906039 -2.748625
-3.986784 -0.324885
-3.398357 -2.109780
-3.964481 -0.531873
-3.919091 -0.800454
-3.955565 -0.594563
-3.999380 0.070442
-3.989591 -0.288380
-3.694311 -1.533645
-3.948503 -0.639786
-3.101506 -2.525997
-3.808805 -1.221886
-3.948893 -0.637375
-3.898817 -0.893995
-3.489685 -1.955019
-3.948282 -0.641149
-3.925000 -0.770957
-3.875695 -0.989436
-3.997344 0.145729
-3.973906 -0.456149
-3.999654 0.052608
-3.085763 -2.545204
-3.895615 -0.907848
-3.120255 -2.502801
-3.808715 -1.222165
-3.647802 -1.641200
-3.725265 -1.456846
-3.699540 -1.520988
-3.999940 -0.021860
-3.975994 -0.437577
-3.823998 -1.173473
-1.730331 -3.606377
-3.848027 1.092101
-3.995321 0.193410
-3.566713 -1.810679
-3.653258 -1.629021
-3.186236 -2.418243
-3.743236 -1.410031
-0.388728 -3.981067
-3.981253 -0.386818
-3.189351 -2.414134
-3.859198 -1.051947
-3.970139 -0.487852
-3.890729 -0.928562
-1.810455 -3.566827
-3.908583 -0.850283
-3.865917 -1.026978
-3.619590 -1.702519
-3.863732 -1.035171
-3.377212 -2.143464
-3.074497 -2.558802
-0.374109 -3.982467
-3.922260 -0.784780
-3.260441 -2.317223
-2.693414 -2.957282
-2.709983 -2.942107
-3.902424 -0.878117
-3.777742 -1.314788
-3.996266 -0.172784
-3.023940 -2.618356
-3.778191 -1.313497
-3.733855 1.434686
-3.851120 -1.081146
-3.817269 -1.195181
-2.602230 -3.037828
-1.242210 -3.802225
-2.563962 -3.070196
-3.727702 -1.450600
-3.747230 1.399380
-3.919827 -0.796841
-3.953300 -0.609439
-2.770099 -2.885577
-3.005318 -2.639709
-0.360726 -3.983701
-3.982830 -0.370225
-3.780672 -1.306337
-2.394345 -3.204233
-3.942010 -0.678644
-3.934120 -0.722979
-3.258896 -2.319396
-3.998961 0.091144
-3.962549 -0.546084
-3.862555 -1.039551
-2.433007 -3.174977
-2.847801 -2.808919
-3.808766 -1.222008
-2.671697 -2.976917
-3.960472 -0.560949
-3.726686 -1.453208
-3.240527 -2.344991
-3.530348 -1.880597
-3.521771 -1.896610
-3.292240 -2.271818
-3.993103 0.234791
-3.972621 -0.467206
-3.837829 -1.127417
-3.894845 -0.911145
-3.648206 -1.640303
-2.438350 -3.170875
-2.816836 -2.839971
3.942762 0.674261
3.360385 -2.169749
3.432204 -2.054258
3.597579 -1.748550
2.065489 -3.425457
3.539855 -1.862639
3.999315 0.074016
3.575631 -1.793003
3.949714 0.632264
3.399588 -2.107796
3.135523 -2.483645
3.957861 -0.579079
3.852603 -1.075850
3.855396 -1.065795
3.957451 -0.581876
3.651951 -1.631947
3.915462 -0.818020
3.793676 -1.268078
3.799450 -1.250672
3.992899 -0.238230
3.965693 -0.522762
2.768517 -2.887094
3.977970 -0.419236
3.912974 0.829841
3.731418 -1.441015
3.578880 1.786509
3.933812 -0.724656
3.738767 -1.421838
3.376492 -2.144598
3.992084 -0.251532
3.293994 -2.269274
3.704233 -1.509523
3.310055 -2.245782
2.630921 -3.013014
1.756863 -3.593526
3.958261 0.576341
3.996042 0.177896
3.545309 -1.852237
3.993522 -0.227550
3.409474 -2.091766
3.762938 1.356577
3.881525 0.966313
3.969674 -0.491620
3.997188 -0.149950
3.999039 -0.087675
3.892118 0.922723
3.995673 -0.186007
3.929572 -0.747302
3.996349 -0.170865
3.998708 -0.101674
3.990318 0.278134
3.999594 0.056977
3.585419 -1.773350
3.884194 0.955531
3.671747 -1.586906
3.986564 -0.327576
3.707200 -1.502220
3.805531 -1.232044
3.778835 -1.311643
3.934392 -0.721497
3.934571 0.720522
3.998052 -0.124813
3.975809 -0.439257
3.918496 0.803360
3.118679 -2.504764
3.999487 0.064077
2.668279 -2.979981
3.973704 -0.457902
3.741491 -1.414652
3.931758 -0.735714
3.755455 -1.377155
3.943186 -0.671775
3.970706 -0.483211
3.997514 -0.141008
3.494713 -1.946016
3.732858 1.437278
2.422142 -3.183274
3.965792 -0.522008
3.613232 -1.715969
3.994798 0.203928
3.860258 -1.048050
3.922889 -0.781627
2.923059 -2.730517
3.995784 -0.183606
3.984255 -0.354560
3.724311 1.459282
3.798773 -1.252728
3.704839 -1.508035
3.641552 -1.655022
3.878164 -0.979717
3.939896 0.690808
3.758080 -1.369976
3.945365 -0.658858
3.996167 0.175074
3.362141 -2.167027
3.839779 -1.120759
3.969920 -0.489627
3.950556 -0.626982
3.861927 1.041882
3.846299 -1.098172
3.893985 -0.914814
3.919769 0.797129
3.855773 1.064430
3.312857 -2.241646
3.907204 -0.856596
3.990592 0.274179
3.996855 -0.158599
3.947947 -0.643205
3.923948 -0.776294
3.990590 -0.274212
3.416569 -2.080157
3.735656 -1.429991
3.950178 -0.629358
2.862169 -2.794278
3.878077 -0.980060
3.732425 -1.438404
3.591563 -1.760873
3.664787 -1.602915
3.209617 -2.387123
3.998762 -0.099509
3.448656 -2.026517
3.873416 0.998322
3.735772 -1.429687
3.162664 -2.448991
3.902276 0.878771
3.961801 -0.551481
3.770714 -1.334809
3.979814 -0.401348
3.970288 0.486632
3.982272 -0.376180
3.924641 -0.772783
3.981221 0.387141
3.906873 0.858105
3.877871 0.980877
3.999944 0.021216
3.995634 0.186840
3.992603 0.243147
3.767233 1.344602
3.981848 0.380636
3.801902 -1.243199
3.974413 -0.451706
3.950790 0.625506
3.631739 -1.676445
3.960840 -0.558344
3.986924 -0.323163
3.997012 0.154589
3.949776 -0.631880
3.968684 -0.499544
3.986024 -0.334084
3.892100 -0.922801
3.875539 0.990050
3.475946 -1.979343
3.742822 1.411128
3.901845 -0.880687
3.641625 -1.654862
3.392714 -2.118841
3.723119 -1.462321
3.516969 1.905500
3.988282 -0.305954
3.863818 1.034847
3.698794 -1.522801
3.991010 -0.268025
3.777229 -1.316262
3.678715 -1.570687
3.802820 -1.240388
2.998862 -2.647041
3.683240 -1.560047
3.918597 0.802869
3.376315 -2.144877
3.997931 -0.128639
3.683064 -1.560460
3.999997 0.004775
3.409817 -2.091208
3.991727 0.257134
3.916770 -0.811735
3.588297 1.767519
3.678864 1.570337
3.817648 1.193970
3.998886 0.094388
3.617012 -1.707987
3.792041 -1.272959
3.690318 -1.543228
3.972104 -0.471582
3.955148 -0.597330
3.869249 -1.014352
3.895510 0.908294
3.999621 0.055038
3.994945 -0.201037
3.961816 0.551378
3.998325 0.115730
2.679696 -2.969718
3.679205 1.569538
3.151257 -2.463652
3.982416 -0.374653
3.149826 -2.465481
3.186406 -2.418019
3.958024 -0.577965
3.912639 0.831417
3.955947 -0.592019
3.942927 0.673293
1.864986 3.538620
3.125461 2.496296
3.142794 -2.474439
2.975371 -2.673418
2.342020 3.242675
3.991292 -0.263798
3.903972 -0.871206
3.996170 -0.174999
3.147001 2.469086
2.203116 3.338605
3.655594 -1.623771
2.275533 3.289673
3.999575 -0.058280
1.362958 3.760631
2.718888 2.933879
3.965934 -0.520933
3.786862 -1.288285
3.771152 1.333572
3.822954 -1.176869
3.001456 2.644100
3.761578 1.360342
2.922556 2.731056
3.061757 2.574033
1.415119 3.741315
3.960594 -0.560087
3.259365 2.318736
2.075316 3.419512
3.586251 1.771667
2.702799 2.948707
2.709143 2.942880
3.182851 -2.422697
2.755444 2.899574
3.964602 0.530973
-0.033600 3.999859
2.004626 3.461426
3.549990 1.843250
3.988824 0.298798
3.337516 -2.204765
3.581873 -1.780502
3.137854 2.480700
3.645548 1.646202
2.141369 3.378541
3.857530 -1.058046
2.245920 3.309961
3.889377 -0.934208
3.930799 0.740824
3.817221 -1.195335
0.368670 3.982974
2.840511 -2.816292
3.372817 -2.150373
3.860623 -1.046703
2.121589 3.390997
3.651526 -1.632899
3.874811 -0.992894
3.702274 1.514320
2.144155 3.376773
2.581417 3.055534
-0.350648 3.984601
3.953812 -0.606112
3.895756 0.907241
3.605337 -1.732497
3.571960 1.800307
2.631655 3.012373
3.105761 2.520763
3.657809 -1.618775
3.305019 2.253186
2.746155 -2.908373
2.582861 3.054314
3.808534 1.222731
3.453903 2.017562
3.767478 -1.343916
3.974605 -0.450016
3.660009 1.613796
3.977676 -0.422013
2.707271 2.944602
3.657939 1.618481
3.312716 -2.241855
3.460063 2.006979
3.346427 2.191216
3.982282 -0.376075
3.286431 2.280212
3.995189 -0.196135
3.359433 2.171222
2.451822 3.160470
1.806834 3.568663
3.646063 1.645061
2.847837 2.808883
3.790014 -1.278982
3.203193 -2.395737
3.120345 -2.502688
0.039401 3.999806
3.990016 0.282436
3.998183 -0.120558
3.717764 -1.475884
2.047839 3.436038
3.722764 1.463225
3.553880 1.835739
0.068907 3.999406
2.954208 2.696787
1.847716 3.547668
3.980033 0.399169
1.437812 3.732653
3.461706 2.004144
2.937607 2.714860
1.558981 3.683691
2.413534 3.189804
3.986585 0.327325
3.929011 -0.750246
2.161477 -3.365712
3.362574 -2.166355
1.886290 3.527309
2.687679 2.962496
2.072427 3.421264
3.651490 1.632978
3.545149 1.852543
3.862161 -1.041016
2.895332 2.759900
3.900262 0.887668
2.916613 2.737402
3.669624 1.591811
3.998221 0.119275
2.577341 3.058972
2.187024 3.349168
1.104652 3.844443
2.313729 3.262922
3.604320 -1.734611
3.892647 -0.920489
2.717746 -2.934937
1.035790 3.863566
2.765626 2.889864
1.651753 3.643036
2.021885 3.451374
2.822046 2.834794
3.655636 -1.623676
3.763476 1.355082
3.813356 -1.207607
2.806252 2.850430
2.514378 -3.110933
2.695806 2.955102
2.938994 2.713359
3.926290 -0.764362
3.369692 -2.155266
2.749093 2.905596
2.771325 2.884399
3.719953 1.470357
3.006818 2.638000
2.030848 3.446108
3.733845 -1.434714
1.638864 3.648853
3.434706 2.050071
3.685742 1.554125
3.665988 1.600166
2.381488 3.213800
1.193922 3.817663
3.260997 2.316440
3.484825 1.963668
2.885940 -2.769721
3.501493 1.933791
3.709348 1.496909
3.414723 2.083188
3.301012 2.259053
2.612444 3.029049
3.307036 2.250226
2.741161 2.913080
1.722955 3.609907
1.606216 3.663341
3.612323 -1.717883
2.203458 3.338379
2.510633 3.113956
3.973195 0.462303
3.537101 1.867865
1.342696 -3.767913
3.559550 1.824720
3.850472 -1.083451
3.768348 -1.341476
3.311861 2.243117
3.013549 2.630309
2.679845 2.969585
2.866877 2.789447
3.655973 1.622917
3.734041 1.434203
1.926846 3.505319
3.824089 -1.173175
3.185469 2.419253
0.297755 3.988902
1.244308 3.801539
2.560737 3.072885
2.575062 3.060891
3.871101 1.007261
2.342680 3.242198
2.944674 2.707194
3.999978 0.013345
3.614729 -1.712815
2.745927 2.908588
3.992060 -0.251910
3.423248 2.069148
3.040451 2.599165
3.985265 0.343019
3.713889 -1.485607
3.745379 -1.404328
