1.877674 3.531903
-0.114925 3.998349
1.528527 3.696432
2.612962 3.028602
0.088096 3.999030
2.334352 3.248200
0.244035 3.992549
2.551103 3.080889
-1.709508 3.616294
3.003273 2.642035
3.843730 1.107130
1.719373 3.611614
1.555386 3.685210
-0.425982 3.977253
0.648977 3.947003
-0.455502 3.973980
1.670610 3.634427
1.630736 3.652492
2.187328 3.348969
0.516702 3.966487
-3.202201 2.397062
-1.340271 3.768776
1.351478 3.764772
2.595563 3.043526
1.115826 3.841215
2.331453 3.250281
0.404459 3.979499
0.465230 3.972853
-0.484949 3.970494
1.263679 3.795144
0.078089 3.999238
1.746371 3.598637
1.886766 3.527055
-0.992709 3.874859
2.973027 2.676025
0.006290 3.999995
-0.000024 4.000000
1.775185 3.584511
1.207776 3.813303
1.950025 3.492478
1.455643 3.725735
1.724700 3.609073
1.298503 3.783370
0.564991 3.959897
0.875088 3.903104
-0.268907 3.990951
1.854496 3.544128
0.011445 3.999984
1.775123 3.584542
2.106677 3.400281
1.064603 3.855726
1.235064 3.804552
0.139406 3.997570
1.994951 3.467012
0.426832 3.977162
1.391577 3.750135
1.979299 3.475971
0.176642 3.996098
3.256788 2.322354
2.853587 2.803041
3.152984 2.461441
1.967485 3.482672
-0.670300 3.943437
1.625159 3.654977
2.431966 3.175774
2.001739 3.463097
0.816915 3.915693
0.671320 3.943264
0.441332 3.975579
0.518594 3.966240
2.857206 2.799353
1.174093 3.823808
0.380373 3.981873
2.910632 2.743760
1.898659 3.520667
-0.392101 3.980736
1.337871 3.769629
2.294967 3.276145
3.614282 1.713758
2.498802 3.123458
-0.051460 3.999669
0.368222 3.983016
2.949547 2.701884
2.502500 3.120495
1.112648 3.842137
-0.369098 3.982934
1.823811 3.560016
2.236760 3.316158
3.694129 1.534082
2.487024 3.132844
-0.893469 3.898937
2.705792 2.945962
0.853826 3.907810
1.406265 3.744652
2.234809 3.317473
0.306566 3.988235
2.014139 3.455900
2.643213 3.002237
1.204466 3.814349
0.772698 3.924658
0.041793 3.999782
1.646733 3.645308
3.584396 1.775418
1.190518 3.818726
-1.628478 3.653500
1.634780 3.650684
1.788233 3.578019
-3.463148 2.001651
2.505082 3.118423
3.137845 2.480712
-0.128198 3.997945
-0.782831 3.922649
-0.498224 3.968850
2.556481 3.076427
0.329877 3.986374
0.745015 3.930007
1.243359 3.801849
1.102802 3.844974
-0.719044 3.934841
2.401191 3.199107
3.152027 2.462666
2.602142 3.037904
-0.410780 3.978852
0.160964 3.996760
1.377045 3.755495
1.070849 3.853996
2.723891 2.929235
2.939060 2.713287
2.165087 3.363391
1.488344 3.712793
1.809279 3.567423
1.395241 3.748773
2.859778 2.796724
1.915274 3.511656
2.743066 2.911286
-0.730128 3.932800
0.203604 3.994815
0.613195 3.952720
1.338570 3.769381
-2.928255 2.724945
0.827621 3.913444
1.912029 3.513424
2.813799 2.842980
1.498861 3.708560
-0.300826 3.988672
0.698049 3.938620
1.666147 3.636476
1.692566 3.624254
-2.909840 2.744600
2.804046 2.852600
0.853878 3.907799
-3.233040 2.355303
2.358480 3.230723
0.850623 3.908509
2.951948 2.699260
-0.921420 3.892427
-0.086487 3.999065
1.268243 3.793621
2.149295 3.373504
2.023568 3.450387
-0.228387 3.993475
1.082433 3.850758
1.549330 3.687760
0.813214 3.916463
3.294711 2.268233
0.443382 3.975351
2.241029 3.313274
1.603291 3.664622
-0.531200 3.964571
1.014425 3.869230
2.664637 2.983238
2.308430 3.266672
1.139268 3.834328
2.047182 3.436429
1.333841 3.771057
2.626615 3.016769
-2.888063 2.767507
2.001433 3.463274
3.298055 2.263367
-3.085219 2.545864
0.177909 3.996042
0.000511 4.000000
2.544483 3.086358
-0.171720 3.996312
2.675719 2.973303
1.917376 3.510508
3.172899 2.435716
1.468187 3.720810
3.076662 2.556198
3.242399 2.342402
-0.932155 3.889870
2.779664 2.876364
1.862057 3.540162
1.434624 3.733879
0.216028 3.994162
2.233446 3.318391
1.731308 3.605908
1.236911 3.803952
2.119911 3.392046
0.569571 3.959241
1.045906 -3.860839
0.021643 -3.999941
1.942690 -3.496564
1.496443 -3.709536
0.104961 -3.998623
-0.244623 -3.992513
1.265327 -3.794595
1.300286 -3.782758
-1.110126 -3.842866
0.976696 -3.878926
0.806963 -3.917756
-0.233678 -3.993169
1.938113 -3.499102
0.872656 -3.903648
2.513574 -3.111583
-1.228937 -3.806536
0.716552 -3.935296
1.711442 -3.615379
1.336004 -3.770291
0.751059 -3.928856
0.137073 -3.997651
0.508920 -3.967493
1.001321 -3.872642
0.619393 -3.951753
1.931758 -3.502615
0.376998 -3.982194
1.556455 -3.684759
2.854272 -2.802344
0.926502 -3.891220
1.185596 -3.820257
1.449030 -3.728312
-0.000392 -4.000000
0.569670 -3.959227
1.301677 -3.782279
-0.871121 -3.903991
1.526769 -3.697158
2.394243 -3.204309
2.353885 -3.234073
0.994004 -3.874527
0.509117 -3.967468
2.273965 -3.290757
1.430481 -3.735468
-0.935628 -3.889036
1.810245 -3.566933
2.352478 -3.235096
1.461546 -3.723423
1.645356 -3.645930
1.987441 -3.471322
0.120170 -3.998194
-0.683653 -3.941144
-0.748596 -3.929326
0.101195 -3.998720
-1.591462 -3.669775
1.143981 -3.832924
1.926614 -3.505447
1.266333 -3.794259
2.476220 -3.141391
1.037200 -3.863187
0.113697 -3.998384
2.721994 -2.930998
-0.752270 -3.928624
1.000137 -3.872948
1.468319 -3.720758
2.439953 -3.169642
0.100467 -3.998738
2.998086 -2.647920
2.852669 -2.803975
0.992065 -3.875023
2.486432 -3.133314
0.839255 -3.910966
-1.841227 -3.551040
1.652485 -3.642704
1.367272 -3.759065
1.779031 -3.582603
-0.146178 -3.997328
-0.732734 -3.932315
2.482430 -3.136485
-0.444679 -3.975206
1.402758 -3.745967
2.113492 -3.396050
0.789472 -3.921318
3.785896 -1.291120
2.338358 -3.245317
1.017399 -3.868449
-0.284255 -3.989887
2.469972 -3.146305
2.466099 -3.149342
0.979321 -3.878264
2.059273 -3.429197
-0.082311 -3.999153
0.233932 -3.993154
0.653209 -3.946304
-0.529015 -3.964864
0.950558 -3.885414
2.183004 -3.351790
1.036138 -3.863472
1.069700 -3.854315
1.678855 -3.630626
1.957635 -3.488218
-1.182541 -3.821203
2.544476 -3.086364
0.514228 -3.966809
1.235782 -3.804319
0.590347 -3.956196
-2.223813 -3.324854
0.687778 -3.940427
0.607743 -3.953562
0.937907 -3.888487
1.190738 -3.818657
0.161492 -3.996739
1.030870 -3.864881
-0.234338 -3.993130
1.191963 -3.818275
1.546885 -3.688787
1.031611 -3.864683
2.024648 -3.449754
1.720416 -3.611117
0.591323 -3.956051
1.932008 -3.502477
-1.118275 -3.840503
0.515702 -3.966617
0.194311 -3.995278
0.456495 -3.973866
2.186399 -3.349576
1.911958 -3.513462
1.784144 -3.580060
1.699865 -3.620837
1.098879 -3.846097
1.059256 -3.857198
-0.757104 -3.927696
0.821283 -3.914779
2.384909 -3.211263
1.706119 -3.617894
1.800570 -3.571827
0.250342 -3.992158
3.107841 -2.518199
-1.263326 -3.795261
2.609688 -3.031423
1.010030 -3.870380
1.914732 -3.511951
-0.778414 -3.923528
0.177281 -3.996069
1.088249 -3.849119
-1.038420 -3.862860
-1.004468 -3.871827
-0.838534 -3.911120
-0.010031 -3.999987
1.115809 -3.841220
1.602094 -3.665146
1.991418 -3.469042
-1.714213 -3.614066
0.994967 -3.874279
1.720782 -3.610943
1.771122 -3.586520
1.375371 -3.756109
-1.662819 -3.637998
1.249520 -3.799829
-0.232539 -3.993235
0.897741 -3.897956
-1.645497 -3.645866
2.518871 -3.107296
-1.622896 -3.655982
0.452416 -3.974333
2.457451 -3.156095
1.850856 -3.546031
2.063047 -3.426928
2.199658 -3.340884
1.455754 -3.725692
1.925551 -3.506031
1.299021 -3.783192
-0.208098 -3.994583
1.664375 -3.637287
0.523701 -3.965569
2.124230 -3.389343
2.309704 -3.265772
1.993831 -3.467656
0.445505 -3.975113
1.015283 -3.869005
1.314587 -3.777812
1.416982 -3.740610
0.526346 -3.965219
-0.064585 -3.999479
-0.571633 -3.958944
2.939080 -2.713266
1.949752 -3.492630
0.744747 -3.930057
2.582805 -3.054360
-0.437673 -3.975983
1.407168 -3.744313
0.602124 -3.954421
1.813884 -3.565084
-0.171793 -3.996309
1.574702 -3.676998
0.604670 -3.954033
0.825302 -3.913934
0.642233 -3.948105
1.433508 -3.734308
-0.604804 -3.954012
0.851703 -3.908273
2.326545 -3.253796
3.979113 -0.408242
2.799412 2.857148
3.025298 2.616786
1.840197 3.551573
3.999907 -0.027295
3.807235 -1.226770
3.546303 1.850333
3.998100 0.123275
3.994493 0.209818
3.295710 2.266780
3.850142 1.084622
3.422127 2.071001
3.960888 0.557999
3.930661 -0.741556
3.992414 -0.246234
3.625771 -1.689315
3.948799 0.637958
-0.259848 3.991551
3.999846 -0.035074
3.366370 2.160452
3.646661 1.643735
3.157621 2.455489
3.611557 1.719494
3.994449 -0.210654
3.708643 1.498656
3.392222 2.119629
3.967885 0.505858
-0.605348 3.953929
3.494860 1.945753
3.992360 0.247100
3.997340 0.145847
3.369685 2.155277
3.513691 1.911537
3.663890 1.604964
3.969718 0.491261
3.791497 -1.274579
3.889264 0.934679
3.722860 1.462980
3.967084 0.512097
3.649076 1.638367
2.730281 -2.923280
3.824377 1.172237
3.998606 -0.105608
3.784559 1.295034
3.975737 0.439901
-1.575975 3.676452
3.409612 2.091541
2.922275 2.731357
3.882164 0.963743
3.755066 1.378215
3.898335 0.896092
3.858221 1.055523
3.987214 0.319572
3.219426 2.373878
3.904378 0.869387
3.989567 -0.288706
3.916412 0.813462
3.971287 0.478413
2.810191 -2.846547
3.955801 0.592994
3.903335 0.874058
3.751545 -1.387772
2.978107 2.670371
3.957243 -0.583292
3.979354 0.405881
3.510269 1.917815
3.965737 0.522428
3.998351 0.114837
3.725592 -1.456009
3.259973 2.317882
2.530442 3.097881
3.994628 0.207236
3.978003 0.418915
3.348756 2.187655
3.831944 1.147258
3.999962 0.017348
3.229962 2.359522
3.853429 -1.072886
3.782929 1.299789
3.251340 2.329976
-2.578334 3.058136
3.922534 -0.783407
-1.687147 3.626780
3.711629 1.491245
3.966562 0.516124
3.939688 0.691994
3.509101 1.919951
3.328003 2.219098
3.255119 -2.324693
3.973266 0.461689
3.958003 0.578113
3.830369 1.152509
3.612998 1.716464
3.831405 1.149057
3.347819 2.189089
3.471421 1.987269
3.892257 0.922135
3.897386 0.900214
0.773888 3.924423
-2.020609 3.452121
3.905011 0.866538
2.571596 3.063804
3.999745 -0.045158
3.989263 -0.292882
3.997449 0.142838
3.353035 2.181091
3.776193 -1.319229
3.943244 0.671436
3.706780 1.503257
3.651371 1.633244
3.873059 0.999707
3.926927 0.761080
3.956933 0.585387
3.598978 -1.745667
3.525391 1.889873
3.983859 0.358981
3.778155 1.313599
3.930158 0.744215
3.426156 2.064329
3.992585 0.243436
3.943647 0.669064
3.601495 1.740469
3.729048 1.447135
3.979276 -0.406644
2.903314 2.751503
-1.552139 3.686579
2.974581 2.674297
3.938279 0.699971
2.711988 2.940259
3.784923 1.293971
3.642285 1.653408
-0.575399 3.958398
3.989234 -0.293276
3.284100 2.283569
3.958009 0.578071
3.990525 0.275152
3.889116 0.935295
3.727551 1.450986
3.993400 0.229691
3.589004 1.766083
2.928894 2.724258
3.299275 2.261589
3.998126 0.122426
3.185638 2.419031
3.996573 -0.165550
2.475826 3.141701
3.847267 -1.094775
0.700405 3.938202
-0.604789 3.954015
3.208677 2.388386
3.997359 0.145338
3.985159 -0.344251
-2.461237 3.153144
3.299677 2.261002
3.914357 -0.823294
3.994466 -0.210339
3.933963 0.723833
3.831373 1.149165
3.698466 1.523598
3.999908 -0.027198
3.915826 0.816278
-2.366162 3.225101
3.783448 1.298276
3.988556 -0.302361
3.201587 2.397883
-2.871930 2.784245
3.840576 -1.118022
3.226222 2.364634
3.947945 0.643217
3.921678 0.787680
3.999545 0.060323
3.935795 0.713806
3.510111 1.918103
3.992435 -0.245893
3.952008 -0.617767
3.968551 0.500602
3.345722 -2.192292
3.927847 -0.756321
3.975629 0.440881
3.951386 0.621731
3.977031 0.428044
2.329417 3.251741
3.917001 -0.810619
3.927429 -0.758487
3.249523 2.332509
3.816261 1.198396
3.995621 0.187117
3.938538 0.698514
3.966664 -0.515344
3.937282 -0.705557
3.970926 -0.481400
3.948012 0.642810
3.880798 -0.969232
3.997374 0.144931
3.975063 -0.445956
3.737701 1.424637
3.965764 -0.522224
3.574550 1.795158
3.782704 1.300444
3.912922 0.830086
1.629833 3.652895
2.955130 2.695776
3.999988 -0.009739
2.719381 2.933423
3.905152 -0.865904
3.973784 -0.457211
3.982311 0.375764
3.964735 -0.529979
3.983298 -0.365155
3.360644 2.169348
3.932438 -0.732073
2.694423 2.956363
3.613200 -1.716039
3.997758 -0.133896
3.971281 -0.478462
3.823512 1.175057
3.853137 1.073934
3.225439 2.365701
3.359770 2.170702
3.349319 2.186793
3.959237 -0.569600
3.251556 2.329674
3.982766 0.370913
3.495347 1.944878
3.891316 -0.926099
3.984389 0.353046
3.838926 1.123676
2.919872 -2.733925
3.539848 1.862653
3.720370 1.469300
3.118216 2.505340
3.295544 2.267022
3.460399 -2.006400
3.961372 -0.554557
3.529802 1.881621
3.977923 -0.419672
3.946095 -0.654471
3.741548 1.414504
3.090606 2.539321
3.180385 2.425933
3.627374 -1.685870
3.807235 -1.226768
3.999988 -0.009728
3.578468 1.787335
3.687547 1.549838
3.999681 0.050552
3.680874 1.565620
3.867696 -1.020260
3.564745 1.814551
3.942386 0.676454
3.219447 2.373849
3.990491 0.275643
3.796944 1.258260
3.855060 1.067010
3.509425 -1.919358
3.523338 1.893698
3.485490 1.962489
3.788801 -1.282569
3.962688 -0.545076
3.997675 0.136357
3.998587 0.106307
3.942367 -0.676569
3.567190 -1.809738
3.590914 1.762196
3.638592 1.661521
3.747589 -1.398420
3.661824 1.609671
2.825631 2.831221
3.996185 -0.174649
3.878475 -0.978485
2.682763 2.966948
3.820222 -1.185710
3.107172 2.519024
3.063024 2.572525
3.757797 1.370752
3.430431 -2.057218
2.701084 2.950279
3.964695 -0.530280
3.407383 2.095172
3.408858 2.092771
3.931512 -0.737030
3.867851 1.019672
3.984204 0.355128
3.675274 1.578722
3.956128 0.590808
3.846404 -1.097805
3.999976 -0.013748
3.208161 2.389081
3.051701 2.585947
2.604582 3.035811
3.989739 -0.286326
3.976780 -0.430370
3.546300 1.850339
3.533244 1.875149
3.999997 0.005234
3.989631 0.287830
3.923128 -0.780426
3.999825 0.037406
3.914298 0.823572
3.902694 0.876913
3.746880 -1.400318
3.545882 1.851141
3.402468 2.103143
3.465375 1.997793
3.443873 2.034636
2.780913 2.875156
3.994391 -0.211748
3.432651 2.053511
3.527214 1.886468
3.024292 2.617949
3.434799 2.049916
3.144163 2.472699
3.783814 -1.297210
3.511664 1.915259
3.992509 -0.244694
3.801418 1.244678
3.516032 -1.907228
3.978685 -0.412386
3.650394 1.635428
3.904439 -0.869113
3.554891 1.833781
3.968606 -0.500165
3.580971 1.782315
3.985162 -0.344213
3.741524 -1.414568
3.984603 0.350631
3.573582 -1.797084
3.191508 2.411281
3.486117 1.961374
3.754308 1.380280
3.678872 -1.570318
3.880836 -0.969076
3.909279 0.847074
3.894375 -0.913151
3.994191 -0.215503
3.037673 2.602411
3.895984 -0.906260
3.731990 1.439531
3.049562 2.588469
3.895504 0.908323
3.057803 2.578729
3.442759 2.036520
3.964010 -0.535375
3.841694 -1.114177
3.975827 -0.439088
3.967466 0.509131
3.614106 -1.714128
3.743099 -1.410394
3.389354 2.124212
3.993002 -0.236499
3.956052 -0.591311
3.849162 -1.088097
3.936497 -0.709923
2.661709 -2.985851
3.971823 0.473946
3.572412 -1.799409
3.878864 -0.976940
3.772229 -1.330521
3.990418 -0.276697
3.960253 -0.562494
3.869742 -1.012471
3.921406 0.789034
3.675999 -1.577032
3.100818 2.526842
3.259701 2.318264
3.873387 -0.998436
3.937470 0.704508
3.818885 -1.190007
3.407038 2.095731
3.207476 2.390000
3.964858 -0.529056
3.758593 1.368568
3.903254 0.874419
3.985251 -0.343183
3.341228 2.199135
3.900411 0.887013
3.973487 0.459788
3.911068 0.838779
3.373011 2.150070
3.991280 -0.263973
3.619608 1.702480
3.846694 1.096790
3.953424 0.608638
3.554638 -1.834270
3.400675 2.106041
3.764120 1.353292
3.238801 2.347374
3.833988 1.140409
3.935533 0.715246
3.970858 -0.481961
3.977787 0.420966
3.857748 1.057251
3.050768 2.587047
3.694088 1.534183
3.653353 1.628806
3.916892 -0.811148
3.998650 0.103904
3.331631 2.213647
3.144788 2.471904
3.963779 0.537079
