-1.585094 -3.672530
-3.996499 0.167322
-2.178689 -3.354596
-3.952408 0.615199
3.950552 0.627009
-3.605474 1.732212
-0.592258 -3.955911
-3.063920 2.571458
-3.996142 0.175633
0.984459 -3.876963
-2.201018 3.339988
0.405838 3.979359
3.999694 0.049507
-2.618783 -3.023570
-1.449411 -3.728164
-3.861020 1.045239
0.030487 -3.999884
3.015054 2.628584
-3.034998 -2.605530
-1.306022 3.780781
3.040519 -2.599086
3.887355 -0.942589
-3.712788 1.488358
-1.496458 -3.709530
3.993058 0.235563
3.911684 -0.835899
2.897701 -2.757413
2.034148 3.444160
-2.768498 2.887113
-3.006927 -2.637876
-1.635864 3.650198
2.155090 3.369805
1.690865 3.625048
-1.735959 3.603671
-0.781798 3.922855
-0.219085 3.993996
3.504485 -1.928362
1.761913 3.591053
1.727106 3.607922
-3.012216 2.631835
-2.088389 -3.411544
3.919839 -0.796785
0.320270 -3.987158
-0.163804 -3.996645
-1.499998 -3.708100
-3.191944 -2.410704
0.002507 3.999999
-0.543276 3.962935
-3.811886 1.212238
1.912858 3.512972
0.637768 3.948829
-3.629195 1.681947
3.763108 1.356105
2.554285 -3.078251
-2.923077 2.730498
-3.993117 0.234562
3.634339 1.670802
-3.983980 0.357631
3.824810 1.170825
-0.925751 3.891399
-3.999621 0.055097
3.866167 -1.026037
2.708844 -2.943155
-2.277784 3.288115
-3.882309 -0.963158
3.999591 -0.057229
-3.940540 -0.687129
-3.980391 -0.395589
1.301718 3.782265
3.693992 -1.534414
-1.428839 3.736097
-0.783414 3.922533
-1.545807 -3.689238
0.186753 -3.995638
-0.876752 -3.902731
-3.122957 -2.499428
-3.628823 -1.682749
-3.603548 -1.736215
3.906245 0.860958
3.951110 0.623479
-2.625896 3.017395
0.960417 3.882989
-2.364818 -3.226087
1.569442 3.679246
0.503760 3.968151
-3.347976 2.188849
-2.693347 -2.957344
-1.217327 -3.810265
3.435174 2.049288
-1.619519 3.657480
3.243549 2.340810
-3.262496 2.314329
3.708000 -1.500244
-1.528739 -3.696344
-1.718412 -3.612072
-0.718190 3.934997
2.357587 3.231375
-0.760797 -3.926982
3.760969 1.362024
-0.277589 -3.990356
-1.995253 -3.466838
-3.146063 -2.470280
-0.671258 -3.943274
0.592786 3.955832
-2.790957 2.865407
-3.383651 -2.133285
3.957842 0.579212
3.188495 -2.415263
3.744136 1.407639
-3.455795 2.014319
2.261868 3.299084
-2.624404 3.018692
3.642245 1.653497
1.878439 -3.531497
3.541141 -1.860193
1.078804 3.851777
-1.420224 3.739380
-3.999894 -0.029121
-3.987501 0.315967
-0.529688 -3.964774
3.699507 1.521069
1.063918 3.855915
-0.366016 3.983219
3.736255 1.428425
1.596476 3.667597
1.544375 3.689838
-3.996823 -0.159390
0.715294 3.935525
-0.931857 3.889941
-0.417101 3.978194
0.267950 3.991015
0.372876 -3.982582
-0.753490 3.928391
3.984645 -0.350149
-3.994773 0.204432
-3.514361 1.910306
3.968532 0.500749
2.333060 -3.249127
-3.257171 2.321818
-2.516445 -3.109261
-1.232693 3.805321
-3.967235 0.510930
3.999488 0.064009
3.615664 1.710840
-3.792812 -1.270660
2.493853 -3.127410
-1.380097 3.754375
-3.988713 0.300276
3.939936 -0.690581
-0.127638 -3.997963
3.992125 -0.250868
-1.658543 -3.639950
-3.995853 -0.182085
-3.358108 2.173271
3.307409 -2.249677
1.547511 3.688524
3.491639 -1.951527
-3.719249 1.472138
-1.301000 -3.782512
-3.287767 -2.278286
-3.997810 -0.132349
1.373717 3.756714
0.171474 3.996323
-3.685353 -1.555048
-1.323398 -3.774734
2.786083 2.870147
3.219845 -2.373310
0.415922 3.978317
3.927706 0.757052
-2.788016 -2.868269
-1.044571 3.861201
1.231123 -3.805829
0.122908 3.998111
-3.191883 -2.410785
-0.909120 -3.895318
-3.948254 -0.641321
-3.953116 -0.610634
-0.381053 -3.981808
3.845583 -1.100678
-3.416535 -2.080213
-3.969603 -0.492187
3.166630 -2.443861
-3.955197 0.597010
3.901611 -0.881722
3.839557 -1.121518
3.977995 -0.418992
1.063781 -3.855953
-3.938728 -0.697441
2.006667 -3.460244
0.092321 -3.998934
-2.263136 -3.298214
-0.347955 3.984837
2.586142 -3.051535
3.721152 -1.467319
0.115644 3.998328
2.620675 3.021931
-1.049378 3.859897
1.515855 -3.701646
1.092146 -3.848015
-3.913154 -0.828992
-1.650737 3.643496
3.966088 0.519757
0.124240 3.998070
3.935519 -0.715324
-1.448546 3.728500
0.963730 -3.882167
3.587633 -1.768867
3.912838 0.830483
3.573398 1.797450
-3.440465 2.040392
-3.998194 0.120195
-2.859089 -2.797429
3.962916 0.543415
-3.679553 1.568722
-0.618462 3.951899
2.503885 3.119384
-3.412488 2.086846
-2.671251 2.977317
-3.997145 0.151115
-0.903947 3.896522
-3.948715 -0.638472
-3.713632 1.486251
-3.608222 -1.726480
-1.008240 3.870846
-3.936435 -0.710269
3.440665 -2.040055
-3.628599 1.683232
3.615433 -1.711328
2.198163 -3.341868
3.956771 0.586482
3.904239 -0.870012
-0.077942 3.999241
3.638348 1.662054
-2.173108 3.358214
-0.100739 3.998731
-2.946755 2.704928
-0.223903 -3.993729
-3.823476 1.175171
-3.991267 0.264173
-3.341791 -2.198280
2.425031 -3.181073
2.228377 -3.321797
1.185523 -3.820279
-2.295049 3.276088
-3.658753 -1.616639
-3.424027 -2.067859
-3.486947 1.959897
-0.623282 -3.951142
3.851714 1.079028
-0.201750 -3.994909
-3.949063 -0.636317
-3.929290 -0.748787
-3.216104 2.378377
0.473462 3.971880
2.525272 3.102096
0.815803 -3.915925
-3.243652 -2.340667
-3.923213 -0.779999
-2.927935 2.725289
3.915323 0.818684
1.432905 -3.734539
-0.073095 -3.999332
1.061768 -3.856507
2.194798 3.344079
-0.604187 3.954106
-1.344512 3.767265
-2.860971 -2.795505
-1.082063 3.850862
0.019660 -3.999952
3.870867 1.008160
-3.936587 0.709423
-3.861900 -1.041982
0.651303 3.946619
3.998182 0.120581
-2.495541 3.126064
-3.661906 1.609485
3.190392 -2.412758
-3.274609 2.297159
0.168939 -3.996431
1.020630 -3.867598
-3.283319 2.284691
0.614244 3.952557
2.891779 2.763623
3.188670 2.415033
-0.833888 -3.912113
-2.945037 2.706798
1.754712 -3.594577
1.086589 -3.849588
-3.055031 -2.582012
-3.585701 -1.772779
0.937358 3.888619
0.447856 -3.974849
3.983277 0.365380
-3.800175 1.248468
-2.676768 2.972358
-2.514558 -3.110788
-2.174241 3.357480
3.965723 -0.522533
0.096729 -3.998830
0.646184 3.947461
-1.600172 -3.665985
2.123098 3.390052
0.099133 3.998771
1.401112 3.746583
2.895515 2.759708
-3.998670 -0.103157
-2.337300 3.246079
-3.779663 -1.309254
-3.999753 -0.044489
-0.713510 -3.935849
-3.944470 0.664196
-2.027271 3.448213
-0.240709 -3.992751
-2.197212 -3.342493
-3.729284 1.446527
-3.878679 -0.977674
-1.362003 3.760977
2.454396 3.158471
-2.015377 3.455178
0.140064 3.997547
-2.200197 -3.340529
-3.995456 -0.190605
2.901621 -2.753289
2.196357 3.343055
-3.801298 1.245044
2.055291 3.431586
1.890326 -3.525148
2.569748 3.065354
2.942805 2.709224
3.819166 -1.189106
-3.840687 1.117642
3.338841 -2.202758
3.777679 1.314969
3.902072 0.879677
3.752243 -1.385883
1.809858 3.567130
3.894230 -0.913767
3.468483 -1.992392
-1.474524 -3.718303
2.041323 3.439913
-3.554774 -1.834008
2.864454 2.791935
3.762869 1.356767
3.148198 2.467560
-2.320548 3.258076
-2.691687 -2.958854
-3.422556 -2.070293
-3.095637 2.533186
-3.992422 -0.246099
2.347470 3.238732
3.054227 2.582963
1.265059 3.794684
0.895990 -3.898359
-3.959712 0.566285
-2.905108 -2.749609
-2.189789 -3.347361
-1.256764 -3.797439
-0.759505 -3.927232
2.635266 3.009215
2.215993 3.330071
0.357613 3.983982
2.845529 -2.811221
3.673318 1.583268
-3.617835 -1.706245
3.997511 -0.141075
-3.221359 -2.371254
2.260264 3.300183
-3.624896 1.691192
-2.532982 3.095804
-3.072687 2.560975
-3.993277 0.231815
3.691247 1.541004
-3.126548 -2.494935
3.717988 1.475318
-3.992897 0.238276
2.448909 3.162727
-2.828509 2.828345
-3.994874 0.202437
-3.878362 -0.978934
-3.999535 0.061013
-1.384721 3.752672
-0.468424 3.972478
-3.909321 -0.846883
-1.590597 3.670150
1.645066 -3.646060
-0.014920 3.999972
2.522609 3.104262
-2.530344 3.097960
-0.004519 3.999997
-1.224009 3.808123
3.939555 -0.692753
0.035368 -3.999844
2.129620 -3.385959
0.197742 3.995109
3.835901 1.133959
3.871267 1.006625
1.967198 -3.482834
3.539633 1.863061
-3.888396 0.938283
-0.095229 3.998866
2.033811 -3.444360
-1.262443 -3.795555
0.340117 -3.985514
3.428750 2.060018
0.423447 3.977523
-1.046417 3.860701
-3.887392 0.942437
-1.197408 3.816571
-3.946382 -0.652740
-0.067638 3.999428
0.833387 3.912220
-0.045029 3.999747
-3.937124 -0.706439
0.913421 3.894311
3.531994 1.877503
-2.160275 3.366484
-1.789630 3.577321
-1.948454 -3.493354
3.812877 1.209118
-2.059843 -3.428855
-0.185952 -3.995675
-1.422044 -3.738688
0.592032 3.955945
-3.948703 0.638546
-3.962829 -0.544048
-3.610532 1.721644
2.938887 -2.713474
1.533061 -3.694553
-3.015085 2.628547
2.093328 -3.408516
-0.698658 3.938512
-2.264966 -3.296958
2.299147 3.273213
-2.204828 3.337474
0.119761 3.998207
3.574826 -1.794609
3.521373 1.897348
-0.929817 -3.890429
-3.906460 0.859984
-2.978562 -2.669863
3.298006 2.263439
-3.951159 -0.623170
-1.007262 3.871101
-0.882451 3.901446
3.298929 2.262094
0.715634 3.935463
-3.996870 -0.158203
-1.908091 3.515564
-3.743812 1.408501
0.219683 3.993963
3.585829 1.772521
-3.255092 -2.324731
-3.989506 0.289552
2.859924 2.796575
1.934566 3.501065
2.636032 -3.008544
1.370397 3.757926
0.094895 3.998874
-1.832895 3.555348
0.079029 3.999219
-3.902022 0.879899
-0.691317 3.939807
3.999970 0.015593
-0.087128 3.999051
1.660779 3.638930
-1.933100 3.501874
-0.519415 3.966133
-1.931535 -3.502738
3.256065 2.323368
-0.171694 -3.996313
-0.277809 3.990341
3.950273 -0.628760
-3.875097 -0.991779
0.414313 3.978485
2.574193 -3.061623
-3.807206 1.226857
-0.318777 -3.987277
-2.256177 3.302978
-0.441606 3.975548
1.140366 3.834001
0.058474 3.999573
2.207141 3.335945
2.190810 -3.346692
3.581682 1.780885
-1.577283 3.675891
0.232625 3.993230
3.042763 2.596458
2.420700 -3.184370
3.595281 1.753270
1.672277 -3.633661
-0.419395 3.977953
-3.856524 -1.061709
-1.038138 -3.862935
-3.915532 0.817685
2.019499 -3.452770
-3.792962 1.270211
-1.240364 -3.802827
-3.886057 0.947925
-2.110711 -3.397779
-3.927623 -0.757480
0.861873 3.906043
-2.113048 3.396326
-0.701642 3.937981
-1.659795 3.639379
-0.409474 3.978986
-1.063698 3.855975
-2.118087 3.393186
3.910900 -0.839560
-0.341539 3.985392
0.474213 -3.971791
3.726159 -1.454559
-3.675000 -1.579360
-3.998577 0.106695
0.467853 3.972545
3.811867 -1.212298
2.500656 -3.121974
3.993866 -0.221445
-0.846777 3.909344
0.964557 -3.881962
3.764192 -1.353093
0.918625 3.893087
-3.986314 0.330611
-0.918075 -3.893217
-3.676836 -1.575080
-0.342031 3.985350
-3.119225 2.504084
1.004366 -3.871854
-0.600438 3.954677
-2.393539 3.204836
3.958522 0.574548
-3.567537 -1.809055
-0.865240 3.905299
-3.439981 -2.041209
3.306703 -2.250715
1.970229 -3.481120
3.868457 -1.017369
0.720099 -3.934648
0.297883 -3.988893
0.885317 3.900797
-1.538154 -3.692436
2.100148 -3.404317
0.782912 3.922633
-3.403884 -2.100850
-1.034891 -3.863806
-3.856653 -1.061237
3.296020 2.266330
-3.851524 -1.079704
-1.866870 3.537626
1.228068 -3.806816
-0.105777 -3.998601
-3.043073 2.596094
-0.247612 3.992329
-1.090412 3.848506
2.705923 2.945841
3.154288 2.459769
1.442391 -3.730886
3.877442 0.982570
2.665589 -2.982388
-3.309652 -2.246376
2.742218 -2.912085
-1.432989 -3.734507
2.408953 -3.193266
3.818074 1.192606
-1.449038 3.728309
2.565195 -3.069165
1.109026 -3.843184
-0.600517 3.954665
-3.866530 1.024668
-3.073071 -2.560515
-3.897391 0.900192
-2.530544 3.097797
-1.103284 -3.844836
1.968998 -3.481817
1.343525 -3.767617
3.916089 -0.815015
3.309615 -2.246430
-3.976322 -0.434583
-0.629412 -3.950170
-0.475780 3.971603
-3.926762 0.761934
-3.888807 0.936579
-3.996299 -0.172024
1.250396 -3.799541
0.076023 3.999277
-3.578803 -1.786664
-3.248650 -2.333726
-1.968086 3.482332
-3.311342 2.243884
-3.320680 -2.230042
0.490069 3.969866
3.139828 2.478201
-1.329696 3.772520
-0.422604 3.977613
-3.369795 2.155107
-3.976143 -0.436216
3.763833 -1.354090
2.910346 2.744064
-0.521343 -3.965880
-1.795874 3.574190
1.839070 -3.552157
-3.831982 1.147134
-1.143474 3.833075
3.999766 0.043241
-0.566603 3.959667
1.869992 3.535977
-2.175328 3.356777
-1.500519 3.707889
-3.999414 -0.068482
0.522546 3.965721
2.071190 3.422013
3.872912 1.000277
-3.348546 2.187976
-0.791516 3.920906
2.800956 -2.855634
-3.968866 -0.498100
-3.365628 -2.161608
-3.522479 -1.895295
-0.803833 3.918399
-3.497195 -1.941553
-3.667188 1.597414
-3.968169 0.503622
-2.143782 3.377011
-3.856917 1.060279
-3.914459 0.822806
3.670180 -1.590527
0.155755 3.996966
-1.756606 -3.593652
3.393966 2.116836
-0.684237 3.941043
-3.267299 2.307543
3.716306 1.479551
-2.527332 -3.100419
-3.942072 -0.678285
-2.707125 2.944737
-3.716019 -1.480272
1.445919 3.729520
-1.743787 -3.599890
-3.989701 -0.286860
-1.473841 3.718574
-1.985921 3.472192
-3.998225 -0.119136
-2.503051 3.120053
-3.999397 -0.069442
-0.897274 -3.898064
-3.910759 0.840216
3.858619 -1.054068
-3.288057 -2.277867
-3.864669 1.031666
-3.289366 -2.275978
-2.952750 -2.698383
3.953103 -0.610716
3.187318 2.416816
3.623910 1.693303
3.498570 1.939073
-3.713218 1.487282
3.619966 -1.701719
3.258571 2.319852
-3.793278 -1.269267
3.817994 -1.192862
-2.974309 -2.674600
-0.414348 -3.978482
3.446439 -2.030286
3.992671 0.242027
1.758364 -3.592792
0.110612 3.998470
-3.662654 1.607782
-0.069793 3.999391
-0.307344 -3.988175
2.866409 2.789928
3.992643 0.242487
-1.737328 -3.603011
3.823564 1.174888
3.860555 1.046956
-1.813868 3.565092
-0.844948 3.909739
-3.989204 0.293686
-3.973161 0.462591
-0.253695 -3.991947
1.312844 -3.778418
1.714849 3.613764
-0.836766 -3.911499
-0.060930 -3.999536
-3.394067 -2.116675
3.640970 1.656303
-3.847424 1.094225
0.205080 -3.994739
3.257520 -2.321328
-1.838894 -3.552248
-2.066763 3.424688
-0.478413 -3.971287
-3.864876 1.030891
-3.451438 -2.021775
3.966985 0.512865
2.411705 3.191188
3.970660 0.483586
-3.636501 1.666091
-1.633219 -3.651383
0.331747 3.986219
2.342983 -3.241979
-3.185854 -2.418747
-0.361709 3.983612
-3.991361 0.262757
0.880743 3.901832
-1.875883 -3.532855
0.574660 3.958506
2.055895 -3.431224
-1.152435 -3.830391
1.024216 3.866650
3.929310 0.748681
3.630001 -1.680206
0.708877 3.936686
-3.835158 1.136470
-3.483390 1.966214
-1.993921 3.467604
1.228696 -3.806613
3.149455 2.465955
3.902593 0.877364
3.431548 -2.055354
-0.692246 -3.939644
-2.171994 3.358935
0.901146 3.897170
1.920502 3.508799
-3.843594 1.107603
0.764686 3.926227
-2.464350 -3.150711
-3.709135 -1.497438
-1.670916 -3.634286
3.957645 -0.580557
-3.990666 -0.273105
-2.897428 -2.757701
2.993153 2.653495
-2.073079 -3.420869
1.235280 3.804482
3.799026 1.251960
3.845745 1.100112
2.203487 3.338359
-3.950914 -0.624722
1.687515 3.626609
-1.484939 3.714156
0.996246 2.114584
3.275965 -2.295224
3.916786 -0.811655
-1.577522 3.675789
-3.945289 0.659316
1.778005 3.583113
2.444548 3.166100
-0.392101 -3.980736
0.921768 -3.892344
-3.590073 1.763909
-3.810730 -1.215867
3.180652 2.425583
0.878517 -3.902334
2.082902 3.414897
-0.139153 3.997579
-2.150573 -3.372689
-1.372909 -3.757009
-3.557604 1.828511
-3.984480 -0.352027
-1.020955 -3.867512
-3.764732 -1.351588
0.419821 3.977908
3.543872 -1.854985
2.255608 -3.303367
2.242966 -3.311964
-1.751217 3.596281
-1.913414 -3.512669
-3.987097 -0.321024
0.587354 3.956642
-3.796522 -1.259531
0.532966 3.964334
2.980133 -2.668109
3.157932 2.455090
1.813165 3.565450
3.068709 -2.565740
-3.371635 2.152226
-1.953736 3.490403
3.822799 1.177374
2.097615 -3.405879
-3.045319 2.593460
-3.517729 -1.904096
-1.672561 -3.633530
-1.619158 3.657639
0.880875 3.901802
-2.613564 3.028082
2.463675 3.151239
-2.741979 -2.912310
3.367121 2.159282
-0.963191 -3.882301
-3.803596 -1.238006
3.930286 0.743542
0.384983 3.981430
1.883760 3.528661
-0.299620 3.988763
-3.758544 1.368702
-1.892486 -3.523989
1.924990 -3.506339
0.216577 3.994132
-3.881089 0.968065
2.590934 3.047468
-3.977277 -0.425755
0.870260 -3.904183
3.911698 -0.835835
-3.896945 0.902120
-3.845799 1.099921
0.454256 -3.974123
0.216906 -3.994115
1.442495 3.730846
0.081641 3.999167
-1.655704 3.641242
-0.160784 3.996767
0.901164 -3.897166
-2.605163 3.035313
3.949995 0.630509
-3.880665 0.969764
-1.078286 3.851922
3.928622 0.752281
-1.474950 -3.397581
-2.395226 -3.203575
3.699887 1.520143
3.315123 -2.238294
3.250362 -2.331340
0.516583 3.966503
-2.813493 2.843283
-3.029800 -2.611573
-1.128002 -3.837657
-3.998362 0.114473
-0.757948 3.927533
-2.677509 -2.971691
0.770264 -3.925136
-0.519248 -3.966154
-3.999987 0.010289
-2.512190 3.112700
2.507224 3.116702
-1.793777 3.575243
-3.941143 -0.683663
3.988347 -0.305108
-3.986901 -0.323449
-3.326025 2.222061
1.320181 3.775861
3.673071 1.583839
3.999501 -0.063182
-1.480712 3.715843
-3.703939 -1.510243
2.391138 3.206627
-3.839333 1.122284
-3.800640 1.247051
-3.372243 -2.151273
1.445395 3.729723
0.603584 3.954199
-1.048519 3.860130
1.712055 -3.615089
2.746550 2.908000
-3.681003 -1.565316
-2.165495 3.363128
-3.012102 2.631965
-2.791969 -2.864422
-2.209001 -3.334713
0.898650 3.897747
3.318818 -2.232811
2.362746 -3.227605
-0.304228 -3.988414
-3.885380 -0.950696
-0.254050 -3.991924
3.823041 -1.176587
0.125259 -3.998038
3.894800 -0.911335
-3.824064 1.173258
3.113445 2.511267
-3.539141 1.863996
3.256339 -2.322984
-2.852210 -2.804442
-2.504089 3.119221
-0.658021 3.945505
-2.438224 -3.170972
1.314192 3.777949
3.992326 0.247660
3.999469 -0.065151
0.369788 -3.982870
-2.794375 -2.862074
-0.435127 3.976263
2.550787 -0.525509
-3.491122 1.952452
3.904671 0.868068
1.270697 3.792800
-0.500735 3.968534
2.141152 3.378678
-3.806048 -1.230447
1.418562 -3.740011
-2.065002 3.425751
3.998482 0.110200
-2.776555 2.879365
-3.963241 0.541038
2.803976 2.852668
0.172166 3.996293
0.875144 3.903092
0.021648 -3.999941
-3.951862 -0.618697
-2.393080 3.205179
-2.368906 3.223086
0.106728 3.998576
-3.998596 0.105968
-3.999014 -0.088802
3.860259 1.048044
3.924388 -0.774068
2.545690 -3.085363
3.676927 1.574867
-1.123656 -3.838932
-1.545466 3.689381
-0.822331 -3.914559
-3.963911 0.536108
-1.829120 3.557291
3.008562 2.636012
1.461911 3.723280
-0.068575 3.999412
-1.369452 3.758271
3.998038 0.125275
3.544137 1.854480
3.941529 -0.681430
1.693555 3.623792
-3.912501 -0.832068
1.039852 3.862474
0.872576 -3.903666
1.772463 -3.585858
-3.864527 -1.032197
0.287687 -3.989641
3.263048 2.313550
2.475554 3.141915
-3.323034 2.226532
1.165651 -3.826390
-3.769089 -1.339391
-3.525271 -1.890097
-0.574403 -3.958543
-3.994249 0.214420
-3.549169 -1.844831
3.684291 -1.557563
1.121615 -3.839529
-2.700387 -2.950917
-3.744646 -1.406282
-2.249369 3.307618
-3.932548 -0.731484
0.752750 3.928532
1.680502 -3.629864
3.439765 2.041571
2.773158 2.882637
3.546921 1.849149
-1.953367 -3.490610
1.363662 3.760376
3.691426 -1.540576
-1.525305 3.697762
3.353685 2.180091
3.393870 2.116989
3.133571 2.486108
-2.784534 -2.871650
2.404474 3.196639
-1.867770 3.537151
-3.994782 0.204253
3.997850 -0.131123
-0.486427 3.970313
-1.081191 -3.851107
-1.984667 3.472909
-2.923991 2.729520
3.826081 -1.166665
0.113814 -3.998380
1.370177 -3.758007
3.997639 0.137419
3.877997 -0.980378
-3.766389 1.346964
0.821509 -3.914732
-3.561669 -1.820580
0.369314 3.982914
-2.220030 -3.327381
-3.117953 -2.505667
-0.270086 -3.990871
2.136408 3.381680
1.324841 3.774228
-3.922641 -0.782869
-3.993145 -0.234075
2.809323 -2.847404
1.063830 -3.855939
2.241664 -3.312845
-1.909263 3.514927
-2.845781 2.810966
-3.871348 -1.006314
3.624136 -1.692821
-3.213654 2.381686
-2.120805 3.391488
-3.884483 0.954355
2.593845 -3.044991
-3.653366 -1.628777
-3.733633 1.435266
2.874404 -2.781691
-2.533630 -3.095273
0.595198 -3.955470
-3.902788 0.876496
-2.001311 3.463344
1.677925 3.631056
2.021718 -3.451471
-3.386008 -2.129542
2.046392 3.436900
-0.416643 -3.978242
3.881563 -0.966163
3.486605 1.960507
-3.803614 1.237951
3.187443 -2.416652
2.637804 -3.006990
-3.935356 -0.716223
-1.973089 -3.479500
-3.592895 1.758153
-3.809924 -1.218392
1.243436 3.801824
0.282132 3.990038
-3.969665 -0.491692
-3.999658 0.052289
0.964662 3.881936
3.984054 0.356811
3.525382 -1.889889
3.841179 -1.115949
3.998144 -0.121845
-3.971973 0.472682
-3.085596 -2.545408
-3.982276 0.376141
3.959684 0.566480
0.780802 3.923053
3.588540 -1.767025
-1.944672 -3.495461
-0.775957 -3.924015
2.850358 -2.806325
-1.418706 -3.739956
3.971346 0.477920
-3.633794 1.671986
3.321901 -2.228222
3.116374 -2.507630
1.189311 -3.819102
2.870143 2.786086
0.889907 -3.899752
-3.904041 -0.870898
0.844938 -3.909742
-1.903198 3.518215
-1.936063 3.500237
3.640616 -1.657081
3.563055 1.817866
0.746063 3.929808
-2.533605 -3.095294
1.751964 3.595917
-2.914881 -2.739246
-0.130491 -3.997871
-3.757274 -1.372186
3.675892 1.577281
1.971494 3.480404
-3.339925 2.201114
-2.402317 -3.198261
-3.982365 -0.375191
-0.149066 3.997221
-0.277199 3.990384
-1.451144 3.727490
-1.730940 3.606085
-1.680319 3.629949
1.289379 3.786489
3.633269 -1.673127
-3.681723 -1.563623
3.945847 0.655969
-3.985289 -0.342741
-3.982586 -0.372839
-1.545726 3.689272
-0.805098 3.918139
-3.818388 1.191601
-1.845476 3.548833
-2.810114 -2.846623
3.999965 -0.016623
3.335001 2.208566
-3.717530 -1.476474
3.982161 0.377348
3.188064 -2.415833
-0.443657 -3.975320
-3.144013 -2.472889
3.322238 2.227720
-3.992107 -0.251156
2.817549 2.839263
2.839739 2.817070
-2.067062 3.424508
-1.811270 3.566413
-3.815313 1.201411
-2.855704 2.800885
-1.835565 -3.553970
-3.984551 0.351216
2.444611 3.166051
-3.992927 0.237761
-3.999875 -0.031626
-2.249886 -3.307267
3.428194 2.060944
3.620825 -1.699889
3.806491 1.229076
0.868415 3.904594
0.844719 -3.909789
-3.489946 -1.954553
0.171396 3.996326
1.436384 3.733202
0.335819 -3.985878
1.072393 3.853566
3.959683 0.566493
3.989208 -0.293636
-2.999509 2.646308
3.941951 0.678989
-3.437160 2.045954
3.888282 -0.938756
-3.690546 -1.542683
0.421877 -3.977690
3.631038 -1.677965
-2.568234 -3.066623
3.832224 -1.146323
0.417510 -3.978151
3.671787 1.586813
0.921654 -3.892371
-3.906090 -0.861661
-2.791041 2.865326
2.927449 2.725810
-0.536122 3.963909
-2.888215 2.767348
1.968188 3.482274
-3.773956 1.325617
1.094916 3.847227
-0.966384 3.881508
-1.557403 3.684358
3.814932 1.202619
-3.144923 -2.471732
1.298743 3.783288
3.443062 -2.036006
-3.891197 0.926598
3.224989 2.366315
2.221787 3.326208
3.945753 0.656532
2.654860 2.991942
-1.235975 -3.804256
1.888733 -3.526002
-3.997327 0.146220
-3.048261 -2.590000
-2.783341 2.872806
2.987493 -2.659866
-3.549640 -1.843924
2.134964 3.382592
3.946196 -0.653862
-1.607964 -3.662575
-0.669292 3.943609
-1.930051 -3.503556
1.168841 -3.825416
3.816906 1.196339
-0.811841 -3.916748
1.907555 -3.515854
3.527921 -1.885145
-1.193485 -3.817800
-3.998364 -0.114374
-1.462583 3.723016
3.999127 0.083583
-3.449980 -2.024263
-1.367413 3.759013
-3.072953 -2.560656
-2.970050 -2.679328
-3.539645 -1.863039
0.184742 -3.995732
-2.524921 3.102382
3.963312 0.540518
0.746410 -3.929742
1.080980 -3.851166
3.974584 -0.450206
-3.951806 0.619053
0.395691 3.980380
3.962357 -0.547472
-3.965745 0.522363
0.433386 3.976453
0.266465 -3.991115
-3.810957 -1.215158
-3.328173 2.218844
2.840155 2.816650
3.995740 0.184554
2.616684 -3.025387
-3.508298 -1.921418
0.812403 -3.916631
-3.367576 2.158571
-0.511674 3.967139
0.753835 3.928324
-2.808815 -2.847904
1.845170 3.548992
-2.641270 3.003947
-1.183970 3.820761
2.231536 -3.319675
2.370500 3.221914
0.985103 3.876799
3.590750 -1.762531
0.445239 -3.975143
-3.928595 0.752422
-0.959539 3.883206
3.885830 -0.948855
1.890518 3.525045
1.280436 3.789523
2.197312 3.342427
3.634250 -1.670995
-2.877555 2.778431
3.028434 2.613157
2.636598 3.008048
3.501553 -1.933681
2.517965 3.108031
3.912807 0.830626
1.168821 3.825423
-2.698973 -2.952210
3.920415 0.793941
-2.762408 -2.892940
-2.542181 -3.088254
-2.481916 -3.136892
-0.173832 -3.996221
-3.663861 1.605031
0.308700 -3.988070
3.872497 -1.001882
-3.083536 -2.547902
-3.984299 0.354060
-2.908862 -2.745636
3.938988 0.695969
-0.172555 -3.996276
1.246602 -3.800787
1.525728 -3.697588
3.110615 -2.514771
2.232393 -3.319099
-3.601921 1.739587
1.061876 -3.856478
2.637740 -3.007046
2.174669 3.357203
3.507912 -1.922122
-1.809865 3.567126
-3.875619 -0.989735
2.932199 -2.720700
3.709647 -1.496169
2.573418 -3.062274
-3.908676 -0.849855
3.546714 1.849545
3.184040 2.421134
2.344313 -3.241017
3.174411 -2.433745
3.205432 2.392740
3.941501 -0.681596
-3.887044 -0.943871
0.787936 -3.921627
-0.379257 -3.981980
3.977324 0.425321
3.693575 -1.535416
3.985854 -0.336103
1.826943 3.558410
-3.293544 2.269927
-2.319055 3.259139
1.973773 3.479112
-1.124508 3.838682
2.429091 3.177974
3.117790 2.505870
2.959642 2.690822
-0.604018 -3.954132
-2.036211 -3.442941
-3.154391 -2.459638
-3.999755 -0.044231
-3.930692 -0.741391
-3.999677 -0.050793
-3.578169 -1.787933
3.084042 2.547290
1.059945 -3.857009
-3.208631 -2.388449
3.815330 1.201358
-3.982581 0.372894
3.366877 -2.159662
-0.103369 3.998664
-3.068597 2.565875
-0.747775 -3.929483
2.585793 -3.051832
3.555115 1.833346
-3.990443 0.276344
-3.485941 -1.961687
0.724740 -3.933796
-0.604751 3.954020
0.722215 -3.934261
3.654246 -1.626802
-0.673310 3.942925
-3.908056 0.852701
-0.581235 -3.957545
-2.401885 3.198585
3.978600 0.413205
3.867435 1.021247
3.998455 -0.111163
0.505031 3.967990
-2.240425 -3.313683
-3.806037 -1.230479
-3.992287 -0.248280
3.831400 1.149075
2.538705 3.091113
2.757947 2.897193
3.465336 1.997861
-3.996233 -0.173552
-2.931997 -2.720918
-1.907584 -3.515839
-3.867817 -1.019798
3.724705 -1.458279
2.479471 -3.138825
-0.639367 -3.948571
-3.232431 -2.356139
-1.487194 3.713254
3.979052 0.408838
-1.253413 3.798547
2.615068 3.026784
3.138384 -2.480029
-3.832655 -1.144884
1.176736 -3.822995
-3.957869 -0.579024
-3.675413 1.578397
-3.971130 -0.479716
2.347462 3.238738
2.183706 3.351332
1.008592 3.870755
3.832843 1.144253
0.926912 3.891123
-3.949376 0.634375
1.973848 3.479069
-2.519483 -3.106800
3.698153 -1.524356
-3.869134 -1.014791
3.718521 1.473976
-1.639001 3.648791
3.540939 1.860577
3.158510 2.454346
1.022290 -3.867160
2.533341 -3.095510
3.938564 0.698366
-2.723507 -2.929592
-2.860134 2.796361
3.917602 -0.807711
3.989080 0.295370
-2.953133 -2.697963
-1.078241 3.851934
2.801170 2.855425
3.921804 0.787056
3.583128 -1.777974
-1.572969 -3.677740
3.766659 -1.346210
-0.181821 -3.995866
-3.994992 0.200092
0.916682 3.893545
-2.136660 -3.381521
-2.213705 3.331593
-1.101827 -3.845254
1.838262 -3.552575
-2.641531 3.003717
2.142365 3.377910
3.946508 -0.651974
-3.995369 0.192418
-2.876911 -2.779098
3.562081 -1.819774
3.852567 -1.075977
-2.011903 3.457202
-3.912385 0.832611
0.928757 -3.890682
-3.983359 0.364490
-0.806901 -3.917769
-3.814685 -1.203404
-3.677349 -1.573882
-3.901908 -0.880405
-1.701403 3.620114
3.668774 -1.593769
1.347777 3.766098
-1.998149 3.465170
3.936061 0.712339
3.285906 -2.280970
3.998328 -0.115639
3.333981 -2.210107
-3.754216 -1.380529
-2.457639 3.155948
1.941675 3.497127
-0.544246 3.962802
-3.187128 -2.417068
-2.163764 -3.364242
3.856083 -1.063307
-3.921344 0.789340
-3.893096 -0.918587
3.946798 0.650219
-1.187582 3.819640
-0.356908 -3.984045
-3.333237 2.211228
-0.190241 -3.995473
1.221091 -3.809060
-0.981726 -3.877656
-3.227598 2.362755
-3.431616 2.055240
-1.899600 3.520159
1.115461 3.841321
3.947909 -0.643442
3.147793 2.468076
-3.346361 2.191317
0.111686 3.998440
-3.782408 1.301304
3.999448 -0.066440
-3.600396 1.742741
-0.228160 -3.993488
-2.159431 -3.367025
3.977445 0.424179
-2.922210 2.731426
-1.678940 -3.630587
3.992395 0.246543
3.653069 1.629443
2.554616 -3.077976
3.987587 -0.314886
3.666079 1.599958
-3.533833 1.874040
1.053331 3.858820
3.797108 1.257765
1.540956 3.691267
-3.307534 -2.249492
2.572104 -3.063377
-2.676195 -2.972874
-1.336996 3.769939
-3.860788 1.046095
3.372467 2.150923
-1.630816 -3.652457
2.347426 3.238764
1.889190 3.525757
-1.635940 3.650164
1.365633 -3.759661
0.716503 3.935305
-1.808398 -3.567870
1.654775 -3.641665
2.176469 3.356037
3.468781 -1.991873
-3.251499 -2.329755
-3.427289 -2.062448
-2.288789 -3.280464
3.668427 1.594566
-3.954236 0.603338
0.307547 3.988159
3.928244 -0.754253
-3.971448 0.477077
-1.231378 -3.805747
3.565031 1.813988
-3.859848 1.049559
-3.984044 -0.356918
-3.737295 1.425701
2.959968 2.690463
2.547507 -3.083863
-0.891507 3.899386
0.510487 3.967292
-1.438099 -3.732542
2.191017 -3.346557
3.914731 0.821510
0.680292 -3.941726
-0.918110 3.893209
-3.552428 -1.838547
2.265790 3.296391
-3.203587 -2.395210
-2.342170 3.242567
1.740670 -3.601398
-2.518707 3.107429
-3.149066 -2.466452
3.425094 2.066090
-3.928724 0.751750
-3.153904 2.460262
3.935340 0.716310
3.881127 0.967912
3.715783 1.480863
-0.706267 3.937155
3.993528 0.227456
3.051799 2.585832
2.286269 3.282221
3.652203 1.631384
-2.773103 2.882690
-0.540147 3.963362
-3.159914 2.452538
-3.691255 1.540987
1.907877 3.515680
2.458143 -3.155556
-1.246419 3.800847
-3.999908 0.027192
-2.448984 3.162670
-0.052535 3.999655
3.503586 -1.929997
-0.832348 3.912441
-3.096737 -2.531841
1.371461 3.757539
0.011371 -3.999984
3.223832 2.367891
-3.780310 1.307385
-3.398267 -2.109925
3.929350 -0.748471
-2.877112 -2.778889
1.282757 -3.788738
3.650038 1.636222
-1.229800 3.806257
2.844567 -2.812195
1.890647 -3.524976
0.864058 -3.905561
-3.933044 0.728809
3.126701 2.494743
-1.158932 -3.828430
-3.926620 0.762662
-2.986314 -2.661190
3.448415 -2.026927
-2.399234 -3.200574
0.664892 -3.944353
-3.709476 -1.496591
3.585777 -1.772626
-2.005188 3.461101
-3.333585 -2.210703
-3.818946 1.189813
0.570505 -3.959106
-2.563140 3.070881
3.254639 -2.325365
-3.843831 1.106781
3.804650 -1.234763
1.410341 3.743119
-2.159673 3.366870
-2.120397 3.391742
0.332829 3.986129
-2.466134 3.149315
1.712244 3.615000
2.440042 -3.169573
2.969086 2.680397
3.715573 1.481391
3.547258 -1.848503
3.993048 0.235734
-3.823803 -1.174107
1.697964 -3.621729
3.674342 -1.580888
-2.242254 3.312446
-3.924061 0.775723
-1.436895 -3.733006
3.559609 1.824605
-3.426269 -2.064141
-1.507257 3.705155
1.191778 3.818333
3.980549 -0.393994
-3.907501 -0.855242
1.303634 -3.781605
-3.928633 -0.752226
-3.700003 -1.519861
1.036392 -3.863404
3.986903 0.323422
2.766767 -2.888772
3.866297 -1.025547
-2.391515 -3.206346
-1.198563 -3.816208
1.331754 -3.771794
0.260846 -3.991486
-3.995750 -0.184347
-2.560416 3.073153
-3.574928 1.794406
1.533127 -3.694526
-3.993142 0.234132
3.393292 2.117917
-3.366081 2.160903
3.964022 -0.535288
-3.910139 0.843097
-3.415756 -2.081492
0.144807 -3.997378
1.179299 3.822205
-3.600995 -1.741504
-3.289145 2.276297
2.446425 3.164649
3.955245 0.596691
2.982604 2.665347
3.999832 -0.036714
0.820109 -3.915025
-0.920438 3.892659
3.454704 -2.016190
0.892574 3.899143
-1.464498 3.722264
-3.808696 1.222224
3.829203 1.156376
3.822750 -1.177532
-2.427132 3.179470
-0.293538 -3.989215
-3.942298 0.676968
-0.817449 3.915581
-0.983564 -3.877190
1.730143 -3.606467
2.364586 3.226257
2.168974 -3.360886
2.725466 2.927770
3.280362 -2.288935
2.460463 -3.153747
-2.245909 3.309968
-3.975300 0.443837
-1.425980 3.737189
3.991183 -0.265442
3.118457 -2.505040
-3.999909 0.026972
2.721301 -2.931641
3.681919 -1.563162
3.994151 0.216237
3.998890 -0.094239
3.408319 2.093647
-1.789215 -3.577528
1.075492 3.852703
-3.879061 0.976159
0.871018 -3.904014
-2.066721 3.424714
0.019940 3.999950
-0.178060 -3.996035
3.986996 0.322275
-0.359169 3.983842
1.569643 -3.679160
3.698138 -1.524394
-3.574709 1.794841
0.715540 3.935480
-3.438814 2.043173
3.122791 2.499636
-1.352891 3.764264
-2.522906 -3.104021
-3.474917 -1.981148
3.920921 -0.791440
3.974762 0.448625
-0.596948 -3.955206
-1.559754 3.683364
-1.472073 -3.719274
3.799514 1.250476
-3.191251 2.411622
2.837076 -2.819752
-0.550618 3.961921
-2.013406 -3.456327
-3.903991 0.871122
3.997296 0.147048
2.792297 2.864101
2.659554 2.987771
-3.683574 1.559258
3.991547 -0.259902
0.570975 3.959039
-1.305793 3.780860
2.743697 2.910692
-0.199743 -3.995010
-3.597546 -1.748618
-3.864093 -1.033820
3.992660 -0.242212
-0.313249 -3.987716
-2.778420 -2.877565
-2.100634 3.404018
-3.797409 1.256856
1.109987 3.842906
3.110035 2.515488
3.856729 1.060964
3.747360 -1.399032
3.679450 1.568965
1.488842 -3.712594
0.227747 3.993511
3.870614 -1.009131
2.599603 -3.040076
1.370187 3.758003
0.354959 -3.984219
-3.583445 1.777336
2.914790 -2.739343
3.541430 -1.859643
-1.957558 -3.488261
-0.574293 -3.958559
2.244953 3.310617
3.810759 1.215779
2.348270 -3.238152
-3.950233 0.629013
-3.945751 0.656545
3.439015 2.042835
-2.328075 3.252701
0.259384 -3.991581
-3.874936 0.992406
-1.962076 -3.485722
0.660270 3.945129
-3.295402 2.267229
-3.849872 1.085581
3.865552 1.028353
3.003141 -2.642185
3.448005 -2.027625
-3.727216 1.451847
-0.714667 -3.935639
3.985874 -0.335866
3.806391 1.229386
-0.357203 3.984019
3.999147 -0.082593
-2.685933 -2.964079
-3.998521 0.108775
-3.473393 1.983820
3.726034 -1.454879
-3.865690 -1.027831
0.642954 -3.947988
1.704326 -3.618739
-2.089490 3.410870
0.740806 -3.930802
1.982900 -3.473918
-3.302878 -2.256324
-0.183827 3.995774
3.334264 -2.209679
2.384699 -3.211419
3.903391 0.873807
1.312329 3.778597
-3.304929 -2.253318
0.407428 3.979196
3.860718 1.046355
-1.243354 -3.801851
1.727268 3.607845
3.700253 -1.519252
3.826147 1.166446
1.962255 -3.485621
1.633777 3.651133
0.071344 3.999364
2.274466 -3.290411
0.524940 -3.965405
-2.401007 -3.199245
-0.824765 3.914047
-3.151646 2.463154
2.970164 2.679202
-1.251939 -3.799032
-3.901065 -0.884135
0.163522 3.996656
-3.684829 -1.556290
1.629940 3.652847
-0.381460 3.981770
-2.475507 3.141953
3.261661 2.315506
-0.516535 3.966509
-2.153976 3.370518
-2.757593 2.897530
2.397411 -3.201940
-0.969922 -3.880625
-3.514642 -1.909788
3.291233 2.273276
-1.001641 -3.872559
2.385870 3.210549
2.097411 3.406004
2.726083 2.927195
-0.858229 -3.906846
-2.177268 3.355518
3.987242 0.319214
-1.571603 3.678323
3.126448 -2.495060
3.739940 -1.418748
-0.377146 3.982180
3.460354 2.006477
0.432526 3.976546
2.403378 -3.197463
-0.490629 3.969796
-1.542260 -3.690723
3.410488 -2.090112
3.810320 -1.217152
-1.234514 3.804731
-2.373750 3.219520
1.329589 3.772558
-3.110952 2.514355
-2.313679 -3.262957
3.929991 -0.745098
-2.649000 -2.997132
-2.238417 3.315040
-0.772836 3.924630
2.024004 -3.450131
3.925895 -0.766386
-2.303678 3.270026
1.480411 -3.715963
-3.887287 0.942867
2.535129 -3.094046
2.507182 3.116735
3.462983 2.001936
2.504983 3.118503
-2.826595 -2.830258
-3.459577 -2.007816
-3.972220 0.470603
3.397934 -2.110461
3.635898 -1.667406
3.609391 -1.724035
3.981942 0.379657
2.535624 -3.093640
1.986958 3.471599
-3.981679 0.382400
-3.909139 0.847722
3.919222 0.799811
-0.228559 3.993465
3.183166 2.422283
3.963823 -0.536756
-0.094921 -3.998874
-2.923321 2.730237
3.993726 0.223940
1.609406 -3.661941
-1.069155 -3.854466
3.979992 0.399577
3.961837 0.551224
2.556643 -3.076292
0.010482 -3.999986
2.996791 -2.649386
-1.832023 -3.555797
-3.355551 2.177217
-2.366528 3.224833
1.581559 3.674054
-3.918173 -0.804936
3.271139 -2.302097
3.744505 -1.406656
-1.369043 -3.758420
0.836553 3.911544
-0.269817 -3.990890
1.438400 -3.732426
3.939700 0.691928
2.753253 2.901654
3.857407 1.058494
3.944711 0.662762
-3.610850 -1.720977
1.517395 -3.701015
2.884499 -2.771221
-1.780235 -3.582005
-3.380811 2.137784
1.391524 -3.750155
3.922535 0.783404
2.938096 -2.714331
-3.989667 0.287332
-1.969688 -3.481426
-1.145946 -3.832337
-2.104117 3.401866
3.906681 0.858977
3.867978 1.019188
3.801180 -1.245403
3.504155 -1.928963
3.297362 -2.264377
2.764478 2.890962
-2.949391 2.702053
0.155643 3.996971
-1.063011 3.856165
-3.053179 -2.584201
-2.128894 3.386415
0.771486 -3.924896
-0.570240 -3.959145
-3.284822 2.282531
-3.947415 0.646464
2.557317 -3.075732
1.384403 -3.752789
-1.472532 -3.719092
2.971296 2.677947
-3.684583 -1.556872
-3.806391 -1.229387
-3.982730 -0.371294
-0.691712 3.939738
3.726073 -1.454780
0.416338 3.978274
-0.502209 -3.968348
-1.388455 -3.751292
2.732908 -2.920824
3.775168 -1.322159
-3.424628 -2.066863
3.983210 0.366109
2.758982 -2.896208
2.713226 -2.939116
-0.055481 3.999615
-1.266154 -3.794319
-3.582394 -1.779453
-3.901672 -0.881452
-2.924592 2.728876
-0.132593 3.997802
-0.713709 -3.935812
-0.585823 -3.956869
-3.873494 -0.998022
3.367687 -2.158398
-3.999144 -0.082738
-3.816695 1.197013
-3.678686 -1.570754
-1.153021 -3.830214
2.560694 3.072921
-2.315108 -3.261944
-0.212034 -3.994376
3.961448 -0.554009
-1.589018 -3.670834
-3.936619 0.709245
1.368441 -3.758639
-3.771937 1.331349
-2.792109 2.864285
3.982223 0.376696
0.583854 -3.957160
3.629181 1.681977
-3.898854 0.893834
0.086342 -3.999068
3.452702 2.019616
-3.607376 1.728247
3.992667 0.242098
1.395631 -3.748628
3.045128 2.593684
-1.804878 -3.569652
-3.759482 -1.366125
3.288955 -2.276572
3.952702 -0.613310
3.995005 0.199835
-1.677545 -3.631231
-3.932084 0.733973
3.766662 -1.346202
-0.834951 3.911887
3.263703 2.312627
1.325796 -3.773893
0.655509 -3.945923
-2.160836 -3.366123
-0.889971 -3.899737
-0.105990 -3.998596
-0.230650 3.993345
-1.795471 -3.574393
-3.895038 0.910317
-1.032698 3.864393
1.220460 -3.809262
3.928884 0.750911
-2.765748 2.889747
-3.801543 -1.244295
3.017474 2.625805
3.708489 -1.499036
-3.567418 1.809290
3.951940 -0.618199
-3.890048 -0.931411
1.403940 -3.745524
3.894822 -0.911243
3.969420 -0.493663
3.165094 2.445849
1.510540 -3.703818
-3.389260 2.124362
-2.803757 2.852884
2.766347 -2.889174
0.034418 -3.999852
3.808855 1.221730
-3.516287 1.906758
2.349799 3.237043
2.955025 -2.695891
1.789448 -3.577412
1.993393 -3.467908
-3.431950 2.054682
2.401787 3.198659
-1.349159 3.765603
-3.904039 0.870908
-0.625097 3.950855
3.597624 -1.748456
3.099350 2.528642
-3.766743 1.345974
-1.858611 -3.541972
1.078878 3.851756
-1.819789 3.562073
1.395691 -3.748606
-3.962794 -0.544304
-3.877266 0.983264
-3.989453 0.290284
-1.698981 3.621252
-0.984641 3.876917
0.052355 -3.999657
3.563201 1.817581
3.726826 1.452848
-3.510953 -1.916561
-2.831557 2.825294
-3.003739 -2.641506
-0.163979 3.996637
-2.989710 -2.657373
-1.028434 -3.865530
-3.613543 -1.715315
2.028655 -3.447399
1.476343 -3.717581
-3.997764 0.133728
-0.812983 -3.916511
-2.390942 3.206774
3.439498 2.042022
1.005240 3.871627
3.789842 -1.279490
-1.591520 3.669750
-0.078816 3.999223
3.756007 -1.375649
-3.981397 0.385328
-3.663366 1.606160
-2.598297 -3.041193
0.727411 3.933303
3.043111 2.596050
-2.935122 2.717547
-2.003838 3.461883
3.820645 1.184343
-3.874204 0.995260
3.588197 -1.767722
-3.956574 -0.587814
3.997137 -0.151325
1.448346 3.728578
2.038908 3.441345
2.695028 2.955812
3.768168 1.341981
3.839277 1.122476
2.782161 -2.873948
0.509344 -3.967439
3.369938 -2.154883
1.519480 3.700159
3.667761 -1.596098
3.878369 0.978906
-1.357084 -3.762755
2.761504 2.893803
-2.986762 2.660687
3.960595 -0.560077
-1.928988 -3.504141
-2.305429 3.268791
3.868810 1.016026
-3.774048 1.325355
3.497102 1.941721
-3.935930 -0.713062
3.402004 2.103894
3.582064 -1.780117
1.099731 -3.845854
3.979484 0.404606
3.753264 -1.383116
1.717040 -3.612724
-3.952657 -0.613597
2.582230 3.054847
0.477353 3.971415
2.922234 2.731401
-3.845498 -1.100974
2.070666 -3.422330
-1.407179 3.744309
-1.138546 -3.834542
3.999965 -0.016615
-3.156047 -2.457513
-2.262942 -3.298347
1.860047 -3.541218
-1.801158 -3.571530
-1.481476 3.715539
3.628979 -1.682413
1.072551 -3.853522
-3.197913 2.402780
-2.336645 3.246550
1.215695 3.810786
-3.999961 0.017658
3.871849 1.004383
-1.776169 3.584023
2.760882 2.894397
0.246601 3.992391
3.998265 -0.117801
0.462280 3.973197
0.070631 3.999376
3.998817 0.097290
-0.356454 -3.984086
-3.440293 -2.040683
3.453887 2.017589
0.063028 -3.999503
3.550421 -1.842420
-1.471259 3.719596
2.583993 3.053356
3.545951 1.851008
2.913301 2.740926
-2.004559 -3.461466
-0.102388 -3.998689
3.144275 2.472556
3.343551 -2.195601
-2.364511 -3.226312
3.784016 -1.296620
-1.962953 3.485228
-3.069951 2.564254
3.297893 -2.263603
-3.483139 1.966658
-3.178281 -2.428689
0.271354 3.990785
3.540738 1.860961
-0.773839 3.924433
3.561907 1.820116
1.552385 -3.686475
-2.536874 -3.092615
-3.242321 -2.342510
-3.956084 0.591099
-3.138288 -2.480151
-3.989002 0.296421
-0.140285 -3.997539
2.086530 3.412681
2.164043 -3.364062
2.322765 -3.256496
1.586956 -3.671726
-0.572356 -3.958839
-3.999850 0.034631
0.010297 3.999987
3.778816 -1.311697
-3.556344 1.830962
-3.708976 -1.497832
3.095101 2.533841
3.991646 -0.258387
-3.537414 1.867272
2.098815 -3.405140
-0.733356 3.932199
-0.791238 3.920962
-3.810139 1.217719
-3.694438 -1.533338
0.931366 3.890059
-3.413648 -2.084948
-2.446631 3.164490
-3.710257 -1.494656
3.327556 -2.219769
0.559848 3.960628
3.910751 -0.840255
-1.011457 -3.870007
-3.927423 -0.758517
-3.995882 -0.181466
-3.971093 0.480020
3.285375 -2.281734
-3.985644 -0.338587
3.852067 -1.077767
-3.995305 0.193740
-2.580095 -3.056650
-2.628670 -3.014978
-1.265388 3.794574
2.166889 3.362230
0.400596 -3.979890
-2.751913 -2.902925
3.999614 0.055595
-1.249965 3.799683
3.636385 1.666345
-3.424318 -2.067376
3.697025 -1.527090
-3.907748 0.854109
1.024320 3.866622
0.837423 3.911358
3.923604 0.778028
-3.763272 -1.355649
1.097223 3.846570
-0.581692 -3.957478
3.232091 2.356606
3.650449 -1.635306
2.774958 -2.880904
-3.974139 0.454117
-2.321663 3.257281
2.618453 -3.023855
3.995773 0.183851
0.753456 -3.928397
1.676807 -3.631572
-0.637105 3.948936
0.713347 3.935878
-2.634690 3.009719
-3.876909 -0.984672
-3.969989 -0.489071
-2.822717 2.834126
-3.239893 -2.345867
3.989159 0.294291
-1.888293 3.526237
-3.928567 0.752569
2.479325 -3.138941
-1.084600 3.850149
-3.429029 -2.059554
-1.982450 -3.474175
-2.100105 -3.404344
-3.788864 -1.282384
-3.867996 1.019119
3.395257 -2.114765
0.738492 3.931238
-1.562454 3.682219
-3.609646 1.723502
-2.273823 3.290855
-2.050473 3.434467
3.404319 2.100146
-0.963218 -3.882295
3.925846 0.766639
3.692447 1.538126
-3.715379 -1.481876
3.373947 -2.148599
-2.280614 -3.286153
-3.419581 -2.075203
0.457631 -3.973736
-3.609384 1.724050
0.432096 3.976593
-0.704245 3.937517
3.882453 -0.962579
-1.137967 -3.834714
-2.781132 2.874945
3.275400 2.296030
3.510410 1.917556
-3.978519 -0.413988
0.017241 3.999963
1.633962 3.651050
-2.357243 3.231626
-2.628219 3.015372
3.013281 -2.630616
-1.544310 3.689865
3.524352 -1.891810
1.790203 3.577034
1.925644 3.505980
-0.390375 3.980905
3.957581 -0.580991
-2.688925 -2.961365
-3.598120 -1.747437
1.570094 -3.678968
-1.967535 -3.482644
-3.417228 2.079075
-3.713001 -1.487824
-3.456762 2.012660
-1.274116 3.791652
-3.113295 -2.511452
3.918618 0.802765
-3.765362 1.349832
-3.778022 -1.313981
2.341397 3.243125
1.592568 3.669295
3.977963 -0.419297
-3.550755 1.841777
3.942035 -0.678500
-3.997471 -0.142207
3.477893 1.975920
-3.754221 -1.380515
-2.409474 -3.192872
2.202443 -3.339049
-3.918517 -0.803261
-2.166455 3.362510
3.851938 -1.078227
1.859386 3.541565
2.080739 -3.416215
-1.596650 3.667521
3.893516 0.916804
-2.934090 -2.718661
3.221663 -2.370840
3.994682 -0.206201
1.710580 -3.615787
2.815055 -2.841736
1.289750 3.786363
-3.986012 -0.334223
-3.132544 -2.487401
1.180010 3.821986
3.993208 -0.232999
-3.884965 0.952390
3.931762 0.735695
-4.000000 -0.001571
-3.891676 -0.924584
3.741089 -1.415715
3.906465 0.859962
-3.222409 2.369827
1.224508 -3.807963
-3.233818 -2.354235
3.928035 0.755344
0.965094 -3.881829
-0.896720 -3.898191
-3.034804 -2.605756
-3.999147 -0.082616
0.971695 -3.880182
0.194152 3.995285
-0.744383 3.930127
-3.782382 -1.301380
-3.225899 2.365074
2.860177 -2.796317
2.189053 -3.347842
0.540229 3.963351
3.707428 1.501659
-3.976565 -0.432356
-3.963963 0.535721
3.974241 -0.453224
2.586282 3.051417
-3.985825 0.336454
-1.004696 -3.871768
-2.654007 -2.992699
-0.134589 -3.997735
-3.129179 2.491634
0.959865 3.883125
3.985979 0.334624
2.468685 3.147315
-3.376790 -2.144129
-2.859326 2.797187
2.652547 2.993993
-3.878592 -0.978019
-1.230909 -3.805898
-3.921181 0.790151
-3.284126 2.283532
3.264462 2.311555
-1.050461 -3.859603
-2.556302 3.076576
3.982375 0.375083
-3.945091 0.660499
-0.208445 -3.994565
3.948051 -0.642570
3.959692 -0.566425
-1.822814 -3.560526
-1.984189 -3.473182
2.149343 3.373474
-3.811603 -1.213129
1.053075 -3.858890
0.143052 -3.997441
3.967467 -0.509124
-2.497234 -3.124712
3.633291 1.673080
3.983569 0.362184
-1.072612 3.853505
3.000890 -2.644742
2.777153 2.878788
-1.709790 3.616161
3.058022 2.578468
3.471359 -1.987376
-0.277272 -3.990378
-2.888667 2.766876
3.980789 -0.391560
-2.651059 2.995311
2.576015 -3.060089
3.978065 0.418328
-2.210293 -3.333857
0.967217 3.881300
-2.544967 -3.085959
3.857850 1.056880
-2.033780 3.444378
3.426363 2.063986
3.914387 -0.823150
-1.352616 -3.764363
-0.473684 3.971854
-3.601487 -1.740487
-3.796216 -1.260454
-1.587685 3.671411
0.336973 -3.985781
1.224004 -3.808125
-3.875808 -0.988996
-1.293616 -3.785044
-2.117653 3.393456
1.065433 -3.855496
3.839099 1.123086
1.905234 -3.517113
2.969746 -2.679666
-3.224935 2.366389
-3.416027 -2.081048
-3.121422 2.501345
1.620437 -3.657073
3.667259 1.597251
-3.928878 -0.750947
0.200597 -3.994967
-3.504240 -1.928809
-3.795927 -1.261323
1.208085 -3.813205
-2.048097 3.435884
-3.957567 -0.581085
-3.999999 -0.002092
3.845409 1.101284
0.369419 -3.982905
2.820148 -2.836682
-1.875991 3.532797
2.790896 -2.865467
-3.891448 0.925546
-2.466298 -3.149186
3.706577 1.503758
3.935464 -0.715628
-2.402041 3.198468
-2.084016 3.414217
2.992256 -2.654506
-3.639628 1.659249
-3.874221 0.995195
-2.754312 2.900649
2.640212 -3.004876
-3.647141 1.642669
-2.289965 3.279644
-3.958769 -0.572843
-1.381173 3.753979
-3.984010 0.357304
-3.468778 -1.991879
3.972801 -0.465677
0.296766 3.988976
2.764956 -2.890505
3.505792 1.925986
0.872878 -3.903599
-0.629729 3.950119
3.917646 -0.807496
-1.621150 3.656757
0.714071 3.935747
-3.877102 0.983909
-3.419498 -2.075339
0.038019 -3.999819
-3.987245 0.319185
-3.934761 -0.719481
-0.233124 3.993201
-3.915142 0.819550
-3.290001 2.275058
3.263261 -2.313251
1.639646 3.648501
3.915875 -0.816042
2.095712 -3.407050
0.122613 3.998120
2.245490 -3.310253
2.305295 3.268886
-2.410831 3.191848
2.093124 -3.408641
-1.611216 -3.661145
-2.164843 -3.363548
-2.391326 -3.206487
-3.701144 1.517081
2.887630 -2.767958
3.844999 1.102714
0.707678 -3.936901
3.890444 0.929754
2.214281 -3.331210
-3.060637 2.575364
2.421933 3.183432
-3.673850 -1.582033
1.907386 -3.515946
-1.855588 -3.543557
-2.034959 -3.443681
-3.914885 0.820777
-1.951023 -3.491921
-2.611912 -3.029508
-3.860909 1.045650
-1.933183 -3.501829
-3.791862 1.273493
1.964908 3.484126
-0.109133 3.998511
-2.920604 2.733144
-1.104711 3.844426
-2.539500 -3.090460
-3.952877 0.612178
3.370778 2.153568
3.868521 -1.017127
-3.982598 -0.372714
2.475668 1.256892
2.940799 2.711402
0.314452 3.987621
-3.526891 -1.887071
-3.725213 1.456979
-3.196308 -2.404915
2.777257 -2.878688
-0.290739 3.989420
3.941843 0.679614
-0.119051 -3.998228
-1.793209 3.575528
3.998095 0.123436
1.644708 -3.646222
-3.906266 0.860862
-3.706810 1.503184
-0.344521 3.985136
3.381780 2.136250
-1.251603 3.799143
3.766424 1.346867
-1.933715 3.501535
-0.699316 3.938395
1.023800 3.866760
-3.911637 -0.836120
1.458855 3.724479
-1.596289 -3.667678
-3.237201 -2.349581
-0.124552 -3.998060
-3.219473 -2.373815
2.454468 -3.158415
3.481558 -1.969456
-1.121131 -3.839670
0.047440 -3.999719
-1.540087 -3.691630
1.340814 -3.768583
-2.342976 3.241984
1.263222 -3.795296
3.257823 2.320903
-3.868722 -1.016362
-3.998134 -0.122179
3.992814 0.239651
2.184509 -3.350809
-0.040309 -3.999797
1.418338 -3.740096
0.238846 3.992863
-3.066896 2.567907
-0.084915 3.999099
-3.926949 0.760969
-1.814397 3.564823
-3.242932 2.341664
-3.788893 1.282298
-2.813181 2.843591
2.522598 3.104271
3.393882 2.116970
3.999479 0.064579
3.127074 -2.494275
-3.279391 2.290326
1.657530 -3.640411
2.089425 -3.410909
-3.258979 -2.319279
-3.996750 -0.161201
-3.894619 -0.912109
3.872205 -1.003008
3.500999 -1.934684
3.369914 -2.154920
3.206440 -2.391389
3.782850 -1.300017
1.594489 3.668461
0.742396 3.930502
-1.825786 -3.559003
-2.323602 3.255898
0.095620 -3.998857
3.551834 1.839695
-2.798928 2.857621
3.974853 0.447821
-3.776702 -1.317771
2.564195 3.070001
0.178593 -3.996011
-2.068121 -3.423868
2.319717 -3.258667
1.788324 -3.577974
-2.766626 2.888907
2.062573 -3.427214
1.872684 -3.534551
-0.540854 -3.963266
3.259236 2.318918
2.979271 2.669071
0.524122 3.965513
0.126837 -3.997989
2.940913 -2.711279
1.322427 -3.775074
-0.858040 3.906887
-2.955986 -2.694837
-0.310893 3.987900
3.665579 1.601102
-2.717948 2.934751
-3.618715 1.704378
3.591344 1.761319
-2.586991 3.050816
-3.739688 1.419414
-3.482270 1.968196
-0.782670 3.922681
-0.764769 -3.926211
2.176594 3.355956
3.999753 0.044480
-1.690690 -3.625130
0.818880 3.915282
-2.361291 -3.228669
-3.431194 -2.055944
-2.502442 3.120542
-3.180277 -2.426075
-1.929949 -3.503612
-0.234415 3.993125
0.083535 3.999128
-2.394125 3.204398
3.903520 -0.873229
-3.785827 -1.291322
-1.920485 -3.508809
0.493272 3.969469
-0.907927 -3.895596
3.012815 2.631149
-3.942327 0.676802
1.450306 -3.727816
-2.327905 3.252823
-1.293746 3.784999
3.858146 -1.055797
-3.994040 0.218276
-3.065848 -2.569159
1.043299 3.861545
-3.241408 -2.343773
-3.942436 0.676166
1.924895 3.506391
-3.968135 -0.503893
-0.954912 3.884346
-2.963221 2.686880
-0.922866 3.892084
3.052470 -2.585039
3.708609 1.498739
-2.884694 2.771018
-1.617527 -3.658361
3.453496 2.018258
3.934861 -0.718934
-3.863432 -1.036290
2.527082 3.100622
-3.638891 -1.660865
-3.082297 -2.549401
-3.599654 1.744274
1.568005 3.679859
3.916130 -0.814819
2.843659 2.813113
-3.893028 0.918875
-2.251677 3.306048
-1.574810 -3.676952
-3.280648 2.288526
3.693868 1.534712
-3.634938 1.669499
-1.236817 3.803983
3.902228 -0.878986
-1.412998 -3.742116
-1.743017 3.600263
-1.889007 3.525855
3.153371 2.460945
-3.568694 1.806772
-1.295304 3.784467
3.895991 -0.906233
-1.933357 3.501733
3.547245 -1.848527
-2.603788 -3.036493
-3.695612 -1.530506
0.855071 -3.907538
0.957405 3.883732
0.038984 3.999810
-3.885602 -0.949787
-3.223092 -2.368898
0.443665 3.975319
0.096429 -3.998838
-3.600129 -1.743293
0.263264 -3.991327
-0.149120 -3.997219
-0.210651 3.994449
-1.273616 3.791821
3.945041 0.660793
-1.586127 -3.672084
1.752485 3.595664
3.440847 2.039748
2.824578 -2.832271
-2.029845 3.446698
3.854755 -1.068114
0.854299 3.907707
2.588460 -3.049569
3.842237 1.112302
-3.996628 -0.164219
-3.302897 -2.256296
-2.219629 3.327649
-2.010331 -3.458117
-3.955618 -0.594211
-0.942161 -3.887458
-3.206920 2.390745
2.518148 -3.107882
2.910748 -2.743637
-3.958026 -0.577954
-0.496850 -3.969023
1.135437 3.835464
3.813955 1.205715
0.782153 3.922784
2.633567 3.010702
0.379266 3.981979
3.866177 1.026001
2.172938 3.358324
-2.342460 -3.242358
-3.989284 -0.292595
-1.324179 3.774460
-2.904332 2.750428
-0.458016 3.973691
1.117014 3.840870
1.243479 -3.801810
0.247455 -3.992338
-2.523469 3.103563
-1.043273 -3.861552
-2.350394 3.236610
-1.874600 3.533536
3.995527 -0.189114
-1.151010 -3.830819
0.165346 3.996581
-3.458522 2.009633
3.849938 1.085347
1.438525 -3.732378
3.907580 0.854878
-3.068559 2.565919
3.182917 2.422609
3.594715 1.754431
0.189384 -3.995514
1.589947 -3.670432
2.579021 -3.057556
-3.684252 1.557655
-3.981636 0.382855
-0.485576 3.970418
-3.190363 2.412796
-2.355246 -3.233081
-1.768471 -3.587828
-0.389249 3.981016
-0.051836 -3.999664
3.821648 -1.181104
1.547875 -3.688371
1.721609 -3.610549
2.647971 2.998041
0.726739 3.933427
-3.929718 0.746537
-0.707061 3.937012
-3.941704 0.680421
-3.831677 1.148150
2.033428 -3.444586
3.982317 -0.375699
-0.842858 -3.910190
-3.986020 -0.334127
3.974398 -0.451838
2.247836 3.308660
-3.975052 -0.446049
2.635184 -3.009286
2.716067 2.936491
-1.783943 -3.580160
-1.082735 3.850673
1.301080 3.782485
-0.899130 3.897636
-0.967431 3.881247
1.507893 -3.704896
2.383497 3.212311
0.519471 3.966125
0.700592 3.938168
-0.051758 3.999665
-0.287058 -3.989686
-1.454982 3.725993
2.653735 2.992940
-2.857077 2.799484
3.999316 0.073978
2.285803 3.282545
-3.699175 1.521876
-0.078522 -3.999229
3.464620 1.999103
2.321142 3.257652
-3.828530 1.158603
3.996725 0.161841
-3.264156 2.311987
-1.883463 -3.528819
3.935900 -0.713225
-3.747847 1.397728
-3.862770 1.038754
-3.989000 -0.296443
-3.027430 -2.614320
-3.690542 1.542692
-2.061860 -3.427643
-2.445085 3.165685
-3.943800 -0.668165
-0.456366 3.973881
3.945075 0.660591
-0.001124 -4.000000
-3.755398 -1.377312
3.560653 1.822566
3.932458 0.731967
-1.337795 3.769656
3.400686 2.106023
1.998379 -3.465037
-3.559522 -1.824776
1.050444 3.859607
3.996166 -0.175097
0.625456 3.950798
-1.238781 -3.277360
-3.143969 -2.472945
3.077740 -2.554901
0.923764 3.891871
-3.715399 1.481827
-3.906392 -0.860291
-3.936335 0.710822
-2.936105 -2.716484
-0.888249 3.900130
-0.764860 -3.926193
-3.858888 1.053084
-0.915984 -3.893709
0.502363 -3.968329
0.147319 3.997286
1.579000 3.675154
-0.591379 -3.956042
-0.598971 3.954900
-0.103731 -3.998655
3.984483 0.351986
-3.977489 0.423768
3.346291 2.191424
-0.426171 -3.977233
0.145812 -3.997341
3.197756 2.402989
-3.999184 -0.080788
-3.000936 2.644690
0.793124 3.920581
-1.268069 3.793679
0.676709 3.942343
2.327237 3.253301
1.020791 -3.867556
2.289089 -3.280255
-1.590100 3.670365
1.814438 3.564802
2.644067 3.001485
1.533511 3.694367
-3.414061 2.084271
3.998593 -0.106070
2.221862 3.326158
-3.928151 -0.754737
-3.905112 -0.866082
-0.796987 -3.919797
-3.995891 0.181256
-3.324402 2.224489
0.393615 -3.980586
-1.426406 3.737027
0.381613 3.981755
-3.139954 -2.478041
-2.972248 2.676890
-3.964661 0.530532
0.422705 -3.977602
-3.987145 -0.320425
-2.690863 2.959605
-1.974876 -3.478486
2.888885 2.766648
-0.077567 3.999248
2.812557 2.844208
-3.996137 -0.175747
-1.681476 -3.629413
-3.951330 -0.622087
-3.801977 -1.242970
-3.968865 0.498103
3.906160 -0.861342
3.964323 -0.533047
-3.193870 -2.408151
0.150133 -3.997182
-0.884417 -3.901001
-3.706752 -1.503327
-1.731345 -3.605890
0.142858 3.997448
2.802498 -2.854121
0.642665 3.948035
-0.564461 -3.959973
2.856584 2.799987
-3.709161 1.497372
-0.298803 3.988824
-0.966685 3.881433
2.426378 3.180045
-3.749428 1.393481
1.071156 3.853910
-3.675543 -1.578096
3.378725 2.141079
-3.701581 1.516014
-3.284350 2.283210
3.838008 -1.126806
0.461744 -3.973260
1.955333 -3.489509
-0.424371 3.977425
2.805173 2.851492
-0.136368 -3.997675
3.316518 2.236227
-2.440946 3.168877
-0.474476 3.971759
1.885975 -3.527478
-3.941192 0.683380
-1.885266 -3.527857
1.511344 -3.703490
-3.682902 1.560844
1.507043 3.705243
-3.835714 1.134593
-2.649960 -2.996283
-1.918795 3.509733
-1.464647 -3.722205
-1.636412 -3.649953
-1.419126 3.739797
-1.207716 -3.813322
-0.599669 3.954794
1.450352 -3.727798
3.937505 0.704311
-3.404204 2.100332
2.224867 3.324149
2.406491 -3.195122
-1.790905 -3.576683
3.137031 2.481741
-3.451141 -2.022283
-3.944532 -0.663825
2.358068 -3.231024
-3.986528 0.328019
-3.982767 0.370905
-3.924044 -0.775810
3.683077 -1.560430
-1.652286 -3.642795
2.528779 3.099238
-1.420409 -3.739310
-2.880976 -2.774883
-3.310786 2.244704
2.852126 2.804528
1.829293 -3.557202
-2.157494 -3.368267
2.050991 3.434157
3.394789 -2.115516
3.814139 -1.205131
-3.660140 1.613497
-3.382334 2.135373
-0.080574 3.999188
-3.400214 -2.106785
3.359928 2.170456
-2.659596 -2.987733
3.991851 0.255204
3.083124 -2.548400
2.541835 -3.088539
-3.498885 -1.938506
-1.190939 3.818595
-3.996119 0.176171
-0.623947 -3.951037
-0.552370 -3.961677
-3.645859 -1.645513
-1.367605 -3.758943
2.730845 2.922753
-3.555435 -1.832725
0.569311 -3.959278
3.897436 -0.899996
-3.365223 -2.162238
3.994199 -0.215342
3.870417 1.009888
-1.981519 3.474706
-2.811870 -2.844888
-1.960854 -3.486410
-2.666453 -2.981615
0.213743 3.994285
-3.859707 1.050076
-3.807258 -1.226697
-3.817113 1.195680
-3.981582 -0.383416
2.529962 -3.098272
2.677126 2.972036
1.810448 -3.566830
0.292723 3.989275
3.594286 1.755308
-1.942512 -3.496662
-2.686987 -2.963123
-1.836268 -3.553607
0.549014 3.962144
2.400341 3.199744
-3.998508 0.109239
-3.952546 0.614314
-1.314397 3.777878
-3.029952 2.611397
-1.919479 -3.509359
0.246409 3.992403
2.452102 -3.160252
-3.362740 2.166098
-3.792374 1.271967
-3.893753 -0.915800
0.415681 3.978342
-3.024051 -2.618228
0.992388 -3.874941
3.891146 -0.926812
3.868875 1.015780
-0.837446 3.911353
-3.849990 1.085163
0.261733 3.991428
-1.288760 3.786700
-2.744104 2.910308
2.194365 -3.344363
2.363158 3.227303
-1.146805 -3.832080
3.943463 -0.670148
-0.392290 3.980717
3.306197 -2.251458
0.349938 -3.984664
2.411811 3.191107
-2.649826 2.996402
-2.003092 -3.462315
0.470977 3.972176
-2.220438 -3.327109
-2.548416 3.083112
-3.705313 1.506870
2.494870 3.126599
2.957076 -2.693641
3.861817 1.042289
-3.323673 -2.225578
-3.239925 -2.345823
-2.506170 -3.117549
-3.103579 2.523450
0.894560 -3.898687
0.146638 3.997311
3.554771 1.834013
2.330808 -3.250743
-3.995744 0.184470
-2.966851 2.682870
3.715263 -1.482168
3.383462 2.133584
-2.896343 2.758840
0.715167 3.935548
3.904279 -0.869832
3.999849 0.034796
3.757517 1.371520
1.988360 3.470796
-1.430879 3.735316
-3.990652 0.273309
-1.927669 3.504867
-0.989075 3.875788
-0.920236 3.892707
-0.044661 3.999751
3.990845 -0.270481
3.881913 -0.964754
0.237130 3.992965
3.591477 1.761048
-3.024378 -2.617850
2.916951 2.737042
3.579663 1.784941
-1.999816 -3.464208
-1.764377 -3.589843
3.637594 -1.663704
3.053043 -2.584363
3.997802 -0.132599
-0.254086 -3.991922
-0.150535 3.997166
-2.460281 -3.153890
3.930834 -0.740639
1.135787 -3.835360
0.197605 -3.995116
-3.423391 2.068911
3.985957 0.334884
-2.495087 -3.126426
-0.188827 -3.995541
2.816734 2.840072
-0.382665 3.981654
-0.659974 -3.945179
0.944795 3.886819
2.966862 2.682859
3.996704 -0.162348
3.071314 2.562622
1.933019 3.501919
-0.216409 -3.994142
-3.269262 -2.304761
-3.988796 -0.299173
-0.289726 3.989494
-0.039764 3.999802
-3.867727 1.020140
-3.251584 -2.329635
-0.867184 -3.904868
-2.750671 -2.904102
-0.026816 -3.999910
1.005793 3.871483
-1.693272 -3.623925
3.591955 1.760073
-1.438545 3.732370
0.702346 -3.937856
-2.425824 -3.180469
3.408576 -2.093230
-2.880416 2.775464
-3.958932 -0.571713
-1.383149 3.753252
-2.632917 -3.011270
3.896494 -0.904066
-3.705433 1.506574
-3.274563 2.297224
-3.379807 -2.139370
-1.052830 -3.858957
0.198031 -3.995095
-2.403751 -3.197183
-0.833762 -3.912140
-3.720339 1.469381
-1.491824 3.711396
3.958185 -0.576867
3.834124 1.139953
-3.789569 1.280298
-3.699236 1.521726
-3.955018 -0.598189
-3.796276 -1.260274
-1.528422 3.696475
1.889057 3.525828
-3.997645 -0.137229
-2.040264 3.440541
-1.557611 -3.684270
-2.938952 -2.713404
-3.563413 1.817166
-0.546111 3.962545
-2.854305 -2.802311
-0.621332 3.951449
0.959473 -3.883222
0.155124 -3.996991
-3.978901 -0.410306
3.218800 -2.374726
3.990935 -0.269148
3.091360 2.538403
0.318438 -3.987304
3.270979 2.302324
1.601834 -3.665259
3.762858 -1.356798
-1.696094 -3.622605
3.816117 -1.198853
3.831681 -1.148139
2.216141 3.329973
3.564827 -1.814389
-1.064480 3.855760
0.694897 3.939177
2.191415 3.346296
1.305433 -3.780985
-2.451200 3.160952
-2.130046 -3.385691
-2.328534 3.252373
-2.929989 2.723080
-3.626507 1.687735
3.980379 -0.395710
-3.750960 -1.389353
-3.518139 -1.903338
1.145623 3.832434
-3.999707 0.048425
1.616985 3.658601
2.953325 2.697753
-3.962205 -0.548576
3.949657 -0.632620
-1.083733 -3.850392
-2.029643 3.446817
2.416771 -3.187353
-3.639776 1.658925
3.740342 -1.417689
1.442311 -3.730917
3.751574 1.387694
-3.914122 -0.824408
-0.257275 3.991718
3.555305 -1.832978
1.304174 -3.781419
-3.664771 -1.602951
2.571222 3.064118
1.810013 3.567051
2.841671 -2.815121
3.727639 1.450761
-3.983023 -0.368136
-0.251010 3.992116
3.456617 -2.012908
-3.484781 -1.963746
-3.374653 -2.147491
-0.309685 3.987994
-3.945264 -0.659462
3.223608 2.368196
-0.329489 3.986407
-2.590932 -3.047470
2.027849 -3.447873
-2.022937 3.450757
3.678696 1.570732
-1.534220 3.694072
-1.899284 3.520329
3.313818 2.240225
-3.655171 1.624722
2.077793 3.418008
-3.782302 -1.301611
1.444672 -3.730003
-2.276507 3.289000
3.880129 -0.971905
-0.229021 3.993438
1.089983 3.848628
-1.550339 -3.687336
0.710044 3.936475
-3.997004 -0.154783
1.932561 3.502172
-3.640568 -1.657186
-1.106782 3.843830
3.364494 -2.163373
-3.207769 -2.389606
-0.522950 3.965668
-3.787851 -1.285373
1.303549 3.781635
1.236851 3.803972
-3.909972 -0.843869
3.996692 0.162635
-3.378092 -2.142077
3.323077 -2.226468
0.161939 -3.996721
-0.023273 -3.999932
-2.692684 2.957947
-3.987776 -0.312482
-3.967660 -0.507619
3.504089 1.929084
-0.294518 3.989143
-0.798678 -3.919453
-1.385501 3.752384
0.309762 3.987988
-2.950912 2.700392
-3.891074 -0.927116
3.855080 -1.066940
3.729616 1.445672
-3.993860 -0.221547
-3.268636 2.305649
3.999729 -0.046545
3.557386 -1.828935
-2.356171 3.232408
3.905392 -0.864820
-1.403397 3.745728
-3.112814 2.512049
-2.436727 3.172122
3.860593 1.046813
2.525246 3.102117
-0.849006 3.908860
-3.664626 -1.603283
-2.069343 3.423130
-2.118160 3.393140
1.402115 -3.746208
1.591570 3.669728
2.596772 -3.042495
-0.876404 -3.902809
3.617136 1.707726
0.417419 3.978161
1.591741 3.669654
-2.537102 3.092428
0.853084 3.907972
3.003491 2.641788
3.271463 2.301637
0.808119 -3.917518
1.929442 3.503891
-2.361053 3.228843
2.574689 3.061205
1.270511 -3.792862
3.794383 -1.265961
-2.300160 3.272501
2.944800 2.707056
-0.841092 3.910571
-1.742035 -3.600738
3.563689 -1.816624
3.410198 2.090586
2.850953 -2.805721
3.673297 -1.583316
-2.737079 2.916916
3.506420 1.924842
2.036340 3.442865
3.930740 -0.741138
-0.955600 -3.884177
3.211353 2.384788
2.001545 -3.463209
1.233004 -3.805220
-0.394136 -3.980535
3.562750 1.818463
3.991924 0.254051
-3.164205 -2.447000
1.164973 3.826596
-3.976345 0.434374
3.806502 1.229041
-0.174757 3.996181
0.938769 -3.888279
-2.585847 3.051785
-0.191110 -3.995432
-3.509826 1.918625
2.301158 3.271799
-2.394886 -3.203829
-2.536609 3.092833
-3.212911 2.382688
-1.246734 -3.800744
0.500265 3.968594
0.133920 3.997758
-2.643551 3.001939
-0.506239 3.967836
-2.197544 -3.342275
3.649265 1.637945
-3.936860 -0.707905
2.495711 3.125928
-2.700970 2.950383
-3.915457 0.818046
3.257084 2.321940
1.669880 3.634763
-0.765887 3.925992
0.925049 3.891566
3.960635 0.559796
3.432181 -2.054296
3.914958 -0.820427
3.499491 -1.937411
0.646493 3.947410
0.934969 -3.889194
-3.999787 -0.041307
2.851832 2.804827
-2.037877 3.441956
-3.662984 -1.607030
-1.478999 3.716525
-2.509423 3.114931
0.395932 -3.980357
-1.542526 -3.690612
-1.470439 3.719921
-3.999997 -0.004818
1.786495 3.578887
2.820614 -2.836218
3.933071 -0.728665
0.630253 3.950036
-0.152157 3.997105
-1.928199 -3.504575
-2.336824 3.246422
-1.734279 3.604480
1.162089 3.827473
-3.997638 -0.137447
3.044212 2.594759
2.642888 3.002523
-3.135856 -2.483225
-1.297629 -3.783670
3.217082 -2.377054
-3.998826 -0.096915
3.865447 1.028746
-3.221789 -2.370670
1.622910 -3.655977
-3.907056 -0.857272
3.422130 2.070997
3.480585 1.971174
-2.344121 -3.241157
3.876408 -0.986640
3.855785 1.064388
-3.733076 1.436714
2.913763 2.740435
-0.858967 3.906684
-0.117696 3.998268
-3.981163 0.387739
-3.986268 0.331157
-3.999864 -0.032993
-3.983428 -0.363728
-0.988183 -3.876015
-2.732062 -2.921616
3.017400 2.625890
-3.201080 -2.398560
-2.813663 2.843114
2.252237 3.305666
3.312121 -2.242733
-1.820233 3.561847
1.696278 -3.622519
-3.743158 1.410238
-2.322511 3.256677
1.301735 -3.782259
-3.201147 -2.398470
0.006475 3.999995
-2.947604 -2.704002
-3.829626 -1.154974
3.905354 -0.864993
-2.568744 3.066195
-3.812469 -1.210403
3.142662 -2.474607
-0.014804 3.999973
-0.513767 3.966868
-0.566583 3.959670
3.893952 -0.914954
-3.974900 0.447404
3.998321 0.115884
1.920908 -3.508577
-2.353013 -3.234707
2.561316 -3.072403
3.724237 1.459473
-1.223319 3.808345
2.287792 -3.281159
3.530571 1.880178
3.764860 1.351233
3.298103 -2.263297
2.783386 2.872762
0.925830 3.891380
-2.737897 2.916148
3.245496 -2.338110
-3.767757 1.343133
-2.415444 3.188358
-1.133647 3.835993
-3.993479 -0.228307
2.263850 -3.297724
3.648809 1.638962
-3.432979 -2.052963
-2.943328 2.708657
3.814979 1.202469
-3.798428 1.253773
3.674067 -1.581529
-1.981037 3.474981
-1.320502 -3.775748
-1.778896 -3.582671
-3.789475 -1.280577
-1.382020 -3.753668
-2.481892 3.136911
1.604987 3.663880
-3.447225 2.028951
-3.665978 1.600189
3.249896 2.331990
2.152746 -3.371303
-1.840698 -3.551314
-0.545590 3.962617
3.986114 0.333008
-0.686708 3.940613
0.108024 -3.998541
0.009830 3.999988
3.829885 1.154114
-2.266473 3.295922
-3.599814 1.743943
-3.985682 0.338145
-3.221306 -2.371325
-2.152449 3.371493
0.195715 3.995209
3.296728 2.265300
3.995070 -0.198538
-3.824888 -1.170568
-3.992982 -0.236841
3.456434 -2.013222
3.945793 0.656289
3.886644 0.945515
3.109383 2.516295
-3.964687 -0.530334
2.768376 2.887230
1.810786 3.566659
-2.920818 2.732915
-1.917671 3.510347
-1.745515 -3.599052
-3.677281 -1.574040
3.960971 0.557412
3.973813 0.456960
-3.413687 -2.084884
-3.144430 2.472359
-3.884045 0.956136
-3.990977 0.268523
3.751125 1.388907
-3.965179 0.526646
3.952160 -0.616792
-2.757427 2.897688
-2.444206 3.166363
-2.351372 -3.235900
3.902011 0.879951
-3.602457 1.738477
-3.970538 -0.484590
-3.775078 1.322417
3.826353 -1.165772
-3.086842 -2.543896
3.590676 -1.762682
-2.158386 -3.367695
-3.909777 0.844777
-1.281051 -3.789315
-0.661808 -3.944871
-3.994916 -0.201613
3.308626 2.247887
1.419482 3.739662
-3.999124 0.083730
2.087632 3.412007
-4.000000 0.000005
3.591151 1.761714
1.932534 3.502187
-3.830638 1.151614
3.999609 -0.055892
0.423310 -3.977538
-1.297356 -3.783764
3.206067 2.391890
-3.203187 -2.395745
3.908134 -0.852343
3.636053 -1.667069
-3.949389 -0.634293
2.082092 3.415391
3.207016 2.390616
-0.494363 3.969333
1.741194 3.601145
-3.907694 0.854356
-0.374815 3.982401
-3.868553 -1.017003
3.617038 1.707933
3.489687 1.955016
2.041692 3.439694
1.438773 -3.732282
-1.304013 -3.781474
2.664858 -2.983041
-1.201132 3.815401
-2.234483 -3.317693
3.601205 1.741068
-3.701587 -1.515998
2.920147 -2.733632
2.035041 3.443633
-1.958925 -3.487494
2.832892 -2.823955
0.239927 3.992798
-2.873488 -2.782637
0.079613 -3.999208
1.703506 -3.619125
2.175766 3.356492
-3.300363 -2.260000
-2.438096 3.171070
2.043222 3.438785
0.665759 3.944207
-2.874165 2.781937
3.823866 -1.173905
2.159847 -3.366758
-3.603290 1.736751
2.271419 3.292515
3.952380 0.615378
-3.946152 -0.654130
3.700786 -1.517953
-3.058182 2.578280
0.906692 -3.895884
-3.426015 2.064563
-3.154551 -2.459433
0.050664 3.999679
-3.106634 2.519688
-2.001716 -3.463110
2.208480 3.335059
3.924955 -0.771185
-3.991483 0.260897
1.807199 -3.568478
-1.059184 3.857218
3.098885 2.529212
2.998432 2.647528
-0.391671 3.980778
1.195891 3.817047
0.955185 -3.884279
3.357211 2.174657
-3.927588 0.757663
0.435294 3.976244
-2.761507 2.893801
-3.287708 2.278372
-0.539053 3.963511
3.837930 -1.127072
-1.666087 3.636503
2.439540 3.169960
3.730751 1.442739
-3.788236 1.284237
-3.286056 -2.280754
-2.017092 3.454177
3.288002 -2.277947
-3.981553 -0.383708
-0.561642 -3.960374
-3.649948 -1.636424
3.893122 0.918479
-1.020307 -3.867683
-0.736135 3.931680
3.478156 -1.975457
-3.846543 1.097319
-0.799636 -3.919258
-2.447046 3.164169
-3.854899 -1.067594
-3.236421 2.350655
-3.047315 -2.591114
1.554145 -3.685734
-0.695867 -3.939006
-3.884460 -0.954447
2.122838 3.390215
3.528982 -1.883158
-3.414531 2.083501
3.836810 1.130879
3.999800 0.039993
-0.558153 -3.960867
2.862566 -2.793871
3.167182 -2.443145
3.450495 -2.023384
0.425807 3.977271
-1.372900 -3.757013
3.168151 -2.441888
-3.989100 0.295090
-0.616048 3.952276
3.956338 0.589399
-3.918436 -0.803652
3.986110 -0.333052
-2.228073 3.322001
3.357475 -2.174250
-0.812900 3.916528
1.912183 3.513340
-2.757805 -2.897328
0.276885 -3.990405
-2.997787 2.648259
2.793511 2.862918
-3.061133 -2.574774
-1.150564 3.830953
-3.171703 -2.437273
3.672215 -1.585824
3.932694 -0.730699
1.129532 3.837207
1.541971 3.690843
3.845116 1.102309
-1.497473 -3.709120
-3.670508 1.589771
3.564264 -1.815496
3.937680 0.703331
3.891076 -0.927107
-2.540287 3.089812
0.932138 3.889874
-1.143184 3.833162
3.354410 -2.178975
-3.625449 -1.690006
-2.590652 -3.047708
2.126477 -3.387934
2.142555 3.377789
-3.072370 2.561356
3.953479 0.608277
-0.341070 -3.985432
-2.442902 -3.167369
3.652196 1.631399
1.861911 -3.540239
-1.355041 3.763491
-2.650706 2.995624
2.850355 2.806328
-3.790555 -1.277379
-0.120034 -3.998199
1.038967 3.862713
3.521828 1.896504
-3.760747 1.362639
-1.422584 3.738483
0.539270 3.963482
3.987267 0.318911
0.894931 -3.898602
2.754245 -2.900713
3.959487 0.567859
1.673575 -3.633063
-3.985512 0.340144
-3.997611 -0.138224
3.659930 -1.613974
-3.173058 2.435509
-2.579100 -3.057490
-1.391181 3.750282
0.057530 3.999586
-3.419428 2.075455
3.784036 -1.296560
3.859930 1.049257
-3.172339 2.436445
3.627177 1.686294
-3.942723 -0.674490
-0.322624 -3.986968
3.998388 -0.113556
-0.528428 3.964942
-3.568993 -1.806181
-1.162747 -3.827273
3.999743 0.045304
3.991647 -0.258363
3.958631 0.573796
1.986201 -3.472032
3.448172 2.027340
-0.316838 -3.987432
-3.831747 1.147917
-0.162776 3.996687
-0.849804 3.908687
-3.997650 -0.137100
-3.460929 -2.005485
3.943504 -0.669906
-3.928631 0.752235
-2.828554 2.828301
1.582933 -3.673462
-3.209505 -2.387274
-2.374141 3.219232
-1.970950 -3.480712
2.128722 3.386524
-3.116918 2.506955
3.810393 1.216924
-3.864151 1.033604
1.237794 -3.803665
-3.821190 1.182584
1.382988 3.753311
-3.422570 2.070269
-3.056606 -2.580147
2.140393 3.379159
1.619166 -3.657636
-3.450364 -2.023607
-3.553236 1.836986
-3.733362 1.435970
-1.427150 -3.736742
-1.958324 3.487831
-3.648397 1.639879
-3.746537 1.401236
3.963552 -0.538757
-3.949362 0.634460
2.727525 2.925851
-1.166126 -3.826245
0.037266 3.999826
0.716423 3.935319
-0.425639 3.977289
-0.950928 3.885323
-3.761297 1.361120
2.853401 -2.803231
3.877771 -0.981272
-2.553351 3.079025
-2.984460 -2.663268
3.258914 2.319370
-0.738554 3.931226
3.435292 -2.049091
3.992078 -0.251626
0.793256 3.920554
1.812600 3.565737
3.372079 2.151530
-3.993088 -0.235043
-3.018472 2.624657
-0.198563 3.995069
-0.992899 3.874810
-1.868101 -3.536976
3.991154 -0.265883
-1.826358 3.558710
-3.997062 0.153293
0.307257 -3.988182
1.646650 3.645346
-0.293877 3.989190
-3.078142 -2.554416
-0.358777 -3.983877
3.509026 -1.920088
3.997631 -0.137656
1.715927 -3.613253
-0.401911 -3.979757
2.295591 3.275708
2.791386 2.864989
-2.704623 -2.947034
1.315397 3.777530
-3.908146 0.852290
2.123899 3.389550
-0.062357 -3.999514
-3.992921 0.237862
3.948216 -0.641552
-0.395410 -3.980408
-3.792523 1.271523
-3.259143 2.319049
-3.361328 -2.168288
3.672174 1.585918
-3.109397 2.516277
-3.974690 -0.449267
-2.665320 2.982628
-1.755287 3.594296
3.897462 -0.899884
3.339373 2.201951
3.827645 -1.161521
-3.533936 -1.873845
-3.114316 -2.510187
-1.234227 -3.804824
3.292845 2.270941
2.779809 2.876223
3.998710 0.101590
-3.848881 -1.089088
-3.917400 -0.808689
0.960082 -3.883071
1.431098 3.735232
-1.369973 3.758081
1.640792 3.647986
2.614722 3.027083
3.978269 0.416381
-3.753235 1.383196
3.774114 -1.325166
-3.916386 0.813584
-0.983290 3.877259
-1.266105 -3.794335
3.610463 1.721789
3.615654 1.710861
2.269211 -3.294037
3.036472 2.603813
3.770042 -1.336705
2.591492 3.046993
3.914812 0.821124
-2.481634 -3.137115
3.615586 -1.711006
1.608111 3.662510
-0.232716 3.993225
-3.991251 0.264412
3.339601 -2.201605
0.612925 3.952761
0.792566 -3.920694
3.560276 -1.823304
-0.294022 -3.989179
0.335600 3.985897
-1.056475 -3.857961
-3.709488 -1.496562
-2.908911 2.745584
1.046129 -3.860779
-3.989499 -0.289647
1.132823 -3.836237
-1.540944 -3.691272
-3.456306 2.013441
3.996944 0.156331
3.932033 0.734248
-3.768800 1.340204
1.632241 3.651820
0.882903 -3.901344
2.369680 -3.222517
0.416770 -3.978229
2.737200 -2.916803
-0.776289 -3.923949
3.005074 2.639987
3.189042 -2.414542
-0.723426 -3.934038
3.497695 -1.940652
1.839323 3.552027
-3.853379 1.073065
-3.088282 -2.542148
-0.807908 -3.917561
3.751006 1.389227
-3.427689 2.061783
0.735122 3.931869
3.962096 0.549358
-3.991471 0.261076
2.245583 3.310190
3.587554 1.769028
-0.066947 3.999440
-3.953532 -0.607935
3.975965 -0.437834
-3.798830 1.252554
3.756899 -1.373213
-3.131057 2.489273
2.772822 2.882960
-3.600553 1.742417
3.965770 0.522180
-0.861076 3.906219
2.833803 2.823041
0.545504 -3.962629
0.526869 3.965149
3.936784 0.708331
-2.354352 3.233733
1.368314 3.758686
2.034531 3.443935
3.307627 -2.249356
0.458773 -3.973604
2.867101 -2.789217
-3.993344 -0.230655
3.633062 1.673578
3.067867 2.566748
-3.517927 1.903731
2.581338 -3.055601
-3.775709 1.320615
-2.451534 -3.160693
3.603383 -1.736557
-3.624898 1.691188
3.725080 -1.457318
1.342615 -3.767942
3.814201 -1.204937
1.431772 3.734974
-1.721432 -3.610633
-1.063379 -3.856063
-3.515470 1.908263
3.588381 -1.767348
-1.185064 3.820422
2.000717 -3.463688
-3.016686 -2.626710
-2.833915 -2.822929
-3.832231 1.146300
-1.823441 -3.560205
-2.918798 2.735071
0.453364 -3.974225
0.134573 3.997736
3.718264 1.474624
1.711042 -3.615568
3.502089 1.932711
-3.923654 0.777779
0.930868 -3.890178
-1.933402 3.501708
3.418699 -2.076655
0.616193 3.952253
3.645603 -1.646080
-2.275583 3.289639
-3.788050 1.284787
2.453710 -3.159004
2.067350 3.424334
-3.084488 2.546750
3.448190 2.027310
0.905181 3.896235
1.984605 3.472944
3.863456 -1.036200
2.818841 2.837981
-3.048513 2.589705
-0.707208 3.936986
3.535597 -1.870710
-1.766924 3.588590
2.678448 -2.970844
-3.911806 -0.835328
-3.997069 -0.153109
2.927628 -2.725619
-1.556073 3.684920
3.672303 -1.585621
3.264254 2.311848
-3.065309 2.569802
-3.933055 -0.728752
3.936431 -0.710287
-1.120554 3.839838
-3.651070 1.633918
-3.316287 -2.236569
-3.986032 -0.333995
2.611219 3.030105
1.196893 -3.816733
-3.029801 -2.611572
3.108510 -2.517373
2.429320 3.177799
3.219389 -2.373928
-1.351739 -3.764678
2.216123 3.329985
-3.686079 1.553325
3.217727 2.376181
1.434818 -3.733805
0.119826 -3.998205
-3.077253 -2.555487
-3.981898 -0.380119
-1.932644 3.502126
-0.705526 3.937287
-3.834750 1.137844
-2.098384 -3.405405
3.657026 -1.620542
3.975843 0.438942
1.946743 -3.494309
-3.995917 0.180677
2.984857 -2.662823
2.288000 3.281015
3.717515 -1.476510
-2.769183 2.886456
-0.814682 3.916158
0.932734 3.889731
-2.137240 -3.381154
-3.904069 -0.870773
-2.629062 3.014637
-3.986127 0.332849
-1.377397 3.755367
3.530900 -1.879560
2.743086 2.911268
3.705729 1.505847
3.996509 -0.167087
2.878673 2.777272
3.844024 -1.106109
3.410122 -2.090710
3.464186 -1.999854
-3.894858 0.911086
2.948516 -2.703008
-1.760885 -3.591557
3.999997 -0.005191
-1.684170 3.628164
1.325510 3.773993
-3.194678 2.407079
-3.126926 -2.494460
-3.978231 -0.416745
-1.289236 -3.786538
-1.367875 3.758845
0.472033 -3.972050
0.270365 3.990852
3.012904 -2.631047
-3.999342 0.072540
-3.848066 1.091965
-3.955111 0.597574
-2.286583 3.282002
3.232777 -2.355664
3.843451 -1.108101
0.898800 -3.897712
-3.974524 0.450727
-2.799087 2.857466
3.312997 2.241439
-2.396604 -3.202544
-3.995918 -0.180657
-3.781766 1.303168
0.543424 -3.962914
-1.050223 -3.859667
-0.075428 3.999289
1.545371 3.689421
-3.142496 -2.474817
0.332390 -3.986166
1.217430 -3.810231
0.543333 -3.962927
3.561299 -1.821305
-3.643313 -1.651141
-3.839227 1.122646
-3.966996 -0.512776
-3.995041 0.199109
-3.547737 1.847583
-0.062611 -3.999510
-1.638176 3.649161
2.580666 3.056168
2.544388 -3.086436
-3.537083 1.867898
-3.992411 -0.246280
-2.216510 3.329727
-0.209004 3.994536
1.750283 3.596736
-0.639339 -3.948575
-0.655111 -3.945989
-3.554934 1.833698
-3.127803 2.493360
-1.505502 -3.705869
3.274639 -2.297115
-3.894617 -0.912118
3.098590 2.529574
-3.527957 -1.885079
-3.150345 -2.464818
0.914012 3.894173
3.979135 0.408027
0.500301 -3.968589
3.072157 2.561611
-1.690645 3.625151
2.507988 -3.116087
-0.880069 -3.901984
0.579460 3.957806
-3.751021 -1.389186
1.550129 -3.687424
-3.487889 -1.958221
3.722889 -1.462907
3.915450 0.818077
-3.969915 0.489665
0.379739 -3.981934
-3.213079 -2.382462
-1.895038 -3.522617
-3.647429 1.642029
-1.858997 3.541769
-3.861317 -1.044143
3.980871 0.390722
0.234967 -3.993093
2.315577 3.261610
-3.758234 1.369555
3.953414 -0.608701
2.254192 -3.304333
3.996446 -0.168587
3.938826 0.696885
2.121701 3.390927
-1.509681 3.704168
-3.589542 -1.764989
-2.219859 -3.327495
3.684160 -1.557872
3.995291 -0.194036
-3.591469 -1.761066
3.955912 0.592249
0.350761 -3.984591
3.952152 -0.616840
1.388440 -3.751298
-1.954269 -3.490105
-3.851497 1.079800
-2.624657 3.018472
3.993133 0.234282
-1.317537 -3.776784
-3.814850 -1.202879
3.647004 -1.642973
3.974003 0.455306
-2.248162 3.308439
-2.832775 -2.824072
2.685041 -2.964887
1.481343 3.715592
3.461586 2.004350
-0.446196 3.975036
-0.523959 3.965535
-0.383585 -3.981565
3.976482 0.433121
3.848643 1.089929
-0.256975 3.991737
3.170031 -2.439448
3.996676 -0.163042
-1.748039 3.597827
-3.424026 2.067860
0.057123 3.999592
-1.149698 -3.831213
3.116902 2.506975
-3.207796 -2.389570
-2.565152 3.069201
1.372323 3.757224
-3.922656 -0.782795
-3.944104 -0.666364
-0.989342 -3.875720
3.834932 1.137232
-0.462351 3.973189
-0.500850 -3.968520
-2.817523 2.839289
-3.617879 -1.706151
-1.775704 -3.584254
-3.013898 2.629908
0.179883 3.995953
3.889727 0.932750
1.718372 3.612090
-3.917375 0.808812
-0.226723 3.993569
-3.919708 0.797427
3.950220 -0.629098
2.207527 3.335689
3.952492 0.614661
-3.081634 2.550202
0.333885 3.986041
-3.431273 2.055812
3.983935 -0.358140
2.077620 -3.418113
-3.847476 1.094043
-3.017438 2.625846
0.464431 3.972947
-0.642947 -3.947989
-2.234354 -3.317780
-3.939663 -0.692141
2.520447 3.106018
-3.813420 1.207404
-3.998521 -0.108752
3.976411 -0.433766
-0.605165 3.953957
2.701679 -2.949734
-0.722917 3.934132
1.859896 3.541298
3.845055 -1.102521
-2.299703 3.272822
-3.997623 -0.137878
-2.669959 -2.978476
-3.945565 0.657660
3.136029 -2.483007
3.995485 -0.190000
-3.881556 0.966190
1.521057 3.699512
3.815595 1.200515
2.057970 3.429980
2.894289 -2.760994
