-1.634693 -3.650723
-3.996499 0.167322
-2.597913 -3.041521
-3.838295 1.125829
3.834913 1.137295
-3.581534 1.781183
-0.376489 -3.982243
-2.702065 2.949380
-3.984879 -0.347471
0.469991 -3.972293
-1.746232 3.598705
0.405838 3.979359
3.999694 0.049507
-2.991034 -2.655883
-0.950388 -3.885455
-3.964419 0.532333
-0.491864 -3.969644
2.646160 2.999639
-3.349123 -2.187093
-1.306022 3.780781
3.353755 -2.179983
3.731065 -1.441927
-3.486754 1.960241
-1.364808 -3.759960
3.999932 0.023246
3.987326 -0.318171
3.232825 -2.355598
2.466299 3.149185
-3.121657 2.501052
-2.636891 -3.007791
-2.098316 3.405447
2.576500 3.059681
1.203236 3.814738
-1.526018 3.697468
-1.287145 3.787249
-0.173212 3.996248
3.222802 -2.369292
1.278113 3.790307
2.183259 3.351624
-3.329969 2.216147
-2.515819 -3.109768
3.990305 -0.278326
-0.202898 -3.994851
-0.684069 -3.941072
-1.971170 -3.480588
-2.849976 -2.806713
-0.008416 3.999991
-0.021362 3.999943
-3.937504 0.704316
2.355029 3.233240
0.637768 3.948829
-3.817685 1.193852
3.907921 0.853319
2.554285 -3.078251
-3.254471 2.325600
-3.989571 -0.288651
3.541921 1.858708
-3.903217 0.874585
3.944911 0.661570
-1.425760 3.737273
-3.958212 0.576681
3.967016 -0.512623
2.301511 -3.271551
-2.277784 3.288115
-3.974813 -0.448175
3.957904 -0.578791
-3.817140 -1.195594
-3.988568 -0.302202
0.796897 3.919816
3.862670 -1.039124
-0.928956 3.890635
-0.264718 3.991231
-2.014125 -3.455908
0.706691 -3.937079
-0.766691 -3.925836
-3.422480 -2.070417
-3.378135 -2.142009
-3.346097 -2.191719
3.985204 0.343726
3.951110 0.623479
-2.209582 3.334329
1.459032 3.724410
-2.765676 -2.889816
1.874615 3.533528
-0.018497 3.999957
-3.033631 2.607121
-3.056316 -2.580491
-1.704252 -3.618774
3.168900 2.440916
-2.083061 3.414800
3.521337 1.897416
-3.262496 2.314329
3.480457 -1.971400
-1.998130 -3.465181
-1.232240 -3.805468
-1.225666 3.807590
2.357587 3.231375
-0.473245 -3.971906
3.760969 1.362024
0.245632 -3.992451
-2.430696 -3.176746
-3.441585 -2.038503
-1.180216 -3.821922
0.071375 3.999363
-3.114883 2.509483
-3.633153 -1.673379
3.848380 1.090859
3.476473 -1.978418
3.528370 1.884304
-3.689152 1.546014
2.673134 2.975627
-2.995971 2.650313
3.395261 2.114759
1.816298 -3.563855
3.268043 -2.306490
1.572332 3.678012
-1.896161 3.522013
-3.999306 0.074495
-3.994629 -0.207210
-0.864550 -3.905452
3.866396 1.025174
1.558114 3.684058
0.157030 3.996917
3.517844 1.903884
1.104100 3.844602
2.012783 3.456690
-3.941825 -0.679717
1.222863 3.808491
-1.431624 3.735030
-0.932791 3.889717
-0.255274 3.991846
-0.150145 -3.997181
-0.234286 3.993133
3.996259 0.172947
-3.933913 0.724105
-3.733640 1.435246
3.869220 1.014463
2.737197 -2.916805
-3.532363 1.876809
-2.516445 -3.109261
-1.200404 3.815630
-3.866605 1.024387
3.956917 0.585499
3.615664 1.710840
-3.736422 -1.427989
2.740006 -2.914166
-0.878246 3.902395
-3.993783 -0.222925
3.996368 -0.170408
0.395293 -3.980420
3.925227 -0.769799
-1.169245 -3.825293
-3.998408 0.112828
-3.045711 2.593000
2.985472 -2.662134
1.052823 3.858959
3.716493 -1.479081
-3.495277 1.945003
-0.796153 -3.919967
-3.557016 -1.829655
-3.980883 0.390602
0.871615 3.903881
-0.351618 3.984516
-3.642998 -1.651838
-0.819374 -3.915179
3.136877 2.481935
3.502078 -1.932732
0.236099 3.993026
3.795288 1.263244
-3.138548 -2.479821
-1.539622 3.691824
0.723831 -3.933964
-0.400002 3.979950
-2.849905 -2.806784
-1.409783 -3.743329
-3.998185 -0.120484
-3.999000 -0.089425
-0.897523 -3.898006
3.669016 -1.593210
-3.115784 -2.508364
-3.999886 0.030161
3.106211 -2.520209
-3.843434 1.108159
3.753519 -1.382424
3.660322 -1.613086
3.998652 0.103825
1.557983 -3.684113
-3.813997 -1.205581
2.104653 -3.401535
0.092321 -3.998934
-1.813271 -3.565396
-0.865104 3.905329
2.792465 -2.863937
3.880841 -0.969058
-0.407232 3.979216
2.992696 2.654011
-0.536583 3.963846
1.019725 -3.867837
1.585070 -3.672541
-3.913154 -0.828992
-2.112187 3.396861
3.864316 1.032989
-0.398675 3.980083
3.995219 -0.195516
-1.617805 3.658238
0.901071 -3.897188
3.787824 -1.285454
3.770963 1.334106
3.777442 1.315650
-3.440465 2.040392
-3.982514 -0.373608
-2.829110 -2.827744
3.858083 1.056030
-3.443315 2.035580
-0.097345 3.998815
2.539044 3.090834
-3.110905 2.514412
-2.671251 2.977317
-3.982673 -0.371910
-1.005028 3.871682
-3.831596 -1.148421
-3.487866 1.958262
-3.802704 -1.240742
-1.504861 3.706129
-3.810049 -1.218000
3.144949 -2.471699
-3.817262 1.195205
3.361129 -2.168596
2.198163 -3.341868
3.999472 0.065002
3.757278 -1.372174
0.444731 3.975200
3.390280 2.122735
-2.358563 3.230663
-0.335685 3.985890
-3.274609 2.297158
-0.743273 -3.930336
-3.749926 1.392140
-3.996868 0.158258
-3.600134 -1.743282
2.425031 -3.181073
1.775731 -3.584240
1.674027 -3.632855
-1.847799 3.547624
-3.658753 -1.616639
-3.664643 -1.603243
-3.201298 2.398268
-1.133677 -3.835984
3.677920 1.572546
-0.721464 -3.934398
-3.949063 -0.636317
-3.962876 -0.543705
-2.878149 2.777815
0.987846 3.876101
2.829602 2.827252
1.319955 -3.775940
-3.521420 -1.897261
-3.991460 -0.261244
-2.927935 2.725289
3.774968 1.322732
1.908101 -3.515558
0.449548 -3.974658
0.549309 -3.962103
2.194798 3.344079
-0.082904 3.999141
-0.841283 3.910530
-2.860971 -2.795505
-0.570168 3.959155
0.541590 -3.963165
3.706160 1.504785
-3.876925 0.984606
-3.861900 -1.041982
1.103631 3.844737
3.948238 0.641417
-2.274736 3.290225
-3.840658 1.117741
2.848169 -2.808546
-2.946754 2.704928
0.689133 -3.940190
1.516721 -3.701291
-2.957018 2.693704
0.934772 3.889242
2.848131 2.808585
3.476615 1.978168
-0.316121 -3.987489
-3.273150 2.299237
1.270514 -3.792861
0.574821 -3.958482
-3.055031 -2.582012
-3.786419 -1.289585
0.421772 3.977701
-0.074797 -3.999301
3.983277 0.365380
-3.800175 1.248468
-3.041838 2.597541
-2.087006 -3.412390
-2.593880 3.044961
3.952442 -0.614984
-0.426051 -3.977245
0.125409 3.998034
-2.064990 -3.425758
1.662444 3.638170
0.417706 3.978130
0.900098 3.897412
2.510530 3.114039
-3.950996 -0.624205
-2.337300 3.246079
-3.910931 -0.839417
-3.971341 0.477964
-1.221137 -3.809045
-3.997420 0.143657
-2.460010 3.154101
-0.759808 -3.927173
-2.614697 -3.027104
-3.886189 0.947382
-3.973109 -0.463040
-1.063569 3.856011
2.021135 3.451813
-1.547144 3.688678
0.660651 3.945065
-2.143754 -3.377028
-3.986153 0.332537
3.236173 -2.350996
2.613923 3.027772
-3.931288 0.738223
2.485619 3.133959
2.334278 -3.248253
2.569748 3.065354
2.564005 3.070160
3.631283 -1.677435
-3.661948 1.609391
3.597794 -1.748107
3.916998 0.810633
3.753869 1.381474
3.752243 -1.385883
1.328770 3.772846
3.980185 -0.397650
3.178750 -2.428075
-0.976574 -3.878957
1.574860 3.676930
-3.763748 -1.354326
3.204369 2.394164
3.907771 0.854007
3.269547 2.304357
-2.046226 3.436998
-2.282452 -3.284877
-3.422556 -2.070293
-3.065647 2.569398
-3.999203 -0.079844
1.904647 3.517431
2.690953 2.959522
1.749542 3.597096
1.397163 -3.748058
-3.851921 1.078286
-3.239150 -2.346893
-1.734137 -3.604548
-1.741678 -3.600911
-0.240401 -3.992769
2.219940 3.327442
2.631696 3.012337
0.700262 3.938227
2.651718 -2.994727
3.848550 1.090258
-3.617835 -1.706245
3.997511 -0.141075
-2.884289 -2.771439
1.810167 3.566973
-3.814629 1.203580
-2.333873 3.248544
-3.380674 2.137999
-3.979443 0.405006
3.458527 2.009625
-3.126548 -2.494935
3.493613 1.947991
-3.989838 -0.284940
2.015140 3.455316
-2.919257 2.734582
-3.934274 0.722141
-3.972958 -0.464331
-3.973282 -0.461553
-1.862696 3.539825
-0.982929 3.877351
-3.986416 -0.329369
-1.824548 3.559638
1.155086 -3.829592
0.505837 3.967887
2.095840 3.406971
-2.913062 2.741180
-0.526585 3.965187
-1.710597 3.615779
3.996274 -0.172612
-0.487019 -3.970241
2.129620 -3.385959
-0.325417 3.986741
3.951096 0.623572
3.706757 1.503315
1.495767 -3.709809
3.752530 1.385107
-3.888396 0.938283
-0.616371 3.952226
2.465990 -3.149427
-1.374122 -3.756566
-0.183006 -3.995811
3.228505 2.361515
-0.099347 3.998766
-1.166137 3.826242
-3.977147 0.426968
-0.689002 3.940213
-3.997820 -0.132049
0.454970 3.974041
0.315610 3.987529
0.026351 3.999913
-3.995650 -0.186498
1.413917 3.741770
3.256714 2.322459
-2.160275 3.366484
-2.241253 3.313123
-1.475811 -3.717793
3.622436 1.696454
-1.594665 -3.668384
-0.705901 -3.937220
-1.897875 -3.521089
0.070612 3.999377
-3.998269 0.117674
-3.857914 -1.056646
-3.804363 1.235646
2.559565 -3.073862
1.037710 -3.863050
-2.646197 2.999607
1.630518 -3.652589
-0.178602 3.996011
-2.675928 -2.973115
2.706718 2.945111
-2.621593 3.021134
0.113749 3.998382
3.309999 -2.245864
3.738901 1.421485
-0.414059 -3.978512
-3.985290 0.342732
-2.604593 -3.035803
2.974353 2.674551
-3.836017 -1.133568
-1.007262 3.871101
-0.365660 3.983252
2.975444 2.673338
0.195831 3.995203
-3.983326 0.364847
-2.310420 3.265266
-3.895629 0.907786
-0.303513 3.988468
3.323791 2.225401
-2.923806 -2.729718
-3.993170 -0.233660
2.470431 3.145945
1.934566 3.501065
2.220787 -3.326876
0.868166 3.904650
0.164296 3.996624
-1.832895 3.555348
0.600356 3.954690
-3.983490 0.363055
-0.557486 3.960961
3.963714 0.537560
0.435598 3.976211
1.171595 3.824574
-1.459476 3.724236
0.002713 3.999999
-2.110497 -3.397912
3.084828 2.546338
-0.691849 -3.939714
0.245411 3.992465
3.912310 -0.832965
-3.712492 -1.489096
0.091501 3.998953
2.152548 -3.371429
-3.614498 1.713302
0.204394 -3.994774
-1.805750 3.569211
0.081085 3.999178
0.630173 3.950048
-0.464075 3.972988
1.752830 3.595495
1.735237 -3.604019
3.783493 1.298146
-1.083989 3.850320
-0.290586 3.989431
3.355638 2.177084
1.984346 -3.473092
3.335675 2.207549
1.183683 -3.820850
0.103420 3.998663
-3.684950 -1.556003
-1.533471 -3.694383
-3.988763 0.299610
2.452899 -3.159634
-3.594717 1.754425
-1.726121 -3.608394
-3.976540 0.432583
-1.649154 -3.644213
-3.992893 -0.238342
1.364340 3.760130
-2.421280 3.183929
-1.209649 3.812709
-2.120629 3.391597
-0.925332 3.891498
-0.551292 3.961827
-1.657067 3.640622
3.910900 -0.839560
-0.858815 3.906717
0.988579 -3.875914
3.504423 -1.928477
-3.849707 -1.086165
-3.978295 -0.416137
-0.054670 3.999626
3.937493 -0.704378
2.886762 -2.768864
3.988602 0.301754
-1.349804 3.765372
1.463003 -3.722851
3.717506 -1.476533
0.402616 3.979686
-3.986314 0.330611
-0.955288 -3.884253
-3.676836 -1.575080
-0.859297 3.906611
-3.419388 2.075520
0.490395 -3.969825
-0.617561 3.952040
-2.017283 3.454066
3.946677 0.650955
-3.773145 -1.327921
-0.348094 3.984825
-3.676982 -1.574739
3.572191 -1.799848
1.498996 -3.708505
3.702569 -1.513600
0.200364 -3.994979
0.440441 -3.975677
1.386899 3.751868
-2.006954 -3.460077
1.637829 -3.649317
0.264208 3.991265
-3.403884 -2.100850
-1.470975 -3.719709
-3.962178 -0.548764
2.972007 2.677158
-3.677644 -1.573192
-2.312651 3.263686
0.720673 -3.934543
-0.105777 -3.998601
-2.678181 2.971085
-0.016751 3.999965
-0.888450 3.900084
3.067283 2.567445
3.448367 2.027008
1.593660 -3.668821
3.716019 1.480272
3.032064 -2.608944
-3.574548 -1.795162
2.742218 -2.912085
-1.908180 -3.515515
2.805148 -2.851516
3.724556 1.458657
-0.949999 3.885550
2.142643 -3.377733
1.601174 -3.665548
-1.111567 3.842450
-3.942919 0.673345
-2.712566 -2.939725
-3.897391 0.900192
-2.104552 3.401597
-1.595697 -3.667935
1.497685 -3.709035
0.840259 -3.910750
3.776205 -1.319195
2.988083 -2.659203
-3.976322 -0.434583
-0.108426 -3.998530
-0.990107 3.875524
-3.992620 0.242871
-3.733289 1.436158
-3.984564 0.351070
0.743760 -3.930244
-0.285095 3.989827
-3.781392 -1.304252
-3.525469 -1.889726
-2.222931 3.325444
-2.990127 2.656904
-3.403183 -2.101986
1.004048 3.871936
3.436436 2.047170
-0.825907 3.913806
-0.422604 3.977613
-3.059668 2.576516
-3.999064 0.086507
3.554889 -1.833784
2.855657 2.800932
-1.034534 -3.863902
-2.247036 3.309204
1.359687 -3.761815
-3.880220 0.971542
-1.634008 3.651030
3.971192 -0.479204
-1.078596 3.851835
1.392456 3.749809
-2.594865 3.044122
-1.971659 3.480311
-3.956260 -0.589924
0.404586 3.979486
1.606808 3.663082
3.709216 1.497236
-3.034311 2.606330
-1.296525 3.784048
3.149729 -2.465605
-3.999927 0.024203
-3.054688 -2.582418
-3.244958 -2.338857
-0.330339 3.986336
-3.213853 -2.381418
-3.844319 1.105084
-3.868485 1.017264
-2.143782 3.377011
-3.685526 1.554636
-3.773573 1.326706
3.846387 -1.097865
0.435214 3.976253
-2.210644 -3.333625
3.088627 2.541728
-0.163974 3.996638
-3.267299 2.307543
3.491392 1.951969
-2.910396 -2.744011
-3.996881 -0.157939
-2.299600 3.272895
-3.877442 -0.982571
1.382470 3.753502
-1.743787 -3.599890
-3.918126 -0.805166
-1.389237 3.751003
-1.515719 3.701702
-3.979570 0.403756
-2.888886 2.766647
-3.999397 -0.069442
-1.398397 -3.747597
-3.767632 1.343484
3.963191 -0.541400
-3.557249 -1.829202
-3.696947 1.527281
-2.964150 -2.685855
-3.279698 -2.289887
3.839570 -1.121474
3.475508 1.980112
3.813927 1.205802
3.215540 2.379139
-3.487322 1.959231
3.366878 -2.159661
2.927892 2.725335
-3.926499 -0.763286
3.824294 -1.172507
-2.974309 -2.674600
-0.930100 -3.890362
3.151949 -2.462767
3.990104 -0.281192
2.212275 -3.332543
-0.412239 3.978701
-3.421462 2.072099
0.452829 3.974286
0.215847 -3.994172
2.477728 3.140201
3.990137 -0.280732
-2.192753 -3.345420
3.637499 1.663912
3.964182 0.534095
-1.333012 3.771350
-0.327396 3.986579
-3.993410 -0.229522
-3.973161 0.462591
0.269529 -3.990909
1.537602 -3.692666
1.228488 3.806681
-1.340161 -3.768815
-0.582453 -3.957366
-3.088748 -2.541581
3.393630 2.117375
-3.671684 1.587053
-0.318093 -3.987332
2.926657 -2.726661
-1.838894 -3.552248
-2.017084 3.454182
-0.992677 -3.874867
-3.697253 1.526539
-3.387911 -2.126513
3.866104 1.026273
2.311107 3.264779
3.873570 0.997724
-3.822859 1.177179
-2.095848 -3.406967
0.849215 3.908815
1.899775 -3.520064
-3.474308 -1.982216
-0.878580 3.902319
-3.991511 -0.260468
0.880743 3.901832
-2.320965 -3.257779
1.086432 3.849632
1.590442 -3.670217
-1.128853 -3.837407
0.510754 3.967257
3.993417 0.229398
3.379635 -2.139641
0.188971 3.995534
-3.950687 0.626159
-3.503674 1.929837
-2.429476 3.177679
0.721322 -3.934424
3.444382 2.033772
3.981758 0.381579
3.133913 -2.485677
-0.172097 -3.996296
-2.422252 3.183189
0.384754 3.981453
1.446081 3.729457
-3.955283 0.596437
0.245668 3.992449
-2.032017 -3.445418
-3.711378 -1.491869
-2.130991 -3.385096
3.848009 -1.092167
-3.999786 -0.041398
-2.962880 -2.687256
2.621196 3.021479
-1.608831 -3.662194
0.728127 3.933171
3.929938 0.745377
3.669250 1.592671
2.620380 3.022186
-3.885419 -0.950538
1.199711 3.815848
-1.382000 3.753675
2.162522 3.365041
3.547526 -1.847989
3.777336 -1.315954
-2.043812 3.438434
-3.997594 0.138712
2.230484 3.320382
2.010375 3.458091
-0.908337 -3.895500
0.405829 -3.979360
-3.789596 1.280220
-3.848716 -1.089671
3.282638 2.285670
0.361645 -3.983618
1.619349 3.657555
0.039768 3.999802
-1.691951 -3.624542
-0.870776 -3.904068
-3.765837 1.348507
-3.904443 -0.869094
-1.243020 -3.801960
-3.908942 -0.848629
0.851098 3.908405
3.442569 -2.036841
2.057685 -3.430151
2.656075 -2.990863
-2.205644 3.336935
-1.438549 -3.732369
-3.911085 -0.838698
1.098775 3.846127
-3.796522 -1.259531
0.970493 3.880482
2.606380 -3.034269
2.394347 2.424861
2.263038 3.298281
2.707560 -2.944337
-3.623712 1.693726
-1.481432 3.715556
3.636416 1.666277
1.635113 -3.650535
-2.680751 2.968766
-3.736169 -1.428650
-1.183981 -3.820758
-2.082724 3.415005
0.880875 3.901802
-2.195961 3.343315
2.853917 2.802706
-2.741979 -2.912310
3.056472 2.580307
-1.461692 -3.723366
-3.932648 -0.730946
3.799610 1.250186
-0.137992 3.997619
1.407062 3.744353
0.223581 3.993747
-3.547738 1.847581
-2.336268 -3.246822
2.366191 -3.225080
-0.306614 3.988231
-3.974243 0.453199
2.170993 3.359582
-3.998823 0.097026
0.353217 -3.984374
3.987331 -0.318106
-3.981356 0.385749
-3.669329 1.592489
-0.068357 -3.999416
0.736387 -3.931633
0.943181 3.887211
-0.441053 3.975610
-1.166262 3.826204
-0.681091 3.941588
1.133227 -3.836118
-2.738724 2.915372
3.833904 1.140692
-3.720886 1.467996
-0.566284 3.959712
3.993205 0.233057
-1.100303 -3.845690
-1.956584 -3.488808
3.866653 1.024206
2.994605 -2.651856
2.918254 -2.735653
-0.005569 3.999996
-2.418300 3.186193
-3.344758 -2.193762
-1.619266 -3.657592
-3.949213 0.635385
-0.238818 3.992864
-2.981538 -2.666539
0.251341 -3.992096
0.002881 -3.999999
-3.964423 0.532304
-2.512190 3.112700
2.445806 3.165128
-1.311768 3.778791
-3.818190 -1.192237
3.994050 0.218086
-3.986901 -0.323449
-3.587608 1.768918
1.320181 3.775861
3.434915 2.049721
3.957038 -0.584681
-1.953059 3.490782
-3.717216 -1.477262
2.789231 2.867088
-3.886824 0.944774
-3.930898 0.740299
-3.062596 -2.573035
0.946203 3.886477
0.082294 3.999153
-1.543397 3.690247
1.728824 -3.607100
2.343482 3.241619
-3.445197 -2.032392
-2.165495 3.363128
-2.642793 3.002606
-3.141965 -2.475491
-1.754836 -3.594517
0.729514 3.932914
3.581866 -1.780516
1.921245 -3.508392
0.218967 -3.994002
-3.976231 -0.435419
-0.772927 -3.924612
3.636759 -1.665528
-0.397661 -3.980184
3.742526 -1.411912
-3.944490 0.664080
2.759023 2.896168
-3.660326 1.613076
2.925270 -2.728148
-2.516832 -3.108948
-2.075526 3.419385
-0.676201 3.942430
-2.438224 -3.170972
0.809828 3.917165
3.990497 -0.275562
3.956749 -0.586629
-0.153245 -3.997063
-3.144044 -2.472850
-0.950411 3.885450
3.989557 -0.288853
-3.341949 2.198040
3.757961 1.370303
1.754886 3.594492
-0.382792 3.981642
1.681829 3.629250
-3.934092 -0.723131
1.894596 -3.522855
-2.494485 3.126906
3.949890 0.631164
-2.376969 3.217144
-3.858715 1.053716
3.152336 2.462271
0.350089 3.984650
1.377112 3.755471
-0.500635 -3.968547
-3.968672 -0.499643
-2.790966 2.865398
-1.927943 3.504716
0.508167 3.967589
-3.999444 0.066706
-3.976393 0.433934
3.964032 0.535213
3.991850 -0.255211
2.926632 -2.726688
3.439909 2.041329
-0.612962 -3.952756
-1.050683 3.859542
-0.822331 -3.914559
-3.981996 0.379089
-1.349151 3.765606
3.326891 2.220764
1.726746 3.608095
-0.006738 3.999994
-0.867184 3.904868
3.980186 -0.397645
3.755874 1.376012
3.818865 -1.190073
1.499745 3.708202
-3.987635 -0.314266
1.535110 3.693702
1.374642 -3.756376
1.902941 -3.518354
-3.918347 -0.804085
-0.235527 -3.993060
3.263048 2.313550
2.044273 3.438160
-3.585226 1.773740
0.656235 -3.945802
-3.562018 -1.819898
-3.248404 -2.334067
-1.010360 -3.870294
-3.932090 0.733940
-3.278006 -2.292308
3.449468 -2.025134
1.613178 -3.660281
-2.292113 -3.278143
-3.745963 -1.402769
-2.661856 2.985720
-3.994382 -0.211926
1.259087 3.796670
1.192333 -3.818160
3.143859 2.473085
2.373173 3.219945
3.602045 1.739332
-1.953031 -3.490798
0.861168 3.906199
3.458760 -2.009224
-1.433802 3.734195
3.040435 2.599183
3.088513 2.541867
2.782261 2.873852
-3.135537 -2.483628
2.801149 2.855445
-2.313482 3.263097
-3.933945 0.723929
3.997850 -0.131123
-1.000495 3.872855
-1.574612 -3.677036
-2.420993 3.184147
-3.181028 2.425089
3.641068 -1.656088
0.634733 -3.949318
1.848973 -3.547013
3.981375 -0.385553
3.972785 -0.465811
-3.775952 1.319918
1.325455 -3.774012
-3.768832 -1.340114
-0.153721 3.997045
-1.766727 -3.588687
-3.207772 -2.389603
-0.788689 -3.921475
1.676733 3.631606
0.820871 3.914865
-3.991268 -0.264164
-3.928430 -0.753283
2.413628 -3.189734
1.364010 -3.760250
1.790073 -3.577099
-2.351719 3.235648
-2.454531 3.158366
-3.969578 -0.492393
3.372173 -2.151383
-3.497033 1.941844
-1.969350 3.481617
-3.975819 0.439164
2.174203 -3.357505
-3.409513 -2.091703
-3.716282 1.479610
2.486729 -3.133078
-2.533630 -3.095273
1.106398 -3.843941
-3.754993 1.378414
-1.532132 3.694939
1.189622 3.819005
1.938139 -3.499088
-3.635001 -1.669361
1.580279 3.674605
-0.710604 -3.936374
3.881563 -0.966163
3.624577 1.691875
-3.932658 0.730889
3.475610 -1.979932
2.460138 -3.154001
-3.808202 -1.223763
-2.410375 -3.192192
-3.592895 1.758153
-3.618297 -1.705264
1.353538 3.764032
-0.241086 3.992728
-3.999882 0.030659
-3.972266 -0.470218
0.449715 3.974639
3.996543 -0.166265
3.741902 -1.413566
3.841179 -1.115949
3.998144 -0.121845
-3.876295 0.987084
-3.391440 -2.120880
-3.899110 0.892714
3.987267 0.318907
0.262061 3.991406
3.788483 -1.283509
-2.181901 -3.352507
-1.281505 -3.789161
3.192271 -2.410270
-1.676168 -3.631867
3.874990 0.992196
-3.384469 2.131987
3.584323 -1.775565
2.762402 -2.892946
0.680643 -3.941665
3.087482 2.543120
1.391314 -3.750233
-3.863746 -1.035118
1.348033 -3.766007
-1.427696 3.736534
-1.671467 3.634033
3.825762 -1.167709
3.295294 2.267386
1.252623 3.798807
-2.107913 -3.399515
2.206337 3.336476
-3.187957 -2.415973
0.392452 -3.980701
-3.904236 -0.870024
3.850321 1.083987
1.971494 3.480404
-3.024048 2.618231
-1.964308 -3.484465
-3.899323 -0.891784
-0.669533 3.943568
0.246022 3.992427
-1.925264 3.506188
-1.335078 3.770619
-1.192140 3.818220
1.772584 3.585798
3.788254 -1.284184
-3.446131 -2.030807
3.997710 0.135321
-3.906458 -0.859993
-3.997180 0.150182
-2.014049 3.455952
-0.286791 3.989706
-3.818388 1.191601
-1.366472 3.759355
-2.414514 -3.189063
3.963575 -0.538581
3.018194 2.624977
-3.878444 -0.978607
3.898840 0.893896
2.999187 -2.646673
-0.958744 -3.883402
-3.439892 -2.041357
3.322238 2.227720
-3.953985 -0.604982
3.164043 2.447209
2.447743 3.163630
-1.602390 3.665017
-1.430202 3.735575
-3.625856 1.689131
-2.465684 3.149667
-1.835565 -3.553970
-3.996306 -0.171877
2.010444 3.458051
-3.927733 0.756908
-3.961527 -0.553444
-2.182797 -3.351924
3.667872 1.595843
3.620825 -1.699889
3.883565 0.958084
1.370637 3.757839
1.017380 -3.868454
-3.715209 -1.482302
0.210629 3.994451
0.936815 3.888750
-0.187316 -3.995612
0.677289 3.942243
3.999749 0.044804
3.993407 0.229572
-2.628435 3.015183
3.933972 0.723783
-3.140704 2.477090
3.977549 -0.423202
-3.611894 -1.718786
0.937461 -3.888595
3.818992 -1.189664
-2.780060 -2.875981
3.694248 -1.533796
-0.105315 -3.998613
3.847496 1.093974
0.405712 -3.979371
-3.760204 -1.364137
-2.393163 3.205117
3.258194 2.320382
-0.014141 3.999975
-2.791766 2.864619
2.405878 3.195583
-3.568641 1.806876
1.094916 3.847227
-1.464755 3.722162
-2.024984 3.449556
3.700752 1.518035
-3.094394 -2.534705
0.793814 3.920441
3.679359 -1.569178
-3.736962 1.426574
2.888532 2.767017
1.768622 3.587753
3.997691 0.135891
2.654860 2.991942
-0.728846 -3.933037
1.677171 -3.631404
-3.996129 -0.175944
-2.684120 -2.965721
-2.384553 3.211527
3.309117 -2.247164
-3.278592 -2.291470
1.675182 3.632322
3.997782 -0.133187
-1.465821 -3.721743
-0.669292 3.943609
-2.370845 -3.221660
1.658158 -3.640125
3.940406 0.687898
-0.293657 -3.989206
1.432325 -3.734762
3.251679 -2.329503
-0.684952 -3.940919
-3.949229 -0.635287
-1.462583 3.723016
3.999127 0.083583
-3.156246 -2.457257
-0.865065 3.905338
-2.712431 -2.939850
-2.936098 -2.716492
-3.266187 -2.309117
0.704709 -3.937434
-2.908262 2.746273
3.999957 0.018577
1.252958 -3.798697
0.569054 -3.959315
3.999344 0.072433
-3.837195 1.129571
0.911850 3.894680
3.856999 -1.059980
-4.000000 0.000261
0.948710 3.885865
-0.256760 -3.991751
-3.936963 -0.707333
-3.010082 2.634275
3.183504 2.421839
3.997001 0.154858
2.616684 -3.025387
-3.227488 -2.362905
0.294230 -3.989164
-3.057016 2.579661
-0.615359 3.952383
0.234637 3.993112
-2.413059 -3.190164
2.292621 3.277787
-2.735652 2.918255
-0.675132 3.942613
2.645750 -3.000001
2.770764 2.884938
1.482700 3.715051
3.329974 -2.216139
-0.077430 -3.999251
-3.796775 1.258769
-0.444470 3.975229
3.885830 -0.948855
1.414234 3.741650
0.774850 3.924233
2.614788 3.027025
3.821267 -1.182335
-2.595784 3.043338
3.343611 2.195511
3.006670 2.638168
3.219201 -2.374183
2.090744 3.410101
3.770914 1.334244
0.659504 3.945257
-3.061224 -2.574667
3.990506 0.275432
-2.616243 -3.025768
-2.117335 -3.393655
-2.051237 -3.434010
0.349267 -3.984722
-3.423018 2.069529
0.826606 -3.913658
3.708595 -1.498773
-3.389724 -2.123623
-3.903999 0.871086
-2.789667 -2.866663
3.996132 0.175874
-0.692697 -3.939565
1.732040 -3.605557
1.030043 -3.865102
3.412247 -2.087240
1.780065 -3.582090
-3.344045 2.194850
1.556163 -3.684882
2.222676 -3.325615
2.594268 3.044630
3.507912 -1.922122
-1.328778 3.772844
-3.971649 -0.475398
3.262236 -2.314696
3.779946 -1.308438
2.151695 -3.371974
-3.986165 -0.332400
3.757786 1.370783
3.472822 1.984820
2.747295 -2.907296
3.464921 -1.998580
3.490324 1.953877
3.996747 -0.161295
-3.976989 -0.428435
1.293070 -3.785230
-0.895765 -3.898411
3.887781 0.940827
3.461564 -2.004389
3.995625 0.187031
2.275779 3.289503
-3.561652 1.820614
-2.319055 3.259139
1.650607 3.643555
-0.740605 3.930840
1.993501 3.467846
2.764036 2.891385
3.285544 2.281491
-0.082733 -3.999144
-2.112202 -3.396852
-3.448452 -2.026865
-3.971310 0.478220
-3.993835 -0.221990
-3.972090 0.471704
-3.314185 -2.239682
2.725170 2.928046
1.554318 -3.685661
-2.869425 -2.786826
3.939498 0.693079
-3.997182 -0.150127
3.204225 -2.394356
-0.624415 3.950963
-3.068597 2.565875
-0.747775 -3.929483
2.962015 -2.688209
3.764000 1.353626
-3.920234 0.794837
-3.712170 -1.489898
1.232004 -3.805544
-0.604751 3.954020
1.229560 -3.806335
3.410644 -2.089859
-1.182205 3.821308
-3.763322 1.355509
-0.423328 -3.977536
-2.798836 2.857712
3.978600 0.413205
3.967648 0.507709
3.978757 0.411691
0.505031 3.967990
-2.653780 -2.992900
-3.934086 -0.723165
-3.925725 -0.767254
3.648638 1.639343
2.113515 3.396035
2.356193 3.232391
3.696462 1.528452
-3.984698 0.349545
-2.551763 -3.080342
-1.432355 -3.734750
-3.701617 -1.515925
3.883183 -0.959631
2.436895 -3.171993
-0.118505 -3.998244
-3.512315 -1.914065
-1.938623 3.498820
3.958776 0.572795
-0.746880 3.929653
2.987770 2.659554
3.435244 -2.049171
-3.825701 -1.167911
1.176736 -3.822995
-3.999587 -0.057465
-3.533346 1.874958
-3.874541 -0.993948
2.750119 2.904625
1.727588 3.607692
0.669159 3.943631
3.650698 1.634750
0.411088 3.978820
-3.832786 1.144445
2.411071 3.191667
-2.903447 -2.751363
3.467547 -1.994021
-3.703576 -1.511133
3.718521 1.473976
-2.101242 3.403642
3.753500 1.382474
2.811132 2.845617
0.508779 -3.967511
2.107623 -3.399695
3.813714 1.206477
-3.082596 -2.549040
-2.835641 2.821194
3.989513 -0.289451
3.916399 0.813523
-2.575713 -3.060343
-0.899417 3.897570
2.801170 2.855425
3.990983 0.268425
3.784546 -1.295071
-1.572969 -3.677740
3.558719 -1.826341
0.341300 -3.985413
-3.982632 0.372343
0.916682 3.893545
-1.677004 -3.631482
-2.213705 3.331593
-1.594307 -3.668540
2.286240 -3.282241
-2.226869 3.322809
1.683131 3.628646
3.997845 -0.131274
-3.936073 0.712272
-2.489553 -3.130834
3.769135 -1.339261
3.960051 -0.563911
-2.445946 3.165019
-3.987592 0.314819
0.807019 -3.917744
-3.928365 0.753624
-1.167602 -3.825795
-3.939125 -0.695193
-3.440456 -2.040408
-3.983443 -0.363572
-2.159367 3.367066
3.668774 -1.593769
0.844672 3.909799
-1.583562 3.673191
3.995366 0.192486
3.285906 -2.280970
3.949028 -0.636536
3.016981 -2.626371
-3.541903 -1.858742
-2.457639 3.155948
1.468597 3.720648
-1.056839 3.857861
-3.475352 -1.980386
-1.706131 -3.617888
3.945964 -0.655264
-3.990826 0.270749
-3.979690 -0.402577
3.997903 0.129496
-1.675985 3.631952
-0.873877 -3.903375
-3.593344 1.757236
-0.710128 -3.936460
0.713463 -3.935857
-1.479463 -3.716341
-3.508387 1.921256
-3.670521 1.589742
-1.899600 3.520159
1.263154 3.795319
3.998120 -0.122632
2.798715 2.857831
-3.389404 2.124133
0.632632 3.949655
-3.580195 1.783874
3.956560 -0.587904
-3.797068 1.257886
0.295046 -3.989104
-1.701472 -3.620082
3.977445 0.424179
-2.922210 2.731426
-1.190690 -3.818672
3.997757 0.133936
3.834502 1.138682
2.934518 -2.718199
3.994573 0.208293
3.629078 1.682199
-3.258989 2.319265
1.547997 3.688320
3.600452 1.742627
2.009580 3.458553
-2.985620 -2.661967
2.949950 -2.701443
-3.041338 -2.598127
-0.833482 3.912200
-3.691216 1.541080
3.624366 1.692326
-1.630816 -3.652457
2.282613 3.284765
2.125084 3.388808
-1.635940 3.650164
1.490034 -3.712115
1.224033 3.808115
-1.808398 -3.567870
2.115951 -3.394518
2.595900 3.043239
3.699097 -1.522066
-3.527776 -1.885418
-3.427289 -2.062448
-1.841022 -3.551146
3.845176 1.102098
-3.999158 0.082045
0.825475 3.913897
3.796188 -1.260539
-3.999743 -0.045382
-0.724094 -3.933915
3.771305 1.333140
-3.859848 1.049559
-3.996547 0.166157
-3.519231 1.901319
2.583469 3.053799
2.928237 -2.724964
-0.388899 3.981050
-0.011716 3.999983
-1.438099 -3.732542
2.609086 -3.031942
3.774012 1.325457
1.188970 -3.819208
-0.402090 3.979739
-3.762015 -1.359133
2.676671 2.972445
-2.863542 -2.792871
-1.898892 3.520541
1.255702 -3.797791
-2.091559 3.409602
-3.152571 -2.461970
3.126113 2.495479
-3.928724 0.751750
-3.448051 2.027547
3.995170 0.196517
3.974261 0.453043
3.801082 1.245702
-1.214126 3.811286
3.989052 -0.295750
2.841989 2.814800
2.695125 2.955723
3.833896 1.140719
-2.373112 3.219991
-0.018203 3.999959
-2.812760 2.844007
-3.860814 1.045998
2.350443 3.236575
2.848996 -2.807708
-1.731866 3.605640
-3.962139 0.549052
-2.015221 3.455269
-0.574145 3.958580
3.725527 -1.456175
-0.314551 3.987613
-3.400716 -2.105976
1.850185 3.546381
0.011371 -3.999984
3.505323 1.926839
-3.918617 0.802771
-3.093793 -2.535437
3.993429 -0.229185
-3.215216 -2.379577
1.282757 -3.788738
3.405242 2.098649
-1.229800 3.806257
2.887417 -2.768180
1.414370 -3.741598
0.346888 -3.984930
-3.804268 1.235939
3.126701 2.494743
-1.648728 -3.644406
-3.992575 0.243611
-2.613410 -3.028215
3.154347 -2.459695
-1.960949 -3.486356
0.144363 -3.997394
-3.873086 -0.999604
3.786474 -1.289423
-1.536269 3.693221
-3.593621 -1.756670
-3.941576 0.681161
1.082391 -3.850770
-2.942043 2.710052
3.530317 -1.880655
-3.666482 1.599033
3.933269 -0.727593
0.909700 3.895182
-1.701732 3.619960
-2.544968 3.085958
0.850276 3.908584
-2.856104 2.800477
2.169447 3.360580
2.005455 -3.460946
3.082669 2.548951
3.877146 0.983738
3.758188 -1.369679
3.989656 -0.287480
-3.823803 -1.174107
2.156168 -3.369116
3.436561 -2.046961
-1.790711 3.576780
-3.991742 0.256893
-1.911857 -3.513517
3.767315 1.344373
-3.127532 -2.493700
-1.010743 3.870194
1.679975 3.630108
3.997921 0.128942
-3.985703 -0.337894
1.786080 -3.579095
-3.993208 -0.233001
-3.866731 -1.023911
1.531801 -3.695076
3.995010 -0.199741
2.366036 -3.225193
3.699360 -1.521426
-1.952543 -3.491071
-0.702738 -3.937786
0.828043 -3.913355
0.779608 -3.923291
-3.985628 0.338780
-2.137384 3.381063
-3.310127 2.245676
1.266717 -3.794131
-3.962668 0.545216
3.640705 1.656884
-3.619338 1.703054
3.973894 -0.456249
-3.910139 0.843097
-3.658223 -1.617839
0.665330 -3.944279
0.670312 3.943435
-3.797500 -1.256581
-2.963889 2.686142
2.012426 3.456898
3.999291 0.075323
2.609190 3.031853
3.995945 -0.180070
1.324106 -3.774486
-0.404469 3.979498
3.161983 -2.449870
1.021544 3.867357
-1.937822 3.499264
-3.935645 0.714633
3.829203 1.156376
3.636347 -1.666427
-2.821372 2.835465
-0.811724 -3.916772
-3.820209 1.185749
-0.817449 3.915581
-1.481224 -3.715639
1.872360 -3.534723
2.734553 2.919284
2.589102 -3.049025
2.319999 3.258467
3.551064 -1.841180
2.851060 -2.805611
-1.794658 3.574801
-3.999223 -0.078841
-1.311071 3.779033
3.922391 -0.784125
2.764805 -2.890650
-3.962169 0.548834
2.315364 -3.261762
3.446386 -2.030376
3.931756 0.735728
3.952378 -0.615392
3.105885 2.520611
-2.240869 -3.313383
0.563412 3.960122
-3.718461 1.474126
1.373142 -3.756924
-1.602025 3.665176
-0.502329 3.968333
0.345051 -3.985090
3.985650 0.338520
0.163899 3.996641
2.036442 -3.442805
3.835569 -1.135083
-3.778401 1.312892
0.195735 3.995208
-3.142707 2.474549
3.422343 2.070645
-0.849982 3.908648
-2.531491 -3.097023
-3.186597 -2.417767
3.909617 -0.845512
3.989561 0.288793
-1.108099 -3.843451
-1.065635 3.855441
-1.472073 -3.719274
3.603789 1.735714
-2.849169 2.807532
3.180856 -2.425316
-0.028773 3.999897
-2.447322 -3.163955
-3.984296 0.354096
3.982292 -0.375962
3.142249 2.475130
2.659554 2.987771
-3.448536 2.026721
3.991323 0.263323
0.049332 3.999696
-1.267216 3.793964
2.340303 3.243915
-0.719488 -3.934760
-3.338528 -2.203232
-3.965976 -0.520610
3.985669 -0.338299
-0.511946 -3.967104
-3.130248 -2.490291
-2.100634 3.404018
-3.797409 1.256856
1.602091 3.665147
2.755091 2.899909
3.962217 0.548483
3.532691 -1.876192
3.831275 1.149492
1.960695 -3.486499
-0.295459 3.989073
3.805841 -1.231085
2.180554 -3.353384
1.848982 3.547008
0.354959 -3.984219
-3.320799 2.229864
3.247410 -2.335451
3.559691 -1.824446
-2.396121 -3.202906
-0.574293 -3.958559
1.793625 3.575320
3.619466 1.702782
2.539720 -3.090279
-3.998541 0.108022
-3.826298 1.165952
3.439015 2.042835
-1.883595 3.528749
-0.263841 -3.991289
-3.712250 1.489697
-1.490312 -3.712004
1.169564 3.825195
-2.971276 2.677969
-3.675239 1.578802
3.966708 0.515000
2.632575 -3.011570
3.683165 -1.560223
-3.505825 1.925926
-0.194849 -3.995251
3.907935 -0.853254
3.613359 1.715703
-0.458577 3.973626
3.954153 -0.603879
-3.049844 -2.588137
-3.998521 0.108775
-3.469862 1.989990
3.504257 -1.928777
-3.966778 -0.514464
1.152769 -3.830290
2.162086 -3.365321
-2.089490 3.410870
1.247541 -3.800479
1.512498 -3.703019
-3.382296 -2.135434
-0.703807 3.937595
3.594160 -1.755566
1.945123 -3.495211
3.984052 0.356837
0.807896 3.917564
-3.570772 -1.802661
-0.115447 3.998334
3.841761 1.113945
-1.728958 -3.607035
1.241573 3.802433
3.866899 -1.023274
3.706622 1.503647
1.490502 -3.711927
2.096368 3.406647
-0.451288 3.974461
2.274466 -3.290411
0.813884 -3.916324
-2.483733 -3.135454
-1.328594 3.772908
-2.803177 2.853454
2.595048 3.043966
-0.745356 -3.929942
-3.901065 -0.884135
-0.359546 3.983808
-3.856441 -1.062009
1.139204 3.834347
0.141529 3.997495
-2.864435 2.791954
3.535991 1.869965
-1.029849 3.865153
-1.695607 3.622833
-2.355798 3.232680
2.652361 -2.994158
-0.455101 -3.974026
-3.235296 -2.352203
3.559798 1.824236
-1.001641 -3.872559
1.946397 3.494501
2.524041 3.103098
2.320685 3.257978
-0.340941 -3.985443
-1.825974 3.558907
3.911465 0.836923
-2.038275 3.441720
2.958042 -2.692580
3.739940 -1.418748
-0.893699 3.898885
3.168852 2.440978
0.947869 3.886071
2.800170 -2.856405
0.031731 3.999874
-2.010801 -3.457843
3.108497 -2.517389
3.905311 -0.865187
-0.727335 3.933317
-1.933210 3.501813
1.810631 3.566737
-2.928323 2.724872
-1.867984 -3.537038
3.871708 -1.004928
-2.235133 -3.317255
-2.651966 2.994507
-1.278492 3.790179
1.556356 -3.684801
3.992342 -0.247397
-2.106349 3.400485
0.982715 -3.877405
-3.977100 0.427408
2.109587 -3.398477
2.083940 3.414263
3.462983 2.001936
2.750021 2.904717
-2.932085 -2.720823
-3.692053 -1.539073
-3.999663 -0.051901
3.406585 -2.096468
3.387153 -2.127721
3.803544 -1.238166
3.964666 0.530495
2.110130 -3.398139
2.204265 3.337846
-3.997529 -0.140585
-3.939134 0.695143
3.960430 0.561240
0.294648 3.989133
3.023023 2.619415
3.944069 -0.666575
-0.616066 -3.952273
-2.628994 3.014696
3.988790 -0.299262
1.117658 -3.840682
-1.084248 -3.850248
3.893787 0.915652
3.855994 1.063632
2.508248 -3.115878
0.532495 -3.964398
3.316967 -2.235560
-1.352225 -3.764504
-3.611028 1.720604
-2.767207 2.888350
2.047589 3.436187
-3.779587 -1.309474
2.942670 -2.709372
3.528865 -1.883378
-1.439662 -3.731940
0.318837 3.987273
-0.788424 -3.921529
1.913274 -3.512746
3.996310 0.171775
3.108440 2.517459
3.812616 1.209943
3.944711 0.662762
-3.699224 -1.521757
1.987492 -3.471293
3.221539 -2.371010
-1.297459 -3.783728
-3.072851 2.560779
0.890126 -3.899702
3.945547 0.657767
3.267251 -2.307611
-3.993039 -0.235882
-2.407254 -3.194546
-1.359469 -3.761894
-1.642083 3.647405
3.906681 0.858977
3.967918 0.505596
3.606103 -1.730902
3.725957 -1.455076
2.973592 -2.675397
2.363482 3.227066
-3.276847 2.293964
0.676020 3.942461
-1.557247 3.684424
-3.364365 -2.163573
-1.668665 3.635321
0.252584 -3.992017
-0.088332 -3.999025
-2.958790 2.691758
-3.998025 0.125693
1.786353 -1.651760
1.384403 -3.752789
-1.945374 -3.495071
3.097923 2.530389
-3.856273 -1.062618
-3.934293 -0.722035
-3.900194 -0.887968
-0.171556 3.996319
3.884082 -0.955984
0.932045 3.889896
0.020061 -3.999950
-1.866219 -3.537969
2.392552 -3.205572
3.570295 -1.803606
-3.125550 -2.496184
3.996920 -0.156937
2.357347 -3.231550
3.073646 -2.559824
0.286284 3.989742
-0.760064 -3.927124
-3.582394 -1.779453
-3.753240 -1.383182
-3.027202 2.614584
-0.653277 3.946293
-0.694410 -3.939263
-1.097287 -3.846552
-3.710087 -1.495076
3.620604 -1.700362
-3.975731 0.439962
-3.940284 0.688594
-3.852239 -1.077151
-1.643100 -3.646947
2.137690 3.380870
-2.721071 -2.931855
0.311150 -3.987880
3.855245 -1.066342
-1.096284 -3.846838
-3.995516 0.189345
0.877871 -3.902479
-3.565892 1.812295
-3.142086 2.475337
3.982223 0.376696
0.583854 -3.957160
3.378591 2.141290
-3.748830 1.395090
-0.436380 -3.976125
3.159551 2.453006
-3.802096 1.242605
3.993904 0.220753
1.872986 -3.534392
2.680533 2.968963
-1.323503 -3.774697
-3.905634 -0.863727
3.149645 -2.465712
3.838833 -1.123994
3.986911 -0.323327
-1.189223 -3.819129
-3.994247 0.214454
3.910152 -0.843037
-1.338412 3.769437
3.537640 1.866843
1.366275 -3.759427
1.164947 -3.826604
-1.702983 -3.619371
-1.391375 -3.750210
-0.627005 -3.950552
0.292559 3.989287
-1.313558 -3.778169
-3.742895 1.410934
-1.032698 3.864393
1.707227 -3.617371
3.797259 1.257309
-2.364899 3.226028
-3.931433 -0.737449
3.334395 2.209481
3.872426 -1.002157
-3.773058 1.328170
3.837439 -1.128742
-3.735194 -1.431196
1.403940 -3.745524
3.894822 -0.911243
3.871025 -1.007553
3.457264 2.011797
1.510540 -3.703818
-3.082980 2.548575
-2.588295 3.049709
3.119793 -2.503376
-0.487962 -3.970125
3.616802 1.708433
-3.735086 1.431478
1.907177 3.516060
2.577860 -3.058535
2.241085 -3.313237
2.428992 -3.178050
-3.134400 2.485063
1.963730 3.484790
-1.349159 3.765603
-3.902026 0.879884
-1.135439 3.835463
3.544524 -1.853740
3.099350 2.528642
-3.766743 1.345974
-1.380390 -3.754267
0.566893 3.959625
-2.269165 3.294069
1.873042 -3.534362
-3.857845 -1.056896
-3.972437 0.468767
-3.917433 0.808528
-2.157114 3.368510
-0.470178 3.972270
0.052355 -3.999657
3.769959 1.336940
3.659388 1.615202
-3.731078 -1.441894
-2.438557 3.170716
-3.322827 -2.226841
0.120728 3.998178
-3.310990 -2.244404
-1.524189 -3.698222
-3.358735 -2.172303
1.561324 -3.682698
1.288782 -3.786693
-3.946108 0.654397
-0.746322 -3.929759
-1.951919 3.491420
3.143535 2.473497
0.491292 3.969714
3.789842 -1.279490
-1.098906 3.846090
0.443862 3.975297
3.903432 -0.873623
-3.897040 0.901708
-3.841671 1.114254
-2.584224 -3.053160
1.234587 3.804707
3.246224 2.337099
-3.264722 2.311187
-2.438561 3.170713
3.633371 1.672906
-3.711152 1.492430
3.326765 -2.220953
-3.999450 -0.066349
3.982692 0.371701
1.922633 3.507632
1.572279 3.678035
2.695028 2.955812
3.911094 0.838656
3.830940 1.150607
3.133485 -2.486216
1.022841 -3.867014
3.622376 -1.696583
1.989449 3.470172
3.844715 -1.103704
3.963509 0.539071
-0.854336 -3.907699
2.360162 3.229494
-3.308499 2.248074
3.853607 -1.072247
-2.369867 -3.222380
-1.859043 3.541745
3.829890 1.154099
-3.914754 0.821404
3.720629 1.468646
-3.995331 -0.193219
3.402004 2.103894
3.783771 -1.297335
0.588338 -3.956496
3.892627 0.920572
3.901687 -0.881384
1.854469 -3.544142
-1.073669 -0.166673
2.958876 2.691664
-0.045105 3.999746
3.016088 2.627397
-3.668893 -1.593494
1.606248 -3.663328
-1.883871 3.528602
-0.628298 -3.950347
3.967914 0.505627
-3.143447 -2.473609
-1.813062 -3.565502
2.306356 -3.268137
-2.251927 -3.305877
-0.983827 3.877123
3.817531 -1.194343
0.560390 -3.960551
-3.484180 1.964812
-1.892895 3.523769
0.707887 3.936864
-3.963436 0.539607
3.795287 1.263249
-1.293165 3.785198
2.359467 3.230002
0.765603 3.926048
3.948683 -0.638671
0.976931 3.878867
0.592050 3.955942
3.998817 0.097290
-0.873432 -3.903475
-3.144498 -2.472273
3.160990 2.451151
-0.459551 -3.973514
3.279562 -2.290081
-0.973167 3.879813
2.583993 3.053356
3.689152 1.546014
2.984681 2.663021
-2.439221 -3.170205
-0.623446 -3.951116
3.030198 2.611111
3.028363 -2.613239
-2.453974 -3.158799
3.920886 -0.791614
-2.401073 3.199195
-3.378390 2.141607
3.388708 -2.125243
-3.483139 1.966658
-2.834083 -2.822760
-0.251870 3.992062
3.718661 1.473622
-0.254977 3.991865
3.293861 2.269467
2.020286 -3.452310
-2.111504 -3.397286
-2.908823 -2.745678
-3.999393 0.069670
-2.787714 -2.868562
-3.916185 0.814554
-0.660869 -3.945029
1.623235 3.655832
1.706431 -3.617747
2.727951 -2.925454
2.052636 -3.433174
-0.050728 -3.999678
-3.961111 0.556420
0.532311 3.964422
3.575277 -1.793710
-3.764907 1.351101
-3.481738 -1.969136
2.737889 2.916155
3.923770 -0.777191
-3.750879 1.389572
1.636400 -3.649958
-0.213827 3.994281
-1.296257 3.784140
-3.810139 1.217719
-3.862973 -1.037999
0.415644 3.978346
-3.656584 -1.621541
-2.012651 3.456767
-3.873607 -0.997583
3.588826 -1.766445
0.038093 3.999819
3.767619 -1.343522
-1.507941 -3.704877
-3.992830 -0.239396
-3.938010 -0.701481
-3.874465 0.994245
2.959443 -2.691041
-3.907352 -0.855922
3.959789 -0.565751
-3.986413 -0.329409
-2.159049 -3.367270
-2.999715 -2.646074
-0.759271 3.927277
1.709492 3.616302
-0.122311 -3.998130
-3.107278 -2.518893
3.958140 0.577173
-1.735229 3.604023
3.822777 1.177446
-3.664869 -1.602726
3.864722 -1.031467
-3.762834 1.356865
1.520253 3.699842
0.319724 3.987202
3.991591 0.259239
-3.554129 -1.835257
0.585758 3.956879
-0.060161 -3.999548
2.896841 2.758317
3.832669 -1.144836
2.375184 -3.218462
-3.894305 0.913450
-1.876640 3.532453
2.201360 -3.339763
3.937591 0.703831
0.234251 -3.993135
1.188447 -3.819371
-1.147094 3.831994
0.326331 3.986666
-2.219303 3.327866
-3.715216 -1.482286
-3.999861 0.033301
-3.168496 2.441441
-3.518372 -1.902907
3.916619 0.812463
-2.332405 3.249598
-3.928567 0.752569
2.429666 -3.177534
-0.572776 3.958779
-3.651238 -1.633542
-1.512019 -3.703215
-2.526494 -3.101101
-3.923835 -0.776867
-3.701883 1.515275
3.642242 -1.653503
1.245304 3.801213
-2.029713 3.446776
-3.803727 1.237604
-1.824828 3.559495
-2.481218 3.137444
3.101071 2.526531
-0.708710 -3.936716
3.883810 0.957090
3.861624 1.043006
-3.582675 -1.778887
3.064634 -2.570606
-2.280614 -3.286153
-3.661194 -1.611105
0.972392 -3.880007
-3.583832 1.776556
-0.090650 3.998973
-1.212169 3.811909
3.723596 -1.461106
-1.628763 -3.653373
-2.382083 3.213360
2.947687 2.703912
3.230087 2.359351
-3.890446 -0.929747
0.539194 3.963492
2.096541 3.406540
-2.758888 2.896297
-2.999319 2.646523
3.013281 -2.630616
-1.049475 3.859871
3.741131 -1.415605
1.307991 3.780100
2.366792 3.224639
0.132577 3.997802
3.999558 -0.059452
-2.279386 -3.287005
-3.339251 -2.202136
2.036863 -3.442555
-1.948270 -3.493457
-3.417228 2.079075
-3.487036 -1.959739
-3.689893 1.544243
-1.758126 3.592909
-3.414471 -2.083600
3.780312 1.307379
-3.765362 1.349832
-3.778022 -1.313981
1.898053 3.520993
1.100004 3.845776
3.998660 0.103519
-3.760778 1.362554
3.996872 -0.158156
-3.997471 -0.142207
3.706048 1.505060
-3.902297 -0.878680
-1.972107 -3.480056
1.747767 -3.597959
-3.918517 -0.803261
-1.709025 3.616522
3.959721 -0.566224
2.305746 3.268568
2.080739 -3.416215
-2.061698 3.427740
3.893516 0.916804
-3.263845 -2.312427
2.884645 -2.771069
3.987421 0.316974
2.167901 -3.361578
2.815055 -2.841736
0.784497 3.922316
-3.995536 0.188916
-2.781074 -2.875000
1.668784 3.635266
3.989458 0.290212
-3.727417 1.451332
3.802098 1.242599
-3.965984 0.520547
-3.737700 -1.424640
3.524296 -1.891914
3.879142 0.975835
-3.504165 1.928944
0.716994 -3.935215
-2.898863 -2.756192
3.993022 0.236171
1.463518 -3.722649
-1.397864 -3.747796
-2.668721 -2.979585
-3.999905 -0.027597
0.456917 -3.973818
-0.328999 3.986447
-0.225030 3.993665
-3.919887 -0.796547
-2.897261 2.757876
3.200700 -2.399066
1.733344 -3.604930
1.052928 3.858930
3.479704 1.972728
-3.976565 -0.432356
-3.999976 0.013737
3.963720 -0.537517
2.962446 2.687734
-3.907809 0.853830
-0.490734 -3.969783
-2.240676 -3.313514
0.388372 -3.981101
-3.427632 2.061878
1.458503 3.724617
3.908201 0.852036
2.858372 2.798162
-3.627766 -1.685026
-3.199970 2.400040
2.315682 3.261536
-3.878592 -0.978019
-0.723609 -3.934004
-3.946300 0.653233
-3.554090 1.835332
2.934815 2.717877
-0.537694 -3.963696
-2.936006 2.716591
3.997264 -0.147930
-3.997552 0.139911
-0.728057 -3.933184
3.830402 -1.152397
3.999750 -0.044736
-1.822814 -3.560526
-1.684945 -3.627804
1.690628 3.625159
-3.620649 -1.700265
0.540379 -3.963331
-0.379942 -3.981915
3.999979 0.013090
-2.068013 -3.423934
3.629274 1.681776
3.902215 0.879045
-0.560453 3.960542
2.630008 -3.013811
2.377637 3.216651
-1.223159 3.808396
2.695303 2.955561
3.182257 -2.423477
0.245949 -3.992431
-2.502804 3.120252
3.997842 0.131387
-3.019345 2.623653
2.953399 -2.697672
3.889429 0.933991
-2.626539 -3.016834
0.452331 3.974342
-2.925993 -2.727373
3.962796 0.544287
-2.465962 3.149449
3.127646 2.493558
3.773456 -1.327038
-1.832392 -3.555607
-0.473684 3.971854
-3.343496 -2.195685
-3.599217 -1.745176
-1.887580 3.526619
-0.186158 -3.995666
0.716472 -3.935310
-3.971740 -0.474641
-1.293616 -3.785044
-1.656602 3.640834
0.598235 -3.955011
3.952847 0.612375
1.429859 -3.735707
2.922085 -2.731559
-3.506221 1.925206
-3.658434 -1.617363
-3.421209 2.072518
2.083918 -3.414277
3.427402 2.062259
-3.797247 -1.257344
-0.322567 -3.986973
-3.416641 -2.080040
-3.845648 -1.100451
1.549241 -3.687798
-2.479049 3.139159
-3.993335 -0.230807
-3.965506 -0.524178
3.668765 1.593789
0.886131 -3.900612
2.425760 -3.180517
-1.398819 3.747440
2.987062 -2.660350
-3.978964 0.409692
-2.856250 -2.800328
3.871146 1.007088
3.995204 -0.195824
-2.798975 2.857576
-1.620542 3.657026
2.620175 -3.022364
-3.391915 2.120121
-3.970975 0.480994
-2.754312 2.900649
2.654891 -2.991915
-3.401528 2.104663
-1.842294 3.550486
-3.999672 -0.051219
-1.859349 3.541584
-3.903288 0.874265
-3.595212 -1.753411
3.878030 -0.980248
-0.226439 3.993586
2.364015 -3.226675
3.484231 1.964722
0.872878 -3.903599
-1.139935 3.834129
3.917646 -0.807496
-1.749009 3.597356
0.777461 3.923717
-3.715507 1.481555
-3.661130 -1.611250
-0.484388 -3.970563
-3.997537 0.140354
-3.995010 -0.199736
0.145004 3.997371
-3.774675 1.323568
-3.558810 1.826164
3.537283 -1.867520
1.149393 3.831305
3.775859 -1.320184
1.648344 -3.644580
0.239974 3.992795
2.658354 -2.988838
1.858897 3.541822
-2.806826 2.849865
1.630300 -3.652687
-2.075307 -3.419517
-2.585354 -3.052203
-2.789398 -2.866925
-3.867499 1.021006
2.501635 -3.121189
3.956038 0.591407
0.707449 -3.936942
3.735804 1.429604
2.214281 -3.331210
-3.370605 2.153838
2.414873 3.188791
-3.848916 -1.088965
2.349991 -3.236903
-1.377186 -3.755444
-2.467040 -3.148605
-3.774260 1.324751
-2.353203 -3.234569
-2.984996 -2.662667
-3.964363 0.532755
-2.373725 -3.219539
-3.925646 0.767660
2.402868 3.197847
-0.094330 3.998888
-3.252364 2.328546
-1.597059 3.667343
-2.114388 -3.395492
-3.952877 0.612178
3.060843 2.575119
3.702663 -1.513368
-3.899877 -0.889359
3.772500 1.329752
2.561731 3.072057
0.314452 3.987621
-3.250406 -2.331278
-3.503170 1.930752
-3.482867 -1.967139
3.129241 -2.491556
-0.808976 3.917341
3.941843 0.679614
0.403841 -3.979562
-1.311168 3.779000
3.947779 0.644236
2.106564 -3.400351
-3.839746 1.120870
-3.478893 1.974159
0.178591 3.996011
3.074011 2.559385
-1.736783 3.603274
3.910003 0.843728
-2.374214 3.219178
-0.179269 3.995981
0.510328 3.967312
-3.987308 -0.318396
1.458855 3.724479
-2.061360 -3.427943
-3.516188 -1.906940
-0.168716 -3.996440
-3.501774 -1.933281
2.021214 -3.451767
3.481558 -1.969456
-0.610362 -3.953158
-0.475034 -3.971693
-2.008766 -3.459026
0.837445 -3.911354
-2.746095 2.908429
1.747801 -3.597943
3.532891 1.875816
-3.899511 -0.890961
-3.979877 0.400727
3.989936 -0.283566
2.603188 -3.037007
-0.562042 -3.960317
0.918023 -3.893229
0.757976 3.927528
-3.375838 2.145628
-0.606176 3.953802
-3.992680 0.241889
-1.333572 3.771152
-3.242932 2.341664
-3.923852 0.776778
-2.813181 2.843591
2.906206 2.748448
3.088527 2.541850
3.994082 -0.217499
2.774754 -2.881101
-3.516774 1.905860
1.168180 -3.825618
1.626337 -3.654453
-2.928371 -2.724820
-3.941517 -0.681502
-3.894619 -0.912109
3.708159 -1.499851
3.723575 -1.461161
3.059810 -2.576347
3.491147 -1.952406
3.580801 -1.782656
1.594489 3.668461
0.223011 3.993778
-2.127614 -3.387220
-2.728703 2.924753
-0.055863 -3.999610
3.281319 2.287563
-2.569529 3.065538
3.999300 -0.074833
-3.916396 -0.813539
2.141542 3.378431
-0.344519 -3.985136
-2.497333 -3.124633
1.874530 -3.533573
1.306006 -3.780787
-2.365879 3.225309
2.182432 -3.352162
2.318015 -3.259878
-1.053537 -3.858764
3.534032 1.873664
2.835962 2.820872
1.037242 3.863176
-0.396090 -3.980341
2.561860 -3.071949
1.803859 -3.570167
-0.340749 3.985460
-3.282444 -2.285949
-0.828758 3.913203
3.425234 2.065858
-2.311633 3.264407
-3.365290 2.162134
3.790518 1.277487
-2.963070 2.687046
-3.522424 1.895398
-3.709380 1.496830
-0.263961 3.991281
-1.270699 -3.792799
1.719933 3.611348
3.971340 -0.477973
-1.203051 -3.814796
1.322921 3.774901
-2.762516 -2.892837
-3.133485 -2.486216
-2.073721 3.420480
-3.469735 -1.990210
-2.370752 -3.221729
0.288798 3.989561
0.083535 3.999128
-1.955386 3.489480
3.984104 -0.356247
-3.819970 -1.186520
-2.362046 -3.228117
1.007171 3.871125
-1.408637 -3.743760
3.098799 2.529317
-3.996940 0.156435
0.951321 -3.885227
-1.883411 3.528847
-0.788637 3.921486
3.687330 -1.550353
-3.957895 0.578849
-2.704276 -2.947353
1.538407 3.692331
-3.519601 -1.900633
-3.996965 0.155791
1.450751 3.727643
-3.999958 0.018364
-1.453752 3.726474
-3.288578 2.277115
-1.422989 3.738329
3.363771 -2.164497
3.708609 1.498739
-2.498325 3.123839
-2.081201 -3.415934
3.687387 1.550220
3.995038 -0.199181
-3.965642 -0.523145
2.100750 3.403946
-3.824546 -1.171686
-3.388691 -2.125270
-3.341185 2.199201
2.034908 3.443712
3.776271 -1.319005
2.606716 3.033980
-3.893028 0.918875
-2.663939 2.983861
-2.041276 -3.439941
-2.953869 2.697158
3.862586 1.039436
-3.821754 1.180762
-1.722755 3.610002
3.983575 -0.362123
-1.889354 -3.525669
-2.198034 3.341953
-1.412630 3.742255
3.447612 2.028293
-3.302332 2.257122
-0.790250 3.921161
3.744373 -1.407008
-2.373884 3.219421
3.758179 -1.369704
-2.977854 -2.670653
-3.863767 -1.035038
0.337719 -3.985718
0.442285 3.975473
-0.483430 3.970680
-3.728388 -1.448834
-3.504721 -1.927934
0.958753 3.883400
-0.426349 -3.977213
-3.341784 -2.198290
0.781985 -3.922818
-0.149120 -3.997219
0.312531 3.987772
-1.219406 3.809600
3.825040 1.170071
-1.586127 -3.672084
1.268164 3.793647
3.145170 2.471418
3.170099 -2.439359
-1.846441 3.548332
3.961193 -0.555829
0.336933 3.985784
2.964364 -2.685618
3.954551 0.601273
-3.941001 -0.684479
-2.980135 -2.668108
-2.634985 3.009461
-2.444507 -3.166131
-3.844217 -1.105439
-0.942161 -3.887458
-3.491539 1.951705
2.902265 -2.752609
3.243963 -2.340236
-3.848726 -1.089635
-1.010661 -3.870215
0.625094 3.950855
3.623948 1.693221
1.287488 3.787133
3.004012 2.641196
-0.048552 3.999705
3.824984 1.170256
2.592697 3.045968
-2.342460 -3.242358
-3.916964 -0.810798
-1.324179 3.774460
-2.520482 3.105989
-0.972768 3.879913
1.028955 3.865392
1.729077 -3.606978
0.247455 -3.992338
-2.523469 3.103563
-1.538381 -3.692341
-2.752749 2.902133
-2.319782 3.258621
3.936660 -0.709017
-1.641186 -3.647809
-0.357728 3.983972
-3.166624 2.443868
3.958667 0.573544
0.939046 -3.888212
3.916513 0.812976
-2.707388 2.944495
2.839473 2.817338
3.334962 2.208626
-0.333756 -3.986052
1.097257 -3.846560
2.353323 -3.234481
-3.449418 2.025220
-3.897599 0.899288
0.036821 3.999831
-3.478002 1.975728
-1.913095 -3.512843
-1.285036 -3.787965
-0.905546 3.896150
-0.573454 -3.958680
3.943118 -0.672175
1.053204 -3.858855
1.721609 -3.610549
3.016640 2.626763
1.233937 3.804918
-3.993541 0.227219
-1.214895 3.811041
-3.996795 0.160104
-3.948760 0.638194
1.566423 -3.680533
3.997286 0.147312
-1.230262 -3.806108
-3.977218 -0.426305
3.881420 -0.966735
2.247836 3.308660
-3.999266 0.076615
3.005431 -2.639581
2.309542 3.265887
-1.783943 -3.580160
-0.964891 3.881879
0.796236 3.919950
-1.400181 3.746931
-0.452550 3.974317
1.978579 -3.476381
2.782396 2.873721
1.032710 3.864390
0.180565 3.995922
0.470746 3.972203
0.236157 -3.993023
-0.956195 3.884030
3.021689 2.620953
-2.467228 3.148458
3.998833 0.096618
2.694706 2.956106
-3.866173 1.026016
0.444154 -3.975264
3.174044 2.434224
1.876076 3.532753
-3.644548 1.648414
3.941408 0.682134
-2.984054 2.663723
-2.327953 -3.252789
3.995323 -0.193386
-3.898224 0.896578
-3.965308 0.525675
-3.916180 -0.814576
-3.342767 -2.196795
-3.860331 1.047782
-1.596823 -3.667445
-2.010962 3.457749
-3.997273 -0.147680
0.066233 3.999452
3.997549 0.140004
0.396841 -3.980266
-3.670876 -1.588921
3.292299 2.271732
3.803274 1.238994
-1.818389 3.562788
3.646484 1.644127
1.529005 -3.696234
-3.767250 -1.344554
0.537677 3.963698
3.984833 0.348005
1.135788 3.835360
-0.913788 -3.894226
-2.794288 -2.862159
2.791689 -2.864694
0.407870 3.979151
-3.877030 0.984193
-3.918104 -0.805270
-3.953042 0.611111
-2.556414 -3.076483
-0.888249 3.900130
-0.785180 -3.922180
-3.963329 0.540389
-1.416379 -3.740838
1.016036 -3.868807
-0.375692 3.982318
1.085788 3.849814
-0.314484 -3.987618
-1.110065 3.842884
-0.624772 -3.950906
3.996339 -0.171105
-3.888148 0.939309
3.031624 2.609455
-0.849816 -3.908684
-0.377194 -3.982176
3.484052 1.965040
-3.954426 -0.602095
-3.320464 2.230363
1.298077 3.783516
-1.636423 3.649948
0.156341 3.996944
1.882687 3.529234
1.516875 -3.701228
1.841346 -3.550978
-2.055575 3.431415
1.814438 3.564802
2.889636 2.765864
1.038180 3.862924
-3.112802 2.512064
3.978230 0.416759
2.341531 3.243028
-3.993058 -0.235554
-3.758657 -1.368392
-1.301805 -3.782235
-3.985364 -0.341863
-3.086389 2.544445
-0.129323 -3.997909
-1.901982 3.518872
-0.141375 3.997501
-2.789642 -2.866688
-2.597416 3.041946
-3.861494 1.043485
-0.100093 -3.998747
-3.995784 -0.183595
-3.054148 2.583057
-2.412015 -3.190954
2.503050 3.120055
0.384439 3.981483
2.417252 3.186988
-3.984889 0.347357
-1.193358 -3.817839
-3.836327 -1.132517
-3.931690 -0.736078
-3.869896 1.011883
3.784691 -1.294649
3.860831 -1.045935
-2.852219 -2.804433
0.016936 -3.999964
-0.884417 -3.901001
-3.871263 -1.006638
-2.187197 -3.349055
0.663408 3.944603
2.405985 -3.195503
0.642665 3.948035
-0.564461 -3.959973
2.466674 3.148891
-3.872875 1.000419
-0.298803 3.988824
-1.465044 3.722049
2.820700 2.836134
-3.850512 1.083309
0.558956 3.960753
-3.850081 -1.084840
3.070353 2.563774
-3.867793 1.019891
-3.554270 1.834983
3.658096 -1.618127
0.520267 -3.966021
1.483132 -3.714878
-0.939899 3.888006
2.408980 3.193246
-0.657003 -3.945674
3.316518 2.236227
-2.348011 3.238339
-0.988836 3.875849
1.885975 -3.527478
-3.995812 0.182995
-2.329615 -3.251599
1.015011 -3.869076
-3.855125 1.066776
1.611886 3.660850
-3.880189 0.971665
-3.018383 -2.624760
-1.444268 3.730160
-0.966271 -3.881536
-2.098826 -3.405133
-1.895126 3.522570
-0.699645 -3.938337
-0.078335 3.999233
0.951369 -3.885215
3.811888 1.212233
-3.100932 2.526701
1.771944 3.586114
2.802950 -2.853677
-1.308732 -3.779844
2.786261 2.869974
-3.157655 -2.455446
-3.844574 -1.104196
1.916161 -3.511172
-3.909607 0.845559
-3.997106 -0.152124
-3.789209 -1.281364
3.855245 -1.066342
-2.113630 -3.395963
2.102613 3.402796
-1.896335 -3.521919
-2.494134 -3.127187
-3.575455 1.793356
2.461661 3.152812
1.349336 -3.765540
-1.699389 -3.621060
2.481692 3.137069
3.641876 -1.654309
3.624208 -1.692666
-3.839431 1.121949
-3.074676 2.558587
0.442114 3.975492
-3.096134 -2.532579
3.047882 2.590446
-3.026820 -2.615026
3.942126 0.677970
3.389381 -2.124170
2.541835 -3.088539
-3.215925 -2.378618
-0.682323 3.941375
-3.984926 -0.346934
-0.102895 -3.998676
-1.064747 -3.855686
-3.829451 -1.155555
-1.846546 -3.548277
2.325987 3.254195
-3.764237 -1.352968
0.047651 -3.999716
3.746620 -1.401014
-3.149993 -2.465267
3.988136 0.307848
3.870417 1.009888
-1.981519 3.474706
-2.816076 -2.840725
-1.848577 -3.547219
-2.254462 -3.304149
-0.309444 3.988013
-3.963749 0.537299
-3.614571 -1.713149
-3.628389 1.683684
-3.897473 -0.899837
2.103912 -3.401992
3.042151 2.597174
1.329395 -3.772626
-0.230486 3.993354
3.334423 2.209439
-1.942512 -3.496662
-3.050765 -2.587051
-2.284397 -3.283524
0.638925 3.948642
2.297706 3.274225
-3.950042 0.630214
-3.838547 1.124969
-0.810040 3.917121
-3.029952 2.611397
-1.919479 -3.509359
0.109077 3.998513
2.018629 -3.453279
-3.616704 1.708641
-3.792374 1.271967
-3.979977 -0.399728
0.931403 3.890050
-3.339927 -2.201111
1.489679 -3.712258
3.901624 -0.881663
3.703190 1.512080
-0.319747 3.987200
-3.894725 0.911655
-0.261492 3.991444
-0.783471 3.922521
-2.340756 3.243588
1.739065 -3.602173
2.683379 2.966392
-0.636807 -3.948984
3.822254 -1.179140
-0.908521 3.895457
2.984037 -2.663742
0.867047 -3.904898
2.807701 2.849002
-3.018265 2.624896
-2.437878 -3.171238
-0.051525 3.999668
-2.635717 -3.008820
-2.929040 2.724100
-3.870299 1.010338
2.881630 2.774205
3.283368 -2.284621
3.861817 1.042289
-3.004743 -2.640364
-2.906016 -2.748649
-2.891651 -2.763757
-2.747651 2.906960
0.378026 -3.982097
0.211455 3.994407
3.443194 2.035784
2.735175 -2.918701
-3.937482 0.704441
-3.291654 2.272666
3.490016 -1.954427
3.633005 1.673701
-3.231665 2.357189
1.222741 3.808531
3.757341 -1.372002
3.989334 0.291912
3.796974 1.258170
1.518320 3.700636
-0.931081 3.890127
-3.992185 -0.249914
-1.453700 3.726494
-0.474722 3.971730
-0.404263 3.979519
-0.566351 3.959703
3.992007 0.252743
3.722777 -1.463192
-0.286085 3.989756
3.790615 1.277200
-2.656806 -2.990214
2.916951 2.737042
3.316057 2.236910
-1.590845 -3.670043
-1.280714 -3.789429
3.823631 -1.174670
3.364251 -2.163751
3.980907 0.390353
-0.772962 -3.924606
0.372488 3.982619
-2.027567 -3.448039
3.993878 -0.221226
1.135787 -3.835360
0.177696 -3.996051
-3.664151 1.604369
3.995568 -0.188253
-2.065661 -3.425353
0.334312 -3.986005
2.643124 3.002315
0.140319 3.997538
-0.682372 -3.941366
1.444044 3.730246
2.966862 2.682859
3.941321 -0.682634
2.988079 2.659207
1.459390 3.724269
0.306782 -3.988218
-3.542125 -1.858319
-3.915622 -0.817256
-0.371029 3.982755
-0.561502 3.960393
-3.701483 1.516252
-2.919688 -2.734122
-1.369452 -3.758271
-2.348078 -3.238291
-0.548680 -3.962190
0.491858 3.969644
-2.151803 -3.371905
3.530084 1.881091
-1.101811 3.845259
0.551909 -3.961742
-2.820205 -2.836626
3.106193 -2.520231
-2.493503 3.127690
-3.850440 -1.083566
-1.861213 3.540605
-3.003441 -2.641844
3.981163 -0.387737
-3.477086 1.977341
-3.546397 1.850154
-3.630136 -1.679914
-1.164079 -3.826868
-0.325128 -3.986765
-1.965870 -3.483584
-0.315992 -3.987499
-3.496718 1.942412
-1.165133 3.826548
3.980744 -0.392019
3.823415 1.175371
-3.924262 0.774707
-3.699236 1.521726
-3.843103 -1.109305
-3.599299 -1.745006
-1.032859 3.864350
2.333109 3.249093
-3.981357 0.385743
-2.471890 3.144799
-2.025179 -3.449442
-3.255294 -2.324449
-3.770115 1.336501
-1.058655 3.857363
-2.464111 -3.150898
-1.131784 3.836543
0.444402 -3.975237
-0.367915 -3.983044
-3.998416 0.112555
3.501227 -1.934272
3.991923 0.254076
2.733585 2.920190
0.836162 -3.911628
3.107820 2.518225
2.066543 -3.424821
3.553568 -1.836342
-2.154428 -3.370228
3.626988 -1.686700
3.831681 -1.148139
1.762533 3.590749
3.771155 -1.333564
-1.064480 3.855760
1.203118 3.814775
2.506721 3.117106
1.233991 -3.804900
-2.842817 2.813964
-1.669901 -3.634753
-2.733133 2.920614
-2.929989 2.723080
-3.815775 1.199942
3.997976 0.127219
-3.537523 -1.867066
-3.736477 -1.427845
1.145623 3.832434
-3.959168 0.570078
1.168909 3.825396
2.575932 3.060160
-3.999911 -0.026711
3.833294 -1.142741
-0.571885 -3.958907
-2.462179 3.152407
1.980062 -3.475537
-3.825170 1.169646
3.893388 -0.917348
1.442311 -3.730917
3.538348 1.865501
-3.988243 -0.306459
-0.408404 3.979096
3.285637 -2.281357
1.786591 -3.578840
-3.664771 -1.602951
2.949172 2.702292
2.260122 3.300280
2.449913 -3.161950
3.506386 1.924904
-3.983023 -0.368136
0.272213 3.990727
3.164308 -2.446866
-3.711289 -1.492091
-3.626086 -1.688638
0.213502 3.994298
-3.977411 -0.424499
2.886918 2.768701
-0.847000 3.909295
-2.615270 -3.026609
1.560463 -3.683063
-2.022937 3.450757
3.442202 2.037460
-1.038921 3.862725
-1.899284 3.520329
3.577876 1.788519
-3.761944 1.359330
2.077793 3.418008
-3.782302 -1.301611
0.945449 -3.886660
-2.515875 3.109722
3.973793 -0.457132
0.294187 3.989167
1.583005 3.673431
-1.550339 -3.687336
0.666271 3.944120
-3.983012 0.368255
2.373153 3.219960
-3.825729 -1.167819
-0.595593 3.955410
3.489730 -1.954938
-3.492232 -1.950465
-0.000852 4.000000
-3.802083 -1.242644
1.785999 3.579135
1.722787 3.609987
-3.959908 -0.564913
3.941272 0.682917
-3.628789 -1.682821
3.585260 -1.773671
-0.361123 -3.983665
-0.545170 -3.962675
-2.683939 2.965884
-3.994447 0.210700
-3.867458 -1.021159
3.222315 2.369955
0.113970 3.998376
-1.303437 -3.781673
-0.883863 3.901126
-0.213425 3.994302
-3.001685 2.643839
-3.736772 -1.427072
3.961363 -0.554623
3.886406 0.946492
-3.930774 -0.740955
-2.939725 2.712567
3.959436 -0.568217
3.731683 -1.440326
-1.914099 3.512296
3.984862 -0.347666
-1.880306 3.530503
-3.142190 2.475205
-2.723576 2.929528
3.964202 0.533949
2.566917 3.067725
-1.351951 3.764602
-3.424004 -2.067896
-1.604831 3.663948
-2.542933 3.087636
0.901141 -3.897171
2.056950 3.430591
2.177431 -3.355413
-1.378325 -3.755026
3.385903 2.129710
0.933102 3.889643
2.057110 3.430496
-2.919040 2.734814
1.172212 3.824385
3.003491 2.641788
2.943051 2.708957
0.792514 -3.920704
2.370285 3.222072
-1.919405 3.509399
2.952230 2.698951
1.754710 -3.594578
3.927163 -0.759864
-2.707629 2.944273
2.566266 3.068270
-1.344328 3.767331
-1.330597 -3.772203
3.770318 -1.335928
3.108147 2.517821
2.782164 -2.873945
3.848536 -1.090309
-2.755217 2.899789
3.225180 2.366054
2.468303 3.147615
3.800374 -1.247862
-1.454411 -3.726216
2.872602 2.783551
2.001545 -3.463209
1.719136 -3.611727
-0.910328 -3.895036
0.792463 0.281252
3.924612 0.772928
-3.456532 -2.013054
0.655536 3.945919
-3.999024 -0.088359
3.934359 0.721678
-0.694868 3.939182
1.438260 -3.732480
-2.165387 3.363198
-0.710984 -3.936306
-3.229368 2.360335
2.301158 3.271799
-1.956214 -3.489015
-2.111212 3.397467
-2.874421 2.781673
-1.222196 -3.808705
1.013991 3.869344
-0.309503 3.988008
-2.646786 2.999087
0.015998 3.999968
-2.614998 -3.026844
3.831840 1.147607
-3.810780 -1.215713
2.066344 3.424941
-3.062965 2.572595
-3.775183 1.322117
3.532293 1.876941
1.423188 3.738253
-0.913897 3.894200
0.925049 3.891566
3.999819 0.038040
3.134679 -2.484711
3.988553 -0.302404
3.325129 -2.223401
1.156203 3.829255
1.434612 -3.733884
-3.970960 0.481123
2.461330 3.153070
-2.469708 3.146513
-3.662984 -1.607030
-1.697387 3.621999
-2.081374 3.415828
0.395932 -3.980357
-2.011051 -3.457698
-1.470439 3.719921
-3.966405 0.517328
2.238350 3.315085
3.166684 -2.443790
3.933071 -0.728665
0.109278 3.998507
0.370872 3.982770
-2.369142 -3.222913
-2.740575 2.913631
-2.189921 3.347275
0.652562 3.946411
-3.945497 -0.658067
3.356852 2.175211
2.642888 3.002523
-3.433154 -2.052669
-1.780396 -3.581926
2.879291 -2.776632
-3.977265 0.425866
3.826596 1.164975
-3.503661 -1.929860
1.131825 -3.836531
-3.761734 -1.359911
3.122533 2.499957
3.708098 1.500002
-1.901010 -3.519398
3.972027 -0.472227
3.683868 1.558563
-3.513610 1.911687
2.531137 3.097312
-0.341694 3.985379
0.405189 3.979425
-3.997714 -0.135224
-3.995390 -0.191988
-3.999864 -0.032993
-3.996826 0.159325
-0.988183 -3.876015
-3.090036 -2.540015
2.648838 2.997275
-3.486769 -1.960215
-3.160693 2.451534
1.801493 3.571361
2.991050 -2.655865
-1.759892 3.592044
2.154599 -3.370119
-3.895207 0.909593
-1.877560 3.531964
0.796915 -3.919812
-3.486824 -1.960118
-0.515684 3.966619
-3.275330 -2.296130
-3.646108 -1.644960
3.759039 -1.367344
-2.146549 3.375252
-3.937843 -0.702421
3.438777 -2.043236
-0.536778 3.963820
-0.078118 3.999237
-0.579663 3.957776
3.741213 -1.415389
-3.999292 -0.075252
3.948989 0.636778
2.362436 -3.227832
-2.755097 -2.899904
2.940433 -2.711799
3.882875 0.960876
-1.192071 3.818241
2.696497 -2.954472
3.698314 1.523965
3.909022 0.848260
2.974468 -2.674423
2.384603 3.211490
1.425837 3.737244
-3.095107 2.533833
3.522915 -1.894485
-3.910837 0.839852
-1.978615 3.476360
-1.624646 3.655205
-3.989114 0.294899
2.674922 -2.974019
3.403665 2.101205
-3.355280 -2.177636
-2.943328 2.708657
3.625388 1.690136
-3.798428 1.253773
3.849066 -1.088436
-1.981037 3.474981
-1.320502 -3.775748
-1.296045 -3.784213
-3.589907 -1.764247
-1.079428 -3.851602
-2.051210 3.434027
1.113023 3.842028
-3.152902 2.461546
-3.843482 1.107993
2.917707 2.736236
2.152746 -3.371303
-1.775565 -3.584323
-1.058148 3.857502
3.908546 0.850451
-0.166480 3.996534
-0.414814 -3.978433
0.531849 3.964484
3.646478 1.644140
-1.816879 3.563559
-3.796648 1.259153
-3.907447 0.855488
-2.884228 -2.771503
-2.574103 3.061698
0.715520 3.935484
3.564205 1.815610
3.986806 0.324622
-3.824888 -1.170568
-3.989736 0.286374
3.689642 -1.544844
3.826373 1.165704
3.976808 0.430117
3.411224 2.088911
-3.861546 -1.043292
2.367833 3.223875
2.260837 3.299790
-2.539113 3.090778
-1.443073 3.730622
-2.200353 -3.340426
-3.440368 -2.040555
3.854327 1.069654
3.999461 -0.065636
-3.112351 -2.512623
-3.440237 2.040777
-3.742617 1.411671
-3.921784 0.787153
3.751125 1.388907
-3.869635 1.012879
3.952160 -0.616792
-2.355613 3.232814
-2.010002 3.458307
-2.351372 -3.235900
3.939621 0.692375
-3.798555 1.253389
-3.999821 0.037815
-3.570172 1.803850
3.764104 -1.353337
-3.392478 -2.119219
3.329881 -2.216279
-2.579493 -3.057158
-3.986593 0.327221
-1.281051 -3.789315
-1.171055 -3.824739
-3.987054 0.321553
2.986912 2.660519
0.919215 3.892948
-3.999951 0.019748
1.624415 3.655308
-3.965779 0.522109
3.591151 1.761714
1.932534 3.502187
-3.647550 1.641761
3.999388 0.069986
-0.099484 -3.998763
-0.792376 -3.920732
2.866434 2.789903
-2.863075 -2.793349
3.985952 -0.334937
3.822542 -1.178207
-3.832810 -1.144365
2.510077 3.114404
2.867542 2.788764
0.027968 3.999902
2.196341 3.343065
-3.762748 1.357103
0.148200 3.997254
-3.968203 -0.503354
3.809024 1.221203
3.612259 1.718019
1.575255 3.676761
1.913625 -3.512555
-1.786439 -3.578915
2.252694 -3.305354
-1.688866 3.625980
-2.357666 -3.231317
3.797652 1.256122
-3.472042 -1.986183
3.191227 -2.411653
2.467116 3.148546
-2.397376 -3.201967
2.440056 -3.169562
-0.283290 3.989956
-2.485698 -3.133896
0.167127 -3.996507
1.807349 -3.568402
1.719042 3.611772
-3.567118 -1.809882
-2.003331 3.462177
1.576890 3.676060
1.174885 3.823564
-2.486461 3.133291
3.856758 -1.060858
2.580819 -3.056039
-3.712950 1.487952
2.681746 2.967868
3.838244 1.126002
-3.827011 -1.163610
3.470993 -1.988016
-3.058182 2.578280
1.407450 -3.744207
-3.666185 1.599716
-3.448583 -2.026641
0.572293 3.958848
-3.408941 2.092635
-1.532565 -3.694759
2.409325 3.192985
3.790717 -1.276897
-3.923281 0.779658
2.257518 -3.302062
-1.553591 3.685967
2.742245 2.912060
3.318352 2.233504
0.131276 3.997845
0.687435 3.940486
1.454013 -3.726372
3.044640 2.594257
-3.992882 0.238528
0.435294 3.976244
-2.731110 2.922505
-2.962194 2.688012
-0.553524 3.961516
3.657984 -1.618380
-2.126492 3.387924
2.439540 3.169960
3.660237 1.613279
-3.588201 1.767715
-3.555641 -1.832325
-2.450696 3.161343
3.557205 -1.829288
-3.997575 0.139272
-0.039904 -3.999801
-3.405126 -2.098837
3.893122 0.918479
-1.516412 -3.701418
-0.216650 3.994129
3.190551 -2.412547
-3.956864 0.585857
-0.281229 -3.990102
-2.013104 3.456503
-3.961268 -0.555295
-3.515555 1.908108
-2.683036 -2.966701
1.059764 -3.857058
-1.204057 -3.814478
-3.884460 -0.954447
1.662165 3.638298
3.252990 -2.327672
-3.113368 2.511362
3.656377 1.622008
3.996048 -0.177762
-0.036381 -3.999835
3.202750 -2.396330
2.821192 -2.835644
3.562769 -1.818427
-0.096974 3.998824
-1.851543 -3.545672
3.459778 -2.007471
-3.916456 0.813248
-0.094902 3.998874
3.999423 0.067951
-3.989811 -0.285318
3.995481 0.190089
-2.103790 3.402068
3.357475 -2.174250
-1.317155 3.776917
1.912183 3.513340
-3.112389 -2.512575
0.795369 -3.920126
-2.626473 3.016892
2.793511 2.862918
-2.698869 -2.952305
-0.660888 3.945026
-2.826441 -2.830412
3.847790 -1.092937
3.954070 -0.604425
1.062167 3.856397
2.010531 3.458000
3.956100 0.590991
-1.968799 -3.481929
-3.431599 2.055268
3.296801 -2.265194
3.995796 0.183343
3.978799 -0.411288
-2.115253 3.394953
1.431893 3.734927
-0.633075 3.949584
3.042423 -2.596856
-3.815023 -1.202331
-2.170683 -3.359782
2.550499 -3.081389
2.565115 3.069232
-3.380409 2.138418
3.840261 1.119106
0.182051 -3.995855
-2.452617 -3.159853
3.833891 1.140735
1.383888 -3.752979
-0.852215 3.908162
-2.916301 2.737734
2.459671 3.154365
-3.591394 -1.761217
-0.120034 -3.998199
0.525893 3.965279
3.244155 2.339970
-3.669761 1.591494
-0.922443 3.892184
0.017318 3.999963
3.994781 -0.204260
0.894931 -3.898602
2.352063 -3.235398
3.851492 1.079818
1.185047 -3.820427
-3.985512 0.340144
-3.981453 0.384752
3.502009 -1.932856
-3.256673 2.322516
-2.956118 -2.694692
-1.868789 3.536612
0.579089 3.957860
-3.119273 2.504024
3.920898 -0.791552
3.859930 1.049257
-3.463219 2.001528
3.376040 2.145309
-3.997031 -0.154091
-0.840268 -3.910748
3.992029 -0.252395
-0.006378 3.999995
-3.774213 -1.324882
-1.652359 -3.642761
3.959612 0.566987
3.991221 0.264861
3.849869 1.085592
1.598318 -3.666794
3.683294 1.559919
0.206337 -3.994675
-3.948799 0.637953
-0.436270 3.976137
-1.180148 3.821943
-3.997650 -0.137100
-3.693089 -1.536586
3.997207 -0.149445
-3.993207 0.233011
-2.435188 3.173305
1.089908 -3.848649
-3.473563 -1.983523
-1.933636 3.501578
-2.408413 -3.193673
1.668480 3.635406
-3.116918 2.506955
3.795544 1.262475
-3.864151 1.033604
1.723683 -3.609559
-3.821190 1.182584
0.881251 3.901717
-3.380103 2.138903
-2.693679 -2.957041
2.140393 3.379159
1.619166 -3.657636
-3.156712 -2.456658
-3.283062 2.285060
-3.888854 0.936384
-1.902683 -3.518493
-1.486317 3.713605
-3.403137 2.102061
-3.897383 0.900227
3.999965 -0.016801
-3.997234 0.148720
2.322291 3.256834
-1.655575 -3.641301
0.559030 3.960743
0.716423 3.935319
-0.425639 3.977289
-1.449929 3.727963
-3.551456 1.840423
2.463095 -3.151692
3.972677 -0.466727
-2.129613 3.385963
-2.611302 -3.030034
2.928296 2.724901
-1.245363 3.801193
3.673362 -1.583165
3.990769 0.271598
1.298204 3.783473
2.262515 3.298640
3.062399 2.573268
-3.928248 -0.754235
-3.335235 2.208213
-0.198563 3.995069
-0.992899 3.874810
-2.313787 -3.262881
3.922304 -0.784558
-1.826358 3.558710
-3.982875 -0.369740
0.825190 -3.913957
1.646650 3.645346
0.229331 3.993420
-3.385226 -2.130785
0.164293 -3.996625
3.729627 -1.445641
3.981398 0.385317
2.172871 -3.358367
-0.917935 -3.893250
2.295591 3.275708
2.393550 3.204828
-3.066150 -2.568798
0.811077 3.916906
-3.763465 1.355114
2.548154 3.083328
-0.583865 -3.957158
-3.927714 0.757007
3.992462 -0.245456
-0.395410 -3.980408
-3.594110 1.755669
-2.928564 2.724613
-3.049553 -2.588480
3.433755 2.051665
-2.754356 2.900608
-3.999327 0.073377
-2.253207 3.305005
-1.271121 3.792658
3.897462 -0.899884
3.066172 2.568772
3.827645 -1.161521
-3.732178 -1.439044
-3.415317 -2.082212
-1.720297 -3.611174
3.561091 1.821710
2.380605 3.214455
3.951240 0.622657
-3.673799 -1.582150
-3.778331 -1.313094
1.166516 -3.826126
0.931309 3.890072
-1.286015 3.787633
1.150597 3.830943
2.197239 3.342475
3.889886 0.932087
-3.540582 1.861258
3.914795 -0.821208
-3.776687 1.317814
-1.480962 3.715744
-1.750534 -3.596614
3.354836 2.178319
3.361409 2.168162
2.679756 -2.969665
3.350360 2.185198
3.563314 -1.817359
2.171609 3.359183
3.953676 0.606999
-2.869879 -2.786359
3.807985 -1.224439
1.116300 3.841077
0.290495 3.989438
-3.922593 0.783113
3.598397 -1.746865
0.091743 3.998948
1.297539 -3.783701
3.291828 -2.272414
-0.812199 -3.916674
0.852993 3.907992
-1.551002 -3.687058
-3.873093 -0.999573
-2.616071 3.025917
1.208404 -3.813104
-3.993175 0.233565
0.622403 -3.951280
-1.045953 -3.860827
-3.163930 2.447355
3.942344 0.676700
3.802555 1.241200
-3.561625 1.820666
2.094935 3.407528
0.366122 -3.983209
2.770030 -2.885643
0.932467 -3.889795
2.333063 -3.249125
-1.281826 -3.789053
2.634778 3.009642
2.846598 -2.810139
-1.230732 -3.805956
3.721078 -1.467508
1.778344 3.582945
-3.680350 1.566851
-3.393678 -2.117297
-0.807908 -3.917561
3.537586 1.866946
-3.129248 2.491547
0.215621 3.994184
3.964453 0.532084
-3.991400 -0.262149
1.794305 3.574978
3.629868 1.680493
0.094474 3.998884
-3.953632 -0.607285
3.999099 0.084879
-3.798830 1.252554
3.903998 -0.871091
-2.787018 2.869239
3.125402 2.496370
-3.797181 1.257544
3.863684 1.035349
-0.607801 3.953553
2.441079 3.168775
0.023610 -3.999930
1.039918 3.862457
3.995560 0.188418
-2.753921 2.901021
1.847215 3.547929
1.567601 3.680031
3.572930 -1.798380
0.973507 -3.879727
2.478506 -3.139587
-3.929074 -0.749918
3.820426 1.185051
2.793042 2.863375
-3.239343 2.346626
2.958090 -2.692527
-3.915782 0.816488
-2.843114 -2.813664
3.799222 -1.251365
-3.814630 1.203576
3.883430 -0.958630
1.822944 -3.560460
3.938846 -0.696775
0.932011 3.889904
-2.177988 -3.355051
-1.557599 -3.684275
-3.541023 1.860419
3.788367 -1.283850
-0.676260 3.942420
1.531498 -3.695201
-3.333733 -2.210481
-3.178136 -2.428878
-3.949068 0.636287
-1.650897 -3.643424
-2.918798 2.735071
-0.069255 -3.999400
-0.388387 3.981100
3.493976 1.947339
1.224478 -3.807972
3.724398 1.459062
-3.788566 1.283265
0.415134 -3.978400
-2.373926 3.219390
3.660510 -1.612659
1.126794 3.838012
3.399558 -2.107844
-2.685499 2.964472
-3.587944 1.768235
2.107370 -3.399852
2.496629 3.125195
-2.725682 2.927568
3.154073 2.460045
1.405997 3.744753
1.514317 3.702276
3.863456 -1.036200
2.818841 2.837981
-3.048513 2.589705
-0.461337 3.973307
3.749526 -1.393218
-1.283403 3.788519
3.043306 -2.595821
-3.987372 -0.317588
-3.982858 0.369923
2.546817 -3.084433
-1.061782 3.856504
3.847851 -1.092724
3.538085 1.866000
-2.703658 2.947920
-3.804286 -1.235884
3.810044 -1.218017
-0.609768 3.953250
-3.406566 2.096500
-2.995985 -2.650297
-3.999998 -0.004084
2.672330 2.976349
1.684837 -3.627854
-3.344759 -2.193761
3.410499 -2.090095
1.993750 3.467702
3.501707 -1.933404
-1.332619 -3.771489
2.631814 3.012234
-3.844379 1.104875
3.500352 1.935854
0.935183 -3.889143
0.640671 -3.948359
-3.384485 -2.131962
-3.898216 -0.896609
-2.373229 3.219904
-0.856042 3.907325
-3.950462 0.627574
-2.372268 -3.220613
3.797226 -1.257409
3.884536 0.954138
1.473989 -3.718515
-3.976403 0.433840
2.744443 -2.909989
1.840167 3.551589
3.878434 -0.978646
-3.122250 2.500311
-0.296551 3.988992
0.932734 3.889731
-1.677627 -3.631194
-3.757010 -1.372907
-2.213081 3.332007
-3.986667 0.326317
-0.875439 3.903025
3.743462 -1.409429
2.339622 3.244406
3.589357 1.765366
3.940509 -0.687307
2.491539 3.129255
3.955514 -0.594900
3.380531 -2.138226
3.695583 -1.530578
-3.980458 0.394911
2.948516 -2.703008
-1.760885 -3.591557
3.965099 -0.527251
-1.196192 3.816952
1.325510 3.773993
-2.853161 2.803475
-2.774583 -2.881265
-3.978231 -0.416745
-1.772449 -3.585864
-0.865544 3.905231
0.180864 -3.995909
0.270365 3.990852
3.330549 -2.215275
-3.955659 0.593938
-3.957675 0.580350
-3.999274 0.076216
-2.438364 3.170864
2.897645 -2.757473
3.955205 -0.596950
0.382357 -3.981683
-3.881690 0.965651
-2.402166 3.198374
3.577220 1.789831
-1.958085 -3.487966
-3.938152 -0.700683
-3.579315 1.785638
1.056039 -3.858080
-1.039087 -3.862680
0.447229 3.974920
1.050584 3.859569
-2.792583 -2.863822
0.849846 -3.908678
0.709680 -3.936541
0.021419 -3.999943
3.768559 -1.340880
-3.827661 -1.161468
-3.659847 1.614161
-3.866128 -1.026186
-3.999836 0.036263
-3.276227 2.294850
0.459965 -3.973466
-1.638176 3.649161
2.159678 3.366867
2.119760 -3.392141
-3.750633 1.390236
-3.992411 -0.246280
-1.762931 3.590554
-0.562443 3.960260
1.265840 3.794423
-1.017604 -3.868395
-1.164561 -3.826721
-3.285175 2.282022
-3.426493 2.063769
-1.479134 -3.716472
3.546458 -1.850037
-3.945393 -0.658693
3.218891 2.374604
-3.743827 -1.408461
-2.801670 -2.854934
0.397901 3.980160
3.891834 0.923918
0.228213 -3.993485
2.711517 2.940693
-1.203004 3.814811
2.079801 -3.416786
-0.363229 -3.983474
0.057905 3.999581
-3.537606 -1.866908
2.018173 -3.453545
-3.202450 -2.396729
3.500091 -1.936326
3.988733 0.300009
-3.872038 1.003654
0.540539 -3.963309
-3.496564 -1.942689
-2.338619 -3.245129
-3.401897 2.104067
-2.221548 3.326368
-3.964571 -0.531207
3.997814 -0.132229
0.754160 -3.928262
2.713215 2.939126
-3.904844 0.867290
3.999044 -0.087469
2.254192 -3.304333
3.984261 0.354496
3.814167 1.205043
2.111350 3.397382
-1.560599 3.683006
-3.328456 -2.218419
-1.766542 -3.588778
3.855985 -1.063665
3.988961 0.296969
-3.790608 -1.277219
3.956597 0.587654
-0.172333 -3.996286
3.837827 -1.127423
1.866204 -3.537977
-1.954269 -3.490105
-3.677605 1.573283
-2.208213 3.335235
3.989551 -0.288931
-1.799234 -3.572500
-3.814850 -1.202879
3.830255 -1.152888
3.999434 -0.067301
-2.660767 2.986691
-2.937119 -2.715388
2.275075 -3.289990
1.953652 3.490450
3.170352 2.439030
0.076468 3.999269
-1.037083 3.863219
-0.383585 -3.981565
3.998996 -0.089619
3.673453 1.582953
-0.256975 3.991737
3.461323 -2.004806
3.983765 0.360024
-2.202695 3.338882
-3.124823 2.497094
-0.465417 3.972831
-1.639936 -3.648371
2.763011 2.892364
-3.492254 -1.950426
-2.142596 3.377763
0.870166 3.904204
-3.991273 -0.264089
-3.944104 -0.666364
-1.440578 -3.731586
3.950562 0.626943
-0.977000 3.878849
-0.443827 -3.975301
-2.422817 3.182759
-3.364230 -2.163783
-1.292674 -3.785366
-3.331386 2.214017
-0.343232 3.985247
3.917721 0.807133
1.232199 3.805481
-3.778290 1.313212
-0.746048 3.929811
-3.980545 0.394031
3.998539 -0.108109
2.624036 3.019012
3.952492 0.614661
-3.109641 2.515975
0.851311 3.908359
-3.133581 2.486095
3.903105 -0.875083
2.505999 -3.117686
-3.671759 1.586880
-3.334365 2.209527
-0.058116 3.999578
-1.152762 -3.830292
-2.648296 -2.997754
-3.989773 -0.285848
2.904301 2.750461
-3.623198 1.694826
-3.950118 -0.629733
3.885775 -0.949081
-1.116083 3.841140
3.063583 -2.571859
-1.230240 3.806115
2.306216 3.268236
3.956068 -0.591209
-1.852840 3.544994
-3.997623 -0.137878
-2.258349 -3.301494
-3.945565 0.657660
2.785102 -2.871099
3.995485 -0.190000
-3.722236 1.464569
1.521057 3.699512
3.939650 0.692209
1.592661 3.669255
2.509146 -3.115154
