-0.536509
1.399409
1.538492
1.933768
0.166809
0.666610
1.404548
1.637607
2.518653
0.337928
2.225083
1.704196
2.991916
-0.749647
0.253722
1.814636
1.608107
2.202128
-0.382242
-2.512134
1.642356
-2.575729
-2.603131
-1.864849
-1.374114
-1.590041
-2.485444
0.498001
2.452197
2.547518
1.822896
-2.212688
-2.573860
-0.162576
-1.752624
-2.183675
2.608386
-0.511696
-3.126955
2.052351
0.774679
1.075843
-1.079433
-0.748129
-1.069277
2.103933
2.028517
-2.577669
1.496916
2.364792
-0.124106
-1.429106
2.997642
-0.055570
0.692690
0.008752
-1.703053
3.194094
-1.871324
-0.156681
-0.201657
-3.091259
-0.994985
0.280033
-1.781766
-2.623567
0.982439
2.658099
2.858054
0.129277
-1.395333
-0.906153
-0.700148
0.214848
-0.294065
-1.974723
-1.423171
2.636528
0.421788
0.827040
-2.637078
-0.655854
0.400016
0.896569
0.156481
0.107804
2.416176
3.083259
0.188001
2.592817
-1.241916
1.513558
-1.239105
-0.770103
2.446175
-2.095585
-2.510482
-2.856566
-1.058471
-3.043674
-0.552691
-2.161316
0.135061
0.602019
2.944709
1.966198
-2.054358
-2.481156
-1.584134
2.486007
0.081685
-0.753132
-1.592353
1.266023
-1.848685
2.883715
-1.306382
-1.835894
-2.870808
-0.833792
