3.691593 -1.540176
3.789693 1.279932
-2.204511 3.337683
2.743111 2.911244
1.111449 3.842484
3.993920 0.220464
0.241359 3.992712
2.539271 3.090647
-3.667845 1.595905
3.271095 -2.302160
-0.638293 0.832203
3.495258 -1.945038
2.007700 3.459645
-0.772611 3.924675
3.678130 1.572056
1.011010 3.870124
3.977196 0.426513
3.215346 2.379402
3.733479 1.435665
-3.528978 1.883167
0.886199 3.900596
0.778937 3.923424
-2.491610 3.129198
-3.975890 0.438516
3.467185 -1.994650
-1.771206 3.586479
-3.870531 1.009450
2.837644 1.542854
3.747621 1.398335
-1.317499 3.776797
-0.021395 3.999943
-2.599262 -3.040368
-3.974167 0.453871
3.257369 -2.321540
2.128133 3.386894
-3.531340 -1.878733
-2.801121 2.855472
3.475129 -1.980777
-1.426197 3.737106
-2.893848 2.761457
-2.002336 3.462752
-0.892408 3.899180
3.359041 -2.171830
0.343538 -3.985220
0.582777 3.957319
-3.281761 2.286929
-1.488381 3.712778
-3.933445 -0.726644
-2.151551 3.372066
1.253144 3.798635
-0.030390 -3.999885
-2.377650 -3.216641
-3.876885 -0.984766
3.569838 1.804510
1.054471 3.858509
3.252058 0.028462
-0.267029 -3.991077
2.250015 -3.307179
-3.851878 -1.078443
2.780516 -2.875540
0.101572 3.998710
-3.971402 -0.477459
3.490273 1.953969
2.062884 3.427026
3.999272 0.076310
-3.791225 -1.275389
0.430077 0.644621
-0.010503 3.999986
-1.846872 0.538159
3.901461 -0.882386
2.938784 -2.713586
3.617201 1.707589
0.079197 -3.999216
3.908035 0.852795
2.242559 3.312239
2.336650 -3.246547
-2.166345 -3.362581
-3.723253 1.461981
-0.976960 -3.878859
3.662708 1.607660
-0.495115 -0.273392
3.898842 0.893887
1.757558 0.743117
2.772080 -2.883674
1.910738 3.514126
-0.768315 3.925518
0.136209 -3.997680
-3.969242 0.495090
3.910723 -0.840386
0.936557 3.888812
-2.421378 -3.183854
-3.822676 -1.177773
-0.195664 -3.995212
3.750370 1.390944
-1.857216 1.549820
-3.963353 -0.540214
-1.536171 -1.122660
-1.859226 3.541649
-0.045094 -3.999746
-0.666664 3.944054
3.755801 1.376211
-1.251597 -3.799145
-1.784068 3.580098
-2.864875 2.791503
-2.254977 -3.303797
2.155641 3.369453
-0.879796 -3.902045
-0.065465 -3.999464
-0.207193 -3.994630
-2.915917 -2.738143
2.577842 0.211042
2.538000 -2.379284
-0.849461 -3.908761
1.200308 3.815660
-2.307706 -3.267184
-3.496664 -1.942509
-3.010613 -2.633668
-0.104446 -3.998636
-2.610256 -3.030935
-1.220971 -3.809098
