1233.610408 917.832405
1374.213760 985.929768
1787.449901 1354.437048
1221.161146 880.030310
1834.387641 1322.748891
1151.963562 894.927111
1163.089852 861.474501
1826.778838 1406.866290
1233.482068 927.887241
1794.871953 1435.490631
1277.734552 907.460582
1825.165362 1501.143873
1153.606119 929.134790
1205.938221 910.776014
1794.740153 1388.773561
1800.269383 1330.774354
1826.142551 1449.874558
1269.125744 940.987684
1194.603037 980.105332
1253.113945 898.038835
1257.591178 864.775086
1195.226748 860.537177
1821.295100 1363.462520
1190.114425 940.083728
1160.985979 965.638395
1251.439219 970.861612
1287.501046 943.416865
1223.516356 963.595748
1229.968521 956.309475
1190.317937 892.671854
