731.002675 630.894904
864.075403 670.083514
1834.431254 762.804069
748.887931 558.478682
1889.088529 727.203386
616.386989 655.106761
639.295424 593.647367
1880.030503 812.898472
750.798517 627.937690
1857.650889 843.243631
785.825021 598.217770
1872.882643 903.044332
653.254423 658.477942
695.462159 626.292418
1850.095844 794.811288
1855.599905 735.185253
1889.709761 857.724199
801.181346 620.913280
692.046549 677.521022
750.956588 608.442221
775.764598 584.361176
682.015015 576.042718
1872.608152 767.497394
687.423138 660.773352
652.336979 700.073804
770.541429 664.455161
799.447508 661.676188
724.949911 650.256077
738.506514 663.865150
665.756231 628.873610
