1714.292709 1221.338069
1880.951194 1299.670381
1764.203153 1947.136905
1739.831065 1097.731920
1812.344139 1915.741085
1663.343337 1168.065188
1677.008670 1127.510374
1801.550825 1999.507767
1764.411683 1153.778352
1766.302573 27.066786
1792.019055 1167.501658
1777.766196 95.256084
1646.357094 1206.964845
1730.295746 1151.403521
1770.669832 1981.431899
1778.937874 1923.905469
1799.646005 41.425815
1781.999229 1208.625425
1698.370879 1250.559023
1778.671076 1155.702210
1783.568865 1119.932824
1710.785826 1112.299264
1798.284436 1956.742269
1717.440371 1181.470564
1683.164249 1200.262469
1734.203770 1255.797159
1768.126774 1238.841203
1757.036909 1194.811122
1758.714106 1190.544710
1702.264483 1148.708220
