1972.456233 1317.035975
108.714307 1330.637244
1832.016636 1165.776676
24.130920 1190.015340
1897.647735 1132.939582
1934.407883 1251.586503
1907.204866 1174.858954
1914.255856 1208.370805
61.269309 1249.186621
1863.646684 1227.240876
46.750599 1278.350329
1917.153742 1280.885879
1934.906445 1251.355275
1995.333209 1208.005036
1852.391566 1192.976352
1866.137854 1149.104882
1899.901233 1240.537062
117.488703 1266.329455
122.869626 1300.503779
1995.084553 1284.689279
83.607890 1214.196644
1937.778203 1189.308980
1888.971965 1196.816671
1977.499318 1242.597332
1938.017698 1317.356675
1959.794608 1370.927231
1992.474783 1382.448747
1951.437169 1282.974137
7.805849 1327.114873
1958.796362 1213.865535
