2.740580 2.913626
3.400922 2.105642
-0.657763 3.945548
2.197735 3.342149
-0.169035 3.996427
3.225759 2.365265
3.518474 1.902720
0.194686 3.995259
3.597714 1.748272
-0.335045 3.985943
3.033554 2.607211
-0.318115 3.987330
3.672450 1.585280
3.235406 2.352052
-0.662940 3.944681
-0.756865 3.927742
-0.072173 3.999349
2.254905 3.303847
3.873861 0.996593
-0.403788 3.979567
2.429475 3.177680
2.672974 2.975770
0.211485 3.994405
3.479566 1.972972
2.720334 2.932539
2.771468 2.884262
2.302230 3.271045
3.224414 2.367099
1.111019 3.842608
3.312741 2.241818
