0.032770 3.999866
1.882848 3.529148
-0.880883 3.901800
0.856868 3.907144
-1.275024 3.791347
0.850000 3.908644
1.037099 3.863214
-0.951059 3.885291
1.030178 3.865066
-0.386337 3.981299
1.957629 3.488221
-0.318115 3.987330
0.902568 3.896841
0.871348 3.903941
-1.092884 3.847805
0.393537 3.980594
-1.195740 3.817094
0.133067 3.997786
1.628536 3.653474
0.314161 3.987644
1.058396 3.857434
0.789255 3.921362
-1.175109 3.823496
1.970942 3.480716
0.695556 3.939061
2.459305 3.154651
1.844446 3.549369
2.191613 3.346167
0.796172 3.919963
0.288853 3.989557
