3.601864 1.739705
3.400922 2.105642
0.880287 3.901935
3.899779 0.889788
-0.010891 3.999985
3.658528 1.617150
3.401969 2.103950
0.060662 3.999540
2.429472 3.177682
-0.836212 3.911617
2.094207 3.407975
-0.318115 3.987330
2.676930 2.972213
1.914652 3.511995
-0.101569 3.998710
-0.417092 3.978195
0.298868 3.988819
3.670562 1.589647
3.756375 1.374643
3.922840 0.781872
2.551846 3.080273
3.969983 -0.489114
0.527852 3.965019
1.690281 3.625321
2.841045 2.815753
3.445904 2.031192
2.358717 3.230550
2.215656 3.330295
3.684158 1.557877
3.736753 1.427121
