2.339859 3.244235
3.755994 1.375686
3.235710 2.351633
1.835642 3.553930
3.132575 2.487363
3.072246 2.561505
2.636839 3.007837
2.793763 2.862671
1.878126 3.531663
2.866892 2.789432
3.624353 1.692356
1.658488 3.639975
1.633079 3.651445
1.035501 3.863643
3.110302 2.515158
3.315793 2.237301
2.183469 3.351486
2.457843 3.155789
2.916421 2.737606
1.682420 3.628976
1.807853 3.568146
1.374503 3.756427
2.862223 2.794223
3.045268 2.593519
3.256243 2.323118
0.982963 3.877342
3.557864 1.828005
2.097313 3.406065
1.468770 3.720580
2.472941 3.143973
