1.937108 3.499659
3.400922 2.105642
-0.522517 3.965725
3.927685 -0.757157
-0.585233 3.956956
3.834405 1.139009
3.995727 -0.184833
-0.696612 3.938875
3.448381 2.026985
-0.073634 3.999322
3.734847 1.432102
-0.318115 3.987330
3.751451 1.388026
3.553157 1.837137
0.525553 3.965324
0.232244 3.993252
-0.738135 3.931305
3.905253 0.865447
2.788639 2.867664
3.824326 1.172404
3.999800 0.039988
3.999541 -0.060596
0.507017 3.967737
3.925668 0.767548
3.564668 1.814702
3.345850 2.192097
3.057377 2.579234
3.856760 1.060850
3.985084 0.345112
3.940299 0.688510
