2.492070 -3.128831
3.984324 -0.353786
3.977376 -0.424829
3.543626 1.855456
3.973559 -0.459160
3.822766 -1.177482
3.928987 0.750375
2.892122 2.763264
3.792972 1.270184
3.779444 -1.309886
3.623203 -1.694816
3.676765 -1.575245
3.875778 -0.989114
3.632300 -1.675230
3.783634 -1.297733
3.905898 -0.862532
3.920904 -0.791527
3.732047 1.439383
3.999877 -0.031370
3.622269 1.696811
2.159589 -3.366924
3.301497 2.258343
3.378787 2.140980
3.375625 2.145962
3.430064 2.057830
3.917687 0.807299
3.797125 -1.257712
3.587296 1.769550
3.558613 1.826548
3.014900 2.628760
