3.993136 -0.234227
3.777628 1.315116
3.999769 -0.042994
3.619808 1.702054
3.995463 -0.190455
3.823896 1.173805
3.446125 2.030817
3.299675 2.261006
3.999708 -0.048313
3.999698 0.049181
3.996102 0.176553
3.933035 0.728861
3.988391 0.304529
3.791517 1.274518
3.993810 0.222453
3.997865 0.130669
3.994533 0.209064
3.992527 0.244391
3.801722 1.243747
3.987816 0.311962
3.606416 1.730250
3.951110 0.623481
3.413217 2.085654
3.894238 0.913736
3.977740 0.421406
3.436755 2.046635
3.557864 1.828005
3.559426 1.824963
1.595397 3.668066
3.498561 1.939090
