-2.961449
-2.950561
2.956430
2.791268
2.829308
2.899253
3.007083
-2.924477
2.921823
-3.022575
2.612285
2.557268
2.948735
-3.093190
2.768612
2.917687
3.048432
3.110557
-2.998032
3.073424
2.904557
-2.602124
-2.805621
2.592740
2.519241
2.899845
2.798108
2.875730
3.088496
2.820365
3.092522
-3.156293
2.309602
3.072518
-2.640607
2.985071
-2.977060
2.684702
2.772478
3.185119
-2.881076
3.073209
2.715611
2.833190
3.167718
2.726720
2.879056
2.476819
2.560510
2.663357
2.728838
3.047041
2.662446
2.801293
2.776601
2.999339
2.255460
-2.959930
3.049310
2.663681
2.977714
3.007034
-2.718620
2.486676
2.529852
2.618379
3.093595
2.505964
2.483177
3.036813
3.009109
2.894836
-2.915192
2.538347
2.614790
2.845368
2.597659
2.906830
-2.725711
-2.617562
3.076854
2.750787
-3.109503
2.753330
-2.943366
3.025717
2.194896
-2.663849
-2.669821
-3.122183
2.911848
3.012463
2.968542
2.873824
2.805890
-3.177303
-3.048680
3.168169
-3.071940
-2.994575
-2.802644
-3.047793
2.676495
2.439738
-2.865035
2.735052
2.832269
2.833775
3.156252
2.802467
-3.042395
2.716514
-3.195769
-2.776839
2.819506
2.899425
2.433246
-3.016602
-2.700784
-3.001113
-2.982742
2.263584
2.668097
2.599077
3.032430
2.834588
2.896751
2.421677
-2.272123
2.690657
2.669614
2.627519
2.743726
-3.172594
-2.695970
3.070516
-2.661813
3.027481
2.888864
-3.089695
3.179493
-2.974946
2.673527
3.167205
2.185934
2.830107
2.693017
-2.604133
3.074326
2.517744
-2.763529
2.636184
2.604226
2.891865
-2.918663
2.745867
2.680992
-2.750689
2.982488
2.478484
2.937419
-3.093887
2.738850
2.822156
2.920029
3.017533
2.786046
-2.630216
-3.075355
2.953404
-2.983858
3.181364
2.925251
3.021186
3.191586
-2.564145
-2.954930
-2.398537
-3.189691
-2.639597
-2.888607
2.800143
2.757945
3.037281
2.311050
2.389560
2.275569
-2.995829
2.575252
-3.197638
2.702372
2.644176
-3.051915
3.064557
-2.972245
2.871107
-3.190342
-2.915844
2.261721
2.833335
1.757977
1.416551
0.341859
1.781717
1.135149
1.114697
0.080527
1.474936
0.198536
1.331547
1.783860
2.121186
1.024362
1.787284
1.632918
1.284808
1.356722
1.266701
0.187242
1.710459
1.134302
0.098566
1.447802
2.105353
1.602529
1.514010
0.795034
1.351968
1.323163
1.921346
1.007159
1.121996
1.147335
1.568302
1.304052
0.076837
1.285645
0.859357
0.585123
2.054159
1.185595
0.764203
1.494486
1.340772
1.481570
1.919256
0.832142
1.365080
1.221211
1.919017
1.601387
1.020571
2.148828
1.699855
0.839095
1.023220
1.650846
1.354910
1.450820
1.471475
0.831269
1.791857
1.425973
1.692849
0.560322
1.329698
1.725353
1.029754
1.667536
0.771704
1.753483
0.347318
0.067181
1.081904
1.204517
2.127699
1.020638
1.360132
1.815478
2.095140
1.290557
1.944714
1.240304
1.623624
0.841689
1.320593
1.627849
0.492753
0.762670
1.329863
0.846941
0.829556
1.234336
1.333121
1.769858
0.957209
1.264199
1.854917
1.257057
1.884403
1.262506
1.298191
1.281196
1.643271
1.713786
1.290954
1.346186
1.070786
1.219145
1.385948
1.514202
0.872467
0.996073
1.823403
0.740122
1.380210
1.119002
1.830066
1.583065
1.024756
1.915336
1.699690
1.489704
1.692933
1.649139
1.356627
1.482621
2.200166
0.846077
1.505962
1.700035
1.505455
0.856028
1.989697
0.203223
1.411593
0.766755
2.257700
0.938018
1.301998
1.669897
1.258768
1.514628
0.892809
0.858677
1.904466
0.284302
1.357600
0.811248
1.376803
0.838431
1.281196
1.355629
1.524106
1.094982
0.651096
1.962977
1.942751
1.345683
1.413095
1.589182
1.238156
0.626209
-0.317451
0.975420
1.365377
1.551398
1.573931
0.571918
1.559456
1.801895
1.819440
2.128513
1.088550
0.472550
-0.040297
1.069238
0.234681
0.780162
1.553874
0.945146
1.702222
1.567228
1.316850
1.294034
0.831704
1.976240
1.248918
0.110786
1.319874
1.556624
1.270765
0.776831
2.328488
1.454087
1.776066
1.059612
0.735008
1.844559
1.830074
2.525179
-3.006367
-3.055554
-2.362098
-2.140741
-2.675032
2.863370
-1.441513
-2.417601
-3.067047
3.152833
2.522350
3.142179
2.976945
2.277976
-1.627496
3.043844
-2.936904
-2.157637
-2.542987
2.839843
3.063782
2.218766
-1.712521
2.910022
2.928923
-2.253743
2.603885
-3.063369
-2.925380
2.773893
3.200883
-2.799394
-1.918665
2.593356
-2.964321
-3.026199
2.833719
2.485038
2.564198
3.036187
-2.065774
2.709325
-3.150949
3.141847
-2.461681
-2.221175
-2.847466
-1.970439
-2.747995
2.615295
-2.098654
-2.561048
3.166073
-2.837623
-3.037710
-3.102042
-2.971291
2.214134
2.438289
-2.534502
-1.859192
-2.873528
-2.817263
-1.396104
2.199931
2.847702
-2.621826
-3.034983
2.253862
2.499386
-2.730584
3.040510
2.893050
-2.055784
2.395763
-2.681538
-2.813729
-2.848788
2.804867
-1.879979
-2.878818
-2.567332
2.181672
-3.043552
-2.446672
2.946913
2.802035
-2.992897
2.636288
-2.902412
-2.083923
-3.122312
2.136402
2.989543
2.966672
2.845772
1.688003
-2.107230
-2.543475
-2.929101
-2.772722
2.842227
2.778171
2.580344
2.987566
2.820085
-2.845735
-2.930485
2.127428
-3.031157
2.867667
-2.800678
3.175379
-2.500322
2.486702
2.938940
2.623494
2.820813
-2.301704
-3.152616
3.018133
2.779193
-3.109344
2.617667
-1.658905
2.594613
2.803900
-2.967959
-3.053756
2.606824
2.816310
3.050047
-3.030741
3.054290
2.284582
-2.754272
2.556853
-2.627028
-2.464889
-2.845493
2.609964
-2.120683
2.527450
-2.431755
-2.930772
2.216786
2.388441
2.879687
2.664499
-2.971477
-2.821766
-2.147763
2.742612
-3.051256
-3.182957
2.867944
-2.634907
-2.808592
-2.814020
-2.434479
2.847750
2.763755
2.032465
-2.529605
-1.399707
-2.301714
2.651582
-2.129929
2.827355
-2.737189
-2.420484
-2.987654
-3.022852
3.106383
2.953927
2.949572
-2.016002
-2.810526
2.288181
-2.992815
-2.141053
-1.434218
-2.457061
2.451308
3.072184
-1.634610
2.879967
3.030547
2.924543
2.521860
2.339362
2.879061
-2.388600
-2.035051
2.953261
2.523508
-2.744067
-2.197033
2.829007
-1.557990
-1.736985
-1.775007
-2.395961
-1.639084
-1.389701
-1.795055
-2.042585
-1.368431
-2.377413
-1.884054
-1.565222
-2.491786
-1.820748
-1.639079
-1.818188
-1.771859
-2.525642
-2.196642
-2.413512
-2.093014
-1.979043
-1.565334
-2.532410
-2.478838
-2.152735
-2.495345
-1.840847
-1.916215
-2.561588
-2.669478
-1.624268
-1.680855
-1.347405
-2.363803
-2.105130
-2.079038
-1.812090
-1.668001
-1.433074
-1.958151
-2.050706
-2.010291
-1.626482
-1.862445
-2.030088
-2.280536
-2.229739
-2.186763
-1.885121
-2.330813
-1.935202
-1.772508
-1.871507
-1.895707
-2.486606
-2.159917
-1.638282
-1.860453
-1.742856
-1.755202
-1.344347
-1.541663
-1.690314
-2.621096
-2.056885
-2.143987
-2.044419
-2.553114
-1.912493
-2.150079
-2.125922
-2.066449
-2.480684
-2.109303
-2.473809
-1.841261
-1.679665
-1.184387
-2.547332
-1.939384
-1.743192
-2.152865
-2.270512
-2.771024
-1.825748
-2.051781
-2.160453
-1.393856
-1.949396
-1.850978
-2.744255
-2.121128
-2.195749
-2.128608
-1.840265
-2.676424
-1.674153
-1.482342
-2.154860
-1.930550
-2.156919
-1.490000
-1.650177
-1.792790
-2.558371
-1.528310
-1.638445
-2.194501
-1.823312
-2.058731
-1.988387
-2.444865
-2.202346
-2.430504
-1.416346
-1.144179
-1.671279
-2.285218
-1.986550
-2.145081
-2.006492
-1.888302
-2.248452
-1.815116
-1.846535
-1.664348
-2.367502
-2.124411
-1.916209
-1.742709
-1.489664
-2.014390
-2.433359
-1.729484
-1.639348
-2.236266
-2.204566
-2.137708
-2.385725
-1.939611
-1.604410
-1.547069
-2.106649
-2.039039
-1.972060
-1.646391
-1.676646
-2.396649
-1.958785
-2.668162
-1.052909
-1.924528
-1.644494
-1.712672
-2.124047
-1.862185
-1.452290
-1.606415
-1.987371
-2.414224
-2.069259
-1.697673
-1.620713
-2.313515
-1.787069
-2.016092
-2.170366
-1.823433
-1.890723
-1.883196
-2.101897
-2.427044
-1.390628
-2.223257
-2.433714
-2.078670
-1.167122
-1.255069
-2.289516
-1.818773
-2.005171
-2.400354
-2.002735
-1.937714
-1.861244
-2.286254
-2.108618
-2.517806
-1.535520
-2.437900
-2.015080
-1.512290
-1.752557
-2.040620
-1.344541
-2.159977
-1.990400
-1.819293
-1.973271
