3.162662
-3.057229
-2.969450
3.011243
0.530284
-2.011477
-0.594386
0.830093
-2.319022
-2.079436
-2.810910
-2.353551
3.094506
-2.215231
1.376125
-2.675287
-2.704825
-0.961944
1.621522
1.484863
2.354436
0.555625
-2.570657
-0.643194
-1.739499
2.094036
3.092587
2.826859
0.607776
-2.367661
-1.815720
0.686716
-1.827705
0.906840
0.723078
-2.972082
2.255424
-2.098427
3.158081
2.147453
-1.968414
0.678963
0.927791
1.303149
0.218030
-2.429223
-2.061043
-1.828468
-2.682128
0.669902
-2.579762
-2.309067
-2.642009
2.781568
2.652653
-1.966931
-2.810874
0.446850
1.164143
-2.872982
-1.500265
1.336031
1.340412
0.693048
-2.084046
3.128358
1.200332
0.753478
-2.813071
-2.404242
-1.980394
0.916090
-2.217499
0.423693
1.447519
0.493652
0.288374
-2.690323
2.985705
0.570478
0.137031
-2.663445
-2.423064
2.778600
-2.890932
3.072990
-2.479606
-2.328592
-2.681384
2.225898
2.885787
-2.977496
-2.667565
0.291885
0.585994
0.038586
-2.111887
0.492598
1.641643
-2.151994
-1.725452
1.643105
0.399260
-2.180216
2.933404
2.274632
1.191386
-3.070626
0.416370
-2.637550
0.646005
-3.032176
-2.734639
-2.308202
0.455680
-2.710533
-2.221450
-2.910294
-2.067653
-0.817144
0.514334
0.300587
-1.982941
0.247917
1.338735
-2.872006
1.572665
-2.085167
1.338719
2.804648
-2.713990
-2.591710
-3.124658
0.477133
-2.820735
0.408460
0.642930
-3.025957
0.272921
0.368726
0.384799
0.319834
-2.657723
2.579449
2.978174
3.130685
-3.033149
-2.932940
0.503177
-1.852377
-2.033797
0.353853
2.704180
0.227152
0.468198
2.091357
1.011667
0.589826
-1.970838
-2.100312
3.084219
2.881912
-2.860735
0.995715
-2.932099
-2.124125
-2.965374
0.563944
0.648032
-2.138879
-2.983044
-3.090204
-2.512088
-1.995514
-2.375150
2.625405
0.405774
-2.637996
3.047170
-1.985944
3.191707
2.894750
-2.847774
-2.272476
3.135267
-2.965401
0.245542
0.408781
-2.936498
3.055988
-3.006918
1.121026
-2.070364
-2.122819
-0.913558
0.256042
2.937318
-3.116856
2.734339
-2.439182
-2.567028
-2.916061
-2.181786
-2.653676
-2.094724
1.000958
-2.862113
-2.478702
-1.301187
-1.755199
-2.580969
-2.404202
-2.619491
-2.668936
-2.576441
2.171590
-2.597150
-2.355425
1.150562
2.030602
-2.305037
0.987907
-2.426958
-2.651874
-1.862905
-2.126309
0.954061
2.614820
-2.942131
-2.054808
2.072055
-1.855170
1.206898
2.924382
1.744393
1.762602
-2.773255
3.076911
1.125705
-2.260214
3.031767
-2.781444
-2.831116
-2.220591
-2.230603
1.255420
-1.811626
1.927293
-2.497819
2.866661
2.414883
-2.253783
0.915751
-2.690432
-2.434636
2.773239
-2.387013
2.402791
-2.258230
2.792655
-2.687249
3.064532
-2.982160
-2.454257
1.154477
-1.727863
-2.404386
-2.787316
-2.834353
-2.717320
2.566207
-2.517766
-2.568528
-1.913079
0.670937
-2.745778
-2.023294
-1.830491
-2.984608
1.676715
1.846269
-2.313394
1.632686
-2.906746
-2.873875
-1.805755
-2.981967
-1.790142
0.794352
-2.641038
-2.622038
1.028259
1.501740
-2.704484
-2.868957
-2.039726
2.771699
2.271174
1.514426
-2.264634
0.776002
1.524291
-2.741303
-1.907929
-3.193491
-2.902940
1.062203
-2.526428
-2.667309
1.334661
1.225748
2.693636
-2.515247
-2.265632
1.580892
2.365107
-2.729382
-1.763641
2.537417
-2.550085
2.395550
-1.844745
-2.987212
-2.999682
-2.563167
-2.049530
-2.602403
-2.197923
-2.588564
-3.127516
1.109157
-2.395508
1.639388
-2.961108
-2.248359
2.412259
-2.209770
-2.231088
-2.549630
-2.227433
2.765365
-1.967919
-2.681351
-1.928576
-2.562585
1.756598
-2.038042
-1.658992
-2.323968
-2.720196
-2.101046
-2.327386
3.030958
-1.785555
-2.388294
-2.666012
-1.992543
-2.513408
-2.986279
-2.603051
-2.426293
-2.085748
2.419109
-2.774175
-2.112987
-2.293804
-1.389255
-2.854435
-2.527703
-2.619170
-2.647463
2.634439
1.219794
-2.231107
-2.948197
-2.546300
-3.005621
-2.409853
2.498284
2.742294
-2.329872
1.096745
-2.761068
2.434338
-1.821315
-0.648243
-2.853230
-2.676838
3.130722
-2.453185
1.337912
-2.279855
1.190642
-3.106203
-2.257990
1.822461
-2.687117
-2.896518
-2.438364
-2.190509
1.736259
3.051535
-2.610112
-1.746291
2.806878
-3.088835
-1.919893
-1.873181
-2.721066
-2.554852
-0.366717
-1.983683
-1.400440
-2.588418
-2.176546
-0.665703
3.041058
-2.215772
-0.607946
-2.093680
3.145894
-1.609697
-1.796567
-2.202766
0.887148
-1.826902
-1.863505
-2.525536
-2.206414
-2.999243
-1.907189
1.260590
1.856578
-1.193125
-2.884655
0.096820
-1.990122
-3.018419
-2.097951
3.025110
-1.879074
-2.900156
2.213661
-2.158205
-2.513436
-2.592783
-2.122514
2.052254
-1.999353
-2.976255
2.942738
-1.902741
1.818749
3.035877
-1.618021
-2.008750
2.981610
1.008958
-1.772853
-1.803519
2.796482
-2.097517
-1.879262
-2.725040
-2.901619
3.047935
-2.823548
2.890253
-2.079944
-2.790015
1.256246
-2.860785
2.781125
2.878019
-2.550192
-0.327628
0.744484
-0.179619
-2.848513
2.915872
-2.892922
-0.449955
-3.067049
0.564569
-2.748327
-3.132859
-3.009767
0.526856
-3.040401
-1.829279
-2.988329
-3.100078
-3.142715
-2.304516
-1.775761
-3.078752
-2.690840
-2.869513
-2.467654
-3.133986
-2.459290
3.051012
1.393670
-2.530387
-2.082022
-1.707785
-3.101451
-0.390052
-0.734622
-3.067064
0.217933
1.879879
1.250577
-2.506319
1.780871
-2.196258
2.357528
-0.607864
1.216064
-0.658486
-1.795249
0.808268
-0.160577
-0.887235
0.920794
2.606567
-2.093732
-2.966557
-1.118300
2.961432
-2.143249
-1.293324
-0.686322
-2.716657
1.733166
-1.350287
-2.379787
-3.025425
-3.096107
3.139244
1.616628
-3.126258
-2.524154
-1.838080
-2.862507
-2.072685
-3.065707
-2.580866
-2.931000
-0.560649
-2.997169
2.118419
3.123988
-3.019020
-2.914704
1.161059
1.900699
-2.641400
-1.599563
-2.414625
-2.633585
-1.101103
-3.173646
-2.249707
1.465617
1.994222
-2.213035
-0.944285
-3.027947
-1.330568
0.927382
1.201503
-2.430590
2.999256
-1.073502
2.480157
-2.543896
-2.283317
2.083718
-0.772866
-1.478253
2.838174
-2.658705
3.032101
-2.850506
-1.490182
-2.351317
-2.551419
-2.372446
2.853955
-2.469480
-2.895655
-0.705398
-2.961965
-1.552709
2.902262
-2.206083
2.002972
-1.958130
0.178190
-1.979811
-1.286428
-1.659973
-3.199816
-2.130719
2.779285
-2.110388
3.031031
-1.492727
2.747415
2.450853
3.027094
-2.747551
-1.232650
-2.909483
2.986790
-0.073964
-1.335353
-1.929006
2.938263
-2.543412
1.094616
-1.435977
-0.052557
2.657678
-1.967454
-1.479832
-1.384402
-1.543807
3.031846
-2.381348
2.681244
2.735597
2.938570
2.901583
-1.863488
-2.770966
-2.923170
-1.353700
-2.091599
-0.332261
-1.609408
2.315746
-0.331723
-1.619045
2.778717
2.734769
-1.256817
2.679476
-2.113722
-1.168236
-1.838343
2.791706
2.652812
2.588351
-1.920967
-1.421200
-2.228485
-1.438185
-2.760382
3.072790
-1.631224
2.240265
2.658132
2.909224
-0.973617
-2.794753
-1.612213
-2.076182
-1.552126
2.886443
-1.682887
-1.630422
-0.885680
-3.010883
2.374151
-2.227147
-1.331392
-2.947785
2.914718
2.822376
2.151701
0.242521
-0.058627
-2.977713
2.468626
2.868876
2.627131
-1.902128
-1.544329
3.007227
-2.857334
2.193379
-1.386299
2.713233
-0.296553
2.486729
2.695482
-1.560203
-1.581498
-1.807093
-1.120429
-1.969959
-1.598805
-2.207119
-2.783619
-1.077290
-0.867953
-1.301041
-1.459046
-2.972649
-1.442234
2.942121
-1.683019
-2.992119
2.915140
-1.440807
-0.325729
2.891068
-2.474432
-1.705219
-2.405425
-1.342051
2.386636
-1.393592
-2.078267
-3.183792
-1.262563
3.024394
2.514010
-2.759004
-1.634402
-1.592093
-1.587037
1.874937
-1.567330
-1.495883
-1.887480
-1.079907
2.611279
-1.912669
-1.388571
-3.113756
-2.299891
2.592907
2.801469
2.714936
2.516336
-1.792042
2.548278
2.586177
3.012807
2.779895
-1.915913
2.418539
-2.790568
-0.670206
-1.193226
-1.577654
-0.304675
-1.740835
-1.304072
2.767509
-1.022818
-1.269572
-3.178302
2.644905
-1.882014
-1.844954
2.601725
-1.519247
-0.212156
-1.368831
1.954328
2.929124
-1.450937
2.883183
2.945873
2.683028
-1.800724
-1.389151
-1.812724
-1.855572
-1.869157
-1.799828
-1.503581
3.001637
2.892001
1.869714
-1.297593
-3.017132
2.682182
-1.608414
-1.547142
2.861525
-1.477217
-1.112189
-1.755164
-1.432229
-2.031450
