-1.490959
-2.565803
3.091692
-1.868606
-1.705523
-3.075393
-1.861915
-2.954404
3.091209
-3.068020
-2.528359
2.932282
-2.373695
2.940343
-2.999155
-2.803364
3.045692
-1.867377
-2.738545
-2.243688
-2.359888
3.110837
2.790309
-2.070943
-2.837231
-2.470134
-1.280746
-2.670078
-3.098587
-1.965193
2.927146
-2.998563
3.013593
-2.718693
-2.983875
-2.838984
-2.374601
3.090828
-2.593645
-1.261916
2.945936
-1.469791
-2.811758
-2.970804
2.723083
-1.726426
2.881187
2.692782
-1.752604
3.080401
2.809487
-1.971653
-3.186635
-1.630003
-1.543458
-3.016341
-2.601032
-2.752153
3.112705
-2.926823
-2.702589
-2.748694
-2.874042
3.085614
3.092806
-2.493920
-2.654086
-2.693735
-3.069486
-3.022366
-2.982108
-3.186949
-2.611175
-2.969833
-2.149804
3.000719
-2.981483
3.165350
-1.583691
-3.023728
-2.190439
-2.114609
-2.541359
-1.547778
2.915590
-2.474586
-2.606799
-2.847352
2.908979
-1.711895
-1.627481
-2.904008
3.066727
-2.851786
2.958203
-2.782328
-2.978695
3.150101
-2.676529
-2.989597
-2.861720
-2.604537
-2.955721
2.817155
-1.844929
-2.163288
-2.640537
-2.853652
-2.781977
-2.863662
3.064545
-3.058111
3.051555
-1.956041
-2.935416
2.724725
3.066978
-2.299727
-1.248066
-1.826347
-3.128277
-2.985011
-2.768163
-2.712468
3.072092
3.077269
-3.099615
-3.003297
-3.032918
-2.933691
3.160037
-2.876660
-1.268912
3.019290
-2.542208
-2.440082
-3.042182
2.988478
-2.677075
-2.589306
-3.157003
3.069972
-3.199331
-2.805327
-1.608745
3.176680
-3.065692
-2.024387
-2.773815
-3.007001
-3.132975
-2.851535
-2.307650
2.706123
2.683765
-2.021422
3.034772
-3.202421
-2.757615
-3.027293
2.949130
-1.831225
-3.053580
2.857403
-2.747448
2.876836
-2.690971
-3.000712
-3.144942
-3.039727
-3.011368
-3.035941
-2.889934
-3.047128
-1.560373
-2.546952
2.886927
-3.184866
2.602931
-2.721468
2.632105
-1.806944
-2.795773
3.049192
-3.122390
2.532564
-2.640371
-2.463554
-1.334989
-2.329809
-2.109460
3.123270
-2.572017
-3.191167
-1.867377
-3.054749
-2.182025
2.981643
-1.587237
3.142452
2.848186
1.370216
2.515670
1.723484
1.521379
1.588703
0.419570
1.995332
1.868019
-0.676194
1.790276
2.457731
1.765214
1.868038
2.665341
2.177255
-0.749920
2.286745
2.052764
1.897620
1.540878
1.602394
2.075810
1.807724
-1.095152
1.848204
0.545330
1.551166
-1.204411
1.297069
1.553574
1.455853
-1.464007
2.045028
2.035000
1.757892
1.063951
1.061218
0.489863
2.310382
2.383645
1.542234
1.962208
2.740087
-0.449737
-1.253402
1.840433
1.757532
2.727791
1.731783
1.816388
2.296361
0.470105
1.911179
1.776876
1.305209
2.341239
-0.644502
2.452286
1.545125
-1.225991
1.965518
1.811753
2.162453
0.412956
-3.118073
-2.991135
2.212755
1.753768
1.863091
1.996829
2.617755
2.339496
2.011820
0.560078
2.700572
1.935511
1.703459
1.898612
-1.201273
1.885351
2.053307
-1.353565
1.898034
1.780149
-1.066418
-0.390312
3.073883
0.629211
2.217770
2.592174
-1.311676
1.692403
1.490062
1.720513
2.741546
1.703401
2.082544
-1.278944
2.048478
0.546728
1.629053
2.578610
1.511906
1.415730
2.673526
0.623607
1.822950
2.087863
1.736332
1.452443
1.791477
2.776114
1.665544
1.396321
2.484912
1.913443
1.863265
1.728477
-0.914236
1.730380
1.339735
2.300509
1.427807
2.300932
2.203989
1.678581
1.762475
2.506850
1.605175
0.950594
1.815587
2.137471
1.398683
2.519980
-3.115912
2.403312
-1.051170
-0.674467
2.059881
1.375825
1.279841
1.696310
-1.173034
1.814064
1.115905
2.811772
2.341015
1.768112
2.097434
2.459834
2.714500
1.149727
1.532976
1.651361
2.033906
1.797424
2.229250
1.074137
2.058038
1.494392
-2.778748
1.934805
1.824479
2.459477
1.710701
-1.280292
2.045791
1.878292
2.652878
3.033866
1.781944
1.926656
2.398784
2.888695
2.089373
2.353421
1.289208
1.772586
1.086463
1.901778
0.551924
2.043075
-1.322832
1.892523
1.597151
1.938134
-0.886446
1.998858
-2.777853
1.791959
1.514336
0.532924
1.400659
1.836774
0.554042
1.509128
1.019260
1.874177
2.611770
-2.665354
-2.704634
-2.263982
3.176547
-2.949422
2.891168
-2.174225
-2.258328
2.985831
-3.198816
-2.252936
-2.254377
-2.799973
3.084317
-2.381282
-2.426939
-2.447451
-2.879200
-2.198831
-2.245763
-1.829186
-2.620548
-1.749248
3.037281
-2.624715
-2.461106
-2.730741
-2.887874
-1.422881
-2.561191
3.050162
-2.869310
-2.420228
-3.182108
-1.870807
-2.917107
-2.506851
-1.071194
-3.200774
-2.827368
-2.110014
2.829284
-2.437619
-1.801822
-2.702975
-3.113780
-2.957825
-2.364276
-1.746228
-3.023508
-2.453212
2.962355
-2.997250
-2.780920
-1.378049
-2.514056
-1.933152
-2.569573
-2.722088
-2.018687
-2.843405
-2.103731
-3.038293
-2.435024
-3.011362
-0.991161
-1.708266
-1.358722
-2.322084
-2.239445
-2.583879
2.953204
-3.108638
-2.612870
-2.820419
-1.848483
2.948054
-1.473517
-2.322403
-1.593266
-2.224994
-2.286572
-3.176630
-1.965873
-2.546914
-2.288145
-1.579740
-2.577388
-3.180936
-2.686760
-2.819880
-1.130489
-2.308094
-2.419068
-2.060862
-1.769444
-1.653005
-2.031902
-2.920737
-1.680864
-2.918331
-2.781953
-2.327667
-2.659413
-2.451116
-1.672536
-2.787011
-2.185368
-2.677553
-2.093662
-2.689427
-2.517091
-2.620058
-2.822693
-2.391326
-1.929004
-2.986259
-2.851664
-2.505997
-2.923834
-1.411873
-2.501275
-2.740643
-2.887713
-2.664811
-2.663338
-2.978380
-2.472142
-2.978196
-2.738216
-3.029584
-2.970525
-2.879179
2.953118
-2.424559
-1.897153
-3.010822
-2.337678
-1.434876
2.733043
-2.568331
-1.890566
-2.975592
-2.471883
-2.717683
-2.795518
-2.090611
-2.788504
-1.991329
-2.697359
-3.033916
-2.723002
2.780943
-1.828069
-2.977933
-2.489132
-1.882167
3.204644
-2.496327
-2.607818
-2.409696
-1.736555
-2.435249
-2.083981
-2.073073
-2.265483
3.126754
-2.231109
-2.432838
-2.855872
-2.845425
-2.627265
-2.900092
-2.849993
-3.178471
-2.251377
-2.045899
-2.684502
-2.465218
-1.579595
-2.955547
-2.954572
-2.923241
3.150243
-2.070686
-2.459229
-2.948338
-2.507041
-2.903695
-2.292965
-2.090446
-2.773626
-2.247852
-2.832347
2.947143
3.047601
-2.639330
-2.022981
-3.065914
-1.784540
2.698143
2.688953
2.995855
-2.042819
-2.459593
2.322647
3.002100
-2.402545
-2.342533
3.031555
2.987361
2.078802
-2.371830
-2.534436
2.823284
2.787878
3.102714
-1.878037
2.924456
2.920764
-2.887357
2.852577
2.867965
-2.717252
-2.063103
2.601248
2.641115
2.707525
2.904098
2.462515
-3.080978
2.258385
-2.030525
2.982907
2.519475
2.646009
-2.572784
-2.766864
3.071402
-2.336577
-2.369420
-2.380343
-2.385239
-1.997999
2.103049
2.684305
2.479641
-2.819934
-2.555226
2.582432
2.602846
3.058232
2.318019
2.130893
-2.577914
3.163363
3.135485
-2.529322
2.863330
-3.142678
-2.246403
-3.072015
-2.776123
-2.048568
2.741343
-2.321334
2.664254
-3.051042
-2.652729
-2.546089
-2.726552
-2.295864
2.502456
1.974448
-2.372043
-2.927887
-2.503582
2.761124
-2.304232
2.919504
2.573181
2.782876
-3.015370
-2.677230
-2.417934
1.938484
2.209126
-2.268645
-2.158816
2.682706
2.881504
-3.048887
-2.049364
2.382137
-2.415396
-2.351600
-2.057462
3.113206
-1.641105
3.177882
2.942560
-2.903141
-2.165929
-2.986443
-2.991007
2.858492
2.626077
3.062122
-3.072629
3.040587
-2.105597
2.833295
2.618561
2.189856
-2.071156
2.612459
-3.053699
-2.151615
2.565347
-2.931663
2.075972
-2.399761
3.054462
-2.471365
2.481256
-2.332427
-2.436311
2.904712
-2.199999
2.543113
-2.452675
2.539851
3.038533
2.503167
2.822531
2.451105
2.254002
-2.818747
-2.773962
-2.881061
-2.326929
-1.642969
-1.821977
-2.786283
-2.397469
-1.906182
-1.826283
-2.338568
2.979185
-2.484369
2.712125
-1.921969
2.719330
2.833761
-2.288484
2.322872
3.148179
2.937258
2.607088
-2.407274
-3.143163
2.829762
2.206768
-2.679324
3.105133
-2.395098
-2.191424
-2.314352
2.530465
-3.195593
-2.349122
-2.572691
-2.329685
-2.569858
-2.198089
-2.281404
-2.433864
-2.393847
-1.937821
2.610274
2.341376
2.661104
-2.514063
-2.606886
2.811269
-1.928324
-2.501319
-2.302157
-2.193137
3.190057
2.614028
2.401727
-2.711541
2.103395
-2.549068
2.710082
2.660508
2.944867
-2.297067
-2.882618
