3.190836
-2.950561
-3.064956
3.053067
-3.192078
2.768353
2.745284
3.096909
-3.099563
3.129710
2.612285
2.295469
2.948735
-2.992029
2.899512
-3.103699
2.786632
2.848758
3.177425
3.204324
2.642758
-2.602124
-2.805621
2.854540
2.781041
-3.121540
3.059907
-3.145656
2.826697
2.558565
2.830723
-2.894494
2.440502
-2.948868
-2.640607
-3.167214
-2.846160
2.946501
2.510678
-3.098066
-3.011975
2.811410
2.846511
-3.188196
2.905918
2.808236
-3.142330
2.215019
2.822310
2.794257
2.728838
2.916141
2.662446
3.036514
3.038400
2.737540
2.386360
-2.829030
3.180210
2.532781
-3.043672
-3.014351
-2.980419
2.486676
2.268053
2.487480
-3.058690
2.767764
2.483177
2.775013
2.747309
2.633037
3.106194
2.800146
2.876589
2.583569
2.859458
2.645030
-2.987511
-2.748462
2.815055
3.012586
-2.847704
2.744162
-3.074266
3.025717
2.456695
-2.663849
-2.645655
-2.860383
2.650049
2.750663
2.968542
2.612025
3.067690
-2.915504
-2.786880
2.906369
2.949446
-2.994002
-3.064443
-3.047793
2.717362
2.701537
-2.865035
2.473253
-3.189117
2.702876
2.894452
3.064266
2.978991
2.454715
-3.064869
-2.776839
-3.201880
3.030324
2.695046
3.004784
-2.700784
3.151173
-2.982742
2.525383
2.798997
2.860877
-3.119856
2.965488
2.634952
2.552577
-2.010324
2.821556
2.913913
2.889318
2.481927
-2.910794
-2.826869
3.049713
-2.923613
2.896582
2.888864
-2.827895
2.917694
3.046440
2.804427
-2.985080
2.447733
2.568307
2.693017
-2.865932
2.943427
2.386845
-3.025328
2.767084
2.866025
2.760966
-3.049563
2.614967
2.942791
-3.012488
2.982488
2.740283
2.806520
3.051200
2.607950
3.083955
-3.101357
2.886634
2.786046
-2.892015
-2.813555
2.691605
3.037528
2.919565
2.663451
2.759386
2.929786
-2.825944
-2.844678
-2.660336
-3.058791
-2.901397
-2.626808
2.931043
2.496145
-3.115004
2.572849
2.651359
2.284280
-2.734029
2.837052
3.085548
2.702372
2.820496
3.100370
2.933657
-2.915475
2.871107
3.092843
3.105542
2.392621
2.571535
2.019776
1.678350
0.341859
2.043516
1.266049
0.852898
0.188380
1.213137
0.198536
1.593346
1.522061
2.382986
0.762563
1.786930
1.371119
1.285121
1.347440
1.364595
0.216342
1.688994
1.073565
0.135853
1.709602
2.081515
1.340730
1.252211
0.664134
1.221068
1.292845
1.810883
1.138058
1.383795
1.409134
1.306503
1.434952
0.132883
1.547444
1.121156
0.569254
1.792360
1.447395
0.764203
1.232686
1.078973
1.481570
1.788356
1.093941
1.626880
0.959412
1.919017
1.339587
0.758772
2.099248
1.438055
0.839095
1.154120
1.650846
1.093111
1.712619
1.602375
0.831269
2.053657
1.556873
1.823748
0.549418
1.329698
1.715056
0.767955
1.929335
1.033504
2.000361
0.085518
0.198081
1.212803
1.335417
1.865899
0.758839
1.360132
1.684578
1.833341
1.028758
2.206513
0.978505
1.361824
0.972588
1.058793
1.758749
0.494379
1.024469
1.198964
0.846941
1.091355
1.103436
1.292891
1.765941
0.826310
1.133299
2.116717
0.995258
1.884403
1.262506
1.167291
1.281196
1.381472
1.451986
1.029155
1.477085
1.332586
1.480944
1.385948
1.776002
1.134266
0.734274
1.823403
0.746219
1.118411
0.857202
1.568267
1.844864
0.762956
1.915336
1.437891
1.751503
1.741465
1.662195
1.225727
1.220822
2.158384
0.846077
1.244162
1.700073
1.767254
0.725128
1.950589
0.180897
1.280693
1.028554
2.126800
1.068918
1.301998
1.408098
1.389667
1.514628
0.631009
1.054292
1.642666
0.415202
1.619399
1.073047
1.356060
0.707531
1.281196
1.093830
1.393206
0.964082
0.627995
1.962977
1.680952
1.345683
1.674895
1.587052
1.369056
0.888009
-0.055652
0.975420
1.103578
1.420498
1.835731
0.833717
1.297656
2.063695
1.819440
1.866714
1.350349
0.472550
-0.040297
0.938338
0.234681
1.041962
1.422975
0.945146
1.440422
1.305429
1.055051
1.032235
0.962603
2.238040
0.987118
0.146474
1.188974
1.556624
1.532565
1.038630
2.066688
1.454087
1.645167
1.059612
0.757157
1.844559
1.699174
2.786979
-3.006367
-2.793755
-2.163760
-2.402541
-2.413233
3.125170
-1.179714
-2.679400
-2.805248
-3.130353
2.784149
3.011279
2.715145
2.539775
-1.889296
2.782045
-2.675105
-2.419436
-2.804786
2.708943
2.932883
2.480565
-1.656352
2.648223
-3.092463
-2.120373
2.865684
2.958016
-2.663581
2.512093
2.939083
-2.930294
-1.918665
2.855155
-2.833421
2.995187
2.702819
2.223239
2.561911
2.905288
-2.327573
2.578425
3.128966
2.880048
-2.723481
-2.221175
-3.109265
-1.943196
-2.864972
2.353495
-2.092605
-2.299249
-2.986212
-2.575823
-2.775911
-2.971142
-3.037222
2.475934
2.307389
-2.796301
-1.822090
-2.611728
3.204123
-1.265204
2.461731
2.716802
-2.360027
2.986402
2.515661
2.368487
-2.992383
3.171409
2.876339
-1.793984
2.133963
-2.419739
-2.682829
-2.586989
2.935766
-1.675440
3.142568
-2.829131
2.004639
2.977833
-2.184873
2.685114
3.063835
-3.123797
2.556810
-2.771513
-2.077011
-2.860513
2.398201
-3.031843
2.966672
3.041556
1.949802
-1.863085
-2.805275
3.092285
-3.034522
-3.179159
2.778171
2.842143
2.725766
2.558286
-2.714835
3.090901
2.389228
2.990229
-3.153719
-2.669779
2.913579
-2.631222
2.748502
2.677141
2.754393
-3.200573
-2.039905
-3.021716
2.887234
3.040993
3.173841
2.617667
-1.624671
2.463713
2.542100
-2.706160
-2.897397
2.475924
-3.205076
-2.971339
2.990645
-2.967096
2.022783
-3.016071
2.501446
-2.425264
-2.362616
-2.845493
2.348165
-1.858884
2.396550
-2.300855
-2.668972
2.478585
2.650241
2.879687
2.664499
-2.971477
-2.559966
-2.409563
3.004412
-3.052810
-2.921158
2.948048
-2.896706
-3.070391
-2.552220
-2.565379
2.585951
2.894655
1.770665
-2.267806
-1.399707
-2.296444
2.633105
-2.391729
2.827355
-2.606289
-2.682284
-2.725855
-3.022852
2.844584
2.892455
3.080471
-2.016002
-2.810526
2.549980
3.028571
-2.128393
-1.565118
-2.718860
2.320408
2.810385
-1.596153
2.874584
3.030547
2.662744
2.521860
2.601162
2.879061
-2.126801
-2.296851
-3.068125
2.261709
-2.744067
-2.458832
2.959907
-1.724794
-1.867885
-1.644107
-2.370903
-1.508184
-1.651500
-1.795055
-1.780786
-1.368431
-2.115614
-1.884054
-1.434323
-2.451486
-1.820748
-1.639079
-2.079988
-1.510060
-2.263843
-2.327542
-2.413512
-2.223914
-1.979043
-1.827133
-2.663310
-2.435231
-2.414534
-2.757144
-2.102647
-1.785315
-2.299788
-2.538579
-1.362469
-1.942654
-1.609205
-2.625603
-1.843331
-2.340837
-1.550291
-1.577311
-1.433074
-1.696352
-1.919806
-1.879391
-1.495582
-1.899865
-1.768288
-2.542335
-1.967939
-1.924963
-1.885121
-2.330813
-1.673402
-1.641608
-1.609707
-2.157506
-2.486606
-1.898117
-1.900081
-1.598653
-2.004656
-1.493402
-1.475247
-1.803462
-1.690314
-2.490196
-2.318684
-1.882188
-2.157812
-2.577575
-2.043392
-2.280979
-2.125922
-1.935550
-2.742483
-1.847504
-2.212010
-2.103060
-1.941464
-1.315287
-2.285533
-1.677585
-1.736997
-2.152865
-2.008712
-2.509225
-1.864926
-2.051781
-2.291352
-1.655656
-2.211196
-1.850978
-2.482456
-1.859329
-2.457548
-2.059304
-1.578466
-2.414624
-1.805052
-1.613241
-2.416659
-2.192349
-2.418718
-1.498685
-1.911976
-1.530990
-2.296572
-1.659210
-1.376646
-2.063602
-1.823312
-1.927831
-2.119287
-2.183066
-1.940547
-2.430504
-1.154546
-1.405978
-1.802179
-2.547017
-2.248349
-2.014182
-2.268291
-2.019202
-1.986653
-1.804302
-2.108334
-1.926147
-2.629301
-1.862612
-2.047109
-1.611809
-1.751463
-2.276189
-2.171560
-1.991284
-1.508448
-2.105367
-1.942766
-2.006809
-2.123926
-1.939611
-1.866210
-1.547069
-2.106649
-1.908139
-1.841161
-1.908191
-1.938445
-2.658448
-2.220584
-2.453934
-1.314708
-1.662729
-1.513594
-1.974471
-2.124047
-2.123985
-1.539991
-1.456844
-2.249171
-2.676024
-1.807459
-1.435874
-1.485659
-2.051716
-2.048869
-2.016092
-2.039467
-1.890770
-1.628924
-1.883196
-2.363696
-2.296145
-1.652427
-1.961457
-2.171915
-2.078670
-1.369509
-1.516869
-2.420415
-2.080573
-2.136070
-2.138555
-2.264535
-2.199514
-2.123044
-2.155354
-2.370417
-2.386907
-1.273720
-2.437900
-1.884181
-1.774089
-1.883457
-2.302419
-1.606341
-1.898178
-1.728601
-2.081092
-1.842371
