-1.578373
-3.103897
2.823246
-1.378351
-1.422879
-2.883329
-1.547272
-2.403683
-2.723433
-2.282622
-2.681334
-2.696405
-2.766394
-3.203034
2.944050
-3.196063
3.023490
-1.867377
-2.660027
-2.953576
-2.986537
-2.664399
-3.102457
-2.926982
-2.313632
-2.716232
-1.149846
-2.728326
2.955790
-1.703393
-2.832440
-2.635263
3.013593
-2.707541
-3.014334
3.006447
-3.030422
-2.919601
-2.731633
-1.878926
-2.813651
-1.493446
-3.076086
-3.087942
-3.036504
-1.959379
-2.560918
-2.281406
-1.255531
-2.178941
-2.609773
-1.379026
-2.856421
-1.301995
-1.328506
-2.895299
2.976556
-2.752153
2.981806
-2.795924
-2.747618
-2.188608
2.965259
-3.089666
-2.861914
-2.799549
-2.844347
-2.899726
-2.439372
-2.306706
3.104523
-3.016641
2.886612
3.185946
3.187005
-2.616706
2.678852
-2.332438
-1.308763
2.923776
-3.154892
-3.014931
-2.915875
-1.415418
-2.058599
-2.854280
-2.907050
3.152316
-2.716214
-1.930430
-1.234782
-3.096812
2.788835
-2.589986
-2.939574
-2.374329
-2.915330
-2.478586
-2.489071
-3.065369
-2.621606
-2.735437
-3.053901
-2.722890
-2.677134
-1.589951
-2.805158
-3.064196
-3.043776
-2.994562
-2.469045
-2.515199
-2.838931
-2.115782
-2.804516
-2.773062
-2.647322
-2.537872
-1.509865
-1.691674
-2.999732
2.966854
-2.574325
3.050838
-3.013506
-2.572096
3.057073
3.148989
-3.162271
-3.005131
-2.979903
-2.614861
-1.007113
-2.564930
-2.441760
-3.094580
-3.007652
-2.494358
-2.382168
-2.989713
-2.939790
-3.184356
-3.013969
-2.543528
-1.367315
-2.609872
3.086594
-3.061478
3.203586
-2.565851
-2.848828
3.100207
-2.603398
-2.685910
-2.805687
-1.620731
-1.939416
-2.813737
-2.364916
3.124993
-2.300194
-1.138424
3.203823
2.857403
3.061352
-2.751851
-2.650038
2.763086
-2.939933
-2.864069
2.879290
-2.114918
-3.118841
-2.771001
-1.300144
-3.008896
-3.076478
3.064489
-3.145885
-2.795954
-2.770475
-1.296055
-2.434837
-2.645869
-2.497026
-2.906936
-2.665190
-2.970670
-1.400651
-2.853408
-2.206472
-2.091927
-2.647318
-2.929368
-1.712146
-3.020281
-2.919356
-2.979377
-1.415310
-2.614481
0.812607
1.239316
-2.982117
1.192334
2.059921
2.411809
1.052596
1.356142
2.608954
1.287301
1.812433
2.850430
1.091911
2.660804
-2.637936
2.607660
1.082675
3.070605
1.398266
0.925919
1.763607
1.209695
2.266120
1.153225
1.130142
2.713831
0.536740
1.669040
1.244052
2.405078
1.946273
0.783202
1.404282
0.605132
0.987802
2.903354
1.325750
1.645020
0.462688
2.310382
1.336448
0.833117
3.009406
2.951988
1.150861
1.757291
0.935542
1.432246
2.460368
2.669937
2.840229
3.087411
0.470105
2.431431
0.729678
1.025075
-2.954665
1.286017
2.714085
0.774329
1.021095
-3.153810
1.079221
2.152683
0.670139
2.300094
0.876210
-2.892333
1.230169
2.779389
2.636144
2.728054
2.820895
2.623140
0.429179
2.551986
2.539282
0.597443
1.244113
1.154194
1.372151
2.576905
1.285229
2.159833
2.092827
0.504378
1.122357
2.601578
0.463901
-2.805698
2.573189
1.780966
1.835884
1.326347
2.633022
2.846362
2.571491
2.288165
1.400976
2.421699
0.551571
1.759953
2.718818
1.806106
1.209665
-3.019628
0.623607
2.841746
2.678606
1.301223
1.452443
2.219328
-2.721673
1.388281
1.081991
2.297163
1.108013
1.073518
2.775675
1.049260
2.379504
1.832027
2.642934
1.166007
2.682411
-3.162898
1.024083
2.539323
-2.925139
1.261740
1.053482
2.308963
2.519226
2.659024
2.389080
2.796081
2.670394
1.292447
1.419928
2.452580
0.983126
1.148941
0.867086
1.543025
1.513757
1.116261
3.150976
2.995514
2.323563
1.050236
-2.791590
-3.159947
1.109505
1.254003
2.497378
2.426605
2.025420
2.542962
1.069719
1.141740
2.601658
-3.113368
1.814504
3.115693
2.459477
2.145375
0.679706
1.329486
2.765562
2.749147
2.400354
2.564852
0.981575
2.487451
-3.033944
0.911275
-3.013466
2.541562
2.165285
0.693764
2.294477
0.537473
1.126777
1.224651
3.016812
1.597151
1.878150
1.527279
2.598874
2.322507
2.053758
2.560114
0.596080
1.924258
2.854672
2.180385
1.462550
1.019260
2.534448
2.807805
3.179482
-2.416206
-2.903410
-2.190341
-2.659328
2.918843
-2.991209
-2.657957
3.011433
-2.476417
-3.038334
-1.353801
-2.687411
-2.873449
-2.180747
-2.819638
-2.367971
-3.116235
-2.906345
-2.966213
-2.424174
-2.734848
-0.998651
3.037281
-2.976215
-2.510782
-2.483838
-3.084739
-1.296001
3.094554
3.188589
-2.527731
-3.024679
-2.773423
-1.338550
-2.474071
-2.637750
-1.242177
-3.069874
-2.649987
-2.915947
2.960183
-2.497250
-3.076641
-2.833875
-2.457619
-2.599355
-2.495176
-3.007094
-2.516590
-2.584112
-3.072363
-2.775819
-2.127546
-1.247149
-2.473665
3.101817
-2.108869
-2.572728
-2.411386
-2.629204
-2.782330
-2.136927
-2.493444
-2.538716
-1.646445
-1.191389
-1.358722
-2.396175
-2.608286
-2.443061
-2.879678
-2.821063
-2.947954
-2.296821
-1.386571
3.057953
-1.866216
-2.060603
-1.138163
-2.360902
-2.214171
-1.867633
-1.297844
-1.892415
-2.579096
-1.448840
-2.449786
2.971350
-2.817373
-2.465633
-1.421187
-3.111766
-3.004279
-2.191762
-1.353433
2.919013
-1.416637
-2.764273
-1.433250
-2.663741
-2.781953
-2.196767
-2.880653
-2.847216
3.001187
-2.263413
-2.578067
-2.592136
-1.962762
-2.390974
-2.636921
3.175927
-2.879756
-2.823577
-1.406323
-2.342864
-2.708357
-2.375097
-2.693865
-1.497519
-2.736440
-2.677130
-2.463203
-2.795711
-2.425448
2.953608
-2.536417
-2.673120
-2.743126
-2.207854
-2.501371
-2.645547
2.885330
-2.555459
-1.359572
2.748764
-2.482551
-1.232330
-2.672260
-2.726709
-1.448120
-2.975592
-2.446461
-2.890626
-2.925767
-1.338795
-2.590447
-1.099386
-2.814389
-3.033916
-2.981193
-2.802639
-1.295249
3.000497
-2.292494
-2.798465
3.005843
-2.889026
-2.869618
-1.826935
-1.441545
-2.304350
-2.607579
-2.073073
-2.533425
2.995854
-2.362009
-2.465242
-3.019392
-2.764067
-2.036884
-2.638292
-2.428039
-2.406754
-2.120478
-3.049443
2.813285
-2.439078
-1.529515
-2.626341
2.935914
-2.015878
-2.583889
-2.022727
-2.704762
3.097342
-2.739642
-2.736541
-2.610249
-2.916231
-2.904526
-2.310632
-2.956125
-2.968732
-2.842885
-1.950146
-2.934919
-3.074313
-1.014666
2.443494
2.444924
-3.145912
-2.358474
-2.911086
1.827806
-3.108925
-2.349747
-2.473433
-3.110500
-2.947879
2.471501
-3.177403
-2.796235
3.054899
2.635855
-2.741263
-2.328280
1.680740
2.676031
3.134029
2.752084
2.675720
-2.599771
-2.245307
-2.979925
-2.855092
1.660328
-2.706909
2.855214
-2.905397
2.699560
-2.292324
-3.086507
2.744265
2.531134
-2.163980
-3.068406
2.559396
-2.860176
-2.762119
-2.796543
-2.574651
-2.848733
2.816160
2.029807
2.217841
-2.307007
-2.555226
2.351003
2.341047
1.950195
2.604192
2.224112
-2.034932
-3.134471
2.219187
-2.681602
2.601531
-3.091228
-2.651512
-3.036332
-2.776123
-2.255397
2.348644
-2.597474
-3.008900
2.316317
-2.783629
-2.415189
-2.464753
-2.730786
2.238352
1.543781
-2.633842
-2.274349
-2.575244
2.557843
-2.693477
-2.840083
2.340085
2.653094
2.897135
-3.200829
-2.399808
2.681672
2.106981
2.967343
-2.689676
1.990994
2.433963
-2.775286
3.199779
2.810634
-2.119871
-3.006098
-2.875416
-3.196968
-2.771057
-2.776548
-3.061182
-3.111889
-2.188541
-3.128583
-3.060253
3.126232
2.067881
-2.870122
-1.763633
-2.724517
-3.152795
2.507905
1.833163
2.459044
3.094480
2.557232
-3.067924
-2.198629
2.490299
-2.569279
2.206872
-3.054260
2.923563
-2.037231
2.481256
-2.646293
-2.851083
2.490453
-2.340983
2.069114
-2.281968
2.374214
3.150492
2.428224
2.728130
2.451105
2.100416
3.202639
-2.904862
-2.449578
-2.588729
-2.821067
-2.607375
-2.337108
-2.973739
-2.756926
-2.742581
-2.301816
2.163113
2.864395
2.712125
-1.921969
3.025920
2.381602
-1.954554
2.248905
-2.918191
2.467754
2.345288
-2.658993
-2.974526
2.570072
2.206768
-2.548424
-3.004678
-2.301740
-2.453223
-2.461917
2.548634
-2.279295
-3.003620
3.093946
-2.580796
-2.700758
-2.675996
2.954584
-2.723986
-2.712120
-2.240153
2.864408
1.797829
2.263768
-2.724495
-2.868686
-3.025090
-2.804601
-2.584081
-2.527660
-2.062237
2.797358
2.435871
2.451025
-2.449742
2.540500
-2.527146
2.776633
2.555542
2.363481
-2.702052
-2.697429
