-2.642197
-2.258173
3.163303
3.149763
-2.915080
2.770624
-2.971354
-2.165724
-2.924052
-2.883050
-2.875756
-2.373991
-2.655077
-2.834044
-3.151493
-3.043469
-3.042031
-3.093536
-2.603368
-2.562663
2.929189
-2.749780
-2.857171
2.979219
-2.829402
-3.160349
-2.371388
-2.421499
2.869232
2.917890
-2.326927
-2.675386
-2.751690
-2.611334
-3.022455
-2.995119
-2.521545
-2.415546
-2.440011
-3.015932
-2.832139
-2.696283
3.122429
-2.748741
-3.166936
-3.099402
3.132664
-2.887349
-3.070389
-3.199404
-2.336781
-2.607287
-2.670778
-2.593264
-2.555398
3.061759
-2.382925
-2.912521
-3.062122
-2.966045
3.051171
-2.712210
3.125482
-3.025208
-2.471839
-3.153691
-2.753917
-2.880071
-2.554691
-2.722823
-2.290714
-2.821747
-2.914517
-2.378244
-2.961650
-2.597304
3.180806
-2.719997
2.924878
-2.405340
-2.634483
-2.678596
-2.459626
-2.940918
-3.145285
2.998717
-2.910828
-2.826377
-3.009096
-2.957160
-2.632614
2.903417
-3.142966
-2.686784
3.159961
-2.841265
-2.770518
-2.020532
-2.602275
-3.131198
2.630889
2.782175
2.822802
-2.971129
2.960935
-2.815386
-2.523542
-2.950989
-2.231671
-3.095366
-2.609240
-2.655266
-2.413281
3.167976
-2.839125
-3.165519
-2.841310
-2.453536
-2.934482
-2.687997
-2.922947
-2.277764
2.947081
-2.810357
-3.098265
-2.328311
-2.908004
-2.373554
-2.979623
-2.658758
3.061317
-2.365912
-2.467808
-2.916783
2.535353
-2.278832
2.963790
-2.491655
-2.757652
-2.530463
-2.609088
-3.068462
2.954308
2.877275
-2.633061
-2.438937
-2.884942
2.911230
-2.905991
-2.853982
-2.982656
-2.768438
-3.075704
-2.702658
-2.786344
-3.045887
-2.823074
3.134151
-3.137308
-2.461382
2.953274
2.987439
-2.434968
-2.783921
3.135211
2.829163
3.030422
-2.684440
-2.775610
-2.954392
-3.137515
-2.452150
-2.445489
-2.986323
2.486957
-3.055998
-2.101066
-2.547025
-2.472799
2.577584
-2.490809
-2.812640
-2.527302
-2.435957
2.381472
2.485884
-2.865249
-2.874361
-2.946551
-2.813249
-3.183423
-2.836889
-2.605288
-2.694442
-2.611100
-2.801358
3.193991
-2.946515
-2.740291
-2.944565
1.713128
1.913219
1.710155
2.256801
1.692109
1.465427
1.628655
1.501045
1.477371
1.445688
1.169972
1.089940
1.435315
1.743535
1.706034
1.286307
1.221608
1.591329
2.115832
1.779235
1.867666
1.606666
1.605127
1.540409
1.418452
1.225247
0.991912
2.116940
1.424232
1.967035
2.429882
0.989613
0.903371
1.112677
1.621015
1.868405
1.079140
1.586380
2.831716
2.280408
2.517386
1.655843
1.565256
2.505305
1.636328
1.220347
1.315110
1.568890
1.092789
1.472775
0.964214
2.227445
2.056401
1.328468
1.717428
1.811628
0.783797
1.069047
1.809670
1.197526
1.509929
1.177572
1.428729
1.944614
2.035597
1.852685
1.825994
2.791782
1.709390
2.174498
1.067622
2.001746
2.188460
1.565842
1.604976
1.519689
1.583478
1.492766
1.900816
2.375875
2.097117
0.955558
0.810736
1.535657
1.562003
1.426889
1.582079
1.843768
1.682618
2.321699
1.822200
2.196841
0.725928
1.442019
1.741150
2.172502
1.239657
1.788731
2.392016
1.249737
1.801971
1.990311
1.831032
1.631233
1.962314
1.426916
1.587221
1.054874
1.558333
0.873298
1.929867
1.209615
1.696067
2.002634
1.399696
1.535513
2.336901
1.200652
1.232145
1.876921
1.842073
2.887280
2.169562
1.988333
1.583282
1.756109
1.264264
1.573404
1.390181
2.104673
1.374934
1.319918
1.111934
1.542047
1.212613
1.284517
1.595786
1.574356
1.188719
1.618144
1.833825
2.172602
1.264319
1.561997
2.020234
1.862151
1.521574
2.034481
1.998078
0.687581
1.550486
1.858799
1.858162
1.371596
1.169587
1.611802
1.519672
0.136325
1.572133
2.016456
1.513055
1.572353
2.235280
1.924066
1.549857
1.812053
1.850358
2.018785
1.782451
2.222199
1.790557
1.338494
1.954031
1.386963
2.302575
1.269900
1.508095
1.756965
1.897746
2.130775
1.452735
1.393408
2.414489
2.085313
1.428896
1.711066
2.022106
1.579499
1.421647
1.481150
1.351889
1.625344
1.726746
1.892082
1.905588
1.462195
1.141491
2.098754
1.288429
1.394551
2.852726
3.166129
-2.633820
-2.676434
-1.998736
-2.583656
-3.142964
-2.294858
-2.297724
-2.834456
-2.931778
3.035572
-2.886652
-3.114697
3.127672
-2.184924
1.942911
-3.147688
-2.786037
-2.222388
2.694384
3.069051
-2.947697
-2.230117
-2.950760
-2.787566
-2.903012
-2.396934
-2.849259
-2.773421
2.862523
-2.950819
3.193715
-2.511276
3.149135
-2.229007
-3.012078
-3.107001
2.667728
2.666706
-2.896974
-1.968008
3.075316
-2.936406
2.714996
-1.962097
-2.754787
-2.442577
-3.123173
-2.682202
-2.727479
-3.125864
-2.173658
3.034788
-2.335725
3.036425
2.898623
2.553509
-3.062617
-3.015482
-2.122564
-2.474246
-2.777400
-2.717539
-2.242286
-2.796499
-2.857388
-2.623815
2.900400
3.066832
3.009147
-2.131650
-2.728088
-2.529286
-3.015262
-3.169949
-2.409903
-2.616788
-1.872792
-2.925626
-2.658372
-2.715677
-2.817229
-3.044866
-2.851828
-1.779685
3.168641
2.694555
2.938876
-2.732558
-2.437798
-3.040127
-3.053224
-2.783959
-2.808915
3.172940
2.834072
-2.986651
-3.152403
-1.864284
-3.118375
-3.118556
-2.730977
2.771411
-2.827717
-2.751068
-3.111860
2.955350
-2.846650
-3.069489
2.584836
-2.686029
-1.892518
-2.808581
-2.775995
-3.043924
2.939893
-2.597655
-2.855338
-2.408036
-2.962453
-3.052979
-2.993595
3.119243
-3.110636
-2.962105
-2.951092
3.098533
-2.724537
-2.673965
2.932423
-2.650207
2.784609
2.605651
-3.056831
2.711151
-2.946972
-3.100281
-2.683243
-2.511870
-2.645108
-2.600527
-2.670652
3.052586
-2.165025
-2.634287
-2.411127
-2.949412
3.198248
2.979727
-2.566707
-2.526799
-1.885084
3.050442
-2.313827
-2.949405
3.052872
-2.736491
-2.710462
3.041791
-2.393985
-2.759200
-3.158682
2.759445
-2.296181
-2.155680
-2.562328
-2.771182
-1.990459
-2.758881
-2.619999
-2.324570
-2.512001
3.052169
2.954090
-2.932676
-2.938882
-2.030685
-3.074166
-2.818446
-1.645709
-3.175709
-3.194429
-2.671901
2.907614
-2.950373
2.704465
-2.819179
-2.618004
-3.170357
-2.673167
-3.020429
-2.665880
-1.608781
-2.606532
3.154967
3.016002
-2.353169
-2.414924
-2.829941
-1.458217
-1.321565
-1.324585
-1.830857
-1.441312
-1.413322
-2.182971
-0.911545
-1.261080
-1.537415
2.851157
-2.072503
-1.961182
-1.606321
-2.264164
-1.473898
-1.485260
-2.221429
-1.636286
-2.086771
-1.453899
-1.088880
-1.761971
-1.122970
-1.227364
-1.960609
-1.057351
-1.057645
-1.309880
-1.083395
-1.236733
-1.474044
-1.237087
-1.862953
-1.215615
-0.899625
-2.049381
-2.559698
-1.728725
-1.252314
-1.667591
-1.931347
-1.225639
-1.431225
-1.415702
-1.877096
-2.155677
-1.598293
-1.081747
-2.042862
-1.669649
-2.566448
-1.223361
-1.709923
-2.063339
-0.989593
-2.093481
-1.560840
-1.407005
-2.092819
-1.658161
-1.845116
-0.956378
-1.373421
-1.344852
-1.344265
-1.154281
-1.167065
-1.473257
-2.012612
-0.841763
-1.307599
-2.342225
-1.428691
-1.973964
-1.565224
-1.380600
-2.124783
-1.219835
-2.054065
-1.304829
-2.353499
-1.236967
-2.089233
-1.011212
-1.579063
-1.701907
-1.663806
-1.212837
-2.106177
-2.509887
-1.257543
-1.316455
-1.997657
-1.411900
-1.352312
-1.720049
-2.134967
-2.064107
-1.635912
-1.101865
-1.348260
-1.092940
-1.149381
-1.649262
-1.443673
-1.324462
-1.420908
-1.258708
-2.086123
-0.953957
-1.859763
-0.957818
-1.485674
-0.976073
-1.540583
-1.760654
-1.769700
-2.124277
-2.304358
-1.183787
-1.434686
-2.309658
-0.631627
-2.388095
-1.397698
-1.363046
-1.921698
-1.695786
-1.248343
-1.541406
-2.014344
-1.196013
-1.797378
-2.107563
-1.380042
-1.626461
-1.647803
-1.243732
-1.570327
-1.668044
-1.868599
-1.513451
-1.599059
-1.811389
-1.915683
-1.555422
-1.515883
-1.277914
-1.843751
-1.727093
-1.439417
-1.467141
-1.739700
-1.725864
-1.815997
-1.652967
-1.435512
-1.589357
-0.805629
-2.244391
-1.320666
-2.189152
-0.950112
-1.705320
-1.630416
-1.343542
-1.325364
-2.085670
-2.346861
-2.156478
-1.646815
-1.524324
-2.122165
-1.287884
-1.025475
-1.649421
-1.682768
-1.429381
-1.566229
-2.086440
-1.119725
-1.594336
-1.827465
-1.361028
-1.580791
-1.342027
-1.934405
-1.116660
-2.434395
-1.761960
-1.546162
-1.305473
-2.155386
-1.458015
-1.445999
-1.994515
-1.058815
-1.831527
-1.076607
