-2.091822
-3.116225
-2.519780
-2.270637
-2.781361
2.980983
-1.763572
2.563831
-2.995626
-2.942529
-2.810519
2.924251
-2.191055
-2.280681
2.625853
2.821463
-2.805512
-1.867377
0.044169
-0.095453
-2.608224
2.323502
-2.854445
-0.797549
-2.831219
-2.131379
-1.889503
-2.410138
0.132678
-2.038233
-3.066049
1.533492
-3.146503
0.117478
0.344550
-3.081780
-2.235944
-2.961406
-2.710014
-2.177454
-3.001217
-2.685222
1.425428
1.636168
2.843471
-1.519528
-2.850956
-2.604935
-2.430407
0.337392
-2.909150
-2.021950
-2.743504
-2.183726
-2.327373
-3.008118
-2.505661
-2.571540
2.728952
3.053997
-1.400847
3.009680
2.783791
0.642378
2.999367
-2.470096
2.607855
0.357693
-2.765118
-3.009973
-2.307352
2.768619
3.032038
-0.062452
2.693461
1.021466
0.569777
-3.023424
-2.313923
0.702648
-1.278697
-2.344006
-2.833906
-2.533104
3.092766
-2.282049
-1.883412
-2.493090
-2.485034
-2.057294
-2.424162
-3.108516
-3.039552
-2.769334
0.614723
2.036551
-3.055333
3.067234
0.070038
2.604069
-2.834021
0.022739
0.585942
2.998214
-2.331253
-2.050208
2.590147
3.146302
0.711889
-2.700779
0.658275
2.664965
-2.946609
-1.450044
2.443333
2.902691
2.912128
-3.194674
-2.085352
-1.683410
2.701074
0.335261
-2.560958
-0.213328
2.807811
2.795570
2.329836
-2.746474
2.332269
-2.863010
3.125141
2.810602
-2.263688
2.953840
-2.135717
3.017154
-2.835800
-2.761023
2.624019
0.735686
0.443810
0.071129
-2.923297
-2.499644
-2.919332
-2.600024
3.125777
-2.178535
2.476665
-2.701570
-3.000523
0.474009
-2.543395
3.150032
2.758942
-1.856945
2.988211
2.842671
-2.848048
3.069189
2.961892
-2.627953
2.650713
3.054531
-2.779927
-2.555501
-1.604095
1.370961
0.449451
3.047533
-3.091095
2.651753
-2.918842
-3.140458
-1.390722
-2.268799
0.699847
3.027944
3.006026
-2.652363
-2.875525
-2.605427
-3.016680
-2.598315
-3.105511
-2.899951
0.741335
2.543069
-2.740148
-2.466156
-2.641556
2.712774
-2.832019
-3.134012
-1.828778
0.705652
-2.398968
-2.872826
-2.297892
-2.934341
-1.793400
-2.327058
-2.420944
-2.372523
2.533616
0.454858
-2.255484
-2.444137
-2.870400
-2.895241
-2.669279
-2.549693
-2.554408
1.665364
-1.925113
2.265336
-2.967641
-2.398030
0.875079
1.139784
-1.803410
0.309842
-1.927734
-2.926057
-2.784411
-2.553543
0.627747
-2.692461
-2.306341
2.111677
1.355699
-2.883968
0.494810
-2.574442
0.155233
0.656922
-2.659440
-2.728074
0.404758
-2.807591
-2.585608
-2.506688
-2.264409
-3.070674
-2.654599
-0.019256
-2.539193
0.509744
-2.201848
-2.314403
0.352742
-2.160686
0.417270
-1.979233
-2.235801
-2.666725
-2.705390
0.167702
-2.874699
-2.473449
-2.787541
-2.858035
-2.517596
-2.467945
0.594640
2.473342
-1.751357
-2.380881
-2.423359
-2.613212
-1.881958
-1.729548
-2.047474
1.865336
0.654000
-2.355536
-2.349173
2.421444
-2.436787
1.285753
0.583468
-2.953582
0.591659
-2.134519
-2.329744
-2.451496
-1.936394
2.813070
0.678432
-2.633272
-2.385229
0.508622
1.094804
-2.451450
-2.961696
-2.432761
0.460613
1.323844
1.005479
-2.297799
0.434221
0.774014
-2.025728
-2.159910
-2.642926
-1.648220
0.547419
-2.524299
-2.173447
0.962340
1.214319
-2.310264
-2.525587
-2.341593
1.223377
0.786046
2.680062
1.490038
-2.547846
-2.150955
0.923797
2.890221
-2.304315
-2.482190
1.697478
1.936840
-2.454806
-2.824328
2.315365
-1.953043
1.382160
-2.452959
0.484423
-2.771314
-2.743318
2.124250
-2.318696
-2.569721
-2.381136
-2.228373
-2.020309
-2.450101
-2.575786
-2.636626
-1.799178
0.324506
1.757654
2.024763
2.504351
-2.442984
1.705180
-2.183799
-2.724729
1.626912
-1.974422
-1.929420
-2.195228
-2.025452
-2.121236
-2.487967
1.724093
2.183241
1.144867
-2.457844
1.811315
-1.631096
2.244051
-2.435365
-2.232847
-2.101209
-2.583554
-1.952178
1.436307
-2.217491
-2.072209
-2.593950
-2.662370
-2.192061
-2.863565
-2.249581
-2.629065
0.702656
-2.344924
0.868215
-2.131213
-2.555054
-2.009686
-2.219132
-2.230245
2.349580
-2.175919
-2.174857
0.794475
-2.669097
-2.847039
-2.128281
-2.562910
-2.415826
1.458633
-1.748276
-2.979382
-2.936448
-2.271144
-2.587910
-2.747945
2.587997
2.970228
3.144059
-2.639954
-2.849627
-2.648235
-1.856713
-2.529582
-3.017903
-2.997329
2.995568
-2.466463
-2.900054
-1.217328
-3.091489
3.009805
-2.996971
-2.470299
-2.739664
-2.720346
-3.083296
-2.926178
-2.436122
-2.740941
-2.781247
2.465610
2.896963
2.857912
-1.824962
-2.742763
-1.970831
2.674151
-2.293141
-2.556100
-2.853889
-2.613302
2.839122
-2.628512
-2.307228
-3.044184
-3.183393
-2.711563
-2.373557
-2.307855
-2.863515
-2.941856
-2.651702
-3.052024
-2.944980
-2.173774
-3.184073
-2.479383
-2.971985
-3.004527
-3.202536
-2.700792
-2.426117
-2.216776
2.272111
-2.717196
-2.496507
-2.356565
-2.977420
3.026144
-3.189906
-2.383447
-3.131395
3.074304
-2.875344
-2.493170
-0.505287
-3.194269
-1.721979
-2.753809
3.140410
2.751971
-2.875376
-2.216201
-1.293272
2.684010
-2.392711
-2.968988
-2.885987
3.006298
-1.856378
2.854586
-2.820641
-2.810084
-3.008116
-2.616123
-2.262331
-2.105463
-2.423662
-2.719226
-2.454121
-2.813285
3.033789
-2.551175
-2.603382
-2.930468
-2.380676
-2.811294
-2.597183
-1.585470
-2.634403
-1.329749
-2.847493
3.149685
-2.412877
-2.875509
-2.548542
-3.022552
-2.784677
2.817369
-1.652790
-2.248427
-2.640267
-2.931073
-1.241824
-3.052308
-2.087568
-3.040428
2.989379
-3.095234
3.107960
-2.507940
-2.812781
-2.116448
-2.607765
-2.020424
-0.850388
-3.058141
3.198213
-2.582893
-2.726075
3.032496
-2.504129
-2.623612
-2.631779
-2.526116
-2.543179
-1.755634
-2.703962
-2.235611
-0.924214
3.027211
3.064368
-2.984447
-2.573575
-2.980154
2.591796
2.917677
-2.639027
-2.617286
-2.906144
-3.129131
-2.527011
-2.659925
-3.087569
-2.817277
-2.950007
-3.027864
-3.067915
2.774563
0.285266
3.035533
2.717199
-2.539453
-2.752165
-1.014767
-2.740968
-2.661095
-2.701350
-2.366457
-0.525896
-2.346077
2.998303
-2.699985
-2.715721
-2.667421
2.749736
-2.510216
-2.756735
-2.763631
-3.064380
-2.884907
-2.777630
3.019557
2.826563
-2.042077
2.847394
-2.725890
-2.678135
-2.603048
-0.698102
-2.240836
-2.286134
-2.311963
-2.591386
-2.122086
-2.957651
-2.056691
-2.497313
-2.828593
-2.882700
-2.611599
2.680068
-2.770707
-2.409539
-2.732506
2.420156
-1.775969
-2.084040
-2.914146
2.777270
-2.088031
2.693388
3.085528
-2.386033
-2.700828
-2.588133
-2.032850
-2.756981
-2.141090
2.498793
-2.374917
-2.451665
-2.123978
-2.760677
2.715409
-2.028409
-1.503578
-2.454964
-2.748936
-2.622764
-2.587167
-2.184246
-2.458682
-1.973611
-2.674018
2.973192
3.028316
-2.365769
-2.551121
-2.912129
2.941421
-2.572631
2.857156
-3.122317
-2.290445
-1.876100
-2.632153
-0.994765
-3.172336
2.995634
-2.096869
-2.683597
-2.270496
-2.703899
3.071557
-2.200260
-2.471795
2.797008
-2.404072
-2.431778
-2.613096
-1.864488
-3.078578
-2.959581
-2.582477
-2.722646
-2.740735
-2.197291
2.867027
-3.036433
2.782873
2.711658
-2.286987
-1.591418
-2.638204
-2.776440
3.102205
-2.711695
-2.093929
-3.070560
2.752343
-2.457231
-2.607235
-2.264773
-2.757882
-2.101404
-2.035994
-2.878967
-2.380538
-2.110099
-1.988786
-2.124188
-2.488389
-2.212785
-2.322728
-2.765107
-2.880007
-1.974924
-2.020157
-2.267691
-2.204623
-2.923307
-3.091219
-2.651686
-2.172628
2.983181
-2.129823
-2.485265
2.665073
-2.155164
-2.164241
-1.846530
-2.075404
-2.949708
-2.916641
-2.116572
-2.463844
-2.490188
-2.718713
2.903556
-2.454554
-2.607658
3.074290
-2.153442
2.679371
2.934480
-2.285965
-3.049426
-1.954516
-2.612763
-1.971719
-2.329147
-2.552051
-2.050251
-2.745798
-2.647315
-2.791745
-2.752481
-2.552036
-2.840096
2.765845
-3.064728
2.610324
-2.110041
-2.832171
2.961849
-1.865628
-1.737770
-2.495844
-2.504365
-2.007574
-2.123205
2.780112
-2.512028
-2.072910
-2.458354
-2.758887
-2.164846
-2.296839
-2.408370
-2.176318
-2.433454
-2.185898
-2.665142
-2.699961
-2.616596
-2.549477
-2.408274
-2.753141
-3.034870
-2.818222
-2.742775
-2.749569
-2.196407
-1.980622
-2.286786
-2.667497
-2.357993
-2.438119
-1.894963
2.807905
2.816290
-2.264951
-3.078140
-2.535281
-2.668390
-2.803805
2.924843
-2.018243
-2.805889
