-2.948040
2.989808
-2.301291
-2.669131
-2.740520
-2.851141
-2.665616
-2.909232
-2.769077
-2.468975
-2.792524
2.907233
-2.521754
-3.094717
3.185023
-2.978493
2.965688
-2.970737
-2.883536
-2.562155
-2.876838
-2.414824
-2.864860
3.119340
-2.913859
-3.059198
-2.538855
-3.007401
2.916898
-2.543269
2.640631
2.969860
-3.040214
-2.603407
-3.015454
2.881214
-2.648020
-2.789283
-3.055201
3.179520
-2.821918
-3.012102
-2.967842
-2.312516
2.665853
-2.870188
-3.167847
-2.802575
-3.072610
2.810504
-2.805279
-3.180660
-3.191611
-2.445476
-2.533272
-2.782533
2.855151
-2.783537
3.047197
-2.603270
-2.685974
-2.560704
-3.151546
-2.902193
-2.470394
-2.803686
-2.917614
3.127451
-2.973358
-2.745394
2.851847
-2.989235
3.041693
-2.687246
-2.367525
-2.698439
-2.807304
-2.495849
-2.858905
-3.173974
2.936004
-2.734885
3.169456
-3.029687
2.517667
-2.924012
-3.104259
3.003677
-3.025827
-3.082360
2.878197
-3.055127
-2.739382
-2.251716
-2.982631
-2.290123
-3.145484
-2.987289
-2.636422
-2.894795
-3.070276
-3.018969
-3.105845
3.005506
2.712234
-2.807078
-2.862746
-2.926403
2.945764
3.108183
-3.040399
3.144699
-3.048328
-2.761695
-2.751663
-2.523889
-3.070626
-2.745811
2.865392
-3.008374
-2.760193
3.033776
2.896948
-2.889083
-2.762075
-3.159356
3.055074
-3.115607
2.815321
-2.623318
-2.622949
-2.833131
-2.835565
2.972608
-2.945647
-3.031281
-2.444337
-2.753089
-3.062008
-2.732554
-2.898528
-3.115797
-2.868773
2.882359
-2.980060
-2.458438
-3.059953
-2.936272
-2.906709
-2.600930
-2.972843
-2.700580
-2.509827
-2.219154
-2.888150
-2.623289
-2.858165
2.997736
-2.845674
-2.960784
-2.834589
-2.787824
-3.146538
2.519502
-2.847424
-2.969243
2.339347
-3.068122
-3.180732
-3.046406
-2.170496
3.049530
-3.038391
-3.174149
-2.850147
-3.201327
-3.036144
-2.979728
-2.721965
2.989870
-2.700896
-2.904381
-2.546040
-2.700709
-2.926605
-2.897512
-2.508930
-2.701472
-2.237439
2.811074
-2.628015
-2.863459
-2.780627
3.150480
-2.920882
2.914513
-2.800263
-2.862284
-2.990154
-2.931272
1.389299
1.697531
0.744543
2.317472
2.396157
0.952662
2.562763
1.436341
2.319498
1.484254
1.746844
1.519308
2.059237
1.448268
1.765372
1.300750
1.219483
2.972379
2.005326
1.398033
-3.073970
1.941421
1.384985
1.950013
1.548847
1.396420
1.132137
1.998417
1.524733
2.530660
1.617115
1.732758
1.842513
1.392827
1.817221
2.861228
1.947093
1.810515
2.197482
2.250685
1.724781
1.766620
1.682820
1.529886
2.227678
2.161766
0.753690
1.924803
1.767108
1.852253
2.538508
1.647193
2.137775
1.172749
1.820069
1.272209
1.840956
1.769473
1.336847
0.948870
1.345255
2.514718
1.658399
1.965180
2.152695
1.998374
0.751518
2.670815
1.696084
1.367282
1.638362
2.022074
2.266830
1.705251
1.271485
1.629096
0.988077
1.676140
0.959627
1.502785
2.315252
2.286045
1.459087
1.805611
0.643719
1.800253
2.024282
1.834701
1.187995
2.045673
0.458273
1.724087
1.792422
1.540610
1.748301
1.566644
1.807620
1.856985
1.487981
1.994700
1.194811
-3.081992
1.281196
1.401870
1.671792
1.054191
2.977478
1.921534
1.441427
1.110700
1.822275
0.981662
1.377603
1.944843
1.364756
1.946207
1.106029
1.351248
1.266459
1.985151
1.985444
1.121815
1.935883
2.342231
0.744549
1.287140
1.599965
2.484889
2.012212
1.267033
1.620700
1.565695
1.221810
2.055965
2.558799
3.135907
2.097159
1.397152
1.402428
1.364154
1.764112
1.714813
1.528930
1.831308
0.624764
2.049794
1.937574
1.255987
1.985063
1.467960
0.770470
1.281196
1.506326
2.221599
0.773334
1.697342
2.435633
1.831283
1.519700
1.723709
1.763141
1.304822
1.306700
2.761846
0.683665
1.615114
1.936220
1.376976
0.635410
1.681298
1.616091
2.624942
2.427076
1.727865
1.244707
2.324394
1.179433
1.457324
2.491121
1.648444
1.721325
1.761791
1.892791
1.075502
1.391364
2.041634
2.314417
1.763875
1.914604
1.243593
1.767368
1.653260
1.229294
1.607173
1.777665
1.525176
2.698362
1.736557
2.158902
1.722729
2.933967
-2.854620
3.017005
-3.128988
-2.216136
-1.589304
-2.878148
-2.124465
-2.406076
3.031978
3.099566
-2.899329
-2.773114
-3.060557
-3.142289
-2.678770
2.754412
3.192904
-2.595357
-2.523790
2.387355
3.075345
-3.097415
-2.282527
3.082222
3.033829
2.944053
-3.047718
-3.043660
-1.953740
-2.966138
-3.054884
-2.881264
-2.060005
-2.916000
-2.864431
-3.201856
-2.638140
2.930128
-3.111126
-3.022585
-2.142476
2.675971
2.792166
2.797707
-2.262257
-2.612801
-2.598525
-2.498448
3.046002
-3.159855
-2.506212
-1.616374
3.035645
-1.907215
-2.998099
-2.774793
2.621707
2.898776
2.831383
-1.598746
-2.279413
3.032152
-2.704451
-2.785408
-2.576485
-2.690364
-1.652472
3.047501
2.745500
2.848109
-2.337287
2.846405
-2.841438
3.114108
3.149328
-2.333519
-2.530682
-2.462556
2.939499
-2.465545
2.760037
-3.119844
-3.008667
-2.855420
-2.312377
-2.752530
2.277528
2.853680
3.032810
-2.793527
-2.626531
-2.634774
-3.199660
3.039134
2.828521
2.949732
-2.944669
-2.622782
-2.126812
-2.885120
2.938352
-3.067246
-3.067117
3.113619
2.919717
2.610828
2.988328
2.970128
-2.301628
3.059111
-3.000608
-1.868757
3.179376
-3.164819
-2.943619
2.744174
-2.895749
2.327959
-2.754326
-2.655285
2.582841
-2.880301
2.655132
-3.023083
-2.683657
-3.031781
3.060132
-2.890525
-2.276191
2.936207
-2.989954
2.721154
-3.062200
3.204632
2.757670
-3.058047
-3.183881
-2.534299
-2.329274
2.914189
-3.128087
-1.480643
2.749316
-1.819453
-1.786293
3.075530
2.852352
-3.061429
2.894960
2.699417
-2.076289
-2.327103
2.873958
-2.377626
-2.858668
3.053182
3.097289
-2.909073
-3.012725
-2.385214
-3.084105
3.108155
-2.861060
-2.215487
-2.344435
-2.387579
3.200015
-2.128425
-3.066804
-2.277969
-2.271919
2.926192
2.374627
2.763081
2.874062
-3.134702
-1.819680
3.001500
3.015019
-2.295449
-2.568091
-2.780024
3.193725
2.735187
2.463197
-2.858988
-3.057757
3.030547
3.023279
3.061300
2.402031
2.655075
-1.813244
-2.519486
3.141814
2.985458
-2.601034
-2.519292
2.357769
-1.391039
-1.288778
-2.060075
-1.543707
-1.949983
-1.110856
-2.311696
-1.512049
-1.201415
-1.462419
-1.946391
-1.527265
-0.886089
-1.034739
-2.028561
-1.649063
-1.797214
-1.492262
-1.685528
-2.284505
-1.697016
-0.778630
-1.988644
-1.574738
-1.303804
-1.859923
-1.758902
-2.033365
-1.178291
-1.327411
-1.099836
-1.407689
-1.950971
-1.791088
-2.119575
-1.477294
-1.562811
-2.017530
-1.640286
-1.744499
-1.455522
-1.907362
-2.021299
-1.488795
-2.119422
-1.794202
-1.826010
-2.117561
-1.321888
-1.941123
-2.330813
-2.197346
-1.180211
-1.066531
-1.809778
-1.443266
-2.921108
-1.662431
-1.872396
-1.942744
-1.360943
-1.274008
-1.230124
-1.599393
-1.855209
-1.794760
-2.081682
-1.445760
-0.936915
-1.464727
-1.496169
-1.638147
-1.866525
-1.789845
-1.363633
-1.453800
-1.440438
-1.941188
-1.527736
-2.197903
-2.094644
-1.604921
-1.345831
-1.431219
-1.081419
-1.460943
-1.923691
-0.692244
-1.612895
-1.879201
-1.944837
-1.998434
-1.357093
-1.796057
-1.229198
-1.511047
-1.848134
-1.907721
-1.434246
-1.436577
-1.712187
-1.283467
-1.653983
-1.682619
-1.875485
-1.277938
-1.734417
-1.487285
-1.677816
-2.078486
-1.098164
-1.447237
-2.271764
-1.817087
-2.056664
-0.844318
-1.784565
-1.203674
-2.185187
-1.006693
-1.835318
-0.966652
-1.870862
-1.119454
-2.119305
-1.562303
-1.701446
-1.284208
-1.635321
-1.907220
-1.254667
-0.647992
-2.048714
-1.629790
-2.345922
-1.731417
-1.567973
-2.066843
-1.696046
-1.191223
-1.583933
-1.212925
-1.702322
-1.836434
-2.017901
-1.693853
-0.746334
-1.770469
-1.251308
-1.819978
-2.378649
-1.916353
-0.965736
-1.585088
-1.257551
-1.174536
-1.566292
-1.059039
-1.851144
-1.231204
-1.433701
-1.232502
-1.178258
-1.259657
-0.853951
-1.589615
-1.811941
-1.494911
-2.195060
-1.267930
-1.922267
-2.063408
-1.742046
-1.481237
-1.888462
-1.378180
-1.751421
-1.336458
-1.433669
-1.913637
-1.148231
-1.198732
-1.600474
-1.906114
-1.804383
-1.411940
-1.417443
-2.061595
-1.422456
-2.074861
-1.710665
-1.394453
-0.531686
-1.527772
-1.032780
-1.822730
-1.065607
-2.243736
-1.823646
-1.605010
