2.927309
-3.020747
-3.108553
-2.894676
2.573541
2.531589
-3.045642
2.938901
3.187200
-2.390105
-1.756506
2.789560
-3.179241
3.089660
-2.861010
-2.767797
3.175704
-3.071533
-2.854035
-3.049452
-2.953928
3.099896
-2.734677
2.942790
3.094979
2.799765
-2.800904
-3.048689
-2.520436
3.031343
2.550470
2.858037
2.739808
-2.938583
-2.982775
3.127772
-2.625756
2.708634
-3.034839
-3.186573
-3.028488
-3.119281
-2.884022
-2.747992
2.919900
2.974712
-2.882558
2.885725
2.472796
-2.633576
-2.699095
2.776729
3.023358
3.203345
-2.924973
-3.001896
-3.017994
-2.915686
2.840611
-2.979384
-3.038371
3.057068
-2.763398
2.862695
-2.799088
3.067867
-2.902824
2.503579
-2.791179
3.029858
-2.475435
-2.737973
2.361841
2.999475
-2.943565
3.055834
-2.717156
-2.859393
-2.788575
-2.909031
2.721269
3.189882
3.033892
-3.006368
-3.010175
-2.846537
-2.376331
-2.747740
-3.039445
2.961805
-2.997713
2.468831
-2.553918
-3.149461
2.963251
-2.982440
2.521485
-2.982979
3.143455
3.181081
-2.608167
3.167452
-3.195337
3.008126
-2.932527
2.314276
2.768085
-3.088600
3.031122
-3.144473
2.878558
3.116324
-3.098778
2.925548
-2.650342
-2.969170
-2.982864
2.767109
-3.008186
-3.062692
-3.065259
-2.700547
3.012531
-3.204529
-3.010493
-2.462531
-2.946290
-2.904735
-2.578815
-2.827300
-3.093037
-2.865614
2.429233
3.038150
2.650840
2.978570
-2.377253
2.940683
-3.007958
-2.829415
3.030392
3.113019
-2.736564
3.191252
-3.033637
-3.049532
-2.570497
-2.810187
-2.709642
-2.778921
2.875079
2.995195
-2.748455
-2.730258
3.038692
2.739728
2.930099
-2.671811
-2.993840
2.926933
2.602483
2.860922
-2.931389
-2.881185
-2.264460
2.951846
-2.865697
2.225318
2.411973
-2.982273
-3.002152
2.957875
-2.913228
-3.179360
-2.567688
-2.859649
-2.732359
2.970477
-3.097117
-2.907528
-3.085377
-2.742541
-2.723652
3.053826
3.159888
-2.771087
3.129102
-3.185255
2.834758
-2.982325
3.022623
2.561123
-2.614923
-3.171130
2.780691
3.005348
-2.230855
-2.622194
3.117178
-2.903780
2.184914
2.428680
0.067342
1.769898
0.426152
0.240849
1.620285
1.920536
2.181358
1.966822
0.962495
1.591480
2.332502
-1.276283
1.902383
0.307899
1.898644
-0.210604
2.518793
1.671107
0.110683
1.752319
1.603535
0.026877
1.745701
0.742674
1.810890
1.718695
1.480818
2.530677
1.702752
2.462144
1.306320
1.533399
1.948264
1.991335
0.966333
-3.048276
2.962615
1.466650
-1.128762
1.408787
0.536416
-1.233193
0.201913
2.005874
-0.279994
1.844812
1.188623
1.940037
2.473761
2.036958
1.990951
1.772175
1.785079
1.542787
0.456548
1.625989
2.083503
1.743981
1.704620
1.825417
0.003631
1.631575
1.987066
0.027518
-0.090974
1.913524
2.256815
1.990108
2.099183
2.066294
0.656512
0.303634
0.157424
2.206614
2.154848
1.697258
2.097165
1.470790
2.009550
1.608736
2.130011
0.831253
0.075242
1.220042
1.913857
2.040118
2.007078
1.412626
0.130488
1.618556
1.969475
-1.173259
1.926997
2.065810
2.197304
2.115980
1.933867
1.782093
-0.102752
-0.744835
-0.541522
1.173084
2.001701
0.863254
0.216555
1.458096
1.785867
1.629403
1.995317
1.929564
1.618071
1.797515
1.358843
0.791171
2.042266
1.525950
0.712656
1.775039
1.647043
2.756380
1.422957
2.156035
-0.316758
-0.142424
1.984212
2.038877
0.640820
-0.709914
-0.938044
1.927397
1.984812
2.083613
1.932561
-0.320085
1.785628
2.031049
2.091913
0.096693
2.228897
2.040370
1.591568
0.738476
0.010826
0.414445
0.350198
2.022994
2.152364
-0.858706
2.008635
-0.292761
2.267802
0.128049
0.275841
2.213515
1.803315
1.574634
-0.705538
2.232421
-0.416586
0.067007
2.042244
1.862721
-0.452382
2.210741
1.421342
2.084235
-0.241903
2.287649
-0.151083
2.159608
-0.303018
0.775107
2.030789
1.676624
1.904514
1.485868
1.714539
2.504049
0.913461
0.359282
2.791410
1.706697
1.887045
2.169215
2.268108
-1.073206
1.950554
-0.049173
0.920962
1.385651
1.447745
1.741598
2.494636
1.031127
1.861440
1.697145
1.608183
1.719238
-1.106459
-2.835028
-2.923996
3.023966
-1.650336
-2.241794
-2.807136
-2.050387
-1.839575
-2.603365
-2.541769
-2.396766
-2.960645
-2.199858
-2.648222
-2.326909
3.068770
-2.414174
-2.166720
-2.173389
-2.680396
-2.665734
-2.840541
-2.770790
-2.814304
-2.396110
3.009502
-2.559938
-2.608856
-1.832795
-2.254186
-2.184316
-2.690138
-2.651629
-2.517985
-2.372848
-2.181050
-2.292658
-2.223828
-2.963517
-2.565231
-2.340747
-2.718817
-2.178538
-2.482545
-2.289346
-1.671262
-2.396553
-2.275823
-2.596908
-3.095801
-2.392827
-2.409646
-2.790248
-1.344788
-2.574490
-2.800858
-2.719217
-2.816766
-2.616571
-2.179333
-2.059241
-2.313202
-2.268469
-2.158542
-2.600149
-2.533164
-1.370257
-2.337472
-2.511917
-2.563337
-1.981674
-2.552317
-2.650063
-2.412930
-2.609663
-1.798139
-2.570257
-2.811528
-2.757180
-2.636285
-2.658993
-2.644450
-2.385061
-1.827792
-2.056367
3.070587
-2.083283
-2.852660
-3.022328
-1.717585
-2.879404
-1.940576
-2.889744
-2.952611
-2.182036
-2.258595
-2.335681
-2.428316
-1.749339
-3.073617
-2.622294
-2.298478
-2.447221
-2.390328
-2.746294
2.972409
-2.256253
-2.482906
-2.490992
-2.427440
-2.279571
-1.565269
-2.491223
-2.637033
-2.565358
-2.592167
-2.469311
-2.951485
-2.211687
-2.177630
2.985093
-2.993892
-2.783705
-2.203852
-2.584677
3.074192
-2.857403
-2.956908
-1.769652
-2.514228
-2.136264
-2.609504
-2.606230
-2.475656
-2.982986
-1.891386
-2.122360
-2.557522
-2.577319
-2.369827
-2.515518
-2.635512
-2.070705
-2.792705
-2.000531
-2.222669
-2.213801
-2.578867
-2.416058
-2.506179
-1.937751
-1.895699
3.181397
-1.696630
-2.358692
-3.008777
-2.871810
-2.532852
3.087510
-2.021943
-2.154297
-1.890717
-2.027374
-2.131718
-1.774689
-1.985233
-2.216703
-3.011928
-2.183584
-2.274865
-2.568445
-2.554418
-3.054290
-2.612068
-2.514826
-2.469768
-2.399708
-2.786628
-2.602150
-1.693777
-2.569463
-3.018679
2.920361
-2.652055
-2.923919
-2.325084
-2.095697
-2.618004
-2.322723
-2.212750
-2.023857
-2.650761
-2.270456
-2.392483
-2.986457
3.068486
-2.557843
-1.893968
3.085264
-1.117224
-1.721682
-1.445707
-0.757935
-0.994540
-1.086073
-2.344173
-1.432580
-1.627094
-1.102984
2.851157
-1.485348
-2.026632
-1.706887
-2.386140
-1.492371
-1.281781
-1.501481
-1.152634
-0.842341
-1.450280
-1.549585
-2.954434
-2.037526
-1.303804
-1.565133
-2.034310
-1.499433
-1.627658
-1.803343
-1.896181
-1.303679
-2.026724
-1.172037
-1.404878
-1.201559
-1.344048
-2.349325
-1.703897
-2.186841
-1.209442
-1.342298
-1.397669
-1.627574
-1.612052
-0.895348
-1.243975
-1.775438
-1.181306
-3.010818
-1.880190
-2.345382
-2.321657
-1.775373
-1.199453
-1.838910
2.999524
-1.684879
-1.726148
-2.640942
-1.622750
-1.399197
-2.135654
-0.619379
-1.077056
-1.426696
-1.350630
-0.316217
-1.546738
-1.079180
-1.318967
-1.725264
-2.635167
-1.282345
-1.123116
-1.853040
-1.530491
2.955141
-1.115443
-0.972750
-1.447327
-2.771411
-1.782013
-1.277550
-0.657438
-1.382713
-1.957593
-1.456569
-2.234142
-1.867916
-2.291535
-2.228454
-1.366381
-1.408608
-1.746091
-0.861006
-1.651662
-2.619684
-1.691704
-1.561476
-1.543334
-2.023839
-1.538513
-1.311827
-0.979344
-0.723108
-0.954693
-1.371183
-1.921289
-2.842219
-1.543006
-1.168844
-1.441895
-1.350511
-1.411709
-2.250111
-1.629289
-1.234722
-0.941634
-1.164779
-1.748813
-1.892345
-1.774410
-1.721312
-2.421228
-2.096663
-1.222248
-1.448169
-1.619642
-1.661680
-1.302055
-1.556195
-1.451695
-1.545508
-2.303913
-1.154402
-1.486644
-1.339215
-1.516698
-1.766677
-1.360132
-1.672250
-1.317102
-1.326127
-1.597705
-1.475959
-1.779118
-1.686322
-1.460590
-2.536311
-1.255232
-1.873870
-1.626341
-0.997208
-1.537277
-1.096048
-1.246330
-1.681866
-1.172531
-1.341766
-1.182752
-1.266906
-1.654202
-1.848070
-1.781185
-1.884234
-1.769810
-1.152099
-2.256281
-1.596005
-1.239479
-1.799575
-1.842970
-1.088538
-1.376802
-0.970929
-1.788479
-0.753845
-1.731378
-1.520170
-1.430011
-1.418068
-1.336405
-1.272811
-1.543437
-1.284520
-1.931765
-1.902988
-2.023771
-2.853053
-1.749899
-1.753383
-1.728335
-2.613435
-2.157040
-1.380250
-1.831031
-1.255165
-1.166522
-1.177770
