-3.102384
2.879725
-2.958002
-3.115782
-2.634221
-2.710957
3.024759
3.036089
-2.992473
2.407946
2.564048
2.971957
3.119572
-2.741068
3.118618
-3.046642
3.165186
-2.853289
3.202108
-2.489135
2.791879
-2.789694
2.624986
-2.959260
2.712337
2.873190
-2.278048
-3.112876
2.997711
-2.527140
2.687457
-2.525193
-2.940545
2.903736
-2.954039
3.124569
-2.697889
-2.900638
-3.000403
3.034132
-2.927168
3.159609
-3.138029
-2.876292
3.184018
3.015518
2.895422
2.976243
-2.413308
3.199609
-2.743762
3.093083
-2.762034
2.551564
-2.791683
-2.647098
2.733258
-2.711203
2.846480
2.716910
-3.032555
-3.055837
2.973965
-3.078763
3.167011
-2.507288
-3.196345
2.895324
3.190507
2.847506
3.150921
-2.907956
3.198810
-2.906102
-3.074725
2.924657
-2.903943
-1.858131
-2.703177
-3.100815
-2.966179
2.983459
-2.926463
-2.671765
-2.222309
3.010155
2.902489
2.827607
-2.939385
-2.838862
-2.620528
-3.003827
-2.849322
3.003335
-3.010855
-2.297462
2.985689
3.169395
-2.901240
3.025018
3.067975
2.520627
2.922276
3.127519
-3.029972
-3.021837
-3.203044
3.013331
2.972350
-2.461847
-3.053626
-2.992849
-2.922698
-2.867164
2.986978
-2.597763
-2.927092
2.405526
3.148835
3.019026
2.774812
2.560241
-2.879688
-3.042313
2.745409
-3.166074
-2.852613
2.801753
2.575921
-2.625477
2.735101
3.074912
-3.053992
-2.795668
2.541345
2.915319
-2.633884
-2.781713
-3.074299
2.890537
3.023894
3.007531
-2.901217
2.966249
2.980252
-2.702019
2.444664
3.061708
-2.979218
-3.179657
2.868196
3.027183
2.530520
-3.078974
-2.845275
-3.096875
-2.958194
2.933618
-3.125788
2.835999
-3.074918
2.851595
2.871352
-2.850731
2.539350
-3.014788
2.903803
3.002970
3.180285
-2.799771
3.009138
2.957889
1.922714
2.864108
3.194760
-2.705135
-2.965558
-2.988162
-3.135803
-2.929606
-2.932520
-3.034196
-3.151344
3.205940
-3.192272
-2.962856
2.996280
-2.850141
-2.587729
3.030437
-2.959722
3.182695
-2.665794
-2.591222
-3.191490
2.370626
-2.809170
2.989530
2.563505
-3.202710
0.174022
0.981044
0.088622
0.101498
1.232950
0.318545
0.942727
0.155001
0.447752
0.335582
0.780133
0.243698
0.292530
0.768940
0.485034
1.128655
0.219710
0.905303
0.622000
0.286627
0.543126
0.555825
0.616664
1.305500
0.773685
0.418604
0.868293
0.360537
1.150873
0.807744
0.803918
0.558476
-0.101353
0.500573
0.646325
0.330705
0.948415
0.883788
0.997943
-0.050925
0.437697
0.494162
0.241687
0.361307
0.616585
0.325133
0.414464
-0.103777
0.530122
0.671236
0.910770
0.773167
1.063892
0.460470
0.104351
0.600383
0.349708
0.391543
0.891047
0.500010
0.290534
0.816855
0.755461
0.381707
0.766659
0.468129
0.832921
0.791708
0.507518
0.431332
0.552511
0.574120
0.316839
0.699782
1.101343
0.620409
0.648270
1.104345
0.698694
0.428202
0.502950
0.029923
1.098383
0.635502
0.719139
0.010335
0.955300
0.728942
1.008391
0.671549
0.773796
0.779835
0.973168
1.108113
0.693329
0.378222
1.064800
0.864769
0.760847
0.611728
0.784747
1.059707
0.204845
0.360010
0.941165
0.299000
1.035938
0.705989
0.554280
-0.001401
0.726145
0.925087
0.697408
0.641713
1.057290
0.414862
1.510894
0.284060
0.710981
0.371221
0.193623
1.237523
0.495520
0.899739
0.415715
0.981203
0.254330
0.813981
0.483932
0.842400
0.423965
0.687849
0.216602
0.295760
0.411237
1.042668
0.583843
0.590954
1.292788
0.303823
0.755354
0.602688
0.317398
0.375496
0.777418
0.516614
0.543596
0.398597
0.350220
1.227178
0.675602
0.581597
0.394978
0.564509
0.573222
0.655859
0.377295
0.397223
1.064703
0.271926
0.470437
0.129812
0.560497
0.071527
0.264084
0.539341
1.281483
1.149989
0.508822
0.948684
1.256669
0.285636
1.320774
0.343415
0.296759
0.833249
0.469120
0.232450
0.987703
0.456512
0.168503
0.663415
0.558684
0.381676
0.474280
0.713344
0.407048
0.413603
0.631002
0.782914
0.755471
0.674841
1.185655
0.917891
0.406180
0.456768
0.525158
0.651425
0.390392
0.549138
2.664086
2.860989
-2.780071
-2.594175
2.875622
-2.655111
3.160045
-2.182294
2.839693
-3.012138
-2.301625
-2.860748
-2.717575
2.726202
-2.794129
-1.912386
-2.364345
-2.452145
-2.958671
-2.046428
-1.973243
-1.432067
3.030954
-2.872857
-2.811710
-2.342481
-2.869772
3.007712
2.912792
-2.907896
2.757652
2.869581
-2.481180
2.572255
-2.887434
2.854909
-2.406211
3.174123
-3.043726
3.148345
-2.454510
-2.847046
-2.203931
2.837236
-2.660793
3.069242
-2.885230
-2.461381
2.067949
2.987614
-3.181560
2.628888
-2.589495
-2.691148
-2.833627
-2.453209
-2.988048
-2.019095
-2.921944
3.043664
2.966912
3.157199
2.819144
-1.920190
-1.533207
2.813907
2.953648
2.900884
-2.665163
-2.833115
3.085785
3.046214
-3.013076
-2.374222
-2.683858
-3.163822
-2.366756
-2.818073
-2.584338
-2.503424
-2.729804
-2.244421
-1.855881
-2.831990
2.956747
-2.266182
-2.419217
2.893638
-3.083273
3.027433
-2.218606
-1.993458
-2.332916
3.071026
2.811138
2.626927
-2.993330
2.707505
-3.038420
-2.147369
2.965627
2.593233
-2.693423
2.979562
-2.985417
-2.944352
-2.888079
-2.512358
-2.657796
2.820586
-2.543495
-2.536811
-2.069652
-3.000355
-1.885658
3.175950
-2.168768
3.097039
-1.982398
-2.909438
2.962042
-2.874154
-3.042454
2.848201
2.932289
-2.236132
-2.693147
-2.464616
3.057624
3.090846
2.791386
-2.180641
-2.363747
-2.930911
-2.674808
2.890628
-2.667539
-2.137750
-1.796910
3.033513
-2.162081
2.546776
3.028995
-3.184078
3.027155
-3.151888
-2.533719
-3.198041
-2.341405
2.827341
-2.691093
-2.785862
-2.965799
-3.032960
-3.055424
-2.335294
-2.299994
3.074213
-2.767159
-2.501584
-1.878943
-2.136139
-2.661779
-2.373362
-1.849681
-2.232135
3.028309
-2.177737
-2.737485
-3.046845
-2.394995
-2.425310
-2.226650
2.798638
2.892922
-2.468279
2.965682
-2.862214
-2.099934
2.779558
-2.595566
2.846768
-1.450117
-2.948544
-2.549371
-2.736791
-3.152265
3.096577
-2.854577
-3.080010
-3.176957
2.893693
-2.767885
2.725235
-2.701145
2.710180
2.634265
-2.384087
2.526640
3.135613
2.758788
-2.603880
-2.705902
-0.636256
-2.750708
-2.579190
-2.525525
-2.813714
-2.205732
3.136923
-2.623661
-2.694467
-2.972144
-3.010022
-2.502374
-2.915837
3.020342
-2.941037
3.136431
-2.704533
-1.391672
-0.434203
2.536681
-2.191418
-2.738895
-2.605345
-2.310553
2.023080
2.627575
-2.522562
-2.481711
-2.963666
-2.588286
-2.044093
-2.424883
-2.717276
-2.916762
-2.838365
-2.639897
-2.569128
-2.719504
-2.396943
-2.299278
-2.205531
2.541345
-2.570075
3.172950
-2.808751
-2.453361
2.569350
2.401906
2.409922
-2.750105
-2.988819
-2.286436
2.677697
2.542643
-0.395330
2.014925
-2.736857
-2.829611
2.608670
-1.746993
-2.433834
2.182530
-2.405756
2.878803
2.985624
-2.860147
-2.341592
-2.657982
-2.755331
2.889297
2.254428
-2.346768
-2.914547
-2.791181
2.149638
-2.807724
2.279923
2.661930
-2.707786
2.823322
2.905651
-2.447725
2.187357
2.990617
3.003292
-2.941638
-2.870275
2.929210
-2.935507
-1.841237
2.376885
-2.664574
-2.605339
-2.408526
-2.669795
-2.405234
2.792402
-2.803445
2.728757
-2.820638
-2.891871
-3.149875
2.396063
-2.797565
2.786366
-2.161394
-2.786310
-2.794511
2.822897
1.821419
-3.024303
-2.191562
-2.959980
2.678736
-2.576452
-2.727655
-2.103112
2.827396
-2.678294
2.763065
-2.533699
2.011304
-3.078816
-2.382089
1.976585
-0.315202
2.671606
-2.604555
-2.933304
-2.421363
-2.828121
-2.483494
-2.783588
-2.597308
-2.289639
3.054572
2.828786
3.100967
-3.202054
3.080720
-2.882598
-2.509266
-1.972161
-3.039314
-2.774172
-2.768268
-3.109610
2.202089
-2.819696
2.778450
-2.971367
-2.690652
-2.686080
2.630353
-2.602721
-3.089555
-2.982389
-2.457650
-2.767841
-2.482886
-2.086438
2.814089
-2.864129
2.954704
-2.812708
-2.247103
-2.528625
-2.773478
2.998679
-2.856385
-2.236452
3.181118
-2.569449
-2.461406
-2.483699
-2.955069
3.060207
-2.715637
-2.843077
-2.125703
-2.446484
2.859301
-3.177094
-0.394838
-2.849227
-2.127335
-2.076751
-2.747096
-2.821481
-2.285683
2.267209
3.061920
-2.685023
-3.018395
2.310633
2.715954
-2.638497
