-2.514412
-2.826331
-2.266671
-2.201765
1.169742
-2.792051
-0.975755
0.711248
2.972974
-2.516201
-1.927504
-2.306681
-1.845703
-2.477031
0.931396
-2.890524
-3.132762
-1.212878
1.134245
0.940349
-2.542774
0.505457
-2.749911
-0.643194
-3.048496
-3.037221
-2.478552
-2.578845
1.000475
-2.236761
-2.497671
0.284430
-2.781111
0.310277
0.952160
-2.988696
-2.718765
-2.688195
2.937799
-2.758504
-2.697858
2.511558
-0.547963
1.007307
0.939939
-2.467049
-2.706163
-2.932185
-2.182287
0.499261
-2.317963
-1.928803
2.935771
-2.117951
-2.583334
-2.014838
-2.178412
0.897451
0.780026
-3.032839
-1.400847
0.943332
1.271667
0.490738
2.780629
2.977625
0.676733
0.084197
3.115799
3.048598
-2.306915
0.392492
-2.443594
0.045431
0.589244
0.465370
0.237349
-2.361405
-2.577878
0.348689
-1.352988
-2.823424
-2.161265
-3.000975
-2.367334
-2.424797
-1.905448
-2.590391
-2.943183
-2.797936
-2.716928
-2.916678
-2.726859
0.499597
0.156574
0.324587
-2.177337
1.304818
1.096620
-2.653284
-2.626540
1.032658
0.024145
-2.637887
-2.611225
-2.639256
1.200421
-2.942702
0.176461
2.825690
0.442676
-2.873233
-3.002354
-1.522803
0.152589
-2.317833
-3.196699
3.086351
-1.785386
-1.037222
0.697266
0.194735
-3.019107
0.214637
0.852851
-3.029466
0.604685
-2.681024
1.207819
-2.332832
2.998663
-2.959747
-1.905617
0.549680
-2.070267
0.731307
0.384467
-2.378303
0.502515
0.230180
0.241840
0.171183
-3.119646
-2.550675
-2.702177
2.756084
-2.845936
-1.851286
0.472544
-2.476296
-2.642878
0.172869
-3.186306
1.228938
1.515395
-3.076610
0.784852
0.807622
-2.338890
-2.928329
3.042160
-2.603881
2.858009
0.991867
3.070962
-2.392152
-1.830557
0.678498
-0.530066
-2.823716
-2.893740
-2.854552
-2.472096
-2.757223
-2.244250
-2.366583
0.445037
-3.189792
-2.747478
-2.557618
-3.181258
-2.848916
-2.951230
-2.271066
-3.206812
-2.834501
0.309647
0.702709
-2.151100
-2.531605
2.963105
0.699279
-2.793773
-3.039117
-1.095238
0.283922
-2.568703
-2.669759
-2.799230
-2.979189
-2.222157
-2.915855
-2.514522
-2.513633
-1.798218
1.260963
-2.644259
-2.073482
-2.441545
-1.936868
-2.365782
-1.618804
-2.439158
-1.817945
-2.504431
2.186682
-1.796573
-2.879024
0.964573
1.205234
-2.170436
0.973308
-1.772459
-2.243279
-2.069520
-1.861403
1.337681
2.874411
-2.970669
-1.892572
1.271544
-2.425819
1.151694
3.019804
0.697196
1.350052
-2.427314
-2.737058
0.689838
-2.349442
-2.946423
-2.458416
-2.655545
-2.206538
-2.216093
1.466401
-1.955398
0.670815
-2.628718
-2.951465
1.735470
-2.691820
0.784851
-2.654605
-2.396957
2.920822
-2.180593
1.387562
-2.127330
2.661755
-2.183844
-1.792102
-2.761561
-2.299929
0.885651
-2.309697
-2.174558
-1.611746
-2.592910
-1.936187
-3.080644
-2.357827
-1.908374
-2.575457
0.670937
-2.490852
-2.038212
-1.850408
3.024767
1.351203
0.695035
-2.074016
0.840162
-2.736884
-2.878282
-2.297988
-2.105911
-2.340391
1.187051
-2.152474
-2.475076
1.148997
0.847241
-1.736000
-2.792738
-2.068659
1.758787
1.585369
1.723015
-2.049520
-0.009396
1.232163
-2.286196
-2.487159
-3.118566
-2.549166
0.669504
-2.232703
-2.274610
0.537089
0.854884
-3.104096
-2.472594
-1.611133
1.237954
1.599819
3.126894
-2.693015
-2.917535
-2.403579
1.302568
-2.227827
-2.925260
-2.802249
-2.011630
-1.918630
-2.744844
-2.067023
2.250671
-3.109721
0.913597
-2.431141
1.241682
-2.349079
-2.203690
2.644059
-2.212897
-2.095871
-1.868072
-2.096533
3.076348
-1.932023
-2.600724
-1.785778
-2.192609
1.004524
-1.953799
-2.137594
-2.064413
-2.420148
-2.330325
-2.775446
3.034482
1.626876
-2.078918
-2.510308
-2.308681
-2.120709
-2.301346
-2.418761
-1.902695
2.251428
1.180640
-2.726283
-2.195057
-1.980219
-2.436453
-2.696141
-2.405912
-1.964672
-1.849680
-2.913272
1.034860
-2.212010
-2.414683
-2.313573
-1.977519
-2.185105
-3.048597
2.888923
-1.647317
1.003340
-2.571269
0.950700
-2.287729
-0.713693
-2.254398
-2.201629
-2.908965
2.890490
-3.108469
-2.264883
1.151927
-2.474478
-2.127091
-2.979242
-2.516871
-2.569796
-2.171820
-1.870032
3.045256
2.943480
-2.610112
-2.757396
2.743605
-2.565236
-3.005514
-2.165231
-1.850003
-2.429402
-1.295631
-1.607287
-2.316737
-2.931612
-2.539180
-1.993361
-2.793713
2.627517
-1.064299
-2.484656
-2.554135
-2.086797
-2.027370
-1.935433
2.196145
-2.469014
-2.576916
-2.240013
-1.651526
-2.868343
-1.828429
-2.620758
-2.862065
-1.061380
-3.034675
-0.453718
-3.019985
-2.485695
-2.490650
2.883972
-2.554329
-2.564876
3.116670
-1.668587
-2.120737
-2.418606
-2.777013
-2.683507
-1.677461
-2.579928
-2.424149
-1.902071
-2.572024
-2.976678
-1.731107
-2.673350
-2.571218
2.830184
-1.614105
-3.128593
2.895800
-1.506458
-3.057630
-2.785759
-2.639819
-2.434531
-2.412031
2.875252
-1.517454
-2.378993
-2.932544
-2.747989
-3.117403
-2.863146
-2.617920
-1.148764
2.809879
-0.240389
-2.848513
-2.438205
-3.023822
-2.334956
-2.805249
-0.331931
-2.879227
-2.589061
3.141195
2.621251
-2.400130
-1.698379
-2.535012
-3.088712
3.140470
-2.959015
-2.395946
-2.442160
-2.335619
-2.834751
-2.152256
2.764859
-2.926195
-2.879111
-3.056920
-2.084324
-2.734118
-1.354501
2.942408
-1.221775
-1.258221
-2.381663
-0.257611
3.016404
3.048676
-2.122228
-2.810059
-1.850193
-2.573156
0.962933
2.228320
-1.182085
-1.615533
2.781311
2.064718
-1.018135
-3.006197
-2.964707
-2.639554
-2.966557
-1.959894
3.102284
-2.383540
-1.686023
-2.081139
-1.898388
-2.663246
-1.436162
-2.524644
-2.626823
3.111071
-2.974179
-2.923851
-2.633677
-1.577719
-1.430426
-2.871224
-1.918302
-2.461346
-2.888542
-2.451184
-0.844951
-2.704718
-2.444329
2.762533
-2.568892
3.106682
2.815427
-3.069089
-1.923104
-2.260454
2.690463
-3.194581
-1.755601
-2.987174
-1.987907
-2.490028
-3.148072
-1.978915
-2.298382
-2.788674
-1.068769
2.970083
-3.107837
-3.128170
-3.011320
-0.687518
-3.068218
-2.124208
-1.985728
2.433159
-0.920117
-1.842127
-3.055592
-2.555366
2.652979
-2.909461
2.946086
-2.112612
-2.559548
-1.389334
2.684945
-2.557658
2.994831
-2.145901
-2.690087
-1.642225
-2.694706
-2.194719
2.984001
-1.867882
-0.177214
-1.654999
-0.879260
-2.032428
-2.920966
-2.096503
2.910184
-1.735903
2.376533
-2.388266
2.892159
-2.997193
2.861786
-2.223952
-2.213189
2.719204
2.897327
-1.610787
-1.875710
-1.591532
3.104519
-2.412513
2.938995
-1.823211
-1.986600
3.055602
-2.302941
-1.704558
-1.392184
-1.711537
2.912366
-2.046571
2.773233
-2.811834
2.860247
2.708894
-1.701160
-1.592869
2.967316
-1.371515
-2.206850
-1.552601
-2.133007
-2.702641
-2.348961
-1.515560
2.739150
2.700611
-2.287337
2.828101
-1.779242
-1.430212
-1.576839
2.922606
2.587467
3.169867
-1.682839
-1.421200
-1.976513
-1.579421
2.810944
3.203690
-2.178046
-2.790747
-2.979335
2.855374
-2.360797
2.711818
-1.481314
-1.689800
3.004624
-2.678546
-1.684870
-1.654160
-1.418019
-2.386127
-2.779449
-2.466953
-1.372241
-2.424186
2.641865
2.736348
2.888520
-1.762473
-1.551551
2.935549
2.707854
2.607076
-2.864694
-1.605592
-1.508367
2.544355
2.723104
-2.643205
-1.265013
-3.177253
-2.652747
3.164573
3.126262
-2.009654
-1.707554
-1.690086
-1.566458
-2.589249
-2.011184
-2.232634
-1.584737
-1.458594
-1.207064
-2.347406
-1.865853
-3.055471
-2.227632
2.811221
-1.552119
-2.320720
2.732778
-1.840906
-1.694764
2.923655
-2.089714
-1.407092
-2.274525
-1.664497
-3.075361
-1.463482
-1.645359
-2.921993
-1.395684
-3.022063
2.468689
-2.416956
-1.457087
-2.341849
-1.369227
2.792473
-1.621646
-1.557322
-2.137833
-1.649812
-2.957972
-2.558238
-2.441650
-2.585153
-1.461202
2.789983
2.726571
2.989599
-3.051737
-1.384191
-3.085972
2.573277
3.102201
3.185276
-1.687116
3.176178
2.788358
-1.233593
-1.248671
-1.697723
-1.980916
-1.844124
-1.305097
2.664475
-2.264087
-1.706741
-3.047402
3.037604
-1.739947
-1.491473
-2.948354
-1.947508
-2.009637
-1.749327
3.088239
2.929124
-2.000574
-2.614927
-2.813714
3.075727
-1.372643
-1.544653
-1.444400
-2.024260
-1.869157
-1.782197
-1.893166
-2.994747
-3.048255
-3.129211
-1.304221
2.742455
2.813082
-2.241371
-1.485941
-2.594903
-1.456015
-1.067668
-1.487085
-1.746306
-1.925854
