2.898545
-2.688761
-3.163347
-2.968319
3.043287
2.780322
3.007083
-2.531778
2.961866
-2.891676
-2.855113
-2.809619
-3.072651
2.928196
3.030412
3.048586
-2.972954
-2.649029
2.936743
2.680725
3.035457
2.764763
3.084865
-2.643247
3.042840
-2.859741
2.667208
-3.014757
-2.801990
2.951265
2.794624
3.007768
2.833201
2.679819
2.631458
-2.774515
2.883525
-3.074884
2.835333
-2.967167
2.856430
2.942309
-2.913076
-2.402798
2.905918
2.988519
2.918352
2.733090
2.953209
3.038267
2.728838
-2.948391
2.662446
-3.058600
2.360593
2.868439
-2.849628
2.799262
-2.448477
-2.703207
3.048452
3.040990
3.040967
2.552125
2.398952
2.880179
2.308197
3.160463
3.073496
3.055592
2.616410
2.611524
-3.046091
-3.024890
2.558521
-2.851766
-2.771449
-3.026516
3.033875
-3.010261
2.998157
2.488987
2.576644
2.640751
-3.074266
-2.415705
2.980294
2.441239
3.025868
-3.103787
-3.175317
2.881563
-3.052844
-3.016662
3.094724
2.189584
2.972706
-2.984117
-3.071940
-2.995108
2.956943
-3.178693
2.319308
-2.987026
2.894552
-3.024534
-2.947728
2.833775
-2.595829
3.195166
-2.918816
-2.985475
-2.279471
-2.907739
2.785457
2.807776
-2.802742
3.152036
2.600255
-2.874725
2.786043
2.787183
3.000086
3.122676
-3.119856
2.606520
3.158551
-2.982985
2.963864
-3.068930
2.560279
-3.001168
-2.853994
2.990670
-2.957769
2.461216
2.966873
2.803583
3.053883
3.193491
3.048593
3.046440
2.652709
-2.854181
2.621570
-3.010640
-3.066570
2.893654
2.812527
-2.980043
2.865158
2.952785
3.127824
-3.129521
2.710024
3.138566
-2.295381
-2.357990
2.458889
-3.193029
-3.092128
3.073537
-3.176279
-2.981109
2.789130
-3.134752
3.047845
-3.170548
2.895059
2.691605
-3.012486
2.934723
-2.965236
3.021186
-2.698901
3.064542
-2.795405
3.099251
-3.058791
2.596391
2.740080
2.276544
3.150644
-2.984105
-2.981820
-2.988988
2.533378
2.959947
2.837052
3.085548
2.440573
2.594396
-3.051915
-3.001654
-3.011860
-2.888480
-2.666743
-2.837293
-3.005271
2.889777
1.627077
1.285651
1.650856
1.614643
1.958792
0.591972
0.178080
1.895107
-0.016921
1.855145
1.783860
1.361945
1.667663
1.484583
1.371119
1.285893
0.422201
1.535527
0.113839
1.269948
1.350581
0.138890
1.417337
1.390585
0.948031
1.392760
0.925934
1.221068
1.278084
1.873908
1.268958
0.860197
1.540034
1.362371
0.911353
0.115045
1.285645
0.728457
1.067729
1.530561
0.531097
1.156902
1.101787
1.340772
1.612470
1.526557
1.486640
1.626880
1.512989
1.963672
0.946888
1.151471
2.282551
0.751208
0.448767
1.285020
0.996347
2.271208
1.431812
0.686077
2.065203
2.053657
1.062155
1.692849
0.981089
1.722397
1.463790
0.757185
0.751238
1.097073
1.171908
0.085518
-0.017670
1.081904
1.336759
1.901520
1.557589
1.374407
1.160980
1.571541
1.159658
1.558012
1.109405
1.168579
0.765930
0.796994
1.817582
0.810898
1.079288
0.806265
0.691033
0.567756
1.732250
1.269781
1.223485
1.228698
0.347901
1.606103
0.471659
1.618280
1.328690
1.429091
1.281196
1.098862
1.286486
1.160054
1.977460
0.114831
1.742744
1.516848
1.252403
0.800802
1.257873
1.692503
0.950921
0.594812
1.119002
1.273927
0.928566
1.155655
1.508611
1.595434
2.144203
1.038435
1.125541
1.227301
1.335244
1.729726
1.277539
1.598120
0.902485
1.067877
0.856028
1.850911
0.022139
1.673392
1.207203
1.079602
1.037334
1.236862
0.622700
1.782366
1.744339
1.365526
0.410392
1.540160
0.677001
0.572201
1.073047
1.442625
1.554827
1.281196
0.701131
1.743515
0.868764
1.037323
1.701178
1.550052
1.382369
2.067594
1.457833
1.307352
1.411607
0.604485
1.100061
1.714863
1.027799
1.704831
1.095516
1.069280
1.426087
2.002078
1.604914
1.088550
1.912446
-0.027599
1.461937
1.412778
0.911062
1.339184
1.501452
0.655024
1.305429
1.055051
1.294034
1.224403
1.713732
1.243182
0.111702
1.322644
1.230478
1.028092
1.824028
1.273109
0.811192
0.728869
1.714111
1.423659
1.582759
1.437375
2.548597
2.360521
2.834932
-2.247350
-2.760966
-2.746498
-3.129857
-2.096012
-2.206688
-2.560789
-2.795205
2.653250
2.880379
-3.004470
2.277976
-2.911354
3.204968
2.815688
-2.157637
-2.103267
-3.181543
-2.695804
1.774096
-2.789460
3.040922
2.738675
-2.833481
-3.056218
2.565317
-1.878182
3.164661
1.630086
2.698393
-3.096383
-3.166231
-2.964321
-2.700182
2.310120
2.823199
2.358818
-2.832552
-2.574350
2.971124
2.879777
-3.010438
-2.010419
-2.875674
-2.541733
-1.725457
-2.717535
2.484395
-1.773785
-2.725396
3.035174
3.183763
-2.906810
3.050244
-2.840391
2.999532
2.569188
-2.401840
-1.610415
-2.944137
3.073224
-2.593426
2.036822
1.931404
-2.468683
2.724603
2.908360
2.237587
-2.518371
-2.719077
3.175130
-1.663085
2.919361
-2.288839
-2.537278
-2.351629
-2.954720
-2.934828
2.886529
-2.944419
2.227033
2.905895
-1.850710
3.158955
2.540236
2.504890
2.505388
-2.509713
-1.725019
-2.467814
2.398201
2.596844
2.365334
3.100704
2.735200
-1.867221
-2.574162
2.516827
3.117764
-2.524661
3.035044
2.580344
-3.164720
2.441590
2.782952
2.829101
2.071298
2.477612
2.998567
-2.146180
-2.916510
-2.893021
2.423130
-3.082446
2.072214
2.459182
-2.956203
2.083372
-3.063829
2.423717
3.195182
2.351041
-1.539093
-2.980004
3.196599
2.006229
-2.096745
2.489188
-3.074176
2.788248
2.728846
-2.705296
2.022783
2.681917
-3.071834
-2.573260
-2.737788
-2.714593
2.609964
-2.600759
2.396550
-1.842083
-2.055788
2.609485
1.765449
3.143599
-3.182552
2.648100
-2.760975
-2.016864
2.048856
-2.708735
-2.921158
3.080491
-2.534073
2.558295
-2.042388
-2.207183
2.795551
2.371056
2.916707
-2.900484
-2.377911
-2.125749
-2.977105
-2.522628
-2.539532
-1.745198
-2.551384
-3.118554
-3.173694
2.713684
3.101765
-2.684961
-1.754203
-3.072325
2.424373
-2.051977
-1.664292
-1.455276
-2.215063
2.582208
2.575285
-1.549471
2.633271
3.030547
2.357253
-2.583228
2.862961
-2.858218
-2.231513
-2.675433
3.084160
2.231463
-2.940334
-2.617030
2.567208
-1.405429
-1.736985
-2.032388
-1.749621
-2.293582
-2.256567
-1.664155
-1.388087
-2.261349
-1.585524
-1.749616
-1.827108
-2.229987
-2.213447
-1.940888
-1.949088
-1.902759
-2.002044
-2.065742
-2.597183
-2.747512
-2.240842
-1.578975
-1.747012
-2.235670
-3.199932
-2.243359
-2.102647
-2.683531
-1.453135
-2.014980
-1.493369
-1.658547
-2.001904
-2.494703
-1.974231
-1.948138
-1.984329
-2.191600
-2.480271
-2.481750
-1.487625
-2.402990
-2.586103
-2.166619
-2.324472
-2.018736
-1.862425
-1.678384
-1.754221
-2.330813
-1.280703
-1.903408
-1.871507
-2.157506
-1.948277
-1.538881
-1.711781
-2.305108
-1.379924
-2.409700
-2.284098
-2.196161
-1.935584
-2.359296
-1.795085
-2.683730
-1.982544
-1.305305
-1.715589
-1.757380
-2.125922
-1.686802
-2.349784
-1.745174
-2.022789
-1.538235
-1.261319
-2.637710
-2.416432
-1.939384
-1.751796
-2.152865
-2.139612
-2.281646
-1.850232
-2.203667
-1.991674
-1.655656
-2.167361
-1.728427
-2.089757
-1.597529
-2.588448
-2.390408
-1.778607
-2.175434
-1.573944
-2.267740
-2.009040
-1.406951
-1.502421
-2.486098
-1.519277
-2.054589
-1.994989
-1.459065
-1.319588
-1.533087
-1.561512
-1.796931
-1.434580
-2.706665
-2.071447
-2.430504
-2.368974
-1.911120
-1.933078
-2.468342
-1.462951
-1.955870
-1.958256
-2.542800
-2.232102
-1.699687
-1.694993
-1.602071
-2.443191
-2.471505
-2.178008
-0.564611
-2.405961
-2.014390
-2.242698
-1.593924
-2.162947
-2.098780
-1.942766
-1.483210
-1.961799
-2.138465
-1.997109
-1.416170
-2.237548
-1.848784
-2.025572
-1.515491
-1.283947
-2.396649
-1.566086
-1.983416
-1.838307
-1.699856
-1.701565
-2.628969
-1.207750
-1.600386
-1.473951
-1.925979
-1.352458
-2.476680
-2.060038
-1.512170
-1.643370
-2.444415
-1.917969
-1.885192
-2.323364
-1.692833
-2.651005
-2.499760
-1.945538
-1.903445
-1.824018
-2.354157
-2.041015
-2.078670
-1.952520
-1.778668
-1.504117
-1.605508
-1.928209
-1.961034
-2.002735
-2.428781
-2.384843
-1.762655
-2.521818
-2.386907
-1.668872
-2.270013
-2.015080
-1.904989
-1.666769
-1.825448
-2.129940
-2.066052
-1.466801
-2.211992
-1.973271
