2.637673
2.842935
-2.705766
-3.134136
3.028617
2.147362
2.948931
-2.538831
2.357816
2.821144
2.063121
-3.033483
-2.723637
2.556715
2.851333
-2.783062
2.794779
2.701228
2.357687
2.717032
-2.627056
2.811383
-3.001970
2.726433
-3.178705
-2.079847
2.779095
-2.381886
2.848969
2.781235
-3.134337
2.954738
2.617615
-2.403454
2.067921
2.600627
-2.400637
2.506487
2.845468
2.320315
2.387867
2.855330
-2.486778
3.112969
-2.796495
2.253933
2.843163
2.752047
-2.463206
2.004875
2.642971
-2.872702
-2.638817
2.370828
-3.204304
2.596753
2.815345
3.164366
-2.557394
2.858433
2.737744
2.559044
-2.943400
-3.081571
-2.542625
-2.806670
2.432945
2.716915
2.212689
2.332844
2.846157
2.839512
-2.698467
3.117286
-3.105378
-2.897243
-2.724727
-2.879130
2.871582
-2.588974
2.518383
-2.220059
2.871019
2.656984
-2.670439
2.505268
2.486086
2.386205
-2.675153
-2.837079
2.637401
-2.899078
-2.623192
3.052943
2.898855
-1.835348
2.965164
2.987306
-2.589715
-2.123302
-2.672596
2.827779
-2.574177
2.625924
2.348977
2.714172
2.773034
-2.813182
-2.422763
-2.533370
3.021754
-3.051726
-2.942741
2.438661
2.938486
-2.907171
2.684772
-2.105591
2.872769
-3.033221
2.720637
2.954941
2.284140
-2.398839
3.022554
2.817993
2.708892
2.684714
-2.497969
-2.603140
3.120155
2.427928
2.655317
-2.732772
2.807865
2.203105
2.445150
-3.077315
2.643786
2.817785
-3.093489
2.727057
2.533050
-2.211303
2.651759
2.664915
2.617514
-2.888122
-2.949050
2.407848
2.722365
2.975195
-2.418165
2.805143
-2.987094
2.779170
-2.529867
2.541805
-2.527150
2.880349
2.809711
2.916538
-2.616327
2.492915
-2.422454
-2.953122
3.013401
2.716199
2.399760
2.600090
2.842687
2.688502
-2.964420
2.841316
2.403711
2.877471
2.884206
2.498944
2.895018
-2.907763
-2.754431
2.958454
2.681119
2.815661
2.607886
2.695565
3.032234
-2.587985
-2.994208
-3.194905
2.817850
2.795923
2.921719
2.777300
-2.780587
2.806084
2.541443
-2.924535
2.735791
2.566567
1.100185
0.946229
0.770680
0.426315
0.505497
0.657319
1.101536
0.114838
1.314547
0.265348
0.095450
0.661553
0.883039
0.323051
1.314489
1.333822
0.521765
0.522644
0.858447
0.583171
0.129779
0.845634
0.246291
-0.025035
0.844955
0.640017
0.676407
0.815399
0.231671
0.434136
0.745379
0.465955
1.334069
0.437159
0.629609
0.157037
0.963521
0.176274
0.569567
0.292355
0.010883
0.555393
0.745029
1.369231
0.742854
0.517972
0.843358
0.861936
0.708236
0.175882
0.607922
0.427308
0.587024
0.155657
0.897479
0.669458
0.598983
1.080110
0.654424
0.983893
0.510428
0.208123
0.867837
0.267790
0.576999
0.608273
0.475821
0.618259
1.199632
1.839350
0.165735
1.040117
1.345123
1.369400
1.164148
0.318693
0.946974
0.462040
0.029879
0.076078
0.737192
0.190397
0.569702
-0.056512
0.747217
-0.113898
1.385675
0.537210
1.324559
0.882313
0.657448
0.896868
0.294379
0.033383
0.708540
0.446940
0.312632
0.247482
0.715637
0.482098
1.516532
0.540925
1.249298
0.264105
0.600374
1.221147
-0.055304
-0.072463
1.113192
1.611364
0.957955
0.325667
0.566115
0.172029
-0.132591
0.772255
0.052015
0.081078
0.299386
0.432603
0.425589
0.741134
0.547591
0.544010
1.702642
1.325590
0.811022
-0.169118
0.910478
0.736970
0.693023
0.417509
0.011323
0.320740
1.374245
0.756082
1.380512
0.271431
0.484892
1.348628
1.106430
0.863855
0.289568
1.022408
0.590924
0.404671
0.893850
0.676722
1.234672
0.875442
0.462474
1.281196
0.475463
0.198343
0.425429
0.660622
-0.032969
0.075556
0.142199
0.228593
0.629115
1.147870
0.640666
0.863731
0.803335
0.052985
0.809217
0.567856
0.687702
1.106044
-0.144731
0.180551
0.904562
0.580151
0.658786
0.317809
1.391030
0.294969
0.509326
0.948629
0.724350
0.732180
0.396582
1.493405
1.024634
0.919898
0.542955
0.320022
1.299480
1.091293
0.628064
1.036167
1.337179
0.684524
0.799946
0.592194
0.120936
0.144605
0.216013
0.827822
-2.958536
-3.199740
-2.505563
-1.888306
-2.758510
-2.693333
3.118461
-2.780225
-3.082343
-2.297376
-2.811133
-3.085772
-2.958231
-2.541021
2.747244
-2.688468
-3.146663
-2.690775
-2.621705
-2.446667
-2.725497
-2.356033
-3.136395
-2.684730
2.844673
-2.688898
-2.829303
-2.911091
-2.881319
-2.621703
-2.537984
2.879460
-3.092654
-2.666957
-2.615860
-2.963700
3.203261
3.178872
2.647619
-3.163334
-2.816276
-2.387000
-2.554181
-2.590849
-2.201497
-2.863319
-3.071882
-2.387418
-2.675292
-2.280639
2.964092
-2.604555
3.141891
-2.195572
-2.737298
-2.996484
-2.874242
-2.792903
2.956872
-2.607839
-2.564428
-2.178569
-2.582069
2.678290
-2.556558
2.726707
2.252843
2.865834
-2.185275
-2.879945
2.786635
-2.797225
-2.412136
-2.392514
-2.826952
2.613814
-2.732662
-2.537870
-2.228521
-2.718569
-2.520703
-2.157298
-2.811354
3.061930
-3.043154
-2.149771
-2.824748
3.125746
-2.454385
-2.730367
3.046243
-3.124522
2.757073
2.442639
-3.047649
-2.713570
2.980390
2.206126
-2.311222
-2.783169
2.896385
-2.750857
-2.851585
3.061904
2.710284
-2.694620
-3.101240
3.005377
2.889300
2.723369
-2.231069
-2.726790
-2.547904
-2.113388
-3.202202
2.916283
-2.370764
2.965322
3.070115
-2.941394
-2.827207
-3.074007
3.135217
3.081837
2.778167
-2.392041
-2.648720
-2.718424
-2.947158
-2.476496
-2.971464
-2.899522
-2.428343
-2.939170
-2.720549
2.923859
-2.459779
-2.338894
-2.328141
-2.916988
3.002172
3.046925
-2.585305
2.838976
-2.912506
-2.989950
-2.820951
3.007404
-3.183605
-3.099191
-3.049638
-2.809139
-2.846830
-3.153380
-3.139428
-2.910423
-2.822974
-2.283907
-2.801984
-2.613410
-3.030382
-2.797836
2.956776
-2.443106
-2.318219
-2.333342
-2.952359
-2.217498
-2.054033
-3.088903
3.050164
-2.330778
-2.753335
-2.887409
-3.070603
-2.575865
-2.565483
-3.073830
-2.680840
3.043645
-2.826579
-2.658082
-2.550915
-2.592627
-2.657229
-2.755007
-2.161126
-3.033975
-2.533990
2.993560
-2.988826
-2.968656
-2.441921
-2.776749
-2.856177
-2.527949
2.769426
-2.928837
-2.776776
2.576618
-1.527166
-1.173475
-1.989442
-0.622010
-2.022918
-1.315670
-2.547104
-1.675147
-2.210766
-0.791628
-2.323688
-2.423441
-1.479749
-1.078604
-2.381404
-1.108149
-0.715261
-1.188606
-1.048070
-2.328431
-1.646549
-1.068138
-2.134580
-2.069977
-1.784987
-2.230902
-2.704262
2.752272
-1.271675
-1.331913
-2.106464
-1.228757
-1.437738
-1.121307
-2.872521
-1.161856
-2.356960
-2.291893
-0.974659
-2.066523
-2.230169
-1.991001
-2.453939
-1.794695
-2.279421
-1.080232
-0.985536
-1.357811
-1.402387
-2.413540
-2.404260
-3.000421
-1.774068
-1.883665
-1.340855
-1.793344
-2.104362
-0.874624
-2.369155
-2.492515
-1.678021
-1.322877
-2.152893
-0.912302
-2.309153
-2.387407
-1.830216
-1.032273
-1.767948
-1.390957
-1.826033
-1.491264
-3.053352
-1.884880
-1.657510
-1.376841
-1.450284
-2.674073
-1.869425
-2.129805
-2.012666
-2.299550
-1.538481
-2.014357
-2.018690
2.869118
-1.335827
-1.050157
-1.782622
-1.015571
-2.099173
-2.579393
-2.254956
-2.700901
-1.887604
-1.575097
-1.194016
-2.622359
-2.175905
-1.534960
-2.224277
-1.832627
-1.195079
-1.384561
-2.382118
-2.048346
-1.309035
-0.495615
-2.126493
-2.171148
-1.623319
-0.851694
-1.915283
-1.259319
-2.047413
-1.052393
-1.903787
-0.695471
-2.463559
-1.718825
-1.990849
-1.962561
-1.809850
-2.118686
-2.432250
-1.320822
-2.363781
-2.549326
-0.962238
-3.033026
-2.272094
-0.998982
-2.409275
-0.289513
-2.323054
-1.173184
-1.215736
2.746114
-1.593657
-1.630196
-0.608731
-1.310371
-1.329410
-1.697217
-2.243960
-1.540558
-1.565731
-2.166346
-1.244387
-2.067805
-2.983445
-1.434037
-1.088863
-1.406195
-1.992014
-1.242660
-1.487191
-2.276797
-1.596189
-1.581069
-2.282311
-1.054719
-0.993917
-1.770332
-1.519813
-0.807357
-1.600190
-1.916139
-2.374171
-1.780027
-0.743155
-1.345552
-1.793373
-2.047656
-1.679724
-1.924713
-1.407811
-2.299322
-0.944108
-1.276832
-1.066002
-1.356665
-1.993021
-1.344945
-1.071085
-0.564872
-0.967892
-1.037615
-1.746600
-2.427793
-0.801448
-1.132403
-1.860652
-2.415170
-1.232657
-1.425645
-0.813464
-2.469384
-2.038480
-2.670322
