-1.918117
-2.958058
2.698992
-1.901850
-2.021740
-2.582254
-1.853535
-2.372797
-2.668377
2.822466
-1.979160
2.744304
-1.439064
-2.787730
2.810583
-2.541565
2.639129
-1.867377
0.664847
0.922043
-1.102878
-2.779649
2.754191
-1.776015
3.016896
-2.358328
-1.146105
-1.821090
-2.947768
-2.357649
-2.109045
2.891924
-2.473762
0.902876
3.187588
-2.832013
-2.204944
-2.907729
-2.899781
-1.547226
-2.682751
-1.821150
-2.949215
-2.839905
-2.897385
-2.436789
-2.756551
2.561883
-1.666762
-2.983569
2.809487
-1.919720
-2.978658
-1.529012
-1.791040
-2.795508
-2.862832
-2.824207
-3.096084
-2.994723
-2.416781
-3.010493
-3.026968
2.929305
-2.666780
-2.594967
-2.981954
-2.576549
2.999294
-2.620533
2.971353
2.703537
-3.003874
3.057272
2.978988
-2.959770
-3.042803
-3.117836
-1.358136
-2.068692
-1.747840
-2.140668
-1.699743
-1.761268
2.896417
-2.330470
-1.975224
-2.872991
-2.727830
-2.207649
-1.864032
-2.742189
-3.183570
2.672867
-2.854351
-2.842875
-2.833193
3.151471
1.182685
-3.083663
-2.832706
0.667955
-2.993482
-2.601445
-2.180292
-1.440579
2.580581
-2.930059
-3.028128
-2.899512
3.056139
-3.127911
-3.187159
-1.790336
-3.197215
3.117424
-2.454500
-2.948323
-2.033464
-1.860429
2.699735
-2.754922
-3.010017
-3.191393
-2.953637
-2.808581
-2.532098
-2.472579
2.988437
-2.802791
-2.931767
-2.614861
-1.753819
-2.871196
-2.712306
2.921153
2.946682
-2.866440
3.053519
-3.177813
-3.004053
-3.083630
-2.771878
-1.844911
-1.879060
-2.814678
3.153800
-1.795505
-2.773815
2.883485
-2.718682
-2.476823
-1.852004
-2.933140
-3.120477
-1.506298
-2.621066
-2.809722
-3.102461
-3.113031
-2.994044
-1.700325
-2.847392
2.741705
2.833350
3.007736
-2.138223
-2.925363
3.027546
-2.666591
-2.938540
3.089970
-2.876578
-2.937783
-1.954173
-1.115243
-3.033326
-3.189792
-2.371220
-2.741906
-3.127481
-1.841270
-2.630683
-3.031986
-2.806468
-2.538823
2.791966
-2.865615
-1.734044
-1.861564
-2.837905
-2.636316
2.993017
3.159628
-1.867347
2.986608
-1.689788
-2.913446
-1.515756
-2.878934
2.848186
1.632015
1.599372
1.461685
1.286559
2.152845
-1.626395
2.939488
1.727175
-1.976479
1.251280
1.825356
1.110716
1.814318
2.334915
1.634064
-2.060516
2.025758
1.557821
1.554844
1.824016
1.340594
2.588306
1.705498
-1.618751
2.092336
0.505698
1.705474
-1.464543
1.524625
1.368592
0.861112
-1.881684
1.978715
0.896572
1.823293
1.849349
1.846616
0.655644
2.048582
1.518101
2.225623
1.955008
1.281772
-1.437847
-1.655076
1.395454
0.902051
1.996076
1.650814
2.098195
1.931954
0.731904
2.006194
1.253277
1.436108
1.779479
-1.941945
2.078288
1.945555
-1.337439
1.903893
1.965920
1.595166
0.580894
2.080722
-2.991135
2.057064
1.230169
1.921519
1.983884
1.872739
1.756579
2.211831
0.298279
1.946386
2.083631
1.367738
1.767712
-1.573916
1.230853
1.605828
-1.439141
2.305449
2.317195
-1.959331
-1.673159
2.424593
0.300866
1.563272
1.875941
-1.196075
1.595389
1.336608
1.800518
1.479017
1.795425
-3.018669
-1.882631
2.125520
0.535915
1.149684
1.788235
-1.570669
1.945297
1.542543
0.361808
1.313519
1.653708
1.636370
1.010785
2.608554
2.327188
1.867532
1.294490
1.284727
1.290948
0.946967
2.014683
-1.523777
2.709644
1.295424
1.525086
1.834470
1.679399
1.502509
1.752840
2.144678
2.516754
1.544074
1.401714
-2.532975
-2.862036
1.660482
2.217986
2.123752
2.091550
-1.762400
-1.869279
1.745381
1.510288
1.047096
1.511204
-1.738742
1.882334
0.895950
2.137549
1.033424
1.579486
1.573835
1.650840
2.133626
2.016139
1.314579
2.322617
1.636238
-1.867375
2.037196
-1.601199
1.259944
2.123844
2.007970
-2.434538
1.955379
2.045079
1.824315
-1.616278
1.652038
1.473751
2.174324
1.865789
1.961948
0.968786
2.375319
0.954270
1.404348
2.057276
1.989291
2.142932
1.420792
2.815116
0.514817
1.126777
-1.710308
1.533325
2.061684
1.914045
-2.001391
1.979888
1.838639
-2.274813
2.291014
0.710778
1.616520
1.553611
-1.519015
2.132301
2.482718
1.533404
2.219071
2.192314
-3.034617
-2.566018
-2.975739
-1.892801
3.022068
-2.562546
-2.495535
-3.206948
-1.880113
-3.038334
-2.643737
-2.133207
-3.067968
2.870279
-2.510153
-3.055512
-2.965504
-2.414215
2.990225
-2.939769
2.735122
-2.627335
2.811765
-3.079500
-2.661359
-2.861641
-3.055393
-2.874229
-3.084790
-2.627245
2.878829
-2.602341
-2.658509
-2.912091
-1.883369
-2.672991
-3.139874
-2.880846
-2.494194
-2.764513
-3.061203
3.021613
-3.072778
-2.854763
-2.155815
-2.798216
-2.973191
-2.580841
-2.646396
-3.107711
-3.191842
-2.104866
-2.899750
-2.497733
-3.161224
-2.815819
2.997017
-2.582208
2.693702
-2.143019
-2.390008
2.998679
-2.994289
-2.913546
-2.823756
-2.617308
-1.827324
-2.991509
-2.473490
2.575226
3.049595
-2.952854
-2.429775
-2.427720
-2.657070
-1.932488
-2.300898
3.071227
-2.197304
-2.418567
2.775818
-2.452930
-2.780510
-2.786966
-2.558305
-2.789309
-3.119602
3.102249
-2.619805
-2.016851
-2.963084
-2.351936
-3.073566
-2.584461
-2.821182
-2.831102
-2.733932
3.020416
-2.520032
-2.352883
2.850709
-2.851265
-3.014919
-2.613218
-2.944800
-3.055123
2.944244
-2.353529
-3.124705
-2.165828
3.069688
-2.489158
3.074358
-2.260426
-2.670234
-2.230722
-2.064729
-2.617218
-2.135193
-2.701259
-1.913001
-3.140120
-2.253756
-3.057510
2.965349
-2.799237
-2.966557
2.584502
-2.764943
-3.058872
-2.717228
-2.626427
-2.937368
-2.475554
-2.674814
-2.238207
-2.291999
-2.584910
-1.749175
-3.054340
-2.698924
2.932428
2.688716
2.649205
3.027284
-2.857813
-2.948292
-2.446104
-2.801792
-3.033916
-2.332970
-2.087760
-2.836255
-2.616542
-2.991181
-2.488198
-3.169236
3.004651
-2.938448
-2.619191
-2.888298
-2.964848
-2.476680
-2.727572
-3.056265
2.938913
2.999482
-2.956436
-2.802273
-2.563531
2.870522
-1.912626
-2.928798
-2.230735
-2.656584
3.108135
2.946073
-2.598445
-2.707485
-2.702119
3.191473
-2.387672
-1.766259
-1.909199
-2.802665
-3.039271
3.068302
3.022185
-2.832085
-2.724132
-2.511827
-2.482907
2.902324
-2.374974
2.858700
-2.554584
3.194748
-2.782866
-2.837516
-2.894171
-2.782099
-2.500265
-2.225651
-2.357479
3.005798
-2.460922
-2.441024
-2.524104
-2.620904
-2.726654
-2.905736
-2.411429
-2.955156
-2.191472
-3.048404
-2.961235
-1.845862
-3.056250
-3.039670
-2.887357
3.162192
2.475266
-2.324553
-2.621610
-2.045691
-2.497369
3.044308
-3.154660
-2.767102
3.090846
2.589865
-2.685023
-2.591848
-3.030129
-3.143994
-2.164557
-2.243265
-3.156022
-1.658234
-2.938242
-2.302862
-2.659682
-2.542188
2.888447
-3.113289
3.134139
-2.307325
-2.404935
-3.177155
-3.033291
-2.859964
-2.131955
-3.072888
-2.543960
-2.349171
-3.004672
-2.541513
2.931762
-2.121104
-2.786292
-2.396148
-2.225694
-2.464110
2.815709
-2.481557
-2.403372
2.515543
-2.783629
-2.049895
-1.967001
-2.455000
2.713135
2.698770
-2.323687
-2.152423
-2.158052
-2.868722
-2.792754
2.657704
2.442281
-2.948736
-2.218606
-2.420907
-1.960541
2.342398
-2.808729
-2.137745
-2.460473
-2.818493
3.012404
-2.231999
-2.393548
-2.882657
-2.317935
-2.363203
-2.969213
-2.486026
-2.295603
-2.393021
-2.708450
-2.476142
-1.980326
-2.158560
-2.851692
-2.961457
3.112181
-2.709363
-2.549837
-2.969249
-2.333409
2.717382
2.443121
3.018175
-2.332955
-2.999353
-2.703672
-2.144770
-2.891223
-2.652274
-3.098075
-1.887213
-2.742644
-2.426805
-3.016532
-2.742424
-3.010437
2.904712
-1.886818
-3.188305
-2.654408
-2.882164
-2.848291
2.753826
-2.941927
-2.916822
-2.935489
3.066545
-2.846667
-2.344517
-2.489733
-2.641604
-2.748401
-2.779047
-2.471865
-2.266932
-2.277711
-2.687031
3.078305
2.984940
-3.018829
-2.445489
-2.827290
-2.870541
-2.568691
-3.087496
-2.729430
-2.481941
3.080006
-2.291563
-2.265827
-2.698760
-2.890654
-2.659800
-2.455076
-2.247311
-2.692871
-2.717446
-2.663505
-2.425565
-2.457107
-2.662138
-2.769919
-2.829011
-1.781683
-2.662241
-2.904008
-2.997322
-2.199620
1.873869
3.039511
-2.836683
-2.631117
-1.499823
-2.585929
-2.342856
-2.391225
-2.345828
-2.454936
-2.567019
-2.491051
-3.045670
-2.187943
3.060323
-2.747349
3.033997
3.038509
2.778598
-2.689766
-2.306270
