-3.018044
-3.066789
3.065597
-2.865765
-2.565383
-2.720241
-2.907852
-2.782492
-2.899977
-2.730774
-2.579949
-3.025786
-2.482634
-2.893544
-2.882396
-2.757204
-2.662999
-2.699293
2.876051
-3.191512
-2.986585
-2.751211
-2.722891
-2.640247
-2.913859
-2.404700
-3.062320
-2.636347
-3.050269
-3.041092
-2.857156
-2.839129
-2.778414
2.763481
-2.846616
-2.851091
-2.251804
-2.527484
-2.463537
3.179520
-2.421085
-2.334916
2.789766
-2.538672
-2.589750
-2.608389
-2.775148
-2.272483
-2.679911
-3.007471
-2.935129
-2.928237
-3.060711
-2.445476
-2.637339
2.834476
-2.871951
-2.783537
-2.843289
-2.966668
-2.418060
-2.916163
-3.041515
-3.053043
-2.993993
-2.410987
-2.917614
-2.632136
2.892757
-2.745394
-2.907740
-2.997178
-2.979693
3.192962
2.969326
-2.856336
-2.719970
-2.850172
-2.837296
-3.043074
-2.478941
-2.734885
-3.149773
-2.788498
-2.720728
2.966475
3.048026
-3.017709
-2.678293
-2.683239
-2.843524
-2.103298
3.151104
-2.586901
-2.459032
-2.551923
-3.145484
-2.987289
-2.827885
-2.671780
-2.284878
3.075863
-3.041130
-2.754081
2.814009
-2.766982
-2.496156
3.094983
-2.548634
-2.668377
-2.769294
-2.483988
-2.956603
-2.892594
-2.388956
-2.783656
-2.677927
2.909210
-3.186467
-2.877475
-2.876713
-2.725810
-2.559149
-2.720194
-2.892975
2.469331
-2.860796
-2.603516
-3.206065
-3.016017
-3.112353
-2.551302
-2.966464
3.103508
-2.552948
-2.769482
-3.025587
2.875598
-2.532625
-2.994353
-2.953636
-2.950871
-2.449851
-2.893707
-3.000237
-2.861064
-2.848439
-2.805372
3.087024
2.896857
-2.841943
3.059006
-2.723966
-3.004552
-2.888150
-2.556624
-2.600955
-2.676668
-2.845674
-2.823558
-2.427304
-2.691588
-2.709401
3.174001
-2.585624
-3.100143
-3.027541
-2.539697
-2.417027
-2.837614
-2.279993
-3.067789
-3.131746
-2.378459
-2.720020
-2.692027
2.985242
-2.638154
-2.376509
-2.519569
-2.831796
-2.773482
-2.546040
-2.492654
-2.795705
-2.766612
-2.484948
3.012893
-3.044375
2.549275
-2.628015
3.061355
-2.392189
-2.870906
-2.789982
-2.975974
3.090223
3.055624
-2.848108
3.023078
1.258399
1.566631
0.744543
1.922673
1.950082
0.777273
2.134259
1.010342
2.184799
2.138752
1.615945
1.542061
1.928337
1.534479
1.241774
1.307979
1.269841
1.512500
1.874427
1.267133
1.856895
2.094396
1.412686
2.931761
1.292970
1.218747
2.077680
0.928232
1.482561
1.876162
1.355315
1.199662
1.726958
1.261927
1.555421
2.197192
1.686503
1.756298
1.502507
2.245781
1.724781
1.387159
1.495985
1.529886
2.161303
2.053366
0.761653
1.532104
1.785078
1.904777
1.914854
1.724238
2.080452
1.032283
1.550691
1.522003
1.317357
1.245874
1.777716
1.466603
0.952556
1.975115
1.156147
2.096080
2.017410
1.518877
0.756663
1.361818
1.303385
1.367282
1.275319
1.823492
1.452186
1.747119
1.292382
2.012038
1.642576
1.398436
1.745025
1.332930
1.499890
1.937413
1.720886
1.412912
0.993410
1.538454
0.849865
1.625202
1.915829
1.522075
0.924408
1.213940
0.876125
1.392536
1.655707
2.178964
1.153122
1.805506
1.508833
1.852397
1.273474
2.079520
1.281196
1.401870
1.540892
1.359571
2.126630
1.668916
1.578688
1.241600
1.127205
1.690696
1.075144
2.286671
1.600924
1.010738
1.760527
1.801924
1.201733
1.040547
2.315130
1.727368
2.274901
1.556833
0.744590
1.301685
1.828887
1.911610
1.779745
1.158821
1.620700
1.623761
0.884112
2.154469
2.297000
1.882354
1.442660
1.135352
0.842901
1.310593
1.047128
1.637645
1.393234
1.700408
0.960451
2.180694
1.453600
1.386887
1.814456
1.337060
1.555868
1.281196
1.165258
1.567100
0.874777
1.828242
2.277528
1.740580
1.493094
1.858193
1.544060
1.309770
1.568499
1.976448
0.530160
1.615114
1.846702
1.743636
0.802592
1.681298
2.275147
2.035637
1.772578
1.838612
1.447075
1.730470
0.917633
1.326424
0.818814
1.910243
1.748747
1.487503
1.853109
1.468201
0.454131
1.216792
1.507029
1.502075
2.176404
1.249013
1.497310
1.481817
1.098394
1.111190
1.982545
0.953848
2.043863
2.285907
1.808743
1.460930
2.380652
2.119569
-2.871861
3.081885
-1.712128
-2.216849
2.619639
-2.382128
-2.331740
2.800520
2.739080
2.724789
3.027781
-2.406059
3.009997
-2.530231
-3.169062
3.183187
-1.996701
-2.000191
-3.128706
-2.929357
-3.206766
-2.005506
-2.883641
-3.131531
3.080910
3.153562
3.009258
-2.346439
3.186148
2.557605
2.616524
-1.929106
2.805600
-2.995331
2.985056
2.779719
2.353698
2.626392
2.784383
-2.687261
2.754061
3.026679
3.048735
-2.524056
-2.351002
-2.598525
-2.891147
2.965754
3.153986
2.974018
-2.139973
-3.059232
-1.822359
-2.791563
-2.512993
-3.006979
-3.122610
2.700483
-2.253245
3.169118
-2.636930
2.924236
-2.175258
2.836241
2.938323
-1.865913
-2.825712
2.994170
3.080887
-2.011778
-2.389583
2.909572
-2.875838
2.706244
-2.595319
-2.260295
-1.938957
2.939499
-2.292324
2.610656
2.610780
2.608160
2.603512
-2.282689
-3.025092
-3.195191
2.984580
2.901910
-2.607397
-2.502263
-2.765674
-3.151965
3.083319
2.598044
-2.519900
3.162961
2.827430
-2.624127
2.452703
2.783061
3.050819
-2.982730
-2.945061
-2.409977
3.146943
-2.902909
2.870532
2.717762
2.990998
3.135265
-1.661592
2.963890
2.960588
2.442638
3.109443
3.098844
3.113357
-2.708650
2.861335
-3.027974
3.054402
-2.973554
3.123159
-2.891522
-2.900881
2.798332
-2.872207
-2.276191
-3.094530
2.507833
3.027635
-3.067417
-2.947654
-2.999144
2.889398
-3.052982
-2.503750
-2.102728
3.045088
-2.735388
-2.448841
-2.718273
-2.473952
-2.003243
3.118706
3.061023
2.829057
3.156760
3.092117
-2.207189
-2.458003
3.011668
-1.984927
2.991024
3.045632
2.275918
3.112312
3.033155
-1.632514
2.851038
-2.843050
-2.599261
-2.500217
-2.145418
-2.116343
2.958459
-2.521124
2.823682
-2.147069
-2.203699
2.795293
-2.717696
2.797371
-3.034242
2.610090
-1.688780
-2.913705
-2.954319
-2.164549
-2.727032
-2.592837
3.048011
2.866087
3.117695
2.679354
3.029176
3.030547
2.931977
-3.124049
-2.938782
-3.014887
-2.467742
-2.616289
2.944210
2.805806
-2.510828
-1.890132
2.565464
-0.998340
-1.602083
-2.099680
-1.438888
-1.557284
-1.503555
-1.133598
-1.666279
-1.471003
-1.044371
-1.571514
-1.965976
-1.769398
-1.427438
-1.221408
-1.348239
-1.535415
-1.884961
-1.947328
-1.853201
-1.983319
-1.171329
-2.199885
-1.182039
-1.565603
-1.697831
-2.342766
-2.194918
-1.966472
-1.598824
-1.230735
-1.538589
-1.473190
-1.529288
-1.717035
-2.154733
-1.170112
-1.499182
-1.693050
-2.006298
-1.778893
-1.521925
-1.890399
-1.226995
-1.595823
-1.855120
-1.433311
-1.573426
-1.714851
-1.458403
-2.330813
-1.542847
-1.467971
-1.721030
-1.417079
-1.934016
-2.273427
-1.379750
-2.054158
-1.680945
-1.924624
-1.012208
-1.407365
-1.585888
-2.013381
-1.794760
-1.350318
-1.576660
-1.458975
-1.333828
-1.434614
-2.030846
-0.943552
-1.684520
-2.018132
-1.628461
-1.309539
-1.941188
-1.135037
-1.805204
-2.037302
-1.604921
-1.775806
-1.550953
-1.545745
-1.434794
-1.670223
-1.477643
-1.526438
-1.879201
-1.140469
-2.391133
-1.949530
-2.155061
-2.028550
-1.147373
-2.109933
-1.435631
-1.392407
-1.136284
-0.703090
-1.689013
-1.050625
-1.551719
-1.759568
-1.463266
-1.668140
-1.374550
-1.677816
-1.953231
-1.879977
-1.102556
-1.465606
-1.293997
-1.178257
-1.866313
-1.260967
-1.727273
-2.054288
-2.412315
-1.180820
-1.181628
-1.562443
-1.512154
-1.353892
-1.595860
-1.655526
-2.059869
-1.545318
-2.038120
-2.069958
-1.555317
-2.121804
-1.632987
-1.881893
-1.810080
-1.960672
-2.066843
-1.512009
-2.107521
-1.106908
-2.260122
-1.933038
-1.181936
-1.475917
-1.443338
-1.531732
-1.508669
-1.329896
-1.165479
-1.954215
-1.582545
-1.924087
-1.188244
-1.272554
-1.722505
-1.146576
-1.975337
-1.694116
-1.446951
-1.911872
-1.232502
-1.292939
-1.766160
-1.602324
-1.851414
-1.429463
-1.756711
-1.540562
-1.746897
-1.351455
-1.801609
-1.076533
-2.135735
-1.998201
-1.588448
-1.489622
-1.215335
-1.606001
-0.997339
-1.379825
-1.490306
-1.259278
-1.976296
-1.673484
-1.731894
-1.286543
-1.727875
-1.610448
-2.074861
-1.187067
-1.742498
-1.233129
-2.005508
-1.358279
-1.462351
-1.230378
-1.245724
-1.954545
-2.128609
