-1.895472
-2.990991
-2.323431
-2.728786
-2.776285
3.029488
-1.720623
2.498381
2.960310
3.128328
-2.205826
-2.638986
-2.387405
-3.000629
2.036804
-3.119823
-2.478263
-1.867377
0.247661
0.113970
-2.280975
2.428298
-3.181695
-0.763726
-2.765770
-2.779458
-2.216752
-2.737388
-0.129220
-2.038233
-3.074037
0.682644
-2.950154
0.313828
0.344550
3.125822
-2.234981
2.732731
-2.952687
-2.476688
-2.935767
-2.666727
0.705480
0.916220
2.908920
-1.488379
2.634769
-2.277686
-2.234057
0.054776
2.915886
-2.480099
-2.808954
-2.380075
-2.304289
-3.037106
-2.963810
2.860797
2.794402
-2.901939
-1.400847
2.289731
2.434561
0.619272
2.872714
-2.142846
1.757007
0.423143
-2.961467
-2.944523
-2.241902
2.623281
2.835688
-0.127902
2.214028
0.335880
0.635226
3.074824
-2.510272
0.680838
-1.271147
-2.278556
-1.983058
-2.511787
3.027316
-2.166334
-2.167247
-2.646165
-2.157785
-2.646343
-2.096913
-2.985483
-2.964444
-3.096583
0.156574
1.709302
-3.092802
-2.757802
0.266387
2.931319
-2.637671
0.470763
0.782292
3.063664
-2.253381
-2.770156
2.262898
-3.067419
0.253740
-2.906714
0.532576
-3.009062
-2.881159
-1.395980
2.377884
-2.876768
-3.043808
-2.736525
-1.664725
-1.633366
2.628460
0.220227
-3.019107
0.244821
2.796187
2.730120
1.478988
3.078562
2.528619
-2.797560
3.129402
-2.838538
-1.543740
2.898458
-2.593866
2.718109
2.727437
-2.371957
2.090198
0.670236
0.771059
0.506022
-3.119646
-2.695994
-2.330284
2.832313
-2.832007
-2.243985
3.196613
2.730767
-3.025617
0.163516
-2.216146
-2.805905
2.169894
-1.922395
2.613023
2.778001
-2.651699
-3.100426
-2.732245
-1.777105
-3.009655
2.334583
-2.845377
-2.751851
-1.830557
0.520113
0.514900
-3.170202
-3.043578
3.109902
-2.965846
3.077277
-1.650807
-2.302173
0.568947
-2.404394
3.071476
3.172674
2.949511
-2.458806
2.939256
-3.056464
2.981325
-3.096301
0.675885
2.173647
-2.936498
-2.400706
-2.837905
2.602623
-2.920557
-2.675863
-1.801046
0.697605
-2.484383
-2.938276
-2.610839
-2.737991
-1.683441
-2.785207
-2.355494
-2.408301
2.991765
0.452054
-2.190035
-1.951738
-2.873078
-2.567992
-2.603830
-2.091544
-2.439938
1.545887
-2.383261
1.558089
-2.187130
-2.201680
1.202328
1.336134
-1.790733
0.456686
-2.385883
-2.729707
-2.588062
-2.643630
0.634842
-2.951107
-2.232127
2.615941
1.028450
-2.425819
0.442227
-2.639891
0.351069
0.591472
-2.593990
-2.531724
0.601107
-1.956743
-2.596980
-2.310339
-2.460759
-2.219826
-2.589149
0.438893
-2.997342
0.706093
-2.790897
-2.248954
1.049202
-2.487935
0.460364
-2.175583
-2.301251
-2.809606
-2.509040
0.887650
-2.285651
-2.669798
-2.715475
-2.515374
-2.362680
-1.617097
0.398291
-2.958995
-1.685908
-2.869425
-2.500446
-2.678662
-2.528780
-2.187697
-2.505623
1.479215
0.588551
-2.290086
-2.785570
2.748693
-2.315555
0.958504
1.041617
-2.102734
0.680326
-2.199969
-2.002494
-2.188885
-2.264723
-2.619268
0.147605
-2.545174
-2.396570
0.443172
0.767555
-1.859288
-2.110848
-2.498211
0.787863
0.865660
1.070929
-2.886848
0.467072
1.101263
-2.614776
-2.094460
-2.577476
-2.499068
0.612869
-2.327950
-2.238897
1.289589
1.125796
-1.983014
-2.460137
-1.817994
0.503428
0.589697
-3.014074
2.079087
-2.507514
-2.347305
1.251046
-2.934815
-2.631564
-2.500779
1.501128
1.438248
-2.389356
-1.973480
1.726794
-2.542092
1.316710
-2.387510
1.204372
-2.207913
-2.677869
1.497559
-2.528387
-2.111572
-2.577485
-2.424723
-2.216658
-2.457150
-2.379436
-2.702076
-1.787800
0.324506
1.520501
1.557997
-2.927986
-2.483577
1.446164
-1.856550
-2.528380
1.546373
-2.602516
-2.387569
-2.784276
-2.271253
-2.055786
-2.355093
1.529289
1.594193
1.049006
-2.654194
1.504072
-1.661547
-3.188286
-2.450653
-2.298297
-2.559358
-2.256305
-2.541226
1.239958
-2.435670
-2.268558
-2.397601
-1.811522
-2.068647
-2.700748
-2.838630
-2.694515
0.676471
-2.383981
1.326364
-2.190882
-2.548634
-1.736397
-2.138107
-1.902995
1.690391
-2.372268
-2.763906
0.811143
-2.578770
-2.650689
-1.931932
-2.328737
-2.484052
2.230382
-1.944626
-2.259579
-2.838618
-2.991093
3.106226
-2.762291
3.046146
-2.949283
-3.073676
-2.661511
-2.669055
-2.448379
-2.314862
-2.347707
2.808259
-2.408280
-2.829469
-2.531913
-2.703704
-1.413678
-2.502440
-2.946131
-2.669721
-1.686889
-2.543605
-2.639543
-2.779647
-2.075330
-2.302097
-2.212890
3.043789
-2.966727
-2.797174
-3.032465
-0.974114
-2.762577
-1.755919
-2.889086
-1.965892
-2.359750
-2.801178
-2.722913
3.035471
-2.563062
-2.503577
-2.586035
-2.332545
-2.907913
-3.093505
-2.312159
-2.722129
-2.876406
-2.586252
-2.724775
-2.671878
-2.345208
-2.595025
-2.489853
3.114851
-2.415478
-2.351688
-3.158941
-2.417058
-2.805825
2.861159
-2.782646
-2.169258
-2.413458
-2.862150
-2.929792
-2.600857
-2.670745
-3.069441
3.137149
2.836710
-2.689520
-0.047138
-2.867020
-1.525630
2.809428
-2.422827
2.555622
-2.809926
-2.412550
-0.442424
3.011259
-2.719960
-2.749139
-2.722541
3.020427
-2.099046
3.044618
-2.898509
-2.875534
-2.942666
-2.681573
-1.411483
-2.563611
-2.743893
-2.553180
-2.781370
-2.747835
3.064825
-2.760275
-2.400633
2.763669
-2.738209
-2.745844
-2.924432
-0.865521
-1.783555
-1.526099
-2.389344
-3.068050
-2.340696
-2.810059
-2.483092
-2.826202
-2.718243
-3.007668
-1.325541
3.183910
2.792070
-2.998648
-1.357860
-2.482598
-2.807516
-2.320480
-2.442959
-2.496404
-2.675984
-2.835189
-2.354632
-2.181898
-2.536279
-2.216774
-0.532445
2.766895
-3.150422
-2.910142
-2.638630
2.574347
3.059108
-2.548961
-2.448800
-2.853365
-2.608629
-2.199547
-2.570220
-2.301061
-0.466065
2.961761
-3.139015
-2.657198
-2.527591
-2.914704
2.677210
2.952297
-2.517150
-2.159137
-2.570667
-2.801882
-2.696058
3.034212
-2.236721
-2.228229
-2.745911
-2.700615
-3.155592
-3.181373
-0.565582
-2.527704
-2.715138
3.023784
-2.702795
-0.818417
-2.413719
-2.329299
-2.538139
-2.693706
-0.396595
-2.411527
3.058128
-2.634535
-2.795147
2.895816
2.946086
-2.328360
-2.691285
-2.647831
-2.429966
-2.950357
-2.843079
-2.412781
2.892013
-2.413526
-2.864797
2.968247
-2.743585
-2.610055
0.113327
-2.306286
-2.244257
-2.148742
-2.787736
-2.318435
2.998285
-2.367996
-2.693663
-2.460438
-2.879228
-2.677049
2.352818
-2.747551
-2.867688
-2.797956
2.485606
-1.844594
-2.102487
-2.586897
2.711820
-2.938879
2.698613
2.889178
-2.320584
-2.373579
2.975104
-1.963154
-2.691532
-2.182466
2.564243
-2.440367
-2.603844
-2.320328
-2.923368
2.780859
-2.093859
-2.354426
-2.520413
-2.799010
-2.557314
-2.783516
-2.773294
-2.131433
-2.180942
-1.941543
3.038642
-3.058520
-2.823918
-2.223872
-2.764056
-2.700660
-2.500780
2.791706
-2.664168
-2.617694
-2.072449
-2.568765
-0.405716
-2.644928
-2.960302
-2.479058
-3.131728
-2.205046
-2.638449
2.744308
-2.135824
-2.527846
-2.795903
-2.207722
-2.366328
-2.285847
-1.799038
-2.620429
-2.763231
-2.647927
-1.871798
-2.466953
-2.160702
-2.827110
2.845187
2.823633
2.692841
-2.614236
-2.049567
-2.555954
-2.562378
3.036755
-2.377674
-2.088980
2.623576
2.898747
-2.589872
-1.887286
-2.269743
-2.692432
-2.297753
-2.625042
-2.877190
-2.315088
-2.044650
-2.075285
-2.161168
-2.065650
-2.199965
-2.373298
-2.699658
-2.683658
-1.966622
-2.478306
-2.202242
-2.662772
2.901729
2.602917
-2.455337
-1.797121
2.866398
-2.200768
-2.880333
2.605370
-2.220614
-2.979931
-1.911980
-1.795397
-2.335716
-2.606639
-2.182022
-2.136595
-2.817437
-2.784163
3.072327
2.977783
-2.542208
-2.358047
-3.004290
2.710493
-2.880497
-2.187362
-2.198578
-2.805364
-2.285514
-2.691667
-2.263697
-1.701203
-2.639299
-2.609739
-2.536154
-2.700187
-2.811974
-2.613824
-2.251048
2.865116
-2.475679
2.574943
-2.099802
-2.552081
2.856655
-1.832846
-1.667108
-2.501262
-1.653517
-1.942064
-1.981454
2.825822
-2.787686
-2.007460
-2.654703
-2.617180
-2.128496
-2.139680
-2.604719
-2.207983
-1.975305
-2.241436
-2.792019
-2.110912
-2.420246
-2.353127
-1.950125
-2.814759
3.051966
2.911957
-2.639023
-2.553219
-2.000057
-1.987081
-2.221336
-2.602048
-2.423443
-2.110870
-1.821918
2.742455
2.750840
-2.142866
-2.358192
-2.662417
-2.602941
-2.869255
2.466694
-2.111295
-1.955041
