1799.406514 1000.497499
1790.670308 484.677965
1712.398903 329.629557
1930.517891 890.107675
1924.231368 1088.084740
59.996039 485.731350
266.644363 441.650141
74.131973 866.768552
1970.754590 456.374840
1707.944215 533.852345
1424.420108 435.435434
1622.434016 457.762781
1564.082892 418.149634
1578.263192 490.336534
78.177388 919.386171
1651.065562 529.907334
1669.612869 503.200504
217.323717 438.724520
1845.304442 904.029526
1889.569320 802.201664
1674.006614 446.461490
88.020756 953.712349
1573.031120 511.203223
1868.399220 842.966849
25.242126 871.474736
1412.126978 475.385950
1876.716356 1053.154530
1603.334401 534.128383
1879.189359 321.177801
1988.653701 484.185317
15.655477 956.701178
1992.638887 861.783518
57.715746 436.735528
1633.719363 575.651088
1887.909462 451.929460
1783.139312 461.793749
1566.224256 549.508314
61.033000 526.087776
29.886002 431.386764
93.380870 498.369999
15.462006 457.038375
1953.611975 984.344439
1769.498935 396.076014
1866.479113 427.532657
1482.250110 483.660200
92.933979 545.857746
85.896323 463.145635
92.578262 787.094977
1818.030476 933.893488
1994.629836 396.775785
1932.339726 908.367658
1977.187948 835.998283
102.635058 382.995769
1817.526435 930.556104
1887.199382 1009.434200
171.230739 444.008681
1670.367075 414.845836
5.969347 745.910949
1639.862538 431.625224
1899.166363 899.970270
1797.501443 929.631822
1998.721634 824.657492
1744.135096 388.172840
216.499334 1076.365864
62.396968 425.357212
1543.605150 484.412151
1998.528242 705.291887
62.928622 376.641814
1531.096228 422.221656
40.856810 469.715221
50.709023 828.459612
52.737860 899.846830
1691.055731 445.986326
140.791173 385.638472
102.614290 882.508481
1959.025337 869.573778
1839.916774 352.343109
1993.181008 779.246091
1920.857678 945.349507
1808.168144 328.961684
45.495929 746.167129
1534.626190 559.807625
1501.145404 535.744845
1981.006765 1005.367950
1668.176125 412.736855
1599.379093 575.738824
1671.192416 565.528209
1606.066521 423.721850
1901.810811 1036.244192
127.954973 520.725168
1925.998882 942.251316
1740.827142 516.511343
1710.477228 495.864368
1928.677271 875.125293
45.181375 936.811647
1747.182210 322.994557
132.595594 449.383088
54.125478 842.273257
1940.511362 775.234456
81.480544 403.875584
1546.833710 516.445911
1414.444910 444.779374
1777.966481 368.442326
23.608038 489.020472
1548.455758 589.411697
1843.151943 1005.185223
1987.879952 878.173637
1751.512685 437.604122
1907.231111 357.049512
3.416913 447.048786
1942.299872 358.810513
1735.797797 286.518309
1606.788040 456.253670
1822.911403 864.123130
31.731156 989.185862
1636.488531 467.198264
1969.000937 407.846033
1416.817953 393.553387
1945.465642 806.450724
268.484676 476.352115
80.125535 782.924582
1859.043469 460.313001
1924.537575 799.693719
1833.648652 408.229210
53.077655 914.771411
1597.995495 483.704759
1870.720660 495.600380
1839.256155 987.895813
1585.319462 410.558176
1610.682288 487.864103
129.661556 417.665557
96.008415 433.910379
1863.088070 831.884278
34.230163 697.313775
1536.273257 500.969509
1908.394991 846.320727
1520.354806 457.878639
65.580080 855.482774
1994.024722 777.453565
83.704628 833.734185
85.365219 913.687936
1771.939852 423.866795
31.398070 539.980359
1481.112075 453.198248
1999.875846 932.713252
1993.273210 430.240715
1722.031884 414.813920
1626.369600 614.606033
1626.356213 389.514955
1629.954953 500.796002
152.142912 485.251079
97.675191 814.779236
1552.660078 454.774162
1813.691275 967.397124
1762.958004 524.250090
1849.238344 873.120274
1645.844755 390.655071
1743.670386 478.721046
1727.475816 446.882566
1925.247554 441.766813
1879.002699 909.979007
1963.152601 1040.392364
1878.178165 395.099952
1686.504564 521.816540
1477.713440 426.250941
1613.510537 532.888772
1483.015485 517.915133
1861.195579 507.793842
36.079774 402.614475
117.838971 449.680066
1817.481808 449.221534
1850.611683 950.532550
1707.576435 468.664380
120.062664 485.995599
1808.869695 888.383392
1668.997799 625.312672
1800.662442 415.235542
1544.681333 387.462262
1954.653089 420.422875
1511.086959 492.456534
12.051648 898.121849
1881.490226 1091.731605
1875.076679 945.909785
32.375679 794.028209
1938.277300 393.310679
1658.972871 476.388773
321.474225 468.532867
47.391249 766.859388
1971.435192 921.380908
1489.088399 571.630633
1852.972595 887.248781
81.702084 740.596770
1712.370843 382.470921
1632.469519 502.943850
233.891254 470.298988
1807.630902 385.215780
1714.297422 563.941165
1909.836110 403.911810
1919.930960 975.652513
1953.791223 475.856105
833.968225 188.906068
1056.997616 970.190560
1228.415740 544.782804
1023.900941 976.639737
1039.354171 929.708215
1514.129374 552.609006
1200.060476 959.935030
1783.754417 568.992605
1366.966861 451.589477
1217.928539 783.596064
1132.259603 967.481670
1262.504974 494.804284
1148.182889 1044.592396
1380.319521 433.373379
1247.002448 397.186639
1182.832168 583.942374
1189.753675 998.421974
1249.184226 649.936118
1205.101374 879.272679
1159.772988 992.509176
1799.242337 537.642994
1270.710899 952.163104
1587.119249 540.867071
1113.945256 1041.649423
1133.573755 912.246187
1323.199219 447.031103
972.252855 524.020285
1226.728783 901.111553
1145.486945 758.153912
1503.972153 491.154476
1097.130054 1017.659807
1199.086509 1098.898072
1183.294689 1003.708153
1243.136737 1057.348346
1217.939811 985.229845
1499.624767 640.618724
1150.238478 995.250260
1299.371022 872.467881
993.196348 596.368775
1331.593017 429.141384
1257.614851 977.626844
1174.827939 958.067487
1361.591048 544.393032
1255.480566 414.982186
1103.577985 893.311426
1993.711376 608.128995
1179.412736 1038.941789
1213.176392 1052.990439
1314.761960 526.068946
1408.443305 380.621451
1527.489309 584.362232
1230.240148 568.269846
1064.554969 605.649439
1417.814965 611.757577
1133.301898 1069.312362
1137.646207 1018.666485
1288.267861 537.908067
1146.041729 804.128222
1274.451047 485.763769
1289.521487 1045.102177
1234.201595 1087.712768
1226.381094 629.335700
1181.408055 953.412717
1345.829770 520.111319
987.828955 557.456009
1291.908930 758.152169
861.212197 246.962335
1169.435373 542.254661
1259.953812 1056.486552
1323.561502 494.292763
1450.056227 572.399710
1298.972380 488.528651
1197.331225 522.783582
1214.146263 574.774830
1022.561690 563.088366
1365.126821 574.784892
1472.390515 543.382075
1123.260617 818.904362
1190.712519 944.970827
1093.062191 976.122237
1124.929589 960.731148
1529.884692 465.862880
1074.316974 1063.924699
1539.696996 501.426929
1588.064168 505.950665
1263.091367 919.447027
1165.637021 1069.726057
1165.590029 607.818238
1007.260816 526.528615
1225.085753 532.703254
1267.265549 447.667363
1165.555557 1016.561957
1077.889966 1009.918246
1067.958552 910.485234
1412.855481 504.250720
1202.277553 522.679937
1476.748747 596.842439
1506.431809 439.425797
1174.653917 501.965936
1479.530611 461.846405
1026.976525 604.938807
1154.388468 880.204623
1301.444523 604.208075
1861.846500 584.168268
1193.452680 916.349181
1239.746805 432.767024
1035.689956 644.595657
1324.299527 568.707427
1372.828658 500.533250
1185.386043 877.137077
1111.602014 940.214288
1678.912769 568.722789
1255.965441 729.275593
1750.573528 581.099732
1159.682134 904.278148
1317.733718 547.876254
1062.465656 873.042932
1265.296255 840.319110
1422.956834 539.305147
1227.552068 1026.494403
1546.865075 539.353462
1136.668261 876.592294
1381.819021 604.516338
1319.978089 851.847325
1236.232176 481.183385
1276.534111 531.364933
1202.538643 829.488462
1444.175927 508.815894
1252.707279 542.877511
1161.246590 948.437736
1159.893662 914.132808
1628.742728 515.798002
1630.630969 584.185678
1398.818062 476.184843
1297.191411 455.771497
1203.258298 644.539965
1337.644308 600.369851
1240.269933 817.122393
1238.943950 953.523714
1247.675342 539.523999
1281.966650 881.460559
1221.419251 1076.902115
1210.310518 976.440120
1285.230131 998.252779
1751.952683 545.657795
189.464680 905.788237
1263.673656 609.586398
1219.888820 479.655655
1513.762370 517.364302
1072.173032 912.098747
1222.518737 470.271215
1229.067781 573.947215
1311.142186 978.864029
1116.572865 862.961897
1447.472033 475.900464
1383.902951 543.455832
1896.471485 557.900773
1386.775709 464.320076
1085.004757 943.079355
1272.249146 914.212692
1337.833084 529.171494
1166.158791 557.664808
1713.420588 558.149751
1400.495044 505.008750
1203.165103 435.072526
1801.846572 598.963663
1099.272974 1085.649652
1205.686574 1024.896864
1352.453782 477.041833
1272.437736 583.102282
1224.209740 695.148677
1397.728662 541.801145
1165.637440 854.838770
1421.319002 540.938276
1369.830022 642.621534
1229.138423 1003.525186
1289.468566 379.448244
1478.412509 508.970636
1587.903437 576.756351
1210.512081 898.421373
1621.848781 550.031434
951.351501 457.139769
1206.451093 939.813020
1154.117318 1106.825448
1402.837381 576.131835
1267.662001 1027.476798
1678.244215 533.510200
1103.905842 1033.933794
1409.128893 413.984208
1142.950962 525.381656
1827.296200 574.612985
1453.434620 438.958223
876.726778 279.343504
1142.024016 925.972246
1285.762313 491.065791
1049.350821 1037.740668
1319.019914 904.401056
1229.778218 859.549115
1420.618640 447.416976
1299.682131 565.134500
1197.488481 590.599140
1281.074263 507.256874
1115.260115 250.584698
1093.062858 377.096408
1551.462676 429.654596
1620.284617 468.470709
1050.088381 513.015580
1096.232189 479.233382
1674.398259 451.907861
1613.001807 323.574414
1089.072191 437.730928
530.482523 873.581960
1657.724367 403.111673
1630.140790 250.222273
1168.482503 565.462622
1096.767084 375.008837
1078.042863 348.198842
1114.369894 216.367050
1699.586419 452.628425
1065.382023 460.132676
1185.655204 477.407956
1223.748080 435.510784
609.982428 716.321899
1615.651387 325.769211
1257.874994 417.293908
1256.756074 452.352858
1133.051331 460.911999
1794.684071 361.978338
573.762780 715.705433
1632.959964 286.053484
1704.079551 332.654095
1213.732255 497.594727
1034.454541 292.292552
1681.586838 417.062492
554.456138 825.913057
1590.456700 525.296631
1052.868784 403.109226
616.339476 800.292384
1168.842269 441.342431
1352.912664 407.990904
1077.513310 514.309017
1629.648076 418.928830
1164.373346 376.558567
1758.182639 512.342021
1073.088792 269.977470
1581.827761 382.708765
1046.419984 368.217764
1054.165780 420.165694
1773.341634 540.839903
1593.683226 420.810858
1042.382605 483.972958
1741.370405 597.031926
1184.602489 272.379943
1214.722250 371.491995
569.189036 680.727532
1020.806040 485.198880
1778.497868 481.821220
1066.754104 315.319305
1659.065357 539.415780
1119.183418 537.601746
1558.389910 476.329611
1752.549584 466.078140
1018.132025 429.005472
1012.398188 356.683056
1142.372510 341.319768
583.735106 788.103402
519.229913 819.154539
604.515924 567.479184
1249.824476 365.057947
944.434801 326.309613
1140.526531 529.303647
1711.221077 448.016507
1721.660884 396.910074
1194.197510 393.198688
1151.068069 308.334601
571.836185 930.869621
965.987999 354.382046
520.161143 748.906188
1063.371375 368.509816
540.965108 718.223016
1098.449588 305.129550
1166.283130 221.036095
1181.646386 330.250290
509.147556 902.191887
1053.311960 587.002012
1067.389979 425.784966
600.770054 668.833102
1318.406355 419.155407
1593.767605 459.422573
1610.117696 469.377995
962.020790 317.129451
610.989388 861.545814
1113.705552 453.262660
1108.281578 416.134700
1152.869701 494.358367
593.988083 895.619682
1822.637570 499.192939
556.933969 1000.847296
1701.910810 389.405142
560.255565 623.614225
1310.022299 530.883922
1643.086196 304.996516
1118.338135 490.375728
1720.271382 485.269450
1016.034081 329.965253
1792.927234 410.258861
1237.461018 397.981634
1113.471593 504.233839
1615.127896 562.974793
546.243750 842.378704
1681.682423 481.204799
1146.071826 377.918455
1044.885314 237.694910
1790.880453 447.155879
1113.854423 244.493601
551.424328 958.170162
1134.327583 456.385695
1452.719465 428.655176
1003.772473 407.889361
1593.821929 386.227496
568.297283 753.870065
981.621484 263.214270
1276.248773 473.275783
1607.756293 494.637816
1184.359738 441.897378
1152.946451 304.725881
994.590441 462.091782
1098.545370 314.998676
1214.472300 534.569221
1533.070304 390.056072
1143.154197 627.857713
1205.831631 489.922868
1170.488561 340.959229
1677.207740 370.576266
1059.114637 280.213488
533.742138 926.418232
978.244018 427.880550
1009.917464 364.565760
593.083400 631.022853
1639.523799 468.666456
984.284074 380.314024
585.700887 967.302170
1707.666617 301.687529
1141.345284 593.409017
1653.402072 394.140129
1593.695905 301.219719
585.513525 840.169507
1380.926983 429.138381
601.888647 764.393694
1686.544549 421.260568
1621.539193 379.005556
1072.192279 328.100443
1564.940676 503.222494
552.837034 901.620865
1003.194667 315.050783
962.935541 387.262811
1041.739282 336.019114
1726.922257 414.915118
1103.989499 350.551626
1060.001628 375.144074
1138.691833 224.469013
549.152518 783.685504
1115.158916 574.287526
1105.366255 397.966368
1086.913591 401.963732
1120.376480 281.529215
1598.037613 266.919689
1137.485629 388.855276
1140.920555 329.652096
1647.051129 355.359728
1013.435267 237.900804
1150.461156 263.894427
1022.820040 442.002651
1178.789209 511.661157
1706.300229 561.690849
1287.392486 387.450884
1758.186149 431.908442
1667.182746 325.849013
1171.038657 472.530476
513.379817 957.050485
1649.802757 501.694803
1717.243304 362.058493
1040.995688 352.061977
1591.982441 353.863599
1223.482626 334.625853
1086.511026 478.642615
1756.506890 387.463977
1247.282984 490.372908
1754.742129 345.304491
1178.080478 554.390882
1029.302546 278.418552
1080.243415 295.388771
1126.494737 422.156031
1621.315760 241.175996
1688.201167 262.276478
1703.846832 522.339973
1177.431588 377.277636
1170.108503 407.159583
1648.186774 407.880006
569.461777 870.387245
1257.303279 1936.833695
1291.750394 1951.113508
1928.878275 343.645583
253.784919 1716.965125
309.158762 858.743456
1071.641847 1854.453389
72.068160 300.455011
622.010932 726.353015
400.435068 653.522509
283.001187 329.846113
42.777016 294.226582
65.637231 280.112764
225.531773 775.770791
342.965296 624.346354
115.425716 249.611200
1461.770307 1950.859217
212.797600 708.318818
275.705425 828.453441
1133.990266 1929.866036
9.481853 301.512840
259.684517 650.716650
246.490818 1815.488627
1215.472203 122.372742
448.467060 604.248098
440.983670 786.078045
1907.004274 343.427487
69.040705 336.273656
1328.733798 180.294090
1975.477574 351.854421
1279.594752 1914.752740
220.679065 536.396783
1048.755023 1887.935040
394.836672 580.927923
317.554842 346.198431
13.477773 237.256015
1296.072979 1882.927244
305.755885 604.793816
141.457502 306.934456
1146.207738 1966.398060
329.276616 736.351049
238.320477 748.325904
331.055723 651.629329
363.172689 703.994426
260.589321 640.676343
1222.286733 75.080676
1066.359683 1865.365986
1164.774247 1995.693020
332.998355 651.385830
424.657127 756.469828
1436.677377 206.773800
1374.567702 265.955699
1307.281441 87.033528
1470.971911 1916.513607
1165.675235 1914.434720
363.868188 732.403035
4.811799 320.736170
1387.710578 189.055421
311.108755 1709.577374
1406.116247 231.328336
106.708573 298.621677
505.424393 697.905218
1886.364712 421.414557
338.263356 555.647984
429.197984 824.337340
1363.846064 246.685344
379.699412 759.455917
175.091161 376.793898
1049.882452 1930.839040
435.613055 573.227920
250.348229 698.968487
286.195105 693.783075
579.820778 733.777172
1336.715239 279.151190
1294.139867 210.833048
395.722658 647.665188
369.049760 648.426631
284.348361 553.207402
1355.751843 117.196405
565.210647 798.862034
1175.384826 69.351807
1284.053531 259.567158
54.740813 182.039335
1824.973918 506.775759
178.953714 672.375947
461.726660 685.257176
1347.792691 358.190211
1130.991057 1845.207065
319.349639 686.037404
391.960678 851.553788
1164.834099 1916.886932
1266.282381 76.873774
86.350962 262.092667
250.798398 561.759781
1359.113436 195.745906
571.114613 694.198403
314.516198 570.981141
371.529858 840.846299
168.989734 342.343680
532.597602 660.042528
95.227686 331.276162
133.480811 341.059246
1912.456192 399.505268
240.369797 609.335341
294.949445 819.804946
210.585660 612.582820
1810.098985 483.232989
1065.529847 1898.338166
43.319127 328.579300
259.529784 650.847662
1934.368571 379.480156
528.066344 768.006736
1008.762397 15.156491
1249.892902 185.922256
1110.647757 1900.937607
211.838127 661.571929
1215.811215 1887.405740
1964.010333 318.211234
298.226954 719.041357
0.068470 270.000325
293.624895 654.131058
1095.128158 1931.392940
357.132210 589.663351
132.789177 388.892082
464.279412 627.108222
1483.429803 200.416851
448.815474 865.095182
285.542416 776.685771
1260.141855 160.753992
286.363773 1734.638885
1322.492675 250.736456
386.722172 623.644474
1165.660145 1881.100469
1972.106154 285.304401
1204.635708 1920.257307
48.972202 225.674986
1117.977953 1868.792633
1318.833659 1984.767140
1898.134380 380.247162
177.999249 624.976514
391.095435 614.453607
252.280065 786.773421
336.032778 826.653904
217.501226 628.888172
290.209650 723.937087
496.318775 663.788461
502.540847 741.381231
389.330535 808.098745
307.825809 619.106482
1160.422940 1947.460378
321.790777 784.586995
1352.643905 156.181183
1514.890916 1969.459740
53.967853 258.704192
1341.949509 1958.989631
441.562637 727.449670
1248.879762 1903.038314
20.314619 354.427672
137.732748 299.755936
1116.227225 1813.920917
258.812947 734.285265
106.045926 362.898029
460.740123 1990.375067
1195.226457 1967.953263
359.013941 536.407977
70.948884 373.799415
459.485973 823.612568
472.248937 709.879614
430.367451 703.839869
1946.957381 311.696372
421.046360 608.463132
307.481813 892.329962
179.341731 598.049015
478.465962 772.938968
397.198576 711.117660
358.481527 790.398288
293.791012 652.150446
216.011053 673.094324
332.286679 657.947705
542.841405 735.575035
1087.246416 1833.526178
1082.307277 1967.800834
1219.969001 1953.374827
475.394514 595.298179
427.238087 639.982285
174.087640 414.265082
401.620817 782.018760
305.689776 1672.266370
1690.031996 1954.473499
230.054651 637.311274
1957.809976 251.164016
1339.350155 1924.472585
1365.859676 1946.402595
436.011824 671.569338
1321.049965 222.900724
202.917800 567.986620
1252.952118 1971.541410
1086.340135 1912.995585
1208.960465 0.772214
466.918848 751.413146
339.634381 758.552598
