1386.778818 953.228391
1123.834774 803.597415
1230.136420 703.737119
1333.635535 829.225412
1547.438408 809.728601
1393.120010 774.529737
1581.870497 885.519994
1604.612763 941.870810
1300.214340 787.932181
1263.973196 602.297436
1199.262433 680.578542
1105.235504 715.405757
1143.318006 852.391083
1198.739915 610.647588
1602.234496 904.847660
1349.751894 914.325664
1181.971608 813.153751
1623.086246 881.260989
1321.910581 704.755002
1448.553135 1043.663613
1306.649981 844.262349
1513.394588 731.472948
1299.725988 809.803797
1335.087274 644.899151
1507.275943 859.664553
1231.208559 661.752261
1429.432643 915.210858
1296.824131 914.726115
1220.869524 647.617639
1400.610005 693.716219
1517.358878 1047.037395
1474.224026 816.440581
1484.846807 838.930379
1149.952473 782.786057
1278.234564 721.055228
1444.893116 713.950773
1340.339110 954.692538
1450.910120 861.200088
1274.499716 767.797525
1437.692366 894.438495
1322.842487 803.058811
1483.699001 704.513026
1364.473336 845.859076
1253.293168 813.751329
1261.601223 825.571528
1420.869434 832.983200
1402.643769 740.708874
1663.447351 903.094212
1422.799761 1022.284166
1282.916205 699.305466
1495.950829 1055.102396
1557.612953 987.753902
1491.067305 896.918521
1424.199508 729.591648
1594.228760 1031.215089
1441.375582 968.813902
1252.092783 862.552080
1425.949647 682.505091
1148.298959 646.187865
1370.747760 884.937632
1333.980271 808.268608
1521.589775 970.326148
1204.206275 827.621500
1636.955201 857.740902
1493.983016 927.895624
1209.286979 761.380565
1373.862590 889.825907
1421.694564 900.974892
1076.899470 769.560041
1396.631481 806.354769
1459.780148 937.439463
1589.410913 844.498899
1302.188705 879.700502
1627.890984 974.344671
1630.768135 887.741975
1344.829027 667.297050
1409.170588 979.890560
1542.458313 945.239675
1390.416670 814.316268
1224.796924 789.667596
1487.669969 1008.318868
1204.310489 787.304823
1098.340054 641.725970
1577.814397 876.405507
1297.125779 764.035369
1177.229950 620.676562
1139.014962 828.327708
1167.273239 690.296243
1601.785242 849.690079
1640.191730 1006.029512
1380.929614 921.035545
1380.589604 739.050174
1297.307316 735.220714
1377.583858 800.210951
1581.235267 957.328651
1348.571706 606.211281
1480.933781 899.805168
1519.363888 893.333140
1475.523575 874.896333
1567.409230 1009.747805
1313.711308 721.755965
1099.441564 738.436246
1294.719086 649.452155
1325.876466 699.713115
1133.105212 716.115845
1366.283422 992.619131
1591.253438 811.363317
1391.398840 690.694695
1257.594093 636.801085
1334.066031 771.180157
1260.651852 687.976525
1418.575301 945.949984
1215.597783 821.406153
1364.397497 806.426714
1430.319931 777.009364
1178.140889 728.080144
1283.596249 685.707404
1112.318545 681.307475
1554.920884 775.397461
1520.369260 925.598344
1545.753652 890.267158
1258.915269 745.416269
1351.083802 678.155781
1201.802718 850.728870
1499.419467 762.983460
1079.713556 711.513994
1258.105506 574.594359
1356.827633 729.562668
1152.941955 750.114813
1236.740125 718.126826
1515.178489 868.916198
1410.013546 614.720587
1413.713503 645.822020
1635.601177 923.828087
1213.199113 858.910648
1409.508638 886.431561
1107.824509 791.094722
1490.223923 974.547381
1452.497687 809.853796
1549.662643 847.914755
1542.157785 881.005409
1261.935393 568.799491
1375.217657 650.830063
1235.523880 773.258147
1686.832653 950.500730
1398.515040 825.219312
1287.284087 865.944632
1199.633227 648.008638
1177.731847 727.928958
1160.857748 885.964978
1462.623207 749.073305
1500.757465 782.157895
1228.038946 761.195825
1293.743687 834.754320
1297.394182 672.050193
1331.732680 889.831587
1333.099903 884.685075
1159.174039 678.606595
1234.461425 686.983690
1249.736523 891.785723
1385.727374 838.089849
1570.728744 919.018931
1264.790460 906.154378
1110.964523 773.016369
1218.380788 725.173242
1220.396522 608.551436
1135.006608 771.805107
1244.008880 749.223644
1397.268358 860.315153
1368.543501 764.102725
1135.351789 712.130866
1467.555559 772.862273
1260.838762 792.464382
1457.304995 921.449473
1256.203019 807.381755
1204.540441 724.951232
1173.506780 692.637550
1189.070954 702.358111
1299.713747 647.022919
1313.720773 671.033519
1519.564044 1009.952636
1520.652509 825.813961
1439.305278 792.686956
1454.687889 842.270733
1267.131085 818.913407
1261.158548 636.058510
1667.409202 977.393547
1511.349642 898.938912
1471.228598 961.442623
1220.159799 911.827778
1456.384569 993.999718
1598.553587 966.443020
1240.235516 841.990854
1180.485627 766.140213
1532.715138 1010.631911
1179.348317 628.465158
1289.401027 615.279065
1339.849332 769.552211
1371.618341 742.266869
1321.368257 756.191990
1115.553428 1664.266287
1020.433212 1718.210794
1004.684890 1542.622500
977.896412 1941.868332
947.433378 1609.218089
976.533452 1508.863579
1025.380110 1873.777737
1098.870053 1790.602366
1127.101731 1929.532950
966.677474 1651.755101
693.568457 1396.496848
1089.153199 1656.061897
1271.104653 1811.443205
1011.047489 1838.809665
1065.331656 1715.011504
1060.648974 1635.540982
1054.258881 1732.350915
986.969397 1537.280571
1098.774197 1850.369980
1208.358983 1690.018901
954.447593 1773.591389
1022.496255 1883.284867
1107.866786 1692.417582
915.418802 1590.370134
1089.557280 1760.633153
715.254427 1424.753790
1012.425021 1854.980890
1278.351874 1675.413923
1151.001297 1653.327203
993.754513 1864.531101
1196.515290 1833.341662
1071.066299 1800.003677
1181.424367 1636.442713
1085.470662 1687.828066
1184.767847 1821.602597
964.446683 1794.990808
768.935869 1422.565142
943.513029 1860.393339
1646.327468 400.397938
1185.172671 1928.520699
994.648421 1710.805450
1187.892362 1717.355002
863.125151 1496.463108
892.825940 1843.909661
971.979198 1564.650931
1063.838254 1984.642578
938.569514 1714.199984
1189.389307 1925.361437
1171.748830 1678.043585
1252.601014 1876.798560
1162.136619 1776.500142
1079.567622 1821.774518
1126.221992 1778.023667
1227.355357 1799.065035
1192.950914 1796.088578
1039.535066 1691.540175
845.187254 1403.646398
1093.087048 1772.352202
1049.543081 1685.149946
1173.130456 1751.064546
1117.056804 1723.433218
922.944102 1906.810788
833.076821 1462.250951
1067.953589 1942.200112
1117.947931 1853.718682
909.265844 1645.984404
1028.329598 1601.941133
998.916134 1824.508465
1097.702098 1873.568650
1248.389581 1834.554773
1274.076974 1698.905436
983.263715 1826.123430
1202.540853 1876.532889
842.494441 1525.663686
1057.486484 1579.943970
1064.178167 1882.737190
1033.254065 1701.464195
1078.700231 1670.999250
1169.680987 1798.311551
880.280290 1712.026482
919.302359 1732.689794
1019.127423 1797.302868
1116.165330 1667.784701
785.794522 1478.399458
1037.475101 1556.788604
768.002428 1464.011361
1133.546093 1816.623779
1044.093214 1815.676532
1058.661091 1866.414234
1130.681352 1890.235784
1100.730708 1488.128920
1137.787503 1734.395312
1219.806344 1749.132115
981.228207 1599.735838
1221.581805 1660.469578
1094.321599 1900.693610
1064.428190 1782.520535
1091.451493 1835.238939
1026.650619 1738.225711
1012.771087 1962.141713
1006.295692 1582.087628
1000.319250 1685.847887
922.200078 1765.429285
1022.361409 1693.759558
1098.277854 1714.941912
798.467757 1404.568250
933.171086 1558.173399
759.477110 1492.572117
1110.415946 1652.758652
1253.858870 1731.907668
1151.766410 1868.153028
1098.381468 1751.390383
1016.188104 1767.859473
1094.608768 1929.305412
1216.902754 1834.000557
806.865275 1370.627227
1164.743968 1816.006146
1164.650267 1728.359280
758.101026 1420.847090
988.599560 1712.198772
1106.175882 1988.827644
1658.036834 435.218199
1158.753536 1820.835244
1133.170311 1770.970518
920.927248 1793.471452
1070.015931 1544.301430
1223.813711 1720.953512
946.475128 1815.419276
807.731612 1530.669098
929.181590 1625.163013
954.327171 1829.635948
980.648188 1698.896424
1101.525683 1738.687264
1230.440843 1916.638286
1229.438659 1904.315849
1049.908007 1672.102672
1232.547783 1766.073553
1032.478912 1771.025431
1065.231891 1754.180442
982.446975 1652.644192
1486.059001 1809.078403
1131.241492 1844.556190
1200.095832 1776.888182
774.671614 1514.115020
871.057069 1573.001321
868.071617 1689.056554
877.551586 1529.127139
1510.143621 1823.954334
1074.775449 1824.455255
1054.438995 1623.884126
1133.618216 1785.113599
1008.220663 1737.159356
1052.669995 1790.638764
1012.984816 1628.380483
947.401497 1527.278147
990.677328 1873.120579
1041.269960 1960.923787
1018.238622 1852.683186
954.127086 1751.702023
1147.155585 1705.928659
983.254959 1785.795363
1023.886212 1654.473489
979.458868 1752.905368
1021.884943 1834.437330
861.850739 1726.831166
1151.673914 1877.235066
1064.055116 1869.460845
1152.821836 1725.118715
1018.277755 1478.447822
1047.817775 1748.136780
880.275294 1628.380022
1112.107606 1867.076351
946.208228 1683.755621
817.053242 1493.152863
1189.829739 1876.635859
1004.284360 1791.553821
1120.744808 1808.451952
1144.912780 1687.484559
1281.595251 1736.796928
974.592638 1742.574558
822.216706 1424.664187
733.829104 1464.436858
940.911027 1678.558521
1091.320918 1634.869296
1167.956343 1763.006247
1049.774840 1768.810055
1146.777504 1967.655112
912.585967 1811.129264
1047.276632 1832.480220
1102.852590 1570.533832
768.885605 1382.272655
1077.670137 1731.489474
1183.528370 1891.486341
1136.510089 1750.498868
1013.217619 1804.782495
803.920105 1447.276502
1141.278998 1844.371156
1037.246775 1913.542860
1161.497192 1920.927104
1161.471481 1658.980508
1577.289540 92.503919
1402.779512 150.982774
956.642252 93.467513
1718.149963 160.778720
1031.966790 1310.231609
1263.854793 1192.689171
906.960451 174.208034
1209.327461 1339.949907
1204.816509 1240.286680
1630.740491 273.411004
1659.366317 250.070686
1441.586983 89.358346
1048.911472 125.145831
1145.923028 158.575804
1468.130140 151.055041
1271.222995 1270.931564
879.683707 90.878753
1602.804252 180.312411
1220.422132 1274.720523
1188.149618 1313.908828
1033.622125 18.657946
1106.918383 38.395896
1312.463933 126.140027
1177.727335 1290.955491
1411.751061 114.451902
1135.939162 35.331410
1654.120691 182.553294
1117.316681 1971.368216
1517.785327 211.792539
1152.987514 1228.640065
1075.414935 1982.758731
1568.259804 158.688737
960.368428 137.491696
1084.539643 1235.696959
935.517455 71.725674
1001.114779 134.675604
1017.799381 1.463895
1434.834798 157.071308
1433.252538 248.368979
1486.266578 221.302503
1568.837675 252.733615
1034.383832 1271.081371
940.363600 168.994079
1027.849446 220.417396
980.567871 66.757046
1059.615752 1298.604620
1107.570640 1335.888633
1149.954968 1280.882377
1225.322784 145.820487
1724.081478 242.529274
1474.460753 53.340132
1358.988979 117.402454
1141.422825 1244.144476
1018.847675 64.682216
1139.482723 1201.994414
992.455270 1925.061816
1086.279271 206.792302
907.981694 147.453883
995.056243 158.680391
1304.793110 159.079239
1183.152344 1252.035275
1321.792684 193.313600
1759.047681 242.710485
1682.158143 269.941531
1230.007695 1309.583636
1514.820451 81.959399
1396.760022 109.409785
1302.082590 1247.989774
942.725530 109.551586
909.564772 150.512894
1399.533778 167.880483
1150.875089 1349.524087
1068.214977 1910.227024
1711.228630 275.314632
1231.059041 94.809144
1417.870670 226.869176
1051.310830 1334.382375
1157.424605 1251.886949
1193.272244 1214.744170
872.962090 165.075352
1201.761022 1181.805028
1113.306566 1936.086863
1731.468623 311.641785
1495.097985 187.265634
1466.342183 118.710588
1237.835540 1240.996838
866.954479 138.057197
1534.119228 178.111582
1055.887241 65.906364
974.965234 112.061871
1316.855413 1209.681709
1378.931511 89.421003
1029.491399 116.328679
1441.358879 143.076228
1361.070060 178.324725
1354.447359 146.850718
1118.967882 138.020812
1389.085946 113.171585
1176.440931 152.284204
1093.103836 1268.474680
1502.607119 193.063722
1139.951011 81.319676
1549.155432 216.747586
1081.303093 20.767948
1543.316542 247.072103
1159.100982 1948.158251
885.241339 37.674324
1013.852024 187.144924
1639.843447 214.859021
1281.601647 107.023947
1087.687022 85.473090
1629.948349 149.739044
1233.040691 1199.080620
1805.428335 265.696526
1561.589470 203.862159
1262.651169 175.002097
1010.178816 100.998168
1449.441415 184.797345
957.365495 195.473959
1170.231310 1285.645539
1272.029946 140.454154
957.394939 12.787875
1601.698154 127.072529
1051.966054 46.183584
1449.557597 121.724366
1415.351961 81.278907
923.439057 36.892753
900.196348 78.238129
1478.343754 87.710709
1064.160838 1216.615586
1514.194426 244.438621
1702.766344 309.525886
1039.049360 1904.612722
977.990860 65.881448
967.383957 1921.670578
1534.452133 172.375560
1626.552914 203.397358
1015.912908 1950.681346
1158.132437 1236.877205
1192.503439 1224.622472
1686.214448 188.131431
1424.543728 45.961484
1258.830389 1251.452005
1391.145439 204.908057
1153.779975 1311.965733
1117.149716 1165.595648
1582.497061 223.224536
1552.649700 122.197503
1597.058217 264.323437
1073.064149 153.371610
1046.101430 1950.800749
1096.899385 1240.898793
1057.456886 1244.375413
1516.031616 118.119667
1090.966342 1198.701904
1614.622541 236.846350
1120.362928 102.776355
1771.994501 315.771008
1619.201675 303.453444
1678.921656 153.555306
1081.463491 1269.467844
1575.687568 153.947633
1516.570506 164.925237
1007.293429 1889.265984
1265.911976 1324.599380
1123.003135 1292.001641
1142.825800 1168.406524
1107.787385 10.842997
1132.944449 1406.606671
1685.833152 219.534494
1089.057688 1185.266663
1144.581774 1332.752458
1712.809755 216.936768
1088.161855 120.430296
1034.450842 158.220287
1149.995466 121.756896
1750.899062 281.239832
1123.715719 1245.422451
1190.564210 124.155480
1498.506941 143.988544
1170.613128 1202.840040
1201.877774 110.386567
1331.643356 100.413259
1655.301330 128.685865
939.068439 95.953818
991.338337 199.114152
1409.572831 74.564407
1548.163504 52.369522
222.476095 1676.071207
1537.714883 142.326925
1669.553158 301.601065
1000.064465 1982.590995
1103.712689 1903.188370
1124.222500 1216.479969
1273.802531 1296.044500
1001.163653 42.496798
861.113935 64.616405
1208.594007 1276.866573
1129.356589 1368.094388
855.633528 105.629449
1438.499502 1472.401120
1272.992839 1428.518751
378.227424 794.427600
1515.707857 1524.661587
1375.896384 1499.592437
1435.907747 1526.754701
451.644141 1412.866904
1335.503820 1272.129613
1466.776739 1285.706097
1302.201005 1518.769655
168.079469 233.820208
1305.910814 1346.699365
1544.580987 1342.188177
1225.407933 1491.806034
397.225486 1399.516813
1368.438508 1607.558922
1352.909499 1553.591287
1298.785902 1408.467285
1408.063825 1497.270538
402.314498 1365.213358
1327.472323 1442.927202
1263.493990 1435.732067
418.123066 1335.258780
1212.681548 1354.269867
1480.996414 1360.824644
1410.386031 1410.908136
1572.276889 1478.732222
421.762704 704.977275
1555.599198 1600.911187
1378.299785 1260.959684
1425.127593 1323.920657
1230.018371 1419.112965
1277.513709 1319.811067
1209.533791 1553.550032
1473.882981 1514.578750
1445.135501 1432.810834
1474.007922 1468.989552
983.398524 997.954384
1486.087995 1554.423356
1296.599447 1454.134018
1252.328183 1398.503074
1384.301184 1354.734041
1415.405213 1495.424504
1474.247262 1316.828217
1507.874737 1329.801225
1409.633554 1351.717872
1313.986489 1562.096005
1577.710994 1391.140009
1407.057783 1477.316571
426.334572 1434.996614
1422.023398 1300.128519
928.268753 985.694227
1311.648710 1447.173971
1323.432741 1384.549752
1382.158592 1326.144219
1274.762462 1265.052431
472.397151 1387.414584
1376.164191 1526.006495
1530.403947 1578.217714
358.116686 1402.446209
1256.661133 1388.708923
1520.661620 1538.640617
1247.287071 1368.410162
1450.055802 1417.741713
1373.526751 1419.713310
1302.159791 1415.768063
1401.054393 1455.202449
1365.559087 1474.578626
1421.735158 1241.522540
1605.295803 1503.128230
1242.605716 1289.840197
1510.907580 1459.582651
488.792173 1419.136899
1487.649960 1520.130462
1197.020614 1439.562720
1530.123857 1388.099713
1444.077564 1264.766691
410.691010 1374.230538
1317.753527 1383.461267
1431.954278 1534.277707
390.631835 743.999518
446.623345 1358.019356
1461.875856 1361.018376
1374.011298 1370.093444
1530.641138 1448.415673
1460.445256 1576.607219
1415.802406 1345.766474
1333.354811 1527.694161
1251.612999 1341.967529
1393.396613 1437.476600
1003.685028 1020.706462
1503.726099 1501.183910
1412.734767 1406.939971
1450.713459 1390.911645
1168.326101 1419.255824
1192.475718 1269.168346
1460.117079 1498.609194
433.173561 1397.819039
1170.051849 1387.707542
1476.454071 1611.331394
1282.848949 1305.717447
1392.370655 1314.727532
1153.166577 1451.320278
1375.421105 1268.913547
1355.311409 1441.624277
1397.944234 1534.644325
1377.751039 1411.977350
1419.771546 1574.667942
1352.891775 1226.706740
393.437855 1441.752024
1301.093396 1357.003507
1304.570736 1536.750131
1512.015649 1418.886851
1352.907524 1579.284769
1411.091104 1327.176618
1534.371223 1483.369197
1487.578315 1447.213996
1451.123405 1473.407319
1586.900824 1539.156117
1377.422398 1488.281510
1367.897179 1288.683126
1579.793432 1452.064193
1228.012690 1422.215149
1362.581945 1406.019837
976.190362 1044.014890
1304.390468 1223.510114
1282.202645 1569.392783
1625.022932 1550.535343
1485.967831 1569.859192
1459.313440 1436.398828
1376.466423 1293.129239
1337.952403 1509.502566
360.542644 762.596293
1257.883418 1470.157305
944.750128 960.623240
1217.472042 1391.193063
1387.191204 1510.996868
413.829299 672.959248
1336.986600 1321.459405
1445.281770 1392.677393
1442.200902 1524.915309
1481.353700 1366.965694
1341.943980 1412.130832
1427.511553 1318.491862
1335.604024 1475.690532
1415.358366 1378.280545
1541.410363 1531.807470
1284.131616 1371.006480
1395.718815 1593.282533
1218.605012 1322.291747
1559.454567 1412.394952
1474.540409 1552.906893
1433.173621 1563.675994
1485.776401 1456.710248
1345.882660 1462.641787
1429.932060 1450.134467
1569.481296 1512.378932
1393.746172 1239.298099
1484.119255 1398.278591
1273.114741 1334.052892
351.803884 1323.257959
1227.663096 1541.402005
1396.556499 1558.519323
1309.773891 1259.360534
1331.019574 1311.842519
1500.089412 1616.814678
1300.637239 1277.466623
1334.585239 1348.664710
952.965647 1014.309957
1392.826161 1560.189512
1155.666247 1500.193088
1528.090438 1374.126751
1535.077650 1483.197549
1403.437374 1382.946060
1460.641270 1332.303784
1293.585465 1378.431400
1180.360713 1352.621137
1298.853484 1472.952973
1269.724451 1401.535724
1341.921949 1390.569928
1331.845186 1604.797408
1428.070342 1586.648172
1212.705885 1381.284166
1342.231028 1356.850042
1183.294348 1499.483901
1346.256060 1489.111564
1263.204934 1515.658464
1561.486987 1571.233186
1369.686025 1373.137082
386.153656 1322.405881
1299.695172 1481.041858
1350.436883 1332.467813
1243.112882 1344.797063
411.535962 1299.210121
1225.379935 1451.730099
1470.788316 1493.476055
1321.594068 1434.398440
377.132935 658.028222
1383.489254 1434.230208
1143.896137 1428.406918
