201.915758 1103.278654
82.916236 993.937373
159.492186 1092.347686
206.979174 1066.459780
489.651242 1125.958802
295.387938 1059.534778
532.310061 992.745920
615.658150 1163.521471
222.586442 1025.034312
73.497869 1063.922259
1999.691854 1173.997073
6.715943 1103.681311
61.961039 1096.341533
1941.074225 1078.964630
587.424577 1080.741285
172.715209 1265.283163
41.351997 1046.776769
610.791358 1042.184852
276.756139 1154.108677
368.962893 1106.384449
221.980507 1157.616657
506.902295 1119.645668
131.133771 1020.841561
284.063786 970.984350
498.724051 1027.780901
85.466553 1198.820310
407.559121 982.863475
150.484003 1185.723780
151.633486 923.539585
281.793788 1084.052934
441.779070 967.546031
453.247740 943.569264
417.722496 1073.631841
35.926171 1176.566513
161.723550 1150.417164
58.864077 1083.048419
147.488991 1235.846513
365.029276 1027.076196
243.644408 1052.768315
401.088734 1089.739597
224.115719 1002.823519
423.684574 923.997567
260.772498 1144.600017
167.055342 1115.749151
110.542456 962.997082
399.697602 1121.193534
428.510881 1040.143909
59.171007 48.369764
400.914873 1175.381190
292.953355 1010.995757
438.891994 1077.985411
558.558806 1029.558005
433.135697 1092.079898
359.397039 1064.594833
458.470397 1134.810992
463.859833 1066.365980
88.062406 1116.710978
415.120310 996.621552
77.894525 1154.474349
316.987117 987.327503
263.630455 1112.750856
550.731058 1134.090856
186.540788 1015.359706
78.706886 150.998695
433.803301 1192.231124
127.174734 1165.306431
381.939046 1061.919737
322.198957 1003.292166
1987.578159 1145.080925
309.311570 966.528313
490.134209 1087.779854
78.760553 111.370938
186.129567 1213.426562
641.687009 1068.404518
68.593908 184.527754
256.996150 1015.704279
243.535972 1177.803891
528.283097 1138.384935
416.787253 959.456195
108.558674 1157.830966
422.529919 1108.683319
174.187620 953.069398
1933.671365 1138.318520
71.258009 301.957418
165.507865 976.507429
54.029874 1206.896091
18.185838 1052.375093
26.451952 1091.227272
598.359650 1225.361481
624.705562 1249.228204
325.456795 1036.634426
286.435634 1222.487583
212.980769 1114.722418
326.778296 1137.388697
610.654677 1096.089147
180.884121 1129.900500
448.294701 1066.294019
562.707185 1103.368545
461.250379 1098.212678
519.228499 1197.686325
104.805514 1044.975076
1983.969598 1175.722717
187.987344 1137.412673
270.659970 1046.869828
1987.422495 1123.427136
294.001030 1116.432758
537.399617 1100.302739
231.088541 1078.051538
193.211610 1201.937296
261.529793 1197.307587
212.591818 950.419680
303.409711 1149.386065
96.780187 1228.700180
239.152093 1104.774654
442.951070 1013.362686
114.212183 1136.861908
248.261011 982.131783
39.078969 989.135219
493.725777 992.584458
552.178495 1063.159869
578.347570 1124.101649
125.178269 1074.530649
310.383364 1041.852976
120.469398 1199.314092
506.585814 1051.311625
19.597731 1012.321062
135.623236 1111.364867
335.354141 1101.871477
41.612929 1136.758490
36.283579 1122.528576
498.201779 965.387406
339.928107 1071.631788
350.638340 953.076250
595.419209 1138.765259
26.129577 1185.502593
386.174413 1043.990086
1942.366103 1109.367813
491.525834 1087.858451
425.504189 1040.051903
519.998291 1028.506490
589.246478 1181.372514
58.146560 1120.817978
267.007039 1062.134004
130.277172 1211.805106
80.768756 76.154577
346.242259 998.599339
156.963449 1201.626511
72.228524 1224.649914
99.905295 1165.464504
45.083415 1095.379666
488.212316 1056.295167
501.235045 1163.194188
127.898459 1276.288083
213.890007 882.840043
86.252502 1189.611947
334.040333 1107.413757
123.929819 1136.627821
105.183834 925.604729
193.026648 1176.395243
139.720982 1059.374326
309.403330 1079.445912
566.997712 1161.804010
216.575924 1205.206902
46.454538 1154.594485
48.238629 1258.766427
117.762039 1249.155396
1950.618168 1176.691002
180.325246 1058.358587
361.038388 1028.979677
343.523905 1131.183791
100.890119 1098.687355
386.997515 952.684680
140.295588 1143.257641
445.092397 980.138658
169.190223 1021.453247
104.930878 1118.950938
68.612682 1022.230962
102.293429 1027.927057
165.953057 879.587140
187.689088 1070.432073
521.544984 1064.256375
458.700269 1012.868582
364.734083 1160.263957
461.160727 1036.201022
207.225431 1032.275885
77.650280 1054.961417
89.367074 26.641469
514.150913 1154.122873
383.163644 1127.038059
22.215638 1221.073828
425.981444 1139.854341
69.545927 226.251876
180.563216 1206.242092
47.002031 1232.674137
558.335955 1201.263475
100.666242 997.668530
133.855218 995.959723
155.254777 1269.205981
402.283280 1025.385685
211.929801 979.865223
1416.290729 938.571430
1176.700768 1147.337914
1519.064720 1026.772325
1184.368521 1507.360415
1593.084096 1730.186365
591.894542 779.257686
1823.168591 1945.379387
1163.724379 999.258729
1922.583309 1967.805946
1319.212830 854.478423
1280.647428 1074.175265
1574.525293 741.766904
1245.598624 1205.172281
1557.224781 794.343919
1312.328973 1017.047904
534.621305 1924.418683
1453.501889 996.153807
1553.373097 1715.406619
1763.415073 1881.980416
1366.283489 900.588065
1507.637311 1713.625361
1937.751101 1967.154630
1295.038236 899.305240
1756.483947 1825.686882
1237.246751 1058.337095
1533.419362 858.281952
1349.419584 1170.218602
1412.521252 971.845913
1233.566678 694.144182
1195.137778 1443.093649
1226.218776 1123.968046
1393.549896 1063.524260
1451.867058 934.238450
1492.223302 834.167418
1390.288351 1033.441094
1907.937888 1936.283424
1351.444719 1031.707487
1240.169954 1144.500614
1263.530244 1257.989704
1238.220719 1388.434570
1258.803163 1102.955773
1213.322866 1076.716771
1459.539787 1073.014614
1359.069614 871.471499
1670.542607 1740.752950
1146.518974 1513.146662
1384.121842 855.344226
1338.670975 1031.936032
1588.291620 811.312203
1138.935282 1271.573485
1427.548500 1043.303506
1255.432121 1230.910505
1174.360030 1253.190215
1324.839973 1131.940688
1206.414407 1195.269814
1345.541844 1066.055132
1518.202814 951.607583
1304.170250 969.249002
1559.464371 882.027659
1409.419173 989.655879
1366.205746 989.120217
1127.592731 1472.085368
1412.714120 1012.959538
1223.319043 1460.276259
1297.672765 1230.549575
1690.393660 1719.986132
1526.024467 824.091230
1418.410753 1171.401407
1291.614961 1186.561035
1316.335144 983.939990
1466.993092 864.483216
9.972452 1957.148254
1930.890913 2.140680
1382.735161 1160.366813
533.061912 22.031091
1257.235250 1416.445155
1290.370414 834.370026
1280.411463 799.167953
1239.420119 979.151101
1257.616550 978.715843
1234.351015 1085.462890
1181.041715 1391.123450
1287.160324 1015.155421
1145.685736 1088.410999
553.034335 740.785820
1271.485988 1066.661059
1348.207849 1010.008250
1334.828900 1202.492208
1295.330402 1206.283857
1422.782410 1131.749318
532.795754 704.382808
1257.991691 1061.624173
1339.546434 923.872974
1219.582630 726.222079
1606.281389 756.380840
1243.711796 1190.078232
1312.739163 1068.761057
1190.600798 1324.379312
1240.052174 1182.894208
1178.996297 1506.569031
517.142373 1961.628954
1604.533538 1687.993767
572.281349 121.716622
1233.174669 875.289789
1394.231779 887.359749
1449.781756 959.664641
1574.673703 1760.029495
1312.495600 1137.450277
1445.716635 836.095240
1305.153928 934.509912
1225.396849 1043.953592
1272.843672 1125.882508
1191.773902 1043.794155
1230.679723 1434.560212
1195.239823 1124.670320
1482.159634 975.829857
1106.706887 1083.303750
1359.261195 811.738708
1374.121360 1065.375642
1362.928296 1095.887674
1168.192461 1462.832480
1255.099751 845.819934
1405.724234 962.035066
1399.589170 929.305499
1456.371730 1028.743713
554.461331 1995.039261
1297.151989 968.465722
1238.923413 1342.165800
1430.096160 1097.403266
1333.219726 910.977052
1432.561013 877.254747
1198.401951 994.767313
1306.905440 1082.975405
1179.047791 1292.254241
1837.033336 1909.807255
1633.730455 1717.954405
1348.720001 1140.765901
1185.898173 1083.577729
1180.650053 1176.124691
552.112741 1958.928337
1434.307169 977.881290
1259.947367 1150.283537
1263.477641 947.420883
1306.335016 1162.085951
562.951961 667.530738
1721.988105 1830.799898
1313.787670 1182.424577
1458.379481 1001.989882
1365.891909 1122.922696
1246.469856 790.466704
1151.165982 1167.570198
584.367386 162.276920
1427.273238 1031.426279
1620.688525 1764.355479
586.777819 735.839190
1171.854261 1194.880569
1227.112891 1517.606976
1165.034887 1361.489324
1256.892436 729.432582
1330.692623 953.634701
1604.615213 715.667609
533.962427 62.143842
1243.717258 1016.563489
4.714870 39.750073
566.857587 701.862496
1216.760060 1218.994479
1374.879151 1014.162605
1425.056185 909.848478
620.280131 753.010253
1389.682644 1126.701656
1710.503848 1785.702649
1207.430777 1358.166820
1671.283649 1780.446484
1513.081267 992.044443
1416.886189 1073.931053
9.807040 1993.286309
1362.328359 952.791003
1235.134751 1045.510854
1306.077546 1100.217675
1234.006886 1003.126427
1545.819383 930.063765
1451.130216 1039.089328
1360.696740 948.208895
1426.118390 873.283871
1257.701822 1170.348181
1243.439653 1103.836634
1203.658906 1407.097301
1394.878866 921.314661
1862.923314 1935.416803
569.490475 44.519390
1562.999636 835.907057
1446.147590 902.695107
1333.569583 1130.719742
1258.198492 911.336374
1484.329801 1024.142068
1334.048008 1075.533214
1384.104145 1079.377291
1200.262539 1103.845927
1172.526709 1418.846799
1365.822737 969.953300
1473.670048 869.135301
1445.398567 905.558893
1820.919068 138.902569
343.145174 1178.044294
269.985757 927.875710
322.757897 1114.299693
1825.135563 229.488855
350.530461 1123.202765
402.890994 999.680232
44.089636 1670.906802
11.920474 1664.963930
1412.122546 901.929474
1939.958617 334.761210
1945.879887 303.025921
1394.882299 869.895448
447.242810 920.716799
1806.900803 92.208926
1909.338171 1726.739212
354.289432 1064.122812
384.508367 1149.284345
1987.194579 200.003097
21.093658 166.609669
1304.721827 809.591974
425.406425 1016.624576
1461.547555 780.260702
37.607987 287.844768
328.125179 1150.586775
61.855252 267.256463
1869.646910 86.061680
296.549800 1106.246191
44.753552 203.682123
1489.572709 762.428178
1808.283794 160.595243
433.041478 879.011463
1764.723348 83.281098
1872.259873 164.201414
1935.840287 83.890885
1339.735121 872.708665
1443.375938 865.707333
1467.879250 830.608655
1907.447271 113.253092
300.277917 957.886043
1850.844206 200.714246
1968.248201 241.620110
1914.581700 210.337837
305.898256 1058.242915
269.643450 1012.146083
374.071476 1017.596348
595.785523 1137.527808
44.457027 1702.277494
1430.310725 814.040480
653.862004 1181.643138
334.497278 1085.165261
1908.909163 291.549474
257.994660 986.866954
1852.655289 205.599605
1999.186943 229.318377
1910.480044 255.921448
1953.375511 198.291082
1434.860859 941.858201
306.692583 1024.200860
481.038058 1081.097840
1971.522019 1777.847054
1990.732819 1683.054155
418.853085 1079.283784
1286.341507 872.158354
1327.827729 840.694182
217.279410 1068.992547
1890.718093 195.363841
1752.327435 83.367689
1436.653101 925.472107
441.857072 1046.406136
1928.714723 143.230906
56.049525 175.888757
484.349668 980.093893
1382.562831 875.866094
284.960799 1048.953476
304.774813 1000.645868
206.304400 1113.067333
1753.401151 156.237061
371.852524 963.623311
1997.191419 197.647070
11.262764 1696.855186
1289.031229 843.522830
1435.235278 774.694358
373.129976 1009.035110
1748.763236 122.916852
1515.939891 789.328109
4.287024 280.381918
1913.825124 243.338575
273.826307 1022.300920
623.258403 1164.516232
1892.807085 312.178205
1358.224327 865.339336
1382.972470 827.743253
1385.983941 800.025408
116.038545 207.665315
1361.927657 924.628222
339.727550 981.676185
325.889047 919.354421
1483.485883 899.951443
20.758692 1728.613524
1890.273352 88.849968
45.534150 237.805175
1865.539771 41.314989
76.657340 221.661716
1470.844625 934.084484
1944.657320 224.945042
1966.362768 1656.554486
1285.039175 906.053876
1924.658883 142.751906
1853.495548 158.288045
342.667162 924.613773
76.743105 1713.038648
1912.795308 1820.963480
1351.763808 811.960100
1878.048128 241.273496
1500.027919 847.422492
1818.022996 123.750075
327.795136 1036.836542
1293.683175 866.541576
1766.054240 37.813870
1445.848028 730.317695
1984.911475 295.055709
1421.323960 835.481071
355.566417 1213.278436
1773.816257 139.616926
1836.415888 170.707468
1478.532531 789.543640
344.945837 950.937576
1438.743555 851.105260
1957.082893 204.472724
1927.974669 179.970216
1964.214462 178.796413
1863.823627 280.076101
1322.777897 894.190388
1931.025156 1680.159520
1848.116468 222.553829
441.546552 977.130935
359.617925 982.743576
15.737375 1634.152285
1406.248153 896.508826
419.760395 1041.148806
1416.979118 842.464392
458.584935 959.575943
260.804392 952.242887
1897.378160 176.055830
1447.976626 816.529456
1835.393518 204.077077
24.692965 256.700543
1948.435469 262.303526
394.639440 883.177776
267.639899 1077.122500
1429.141690 741.075305
360.745735 895.968732
1929.708477 1756.269903
212.570313 173.629868
74.795862 1656.041152
1938.783163 1726.596172
457.603355 1000.086593
302.880331 977.649405
1830.815845 66.770020
1398.538613 931.404618
1799.461389 204.634734
381.983894 1065.827588
373.122118 973.790528
195.050523 1018.665823
1970.677539 133.936488
394.755830 938.392811
1955.917561 1704.032757
225.156550 1009.078896
346.187003 1031.152060
1970.821518 1700.515098
1980.956466 328.552990
20.352538 230.567588
209.131263 208.767117
101.923434 1688.803494
256.481537 1036.644902
1976.831060 1732.116226
1368.633537 897.981822
321.710909 970.953944
500.855776 1036.881818
427.227083 945.439054
297.549353 1129.593526
1881.356258 218.093315
1867.884151 124.503226
447.504219 1091.552214
1530.484834 820.464491
1111.036071 725.972488
1503.562370 938.418535
1834.965407 107.780665
1794.306292 159.446559
13.417486 187.740806
414.866368 920.501764
466.761160 1021.729866
1989.340067 269.706461
1379.562860 836.935829
385.336182 1113.295404
355.180818 1091.148385
1459.168981 971.349143
1370.695465 367.066134
1433.426014 292.543186
23.459473 1499.005773
1668.977911 342.711264
1612.631818 373.105599
1599.863753 441.942839
128.250121 1625.486329
1461.472908 148.849954
1593.838322 147.616066
1451.171441 294.169657
153.512146 1678.690535
1349.931304 142.966891
1585.406326 217.673828
1419.905662 422.299717
151.106799 1632.987151
1692.783882 422.703852
1635.164779 440.744574
1369.031418 254.201103
1486.327095 350.803982
1486.459503 1853.572154
1594.960689 191.710530
1556.196652 298.825065
101.672936 1489.256556
1476.633783 286.065420
1615.771752 229.170598
1425.731208 1749.246539
1452.570050 1830.060144
416.189172 1022.076678
1619.956564 403.250903
1375.122529 167.172667
1617.560488 168.616856
1488.650620 381.885746
1469.208479 141.692030
1454.456042 343.371678
1417.481343 1835.054485
1618.502869 316.170165
1537.263858 369.656020
180.985637 1613.190393
1566.964010 405.680426
1370.150081 332.484406
1586.037220 264.506321
1492.281787 182.423674
1395.964237 384.817333
1549.750762 160.633889
1370.887395 1720.337332
1452.614528 194.967063
1506.400266 385.657328
1657.481018 264.021167
1554.834541 383.716557
61.142704 1676.641580
1303.223867 1673.638810
72.362139 1578.500274
1541.720982 278.055971
1347.972232 258.160594
1455.567900 193.038220
1536.355473 127.177311
57.141201 1535.506823
1391.340336 435.149992
1433.672144 1867.074330
173.864943 1557.796446
1494.216914 264.317987
1563.238624 339.311952
1421.030882 286.224070
1522.592395 313.333244
1387.755009 1805.059794
1549.669418 147.926106
1449.764837 307.161133
1399.052292 319.300052
1576.741287 124.613677
1557.875189 189.278883
1371.130674 281.429494
1657.349969 180.291787
96.827601 1703.089561
1400.636932 1875.188677
1453.901832 248.752039
1685.020657 270.185154
1459.359568 90.564042
113.989401 1574.195468
1403.657666 313.444259
1465.065787 1743.903378
11.112814 1530.363058
101.814385 1606.649171
1482.991531 204.232414
1521.019765 205.242140
1636.790652 207.581374
1580.805953 491.964834
1553.651393 209.866276
1533.151223 419.921623
1502.072425 177.417518
1625.189551 278.243025
180.217012 1662.671437
1453.900833 1783.766210
1532.288351 265.520970
1418.161891 1718.174084
1625.478168 277.782923
1394.831217 120.873205
1512.685031 330.296800
137.370999 1652.318280
1367.965858 227.029354
1536.105888 439.643445
1448.980893 112.994441
1517.069128 158.463470
1285.425070 321.728947
1454.942987 80.189023
1474.531828 331.695886
1647.780871 389.725277
1541.167673 342.614865
1625.629905 472.810378
1424.679245 154.714457
94.076880 1637.443666
1328.158239 189.024342
1429.380238 456.656675
1394.968637 1740.848024
1568.574575 449.538523
1430.090867 167.290251
1634.771773 362.433756
1599.413486 294.636174
1325.177184 319.596090
1420.616991 1793.788637
1595.900097 368.556749
1328.282048 244.868223
1406.267691 254.626610
1596.714114 329.859538
1520.254406 164.684489
134.919506 1712.974846
1507.115535 123.522882
1489.491524 303.218766
1445.782136 1905.311317
1459.175432 426.673138
1363.417283 1752.756892
1394.264114 112.658451
1431.780178 401.142748
1968.829639 1560.021478
1639.112295 352.049064
96.171785 1538.386477
1545.179364 250.824610
1544.440885 469.760296
375.917249 1038.967827
1412.368795 196.229288
1515.102713 256.247827
1468.635866 401.079777
1482.358277 141.147368
1389.346089 167.215615
1457.197531 188.935297
1617.601877 344.060990
1619.185541 251.905075
1573.020448 322.241946
1492.492345 97.733060
1518.885860 361.768754
1292.213055 230.007407
1480.988389 1810.191906
1701.568569 368.153839
1698.247925 332.546075
1441.371067 337.065841
1446.914075 312.559921
1345.379611 295.970504
1587.562291 294.710411
1412.914327 62.445460
1630.734925 317.555531
1333.347533 208.160552
1517.859626 1802.806655
1424.492671 350.846121
1397.540659 396.451671
1366.379983 121.946291
1439.338931 227.557793
1453.187736 419.110198
1415.429280 198.737395
1416.577473 245.462862
117.081749 1676.730148
1697.134600 399.424268
1396.710320 330.671877
1512.392213 237.212570
1544.623741 286.624961
1494.004675 172.698042
1576.517781 240.957638
1464.692233 221.935358
1479.508868 262.204144
1492.659598 295.669094
1575.570546 270.011148
1648.995787 244.378996
1351.828620 395.933676
1515.181746 451.294942
1478.179319 232.960507
1514.188580 217.020263
1580.740938 396.426116
1462.366929 367.388248
1427.404330 394.816146
1652.634014 289.585113
1681.681457 207.243757
112.531482 1539.047384
1576.975991 363.040223
1586.315115 251.414813
1445.211882 237.898241
59.697324 1492.485199
1448.701879 352.937103
1501.303120 427.153078
1413.084434 363.820073
171.192511 1525.542874
1517.922992 276.849307
1603.323045 289.250059
