71.034568 1162.779314
1933.785101 993.075260
21.979838 1089.701943
76.590133 1121.744153
341.011030 1130.317365
156.578489 1082.418997
385.939111 1006.090069
465.920769 1165.119494
80.445741 1048.139281
1953.470124 1147.151988
1850.516294 1155.887256
1871.241698 1132.028677
1925.750596 1071.071423
1793.014467 1077.798097
439.028124 1059.073387
60.293792 1332.569546
1900.304165 1080.923645
461.956778 1027.836673
126.795835 1165.725591
224.667571 1142.082370
75.405466 1174.070435
356.207523 1125.004621
1.342982 1095.222039
138.860057 1003.862271
349.737187 1029.269809
1941.337153 1230.453017
263.858284 1025.459461
19.476069 1255.939811
9.350736 971.777205
133.149444 1097.858506
294.873782 976.890762
306.852910 937.538682
271.191721 1102.027853
1885.455978 1169.365984
13.579634 1168.353737
1923.998805 1138.480930
6.738205 1284.100286
219.314434 1068.434651
103.939266 1105.178005
252.227443 1113.629009
101.753552 1082.383224
279.165736 954.488737
115.317686 1184.170502
26.942173 1160.935361
1982.970923 1030.113064
257.296840 1157.422355
279.169691 1058.087782
58.436919 200.146556
263.861918 1194.311619
144.643170 1036.508020
291.772935 1084.396249
411.383052 1007.004240
288.967708 1128.422444
215.169148 1104.549709
318.820698 1170.354393
314.395299 1052.866870
1940.797108 1139.271519
268.333266 1025.136677
1934.949707 1168.810168
183.685630 1055.972118
113.780544 1133.049736
400.741417 1119.328786
49.631915 1062.863747
81.604352 302.806119
304.276900 1224.069480
1989.021378 1201.708334
235.498988 1099.533939
175.539027 993.607758
1843.254666 1108.082243
161.390586 948.252452
339.645220 1092.523374
78.315241 263.365264
36.230568 1217.930807
492.893983 1062.528982
72.032894 336.488846
108.177378 1023.160961
93.744722 1191.049728
381.155838 1113.690229
270.386289 989.269549
1972.391522 1217.539345
273.941431 1132.209853
31.597621 1000.391076
1784.820735 1156.489533
74.691687 453.918630
24.862346 1029.992481
1902.987658 1194.334050
1871.375200 1073.974216
1879.631773 1113.675580
453.023333 1231.570047
487.416320 1272.769332
178.584474 1020.014571
139.085711 1246.236735
78.683929 1168.177454
179.625997 1162.022650
465.616585 1079.093228
32.054415 1134.871216
300.298297 1083.482510
414.476848 1081.886648
315.753139 1108.522920
371.166986 1197.072663
1979.329644 1124.009213
1839.220367 1141.247821
38.673022 1144.934496
122.873396 1055.824622
1849.166999 1076.689973
148.325171 1149.096555
388.044185 1087.903563
86.890188 1104.521229
77.527508 1106.741644
112.748142 1220.251258
73.066934 987.633602
163.918127 1192.161928
1960.834867 1285.208575
100.418967 1139.809004
299.898803 1043.184613
1971.789424 1088.927903
102.022875 1003.506774
1894.508641 1003.308164
345.143409 991.060283
403.856268 1057.384834
435.793809 1099.393283
1996.505628 1132.212172
169.680832 1090.677873
1978.948871 1238.709278
359.063551 1061.926056
1872.757840 1033.444455
10.581691 1187.434308
189.573964 1133.017431
1914.320927 1209.570138
1893.627747 1159.173412
350.217873 963.051100
190.876916 1090.298284
209.882496 980.584019
446.528609 1135.902743
1892.192442 1233.093134
247.030486 1094.466272
1799.655050 1135.458736
340.255970 1094.073275
275.759839 1059.652846
373.957049 1041.331703
441.722181 1198.159804
1930.445527 1183.916381
131.452113 1120.479606
1984.295295 1226.577501
79.304951 228.141113
199.129308 1013.316107
15.111911 1250.489055
1926.971582 1244.642107
1952.488903 1188.598150
1896.667011 1106.872401
337.291090 1059.297977
352.523985 1160.055258
1985.276894 1314.253439
82.688874 940.408545
1965.642261 1262.079116
187.950495 1132.347198
1977.982553 1165.939405
1965.462051 969.318559
43.470975 1191.131718
12.067398 1135.333992
165.869931 1123.114442
416.807978 1146.484404
68.262280 1212.256043
1913.284319 1103.343062
1928.663187 1334.896697
1970.147063 1273.725293
1814.716428 1203.046719
49.147258 1123.167384
213.738220 1053.310518
205.559470 1186.740247
1955.233008 1080.363070
244.019819 994.918870
17.685835 1221.820594
296.198773 987.579985
35.271262 1087.590212
1968.351651 1178.486597
1919.998898 1028.799549
1970.648937 1085.321413
46.284051 965.123097
46.017944 1113.531605
374.974820 1086.033581
313.339668 1034.588919
225.590415 1204.830053
314.537205 1002.692322
67.834346 1080.070021
1955.241089 1112.838981
86.442413 178.407939
364.963075 1161.969241
233.637182 1143.579359
1874.919736 1200.656231
282.278685 1167.733096
72.980366 378.213070
54.326827 1270.026055
1907.602467 1281.147562
408.756072 1180.789026
1962.582769 1041.428678
7.335575 1060.080760
27.324070 1329.226464
255.781066 1061.128305
66.260591 1009.088903
1515.738806 1051.568022
1205.067959 1287.297806
1572.254809 1166.274616
1125.177275 1646.525297
1701.050190 1834.566183
688.282507 894.089871
1965.490800 1996.722469
1231.014310 1129.231753
31.907058 67.619769
1392.920424 985.288177
1384.974326 1157.859674
1571.920305 893.204727
1321.637883 1329.344840
1577.220103 943.120137
1409.711053 1126.026219
568.704436 72.532437
1455.278228 1144.548077
1663.642093 1817.327305
1894.145581 1956.129676
1434.745020 1025.937259
1625.364329 1807.147517
87.929199 1990.397557
1382.425389 1019.844854
1864.606291 1926.980444
1316.185444 1184.642805
1556.850256 1005.457562
1335.533624 1315.843607
1507.295976 1085.249968
1304.973040 828.131449
1130.464070 1578.696115
1306.939308 1244.501815
1470.725589 1189.382454
1534.098514 1050.718459
1519.095348 979.777170
1438.853153 1175.687050
42.762966 1999.485191
1398.549402 1174.079958
1271.620020 1278.444039
1234.291316 1400.467898
1182.595129 1525.928986
1322.468985 1229.629915
1288.569878 1203.581591
1484.981378 1216.090460
1426.187725 998.929536
1746.676165 1869.140093
1090.316051 1653.330222
1432.656986 991.785531
1404.821139 1166.375678
1609.669269 960.146903
1127.287521 1413.851267
1496.345513 1173.271555
1230.152269 1375.744767
1201.629523 1394.677095
1360.333534 1274.890465
1250.789568 1337.328777
1396.624143 1206.183231
1526.299131 1101.192659
1375.325150 1094.869494
1568.761817 1030.230108
1388.075946 1137.640691
1428.204449 1110.202695
1113.362413 1614.442687
1505.234770 1130.247976
1188.021512 1605.879161
1298.640229 1368.120889
1770.047830 1840.380392
1558.391213 969.838689
1418.023227 1320.914190
1338.342463 1323.254408
1354.660763 1127.132434
1538.514728 995.810230
157.230426 1993.519587
77.537199 41.276720
1359.125020 1309.638831
574.667028 167.910283
1209.208717 1556.189517
1365.795257 965.944151
1356.611978 930.415935
1337.870932 1074.353742
1318.124007 1114.895471
1295.052941 1221.447069
1100.237710 1517.676842
1373.419375 1130.879299
1217.129275 1220.913546
644.971943 860.470044
1358.153160 1173.181596
1450.334160 1116.614784
1322.708221 1352.658625
1278.624296 1353.560793
1433.395239 1281.234799
625.057577 824.933787
1333.169357 1185.526821
1418.075784 1046.379690
1290.957650 860.256982
1603.720867 908.012754
1299.166280 1330.647873
1363.322679 1202.361979
1145.223767 1468.458895
1298.716326 1321.922666
1125.921268 1645.234191
556.596388 108.054406
1705.559350 1799.930299
615.687798 267.387073
1311.794302 1004.538133
1476.866791 1008.980159
1523.065329 1086.810236
1682.687476 1864.523236
1300.493584 1286.232299
1459.603936 974.422904
1382.630557 1058.563418
1327.900211 1152.428144
1285.403952 1274.300458
1280.359633 1166.601443
1171.706660 1572.525522
1256.126061 1249.433553
1501.663396 1125.087692
1181.030239 1212.671400
1418.340144 951.765580
1430.624152 1204.328007
1387.478069 1242.842389
1153.143542 1611.970661
1332.074572 976.272379
1427.088131 1108.454543
1458.712079 1065.651210
1571.001623 1124.014603
596.040557 140.882318
1390.273731 1082.437231
1188.846838 1484.873740
1435.152812 1242.651457
1415.316429 1037.159310
1575.360417 903.573422
1297.133555 1105.191691
1362.177217 1222.010624
1149.270881 1439.433646
1978.501515 1964.028440
1734.713785 1830.164844
1354.613953 1289.042604
1254.451348 1217.977758
1224.909131 1314.641947
591.515113 105.368121
1471.708248 1121.899795
1384.024684 1228.017999
1382.571331 1037.225930
1232.656455 1283.523391
656.102970 786.562777
1797.820052 1961.661032
1382.653255 1306.675183
1457.524462 1151.830952
1430.806432 1255.522630
1322.667797 921.616215
1181.135614 1314.922553
627.773835 307.947370
1426.719724 1180.681200
1713.307171 1878.269023
680.586011 854.093701
1168.849579 1339.264941
1162.650446 1652.604260
1086.399069 1489.371389
1325.513471 864.966700
1410.648689 1080.322350
1600.731215 867.119639
576.711517 207.383146
1365.060680 1104.624023
150.251082 72.451851
659.800944 821.888805
1194.518159 1365.620573
1413.767010 1151.921088
1523.987857 1019.535771
709.252693 873.679030
1394.720545 1276.517900
1777.140001 1917.650144
1157.106326 1501.002718
1744.019994 1906.741580
1553.200269 1132.882481
1454.483128 1218.104941
150.478983 41.257023
1399.031640 1091.293554
1334.491045 1155.586122
1358.045545 1235.528133
1276.065720 1139.693134
1556.335843 1078.900240
1503.628304 1180.320791
1432.372043 1076.615746
1497.414174 1003.348617
1367.071595 1256.659808
1338.715837 1215.511991
1148.636667 1545.336314
1472.509987 1041.012619
0.782099 1998.592514
608.604050 190.542627
1585.324244 984.639421
1531.359632 1011.993652
1272.239242 1265.522090
1327.665774 1040.495510
1538.829087 1164.275999
1402.949279 1200.252355
1412.169654 1225.969935
1228.769570 1243.773791
1104.047625 1552.452395
1400.458770 1113.775984
1328.427037 901.362919
1330.417326 996.988131
1672.072771 139.217975
238.983333 1082.829749
137.023431 875.693164
200.161785 1034.682829
1687.205231 276.652244
247.393317 1017.760674
268.460022 939.108088
1898.762944 1649.500266
1866.738785 1635.462039
1267.008661 943.050823
1794.205240 329.893163
1798.307661 286.160079
1249.958954 902.019672
323.718172 859.301712
1658.534320 85.949459
1769.111878 1717.581144
246.355736 967.344281
272.685555 1052.370558
1839.612495 184.687813
1873.143314 145.449346
1189.892927 902.815816
325.939239 912.207254
1343.975877 859.530411
1888.927944 299.176805
199.125264 1079.933029
1918.112323 227.767168
1723.471952 96.186992
186.747895 1003.779896
1894.401853 196.503319
1382.674799 851.388805
1667.031643 190.765914
311.251467 800.032774
1620.240616 112.193269
1736.271505 123.187341
1795.801306 141.244180
1207.950289 936.326558
1315.734478 923.881253
1340.283219 904.628156
1762.062829 146.883811
162.379497 899.406740
1704.726297 168.817324
1819.024614 237.563721
1771.067578 208.834641
199.119935 957.693733
189.657114 885.478169
265.346323 917.135675
471.592970 1050.265793
1899.703624 1691.350923
1295.591805 876.797611
526.381489 1098.907442
214.950807 998.598065
1765.136978 333.145618
119.311218 935.608476
1723.099255 207.154148
1849.615765 218.789074
1762.779120 253.432565
1803.680866 198.659294
1299.073111 996.479546
166.941862 970.809349
354.562334 996.887871
1823.330631 1771.977267
1843.048956 1688.707388
302.154011 998.585765
1158.094049 938.830146
1178.918067 846.487112
114.819693 966.140901
1743.281660 213.133963
1620.493290 153.515390
1293.860029 961.944486
348.357051 930.051484
1786.665336 174.587871
1906.725001 165.901163
380.374709 879.822646
1240.745254 922.639470
141.462911 1010.403548
210.146116 894.599622
117.515638 996.906277
1628.680808 240.950682
301.931923 831.772624
1848.968307 181.007479
1865.867513 1667.380405
1138.863354 848.089922
1301.926875 839.225714
233.141867 956.835881
1621.872336 200.093164
1402.488897 884.148231
1856.815687 253.278954
1768.234198 261.996712
156.552864 938.414907
493.138038 1086.128187
1748.417885 304.398022
1214.166801 894.681057
1244.456466 867.752101
1247.392958 843.364717
1965.427325 196.066562
1227.060119 983.279792
203.482695 928.037501
185.544651 871.221017
1356.475185 973.815414
1870.274564 1709.293386
1749.890848 75.094186
1901.056877 261.401460
1721.621167 50.898119
1931.439243 185.409490
1352.552963 1015.777392
1798.739044 239.125991
1816.022680 1664.980201
1162.638745 985.684188
1780.710613 183.834405
1709.109862 144.915476
207.993991 856.727756
1928.546216 1684.423479
1770.625696 1783.168894
1212.930606 849.879706
1734.306297 284.212272
1368.776584 917.409923
1669.861892 123.908095
234.326345 919.042039
1145.743079 882.902724
1624.141577 83.379570
1334.832565 830.488273
1834.515592 276.465856
1272.705252 822.733093
232.890645 1140.284792
1643.002045 191.444617
1686.283195 163.201735
1386.392109 903.516071
257.461387 831.632927
1331.705491 957.448672
1807.079183 199.155328
1781.538698 214.083998
1816.321071 163.407426
1717.511346 283.154742
1192.201016 958.782453
1785.116882 1693.684677
1700.760042 231.838838
300.941058 929.317827
265.669862 876.042097
1874.637192 1605.662995
1270.370726 938.921138
299.204781 952.085085
1287.210007 911.947332
336.559594 878.969939
136.792193 881.558718
1749.769626 178.154930
1310.372493 865.014537
1685.752185 202.235906
1880.246824 230.288111
1803.419345 275.063754
275.006364 798.168164
129.927377 1031.043018
1288.895559 791.537761
230.827651 826.041287
1784.849538 1758.382241
60.878307 170.222784
1931.668464 1639.723338
1790.438132 1716.153605
311.560447 966.489302
159.895993 937.927139
1684.395100 58.871332
1256.527727 981.056016
1660.290787 251.880618
297.480669 942.713591
249.464431 892.854020
103.122175 900.813935
1826.900050 106.109538
259.520274 880.311113
1816.824577 1756.652663
89.523534 946.790838
206.080657 974.321104
1821.245135 1699.357292
1830.526701 310.799142
1873.877143 218.432080
57.452053 205.109599
1954.144442 1673.930109
125.063987 973.870654
1830.547203 1717.305502
1222.698373 930.405356
220.966287 871.033818
367.523129 964.215188
291.077548 891.847477
168.590742 1057.564547
1736.338499 235.223107
1720.179033 107.425382
308.708018 1036.027391
1421.417431 919.869867
959.972276 742.816761
1396.693919 1035.434664
1687.151607 105.411831
1647.855168 162.778544
1864.845470 186.159262
294.645816 833.154815
371.090956 916.332089
1843.060407 254.613951
1238.176776 881.960704
282.158004 1004.412206
271.766714 974.807573
1323.648685 1026.343422
1350.206508 222.425089
1401.884641 146.244798
48.241646 1350.610230
1699.576104 196.287990
1599.968585 223.030584
1587.754998 291.236155
97.989172 1477.262081
1467.380106 1999.702708
1596.874385 1996.497497
1446.117025 146.609916
129.832958 1531.252365
1288.954764 16.123043
1557.551224 71.006185
1420.729701 286.237252
70.464751 1507.643003
1666.677228 285.968760
1624.995341 290.636753
1389.543874 108.950902
1499.510498 206.001497
1383.580551 1742.410857
1551.881217 53.349090
1523.562680 155.633368
114.261769 1340.228835
1475.851449 135.966717
1578.906589 86.872764
1312.376601 1659.038139
1354.686916 1717.605799
275.941969 1080.683176
1641.712136 257.755995
1354.793250 23.950949
1627.993311 20.944146
1445.810884 239.289591
1462.736653 1993.944540
1467.851137 194.815318
1319.433196 1721.598101
1615.631488 166.298330
1569.744363 223.425357
133.035880 1470.720644
1568.091936 260.612327
1315.558345 194.178054
1591.192927 114.525028
1508.623786 34.952033
1370.675495 236.723772
1570.463174 28.875297
1288.475786 1593.342614
1433.496990 48.025662
1477.604564 242.947383
1698.087379 119.856274
1513.835411 239.525659
35.066992 1532.670948
1198.505924 1563.465527
54.095366 1428.626054
1515.982735 139.143587
1310.524106 126.781725
1438.676867 44.036254
1537.177037 1984.339179
42.277692 1386.810558
1346.432250 303.547715
1344.210455 1746.188606
118.305634 1439.847446
1460.880298 120.805640
1603.501999 197.917371
1414.891991 137.107098
1495.896566 168.186128
1281.836048 1696.481112
1545.693943 1998.485304
1461.908426 161.125794
1388.870922 176.374623
1576.763036 1974.342680
1503.969873 49.597905
1380.016341 134.768885
1673.693252 36.669176
50.631760 1560.930856
1307.392300 1760.411320
1340.349427 163.840890
1734.882634 128.522818
1411.371528 1958.010552
87.813978 1425.636710
1375.347481 172.229167
1345.639821 1652.438237
1997.276017 1384.744821
71.125746 1459.427037
1526.956443 64.545074
1447.524699 76.274999
1580.028321 69.712246
1565.817148 340.741528
1477.447996 85.633797
1537.154413 270.599398
1484.846269 31.592646
1641.266542 130.698385
159.629858 1514.527930
1338.244224 1688.093290
1556.255592 119.546432
1350.226409 1586.791507
1687.341679 150.701987
1360.010748 1974.565626
1554.255867 191.178860
118.905581 1507.255598
1399.421629 79.971323
1505.462755 293.686164
1420.203131 1983.926243
1517.571240 13.087684
1290.260776 175.475086
1463.214003 1935.898665
1459.739481 183.183606
1672.332176 245.169059
1533.076162 193.270853
1597.383684 325.297050
1428.353011 6.889466
54.672321 1497.361715
1380.734631 48.822016
1416.355202 310.606001
1322.847632 1609.995242
1554.717383 299.447353
1431.777561 17.434329
1665.683637 220.919581
1550.908348 153.741828
1325.519226 171.932123
1314.361273 1685.514224
1549.693613 224.875303
1349.191958 98.715253
1460.892092 122.401167
1579.869021 182.361566
1592.237341 36.835592
103.556782 1564.529248
1492.894383 1982.109879
1483.042154 156.564632
1369.885377 1792.124286
1440.546233 279.790348
1287.476237 1627.422277
1383.560825 1962.608521
1412.734659 254.827895
1911.377965 1419.341292
1625.458169 202.034460
79.180566 1392.149542
1499.878635 111.472388
1511.444008 327.624021
235.649755 1097.525748
1407.829872 49.665915
1487.472420 111.367097
1455.247175 252.263991
1494.458059 1999.857368
1391.711312 18.655195
1438.637868 40.277961
1645.352775 198.016784
1631.758029 104.218192
1545.112473 177.543045
1516.764352 1951.788613
1541.307317 217.484338
1291.386992 96.129080
1381.127322 1698.686623
1718.463153 225.763000
1742.898531 191.259312
1429.085876 187.874840
1509.366600 183.947927
1350.996353 146.627416
1564.192976 148.324875
1412.346583 1922.396734
1676.023148 174.982997
1368.944178 63.813345
1418.267741 1693.927694
1461.769290 210.086877
1382.266044 249.879801
1343.409005 1978.999995
1423.486976 78.025667
1489.352618 277.468473
1407.723457 49.172764
1387.924420 102.466617
70.963025 1532.790138
1714.454650 254.464795
1358.919242 188.123153
1532.710588 88.279097
1518.011780 140.312137
1470.151898 25.737433
1523.575096 103.255220
1436.247070 86.444658
1451.611939 117.443536
1387.817023 189.665737
1613.243279 126.599983
1673.674394 97.368019
1325.361823 253.883901
1457.859147 318.797246
1460.828289 90.385821
1508.799866 71.653745
1587.294149 248.211280
1417.969724 225.067860
1410.956808 247.252004
1701.664615 157.422078
1614.207298 74.471346
90.296173 1391.946829
1568.310691 212.028888
1561.191438 107.806235
1477.648181 94.345018
83.242666 1343.369116
1495.753106 214.399478
1502.741388 277.398258
1397.973266 214.351226
136.911403 1391.924623
1499.806331 128.458258
1672.179812 156.101175
