1421.873734 970.908654
1163.318450 805.151260
1268.731960 693.665565
1370.593621 842.935125
1587.416963 809.113412
1429.526667 790.831121
1621.226938 892.020017
1644.250870 945.539641
1340.099664 788.515846
1303.244640 600.883776
1238.801114 684.428302
1144.661257 709.430755
1182.109807 846.110879
1237.462946 601.598698
1641.089727 913.502768
1384.939528 932.964104
1219.442373 825.392956
1657.000722 901.947610
1361.407279 708.850468
1487.965076 1042.918416
1345.276664 854.220221
1549.591774 746.770283
1334.031310 829.957173
1374.686841 648.061782
1544.304446 872.822621
1267.886703 677.459552
1463.422529 936.033083
1336.110908 913.835123
1257.656281 662.828635
1436.823225 709.082905
1554.915839 1058.601106
1511.047493 830.161989
1513.852149 865.944963
1183.819814 803.549755
1313.199709 739.913525
1484.694797 713.268079
1379.814994 959.820353
1483.683775 883.939203
1313.649840 760.592825
1475.830706 903.910125
1362.227496 808.843355
1520.820086 717.407590
1400.235787 863.549858
1292.784179 817.661774
1299.467439 837.100558
1457.033828 848.357900
1439.048259 756.813313
1701.962689 912.260403
1462.338419 1017.004552
1322.603094 703.520599
1531.284938 1073.702329
1596.636207 983.124604
1527.963401 910.794202
1463.842667 734.374606
1629.717077 1013.683742
1480.889489 963.821129
1291.916315 861.911100
1465.757192 685.638163
1183.789793 663.714118
1403.159294 907.157830
1373.528538 813.261730
1561.093358 974.111907
1243.397804 822.072365
1676.130539 863.876378
1528.353151 946.946571
1248.481494 754.421405
1411.719629 900.812308
1449.887124 928.350507
1114.865238 757.267674
1430.305966 826.845876
1495.341637 954.161462
1628.430700 850.094666
1340.728490 889.989565
1667.340227 978.660022
1668.428755 898.963491
1379.163975 687.440318
1439.068686 1006.171165
1581.947233 948.497756
1429.360346 822.564302
1264.046580 791.593534
1522.231405 1027.275753
1243.160841 794.882353
1137.403528 649.457644
1617.084309 877.861121
1330.256664 785.694391
1207.833220 646.133972
1178.252785 834.534258
1197.947932 714.858572
1640.566174 856.037055
1679.985413 1008.366061
1417.821339 934.922843
1419.660905 745.390700
1336.884267 731.786636
1417.288802 803.067056
1615.981700 976.838317
1384.171222 624.024600
1514.539185 920.913031
1546.652627 922.202720
1511.880134 859.662916
1606.601557 1012.612455
1344.476965 746.204259
1138.130202 745.989106
1334.587277 650.758726
1363.116164 713.545426
1166.135052 738.002917
1395.201767 1020.005658
1631.172506 809.043728
1423.200832 714.261664
1292.877095 654.378517
1373.684587 770.560240
1296.196055 705.019590
1451.693662 967.814091
1254.109479 831.799859
1402.472038 818.044339
1464.635090 797.186325
1211.128564 750.544112
1323.424919 684.072230
1151.840690 675.610388
1594.900351 774.854595
1560.060847 922.303718
1585.126017 895.553453
1291.994968 767.153388
1388.747469 691.294578
1233.066771 875.527733
1535.563560 778.405822
1116.469345 695.847100
1286.433021 602.445389
1396.797470 729.328388
1184.982442 773.564951
1274.004776 730.979925
1554.483390 875.222116
1443.740034 636.084912
1441.197134 674.506128
1672.574414 938.357634
1251.265607 870.832135
1448.650462 893.681214
1147.303590 789.428189
1526.792671 980.513295
1489.331941 823.892816
1588.731698 855.546846
1579.665483 894.093592
1289.262372 597.368937
1412.552803 664.991407
1267.389537 797.253139
1726.065526 958.146995
1438.037898 820.297895
1322.652988 884.032440
1238.636543 641.262518
1216.960529 725.614816
1199.343983 893.905662
1500.792368 758.723971
1533.141027 804.418838
1266.305354 770.136004
1316.187024 802.025714
1327.061251 697.820521
1370.161918 899.486009
1370.701501 872.853918
1198.098751 685.792383
1273.283624 693.073155
1288.191494 901.752829
1416.320733 862.947500
1609.627460 927.476460
1301.418540 890.565162
1150.007505 765.683321
1258.171929 724.030856
1259.648996 610.419067
1172.807500 760.063669
1283.824803 748.570912
1431.181785 880.167716
1399.645082 788.916136
1171.079462 728.494794
1499.778803 795.732290
1300.542441 792.810262
1486.977740 948.044124
1293.270052 793.969391
1241.032330 739.531588
1205.404107 715.798227
1228.246676 695.103466
1338.597405 653.497296
1353.445872 671.244477
1557.731972 1019.304322
1556.815139 841.502192
1461.302824 826.012093
1488.717104 862.167189
1303.880338 833.891973
1293.544014 659.206328
1702.294457 996.096161
1549.655935 909.767939
1509.410097 971.880146
1249.484819 939.029960
1493.981681 1005.845121
1637.823266 967.904907
1279.489198 849.123580
1215.483055 784.936703
1571.956150 1015.819573
1209.789441 654.116238
1329.200859 616.062159
1378.620297 777.525983
1411.414296 741.306720
1359.632528 765.141310
1130.494118 1627.346747
1043.465797 1686.220851
1006.302849 1503.358942
1004.500281 1912.100690
935.513211 1571.237179
968.625387 1469.765723
1010.671736 1837.337258
1108.276735 1751.901061
1150.853360 1897.662374
953.855612 1614.090614
662.088926 1371.914299
1074.320684 1619.231227
1293.930424 1778.700398
1000.099886 1800.558342
1072.481158 1675.934495
1046.164234 1599.011034
1069.687866 1696.209648
998.787698 1499.289237
1100.901563 1811.130726
1200.856688 1651.223403
949.854086 1733.994717
1043.444892 1849.338816
1109.996313 1653.178445
904.046629 1552.027192
1092.569569 1721.451897
683.080559 1401.044228
1024.213947 1817.494012
1277.946637 1635.608450
1152.722718 1613.611659
978.840439 1828.174325
1210.658130 1796.032675
1056.480440 1763.280008
1180.351415 1596.649639
1095.840942 1649.324198
1190.577856 1782.737593
969.696110 1756.046125
732.098176 1408.881972
947.801675 1821.208342
1684.353280 389.580607
1209.532340 1897.006608
987.364289 1672.065318
1195.198575 1678.306990
844.920133 1460.925851
899.079212 1805.113510
968.731109 1524.793652
1075.216304 1946.730722
957.054510 1679.037037
1207.226682 1890.025947
1173.447917 1638.783454
1268.234482 1840.745275
1170.494864 1737.579972
1098.822626 1787.027247
1141.068753 1741.639351
1226.014698 1759.791031
1192.369655 1756.795998
1042.080267 1652.325807
819.884375 1372.915238
1097.300648 1733.159065
1065.029465 1648.774832
1189.116539 1714.809408
1098.376216 1688.304180
947.166280 1875.711873
814.799541 1426.732300
1075.460572 1902.946612
1129.881039 1815.827669
924.939515 1609.815462
1029.940147 1561.995004
993.736210 1784.991143
1115.705970 1838.317702
1262.863463 1798.020522
1262.096224 1661.029460
986.355218 1786.319483
1215.650273 1839.487136
824.566997 1489.933936
1056.874349 1540.211499
1065.257133 1842.992173
1048.197382 1664.656244
1082.103360 1631.337447
1173.175188 1758.602711
901.962563 1678.642071
920.702774 1693.009313
1024.978542 1758.203745
1119.503398 1628.343275
773.326635 1440.537227
1038.953323 1516.885325
743.302670 1433.080944
1135.274896 1777.364946
1050.927271 1776.978465
1045.846609 1828.595643
1145.322702 1853.416698
1105.880293 1448.462372
1145.618494 1695.886607
1211.111967 1710.809112
968.897704 1561.886154
1235.887772 1623.177097
1093.560248 1860.872799
1074.715018 1743.953873
1097.251801 1795.773306
1029.342186 1699.021117
1038.443066 1931.497616
1006.379316 1542.280181
1006.287602 1646.718006
912.263800 1726.896283
1019.306539 1654.192744
1112.282150 1677.606000
761.740808 1389.072036
924.181205 1519.215167
729.992431 1466.593310
1113.282515 1613.444035
1251.146098 1692.418306
1156.403760 1828.698966
1106.100404 1712.338393
1039.251884 1735.288342
1102.807822 1890.873391
1227.615619 1796.192102
770.429012 1354.594803
1162.674183 1776.252456
1171.527099 1689.025250
725.821238 1398.435932
977.238219 1674.068290
1119.443257 1951.838166
1695.953848 424.025479
1151.580128 1781.540296
1130.253569 1731.269983
944.201119 1761.151125
1071.499922 1504.373410
1226.451033 1681.315493
954.629011 1776.302033
789.989548 1494.853089
927.512033 1585.803479
963.385392 1790.872711
993.373753 1661.717065
1110.421752 1700.410577
1253.011732 1884.143565
1251.329313 1871.680837
1050.175863 1632.684597
1245.033997 1728.512094
1018.629062 1734.119631
1049.394891 1718.216096
1012.549830 1626.596966
1503.948731 1773.769391
1128.879352 1804.736595
1202.712279 1737.556126
762.347877 1476.263132
856.842076 1535.614881
866.067435 1649.299502
859.755563 1493.457848
1537.504434 1794.827486
1072.245690 1784.728184
1053.930350 1583.922477
1142.839858 1746.620352
1020.173447 1699.210119
1065.664973 1753.552712
1017.819118 1588.784911
939.081249 1488.265928
975.837918 1836.310782
1055.956553 1924.474524
1007.035524 1815.017083
974.844552 1717.926280
1140.751451 1667.033370
987.300279 1746.276211
1012.991017 1616.590101
998.442528 1718.498023
1029.292805 1795.844995
848.901581 1689.150186
1146.425702 1837.650813
1081.605155 1833.707904
1156.843374 1685.494179
1020.269653 1438.501359
1045.896965 1708.764622
901.087019 1595.046602
1104.316790 1828.559498
935.735261 1645.395912
798.863126 1457.548177
1186.918499 1837.017016
1006.437585 1751.665580
1117.688439 1769.209571
1153.969269 1649.120039
1292.800080 1698.833517
961.934785 1704.833086
791.421789 1399.406520
699.201560 1444.489616
940.568708 1638.923767
1087.918725 1595.289590
1168.294162 1723.384281
1060.193330 1730.375840
1135.711661 1929.501802
920.335668 1771.964834
1065.886090 1797.228333
1109.554710 1531.100101
733.395530 1364.242278
1071.281069 1692.280957
1179.181470 1851.793001
1126.147839 1712.669795
1014.799559 1765.517470
769.236340 1427.573298
1164.414419 1812.253854
1056.618873 1878.704396
1151.859316 1883.587579
1141.403789 1625.051993
1610.323764 114.716077
1441.233975 160.364836
992.740438 110.279854
1745.084324 189.979202
1037.271780 1349.722683
1284.627317 1226.551101
938.236177 198.865471
1232.321865 1372.607717
1232.230755 1269.150135
1665.461107 292.714030
1692.065857 273.087582
1476.609077 108.021626
1087.599537 132.036286
1185.371982 163.955286
1501.146668 173.391237
1286.511755 1307.264885
916.398408 106.049736
1640.688208 192.874684
1244.174056 1306.670158
1220.399033 1336.363672
1073.374953 18.678025
1137.884148 62.788063
1351.823435 132.095658
1208.960035 1315.271889
1449.312790 127.797810
1173.486336 46.926860
1688.604855 202.440032
1155.504022 1983.131359
1551.860388 231.366373
1164.956883 1266.519640
1110.643272 0.249438
1599.235660 183.560897
998.915923 147.094750
1119.511009 1253.886514
974.422671 63.716392
1041.017955 133.194631
1052.593322 20.803531
1466.969416 180.357170
1472.500850 246.415828
1515.491647 248.456522
1605.021597 268.372673
1050.245357 1307.503069
980.055799 172.098642
1067.101118 215.311027
1018.531316 77.961759
1077.836082 1333.905436
1120.803312 1373.279246
1171.151938 1314.731720
1264.565018 153.553392
1751.433202 271.621196
1510.513494 70.217330
1398.845317 115.773913
1172.141173 1268.652186
1058.590967 66.942878
1155.298037 1238.314795
1030.307892 1937.116150
1124.048587 195.942254
947.505273 152.265465
1034.441852 154.737979
1344.105769 165.401160
1193.757578 1290.319175
1360.929311 188.603944
1785.342153 272.297129
1715.287170 292.012042
1256.604250 1339.408467
1552.215684 94.035875
1431.101823 129.541367
1316.726476 1284.917874
982.253814 114.805668
939.166445 124.482194
1432.879896 189.838960
1180.519631 1375.968918
1107.384021 1917.790969
1738.859995 304.141086
1270.760908 98.675546
1457.343116 231.161941
1076.201415 1365.448412
1194.033611 1267.381090
1219.402482 1244.094730
911.601071 172.235932
1226.319401 1213.307991
1151.338173 1948.337034
1761.719983 337.600443
1527.186851 210.944528
1503.423543 132.963520
1270.432551 1263.977367
906.306723 135.764326
1567.257587 199.232518
1093.804897 76.226061
1014.596791 109.329171
1306.791313 1247.794309
1418.552200 85.499259
1068.905530 110.746008
1466.154609 171.098866
1400.206836 174.781068
1393.292722 155.231356
1158.741039 141.066427
1420.468787 136.822422
1215.784036 145.379802
1128.530650 1286.808275
1534.976780 215.844719
1179.507712 79.892719
1585.884651 231.883386
1119.215824 32.143080
1575.941364 269.738133
1197.121744 1960.502897
920.537481 54.949367
1052.917042 180.765806
1674.978500 233.571796
1321.220726 112.021667
1127.637432 86.274666
1663.811067 169.677979
1249.268877 1235.430116
1840.840596 284.294758
1601.361592 205.540910
1302.411953 178.967521
1050.113549 100.166068
1476.383924 213.990310
993.775547 180.690426
1207.636047 1298.085074
1311.717921 145.143656
994.391921 26.034311
1631.891606 152.593744
1091.773581 46.209158
1485.654294 138.377180
1453.566212 91.008934
960.478790 51.699440
939.595805 73.157701
1514.192141 105.017732
1082.908294 1251.864070
1541.482066 273.642343
1730.354020 338.365731
1056.480416 1940.150408
1015.199449 79.382916
999.521873 1945.485580
1563.647791 199.103492
1660.441066 224.127076
1042.115265 1980.122866
1187.559049 1263.686054
1220.068757 1252.629578
1721.444354 206.176444
1463.291801 55.173617
1264.731366 1289.391581
1428.840545 216.984802
1181.337974 1340.379206
1133.959087 1201.808290
1621.228325 230.555674
1589.477773 137.538863
1631.046425 285.046411
1110.828528 166.509414
1085.445054 1945.304640
1116.554914 1275.421079
1069.559443 1282.140980
1549.361265 139.471559
1119.882203 1226.060868
1649.146899 256.453389
1160.175709 105.250677
1803.285256 340.687830
1650.568634 327.830520
1710.853520 177.187573
1099.674275 1304.773585
1605.430700 179.992268
1554.179054 174.046998
1042.631688 1907.413585
1284.757312 1359.082681
1136.958893 1328.811798
1171.811838 1195.121052
1146.978232 13.727833
1146.586679 1444.173695
1708.358823 251.734476
1103.899239 1222.336667
1158.292301 1370.109815
1740.378753 244.940252
1127.966969 122.422349
1072.667622 167.370285
1189.786706 124.468160
1781.080749 307.268645
1153.499825 1271.802762
1229.068210 116.301390
1527.580966 170.848735
1196.156825 1233.371326
1240.634824 118.427703
1371.141751 95.231317
1690.950106 145.220963
972.086698 118.409361
1029.093717 211.987035
1442.712039 96.644414
1574.632143 81.992810
257.117304 1696.070873
1569.585274 165.686148
1701.009107 325.960974
1021.157039 16.254496
1143.127869 1908.862143
1152.296870 1244.747035
1307.687284 1317.040220
1040.991117 40.068296
900.562907 70.436133
1243.324416 1296.151975
1145.371775 1404.385142
895.557345 106.349519
1432.215714 1511.730380
1263.291029 1467.210542
371.076088 833.764423
1517.976552 1564.383957
1355.406836 1533.626338
1419.430218 1563.081975
465.759084 1450.146458
1339.657349 1311.719866
1463.611209 1324.875271
1288.577412 1556.033696
206.404237 222.365420
1303.736628 1386.344979
1545.775892 1381.466886
1218.567068 1530.739547
410.378519 1437.001819
1369.787022 1647.343610
1366.003522 1591.342991
1307.561284 1446.771820
1401.580931 1536.546638
415.240436 1402.746351
1347.957250 1476.796607
1267.235327 1475.513052
431.952306 1372.586946
1208.666448 1393.895056
1475.427559 1399.724935
1415.189694 1450.198002
1574.727120 1518.464278
417.768190 744.501594
1544.225125 1638.526014
1361.041696 1296.264119
1401.353187 1355.746835
1213.101765 1452.803451
1312.498865 1338.802611
1203.620410 1592.832670
1488.238009 1551.466444
1439.054003 1472.171881
1493.486537 1503.705880
1014.356896 1023.065654
1500.011236 1591.170983
1285.846329 1492.589541
1259.539467 1437.707591
1363.632465 1388.491601
1436.275309 1529.346706
1469.991112 1356.510728
1502.492597 1369.298431
1426.605696 1387.401503
1334.382272 1596.186180
1555.722596 1424.348245
1404.526719 1517.043559
437.428980 1473.098834
1411.724314 1338.637291
951.903381 1017.726152
1297.871873 1484.463199
1313.708329 1423.130181
1354.725810 1355.150302
1268.040367 1304.343781
490.690905 1422.273803
1379.406891 1565.169356
1528.327865 1617.677377
379.551845 1435.892613
1251.934682 1428.317396
1511.468803 1577.245762
1261.267017 1405.441633
1446.163934 1456.845397
1381.414987 1458.731455
1281.881693 1450.047435
1398.275942 1495.036316
1380.173573 1511.694615
1414.560815 1280.752260
1606.174410 1542.415287
1219.055622 1322.033292
1525.535586 1496.407041
495.007620 1458.456209
1478.764944 1558.535057
1204.913498 1478.454460
1531.190729 1427.382107
1438.345527 1304.214697
411.415688 1413.943837
1336.927793 1418.011559
1443.034596 1571.980112
383.298428 783.312194
468.869290 1390.476285
1445.208766 1397.168729
1375.094297 1409.375397
1545.244881 1485.359667
1464.620180 1615.681696
1417.096444 1385.042041
1345.793999 1564.970311
1241.908336 1380.489568
1394.648208 1477.182538
1034.098628 1046.517172
1506.199699 1540.996736
1424.756067 1444.781616
1445.040203 1430.437218
1182.681078 1455.968098
1189.570293 1308.357672
1454.238813 1537.980324
451.185836 1433.393947
1187.244887 1423.519934
1487.249651 1649.441236
1259.359069 1337.576422
1375.627520 1350.413997
1166.072966 1488.566506
1391.812171 1305.189887
1351.968977 1480.778752
1413.778079 1571.115135
1377.063990 1451.778956
1433.987518 1611.609449
1326.024329 1256.319265
404.952203 1479.732376
1286.551497 1393.971888
1305.161318 1576.042573
1516.491740 1458.215382
1367.714956 1612.161524
1408.027345 1366.640300
1542.235321 1522.392214
1493.413671 1486.504934
1451.863067 1513.324274
1596.576540 1577.561569
1359.634617 1523.802248
1361.149342 1327.727728
1571.838331 1490.985195
1235.345413 1461.112449
1386.482457 1437.366638
1007.170041 1069.143347
1290.569684 1260.296398
1282.656667 1609.007258
1617.737656 1589.441558
1501.284818 1606.513222
1459.289514 1476.288416
1385.478497 1331.378779
1330.985717 1548.176977
353.443959 801.842281
1253.249367 1509.239529
975.851637 985.469488
1209.718002 1429.939030
1393.291054 1550.334277
400.752895 710.471054
1307.738751 1348.130215
1454.786417 1431.249270
1438.254959 1564.444508
1486.610682 1405.909357
1340.964019 1451.926304
1446.624465 1352.967259
1333.715363 1515.569642
1397.448042 1413.258610
1561.909248 1565.931298
1293.980925 1409.175151
1393.288941 1632.626556
1215.141636 1362.016999
1557.796022 1451.779030
1465.598672 1591.172937
1430.388620 1602.874062
1465.290042 1488.555684
1338.305585 1501.638145
1423.319733 1489.305951
1555.181587 1549.288106
1373.510490 1273.557952
1488.846001 1437.887147
1262.261543 1372.510879
364.448491 1360.593871
1248.989424 1574.917908
1395.262910 1597.216302
1302.817830 1298.576473
1323.636258 1351.042856
1529.804199 1643.303758
1308.373821 1315.994406
1344.217961 1387.289191
983.888971 1039.464376
1382.467655 1598.392525
1142.865953 1538.043758
1522.099282 1412.964243
1537.253183 1522.556454
1403.242664 1422.242458
1436.824952 1364.074082
1301.222011 1416.979136
1166.255602 1389.480227
1304.519786 1511.839188
1285.771093 1437.965728
1345.642787 1430.203187
1336.286200 1644.356444
1437.264360 1624.854385
1226.097064 1418.641111
1337.400720 1396.487460
1203.534630 1533.500071
1347.934315 1528.372590
1269.319707 1554.938195
1555.956490 1610.138949
1371.087406 1412.838015
402.195473 1358.413054
1300.272926 1520.763315
1343.497433 1371.686695
1245.829100 1384.511821
425.733225 1335.983673
1222.211380 1491.308654
1460.952783 1532.134070
1315.526346 1473.692509
373.184673 697.557189
1394.485222 1472.403715
1161.159762 1463.708646
