0.771999 1257.475768
119.426954 539.731155
19.946106 402.056392
76.098597 1182.636801
172.318725 1314.521876
394.238635 495.033780
609.491310 437.282922
268.241656 1130.356058
305.985585 473.023025
14.638204 497.300812
1758.992556 480.493887
1955.543181 501.831692
1892.638780 451.361510
1910.742711 490.347025
280.726333 1184.805099
1974.808844 533.180305
1989.674693 452.080979
560.643892 442.701875
86.777379 1139.868260
102.540312 1021.043585
1986.790642 521.789946
265.891007 1226.721794
1906.389613 510.569150
129.414518 1033.836178
232.952839 1127.528750
1747.186720 532.540677
124.880251 1274.748928
1922.774647 486.666043
195.104734 419.565495
308.657483 494.092203
190.877053 1238.248519
198.740400 1110.617186
384.594798 457.705430
1964.842566 541.371441
224.955808 477.688752
112.422212 507.523480
1898.723646 549.655387
371.244366 522.823851
368.634210 431.796814
425.865831 508.786964
343.178466 450.762355
180.348753 1231.334377
93.974943 478.243450
199.002149 454.518833
1816.251061 459.759250
392.332302 548.660344
425.871205 475.149912
288.418402 1041.969017
73.149338 1158.613483
333.208643 384.269823
153.638892 1144.432002
109.030149 1136.585565
430.629465 382.753516
11.469709 1195.613591
107.970582 1247.214487
512.582802 417.488802
1999.125630 362.775356
198.389201 1012.797374
1975.067106 387.597293
150.153660 1116.360062
40.302059 1131.646236
215.755046 1074.798297
62.023262 447.337451
434.609165 1330.577810
401.001619 409.518183
1872.442387 469.857054
138.161935 1009.841127
397.936619 376.188180
1829.386460 502.362244
381.352531 467.499225
249.660068 1084.903529
248.283618 1169.542162
21.434571 460.346660
473.582203 335.277687
292.212114 1146.560508
167.901661 1132.504002
163.770023 416.504760
162.816373 1061.659831
138.152958 1199.682449
128.304158 385.484271
252.138958 1007.935790
1859.827272 556.846512
1833.236830 532.071180
176.817278 1280.444070
1995.581890 425.091419
1931.028957 563.791254
1989.363253 563.801927
1938.353570 415.936770
145.659878 1252.141684
465.131483 522.504170
114.772831 1206.225444
57.956295 568.703486
36.068026 445.809156
182.667139 1076.249768
220.650118 1223.053579
69.007368 371.142285
472.062189 420.500653
200.657660 1123.410415
143.858851 1018.392797
415.429705 441.514311
1866.419724 523.789508
1750.750799 494.074838
103.451200 409.884378
350.371477 485.103494
1868.921702 591.035897
73.387972 1220.755708
155.419507 1166.472842
81.969442 475.949740
240.688553 418.601277
340.988429 468.004631
281.343295 376.154252
69.765910 328.063984
1943.983020 459.861188
61.990918 1049.499697
226.610198 1253.498303
1973.207619 437.114540
295.611302 436.014952
1749.752462 451.417295
184.857644 1040.310367
611.788122 479.928247
141.373932 1090.416622
182.234260 519.168079
129.379838 1062.362451
158.030712 457.602796
195.796495 1206.859263
1905.642322 431.336316
205.851610 519.450505
112.828508 1171.575358
1902.747028 416.941442
1945.421121 532.790416
466.561053 376.203384
434.577350 408.581758
103.901693 1037.191406
183.624751 994.791081
1842.719648 501.178699
115.426202 1094.590757
1854.269937 402.044470
234.028082 1133.019078
197.677613 1037.058222
271.219498 1097.727401
245.784155 1197.196433
96.248508 442.853120
340.436035 512.238810
1791.742362 549.594678
179.945797 1194.148828
333.730103 420.692664
55.133069 388.462320
1955.825963 629.514248
1950.305346 372.594352
1953.009949 491.051316
491.493993 462.799346
358.013149 1029.902167
1872.724364 497.589178
48.351477 1202.847967
84.476843 546.542788
76.588848 1108.271113
1979.637278 349.136855
77.199493 515.756146
54.282571 487.950369
260.807815 485.220132
129.181501 1135.962660
194.842913 1274.507708
201.071827 483.079250
1997.868974 512.167879
1788.585212 520.061210
1930.537399 531.020449
1810.007190 487.871871
171.202386 492.304784
373.935627 402.104728
445.295179 445.113248
146.825065 514.280814
126.771555 1100.401646
28.051056 530.618304
461.856476 489.414484
51.500709 1078.793237
1990.465161 627.808387
132.788694 472.660242
1871.265754 372.048062
291.096247 443.482421
1830.990840 426.736881
200.885289 1164.121243
109.009342 1323.557862
122.475246 1169.668108
226.221274 1049.930011
278.241559 409.801690
1970.343658 475.734139
665.021368 482.891904
259.709108 1022.635747
188.045235 1159.969677
1818.940513 565.893951
101.145283 1106.196504
284.437295 999.458735
24.011259 412.001773
1963.590621 444.835144
577.203001 473.375561
131.584617 430.887242
29.857925 592.326068
247.881388 452.960403
142.615880 1222.418913
285.411115 508.397708
631.444087 1921.219722
822.330439 734.212947
1537.396553 604.308032
774.001087 751.508431
817.441871 678.374032
1851.928060 614.227872
1015.112391 691.043238
124.187170 606.418858
1669.303237 513.747356
1008.764258 532.003991
925.779917 701.907166
1583.395912 490.514885
989.108659 771.811227
1707.264497 521.942548
1573.805067 420.005876
1497.041386 540.834490
937.532305 805.772946
1562.521419 665.736838
989.051961 627.140210
962.461376 727.897697
138.751248 574.765250
1080.730357 695.998763
1926.609978 591.308895
933.641720 771.563483
872.119747 729.702351
1646.823102 532.827605
813.835632 220.379416
1054.017590 618.273965
959.044491 480.737018
1836.674350 549.114180
904.780732 749.881813
995.977226 840.099593
1011.544995 713.524589
1082.026717 766.203378
1015.437704 744.821320
1829.476888 653.148294
968.692930 716.309370
1099.531697 613.288169
832.829653 299.300185
1653.136293 465.251065
1051.623977 731.670842
996.381950 703.910370
1679.124261 640.222570
1572.496231 500.422893
960.814427 609.890379
336.312963 589.507191
1016.730860 769.882578
993.529897 807.747583
1624.247896 625.322367
1734.292624 459.635531
1860.157325 647.236668
1555.027616 633.373094
903.114761 305.849298
1719.681026 710.686418
965.295637 782.910761
948.069377 742.144853
1620.812172 594.658767
950.860334 534.806257
1601.512989 546.996612
1075.037370 793.404083
1021.186560 835.328547
1539.373426 682.542542
1044.980457 657.771895
1671.768321 561.357470
828.057037 255.550397
1511.942823 619.271735
681.845131 1960.791704
1497.095305 494.779175
1038.125112 806.281167
1639.139296 511.523978
1781.735238 629.837760
1627.907759 561.508571
1524.457829 516.252223
1529.695097 648.261629
861.584349 261.207486
1690.531416 669.427182
1808.134976 577.110897
879.359785 609.215698
993.120791 676.374251
859.979382 754.809843
972.984120 675.001988
1865.782241 512.076313
849.929984 831.839173
1876.889140 554.078972
1927.140444 555.889894
1050.839974 675.702230
944.807069 839.317176
1460.267746 488.774936
849.472057 222.534506
1535.233530 605.870847
1598.437146 468.626832
994.758312 740.559675
820.484145 793.917731
855.577276 652.607687
1739.024174 577.280633
1524.205461 470.140721
1811.256361 611.459799
1831.262725 503.779927
1506.146763 437.777820
1805.309075 545.407076
867.949340 304.788896
921.014875 646.252135
1619.452654 689.370551
203.558950 608.064560
1016.381676 649.889873
1570.380074 443.439852
888.826612 340.360131
1656.191745 606.308022
1688.345714 606.663321
1020.832013 596.177822
871.582076 700.875273
19.297848 615.274964
1477.403074 554.327483
89.050002 616.370453
956.498250 647.192165
1646.090547 600.930471
911.340179 614.378792
1053.430324 596.957627
1744.332354 646.337249
993.035276 800.064419
1885.888072 590.594273
901.604507 658.180948
1711.093579 651.492563
1130.484486 589.096147
1549.917001 553.880932
1606.639833 577.082406
982.296319 604.274865
1771.428555 595.222142
1578.432198 606.369069
907.015929 751.850042
959.907525 651.092137
1968.342840 564.641773
1969.907683 634.375500
1725.792891 552.493102
1616.278090 471.671319
1482.155920 511.972746
1654.864385 657.535749
1076.091351 531.288458
1093.452113 652.657612
1578.308342 560.962975
1087.502875 619.268281
1053.937038 803.944508
968.053290 782.749385
1026.379835 795.437826
92.077385 580.357956
508.415336 776.922109
1567.467541 538.144382
1548.754471 501.778294
1851.546275 579.349790
881.865323 648.137938
1552.268273 477.529947
1536.570884 571.566749
1116.884563 704.445981
976.744407 558.638004
1773.114130 559.785432
1710.049298 613.638899
230.095314 585.550709
1699.092510 580.549620
835.545108 717.430493
1091.732077 636.488129
1666.200366 567.032405
1496.423391 577.996567
54.561265 601.397474
1696.034907 634.924610
1526.385286 432.916063
139.009591 638.078808
906.414914 822.748086
1057.821289 730.946533
1681.373877 546.860260
1596.227654 653.457744
1461.156397 524.861937
1717.848788 608.402289
888.025338 697.596183
1750.495867 612.490992
1696.529466 705.565820
1029.597623 749.845098
1603.040439 434.797555
1805.940754 576.390004
1926.467356 628.593828
1047.839183 623.907005
1961.536419 599.249988
789.029965 154.600458
1078.753945 645.223926
940.359564 858.083259
1726.644860 671.353248
1100.642023 735.976561
18.627935 580.041001
941.226815 739.733123
1734.879941 495.412380
1474.701960 453.093876
169.044587 602.274333
1777.306457 510.366207
710.457978 1982.697993
935.614236 672.432740
1620.666687 527.580173
862.050435 790.764240
1118.105448 643.732941
1040.303499 585.181485
1746.479302 533.480725
1629.256585 627.708726
1500.549958 654.795109
1623.225207 495.444998
1420.303065 344.717803
1419.828257 425.562141
1868.825623 320.038378
1950.149094 478.645977
1345.616857 635.466437
1415.368302 543.935108
1983.648161 574.366903
1935.909114 421.585677
1415.090092 494.389969
459.959810 1207.442614
1986.580610 452.768670
1949.235143 337.420383
1477.132031 603.212883
1420.911274 428.819077
1389.941078 474.561191
1429.934233 294.060067
25.715410 537.676202
1400.520763 513.975717
1516.001429 500.001443
1548.041337 490.464864
560.040586 1050.516748
1937.544015 414.504338
1597.329709 395.028488
1597.063148 431.686962
1454.709313 531.716081
118.219272 436.751630
525.690997 1051.216768
1963.296523 319.806523
39.784172 310.446536
1533.191247 542.072199
1362.604963 357.137807
13.610017 449.108052
480.761132 1157.925556
1895.067553 397.524130
1359.423244 531.648719
567.904540 1133.148440
1491.132402 504.539520
1695.685124 390.664268
1392.950436 614.858280
1939.276848 365.738018
1492.387468 424.632458
74.167004 566.326970
1389.695046 334.912500
1903.391635 322.989253
1356.358380 471.718033
1366.464364 544.912410
64.167700 709.802728
1920.265959 450.310530
1357.885120 595.898869
37.679736 680.745028
1509.371741 293.125569
1550.689586 416.756382
517.228264 1019.162276
1337.035073 557.409257
94.359555 600.984967
1380.718048 439.356161
1970.130142 528.062163
1442.614348 600.186077
1879.043092 364.184116
46.685774 602.458420
1330.813000 472.575943
1339.640592 439.846688
1467.492854 382.423965
530.668534 1126.037341
442.896066 1149.085144
532.107995 903.772347
1581.230070 363.523572
1249.577304 450.120947
1457.521835 596.601429
45.325764 482.933158
47.360643 448.631694
1526.966103 446.981305
1459.238864 416.678464
513.921922 1267.482009
1295.209609 392.061819
487.353494 1080.594341
1374.736524 489.975844
489.421820 1051.653348
1422.180273 392.199907
1473.425216 324.422868
1518.602082 348.532792
437.757497 1236.190319
1377.117986 640.113058
1398.714557 455.412249
546.806604 1006.678156
1654.789991 395.847838
1909.099299 349.505242
1938.097293 481.301125
1249.119540 483.789876
545.455220 1189.123332
1432.394036 524.740885
1411.229319 511.170658
1467.776064 571.473787
531.388691 1230.237108
121.382199 652.413126
528.812675 1343.478370
40.645571 405.096641
507.404461 962.793398
1650.722572 517.828582
1965.873387 359.105184
1445.880491 528.703755
39.643961 579.115321
1346.989564 366.454152
109.032757 497.576760
1578.344680 389.702949
1433.715152 565.953928
1936.526774 553.024012
474.779671 1174.258398
1990.044716 609.386086
1473.874200 450.298325
1359.312226 333.347986
114.458034 547.370683
1428.099726 337.275994
481.045324 1293.102928
1469.482427 505.648055
1791.305094 378.231520
1329.238793 486.346840
1901.576012 384.409174
520.395140 1091.726410
1274.313033 428.536710
1618.368930 460.024697
1932.404855 517.612622
1508.400770 512.691058
1451.640523 414.075973
1319.798617 519.705873
1423.930270 395.589404
1538.405139 620.038119
1827.404707 400.803860
1463.049249 683.544617
1526.667464 582.131816
1504.905551 386.929726
10.772261 407.758852
1348.925171 399.124767
464.783756 1259.790999
1301.423276 474.828745
1339.516638 430.477834
542.097034 970.487344
1967.057804 506.283040
1302.411783 430.668423
517.662801 1299.443791
17.775691 354.695758
1461.383069 645.850731
1977.742834 397.241836
1897.546264 421.663260
512.818698 1171.572872
1723.615842 414.259940
554.589596 1094.375620
16.083034 487.494377
1941.431062 454.185280
1396.240944 426.664520
1882.411830 451.554448
491.562360 1238.659949
1302.529004 424.249303
1266.817460 518.138094
1367.128146 403.715339
47.954851 512.274463
1426.135924 426.760105
1380.106603 417.565205
1460.332434 275.854837
497.409617 1121.659805
1440.858149 629.612893
1428.909774 465.245072
1397.847089 512.662170
1443.400194 365.054480
1926.782748 322.356597
1471.633218 443.947443
1430.724510 463.986973
1976.433794 413.282652
1313.415497 365.492152
1456.773831 359.992024
1350.487611 513.943528
1508.763275 544.633460
16.001737 641.124038
1617.370946 340.479942
80.869503 526.153580
1992.972577 383.616036
1476.906667 555.647515
435.188162 1288.313954
1978.288257 473.357101
51.656013 380.151683
1370.517480 373.078012
1915.181203 267.650865
1560.634189 312.523249
1402.636320 571.466412
79.625221 466.796613
1582.799956 526.635933
80.688609 400.885823
1498.392310 620.376670
1325.536679 401.428209
1408.913361 363.497170
1444.623814 483.627152
1943.964179 292.512926
1982.798325 384.507938
13.267497 579.791158
1514.136552 415.387899
1484.626832 479.587833
1970.080451 450.079778
505.144067 1205.699820
1586.742493 1868.050242
1597.894034 1847.214973
265.701330 305.393957
127.900096 1966.896238
629.075841 968.922933
1356.679904 1836.711705
405.360029 252.297723
884.868415 913.391825
669.327581 843.133993
624.467869 294.234022
372.904897 277.450109
72.947607 46.744962
504.788571 868.733190
642.419738 768.348184
453.857490 266.374378
1788.009574 1864.001988
488.229436 897.347000
582.719249 954.826002
1438.976952 1818.837764
85.429553 56.163165
560.422095 778.723458
64.171702 1914.547006
1405.776172 1877.764706
688.537321 824.443689
708.894112 980.621608
241.890493 282.142349
404.810409 292.562315
1535.102999 1954.270470
313.289391 348.095840
1596.157035 1810.567027
494.332463 728.585167
1377.069614 1934.129167
676.289194 759.228464
658.024468 304.649790
11.143761 1991.486881
1609.554362 1773.788023
568.329423 807.510208
477.488312 283.000629
1440.199604 1857.835606
622.457711 875.416386
526.998096 897.532520
595.161596 854.756509
647.300366 885.371624
536.963540 807.941965
1493.621889 1914.081890
1366.343557 1750.240380
1483.726800 1923.839071
622.201972 803.155822
727.411297 913.991045
1600.139369 1916.847012
1569.158447 1993.078443
1569.073365 1890.865302
1796.117923 1828.125446
1458.985019 1781.608407
677.495693 854.906500
336.164451 287.598465
1607.408283 1942.745105
171.715764 1998.191926
1471.202446 1922.487283
447.816498 299.768188
773.449004 907.158207
217.482543 348.522563
582.929604 785.055411
707.836473 1015.593949
1539.719336 1972.926599
686.057497 901.115186
506.929663 325.850874
1382.030651 1991.882263
711.605681 755.905832
554.766476 832.354607
597.759337 819.917569
854.639637 912.334430
1461.110020 1989.848772
1447.698150 1915.418242
637.402830 785.190040
631.170286 847.079741
562.771755 718.355826
1582.300624 1884.569963
860.917239 973.622090
1387.865266 1819.153885
1431.478113 1984.586565
23.393141 1952.864697
148.846973 405.319250
458.809396 862.167421
721.763062 869.593782
1421.822523 22.735112
1428.806479 1724.832175
608.282814 842.218822
670.620888 1037.375659
1449.216545 1765.162677
1503.578301 1877.319291
412.937057 207.942661
520.344055 755.270920
1543.848502 1917.615076
831.367207 903.665054
565.871937 765.614880
669.899252 981.334508
501.522792 295.512673
796.581187 877.185768
436.297565 320.610810
470.807408 314.931444
242.505279 372.610102
478.053345 820.701873
611.426703 895.165412
481.296677 797.778957
133.383769 378.648214
1368.548394 1794.020824
371.840288 311.590528
531.195661 833.101228
271.046342 340.083608
775.548903 975.861646
1341.590365 1938.557464
1473.863790 1965.148701
1416.510737 1785.395003
495.376956 839.878259
1528.900840 1791.646868
302.477010 308.604308
588.328416 893.004582
38.893564 16.154402
600.157627 779.941397
1417.016127 1859.700064
638.841214 768.496413
467.703202 355.686609
755.435588 794.733159
1638.162851 1906.838148
698.643280 1034.428223
582.730345 920.567032
1440.214588 1917.089013
139.434992 15.626532
1424.242071 1945.602186
631.035643 854.640389
1482.423473 1779.553475
302.013143 276.258161
1503.725389 1804.764918
57.295335 1964.608076
1441.648431 1802.912975
1616.134502 1884.852469
232.072014 317.125189
445.895689 824.636864
656.316668 818.698851
528.595040 955.585029
660.357469 920.870755
486.034160 822.653852
560.525509 920.848706
791.039133 812.751490
795.809226 910.943766
698.384327 932.901996
557.193411 840.428026
1488.838306 1877.269683
623.121687 928.247084
1585.888947 1924.792227
1854.223431 1941.006491
66.438638 1998.774212
1635.645531 1853.059930
751.338293 863.125644
1563.352956 1789.009854
337.797970 321.569980
95.236701 29.893976
1436.529700 1763.635190
536.998681 892.480918
446.785600 353.665652
125.326809 63.397111
1480.104089 1835.567267
608.983562 738.463519
405.694151 326.598849
747.981549 976.112464
754.970451 891.605027
707.547515 885.775816
52.832710 81.098353
692.356638 804.942533
623.768679 1005.570161
457.455797 783.732036
774.084657 941.682804
681.807975 890.318533
654.931175 951.906555
530.146761 880.506539
516.040928 774.232146
582.871676 865.345176
803.464037 942.743060
1406.232433 1751.878557
1413.988751 1958.310025
1543.474180 1868.672108
750.392402 761.886453
702.376888 838.900762
495.956966 368.494171
687.192683 958.953142
93.168597 1930.158699
30.578417 1926.647148
538.812552 748.740327
33.397669 43.663667
1662.048526 1824.592717
1688.288070 1848.033632
734.114001 826.755411
1513.549434 1953.112561
476.339700 760.882854
1519.511489 1815.281919
1411.372608 1915.811223
1517.479064 1899.745937
740.975269 942.601544
646.428463 896.471776
