1017.205209 327.257696
12.000693 606.816257
1778.333008 505.934641
1004.884062 359.218484
664.986583 1842.858413
126.402732 880.195446
1584.941404 1735.752291
688.721079 1561.151149
199.887950 528.215548
1568.532866 913.449537
721.172165 605.252318
1497.991394 902.711754
715.848047 703.920383
1594.662735 697.341063
868.372072 1488.132413
1731.306561 510.581873
1748.263116 669.532491
1722.994477 1730.235436
990.138364 1363.229987
953.958499 1489.783099
787.247453 166.513866
657.689479 1694.446416
1566.832178 762.332795
1104.122254 1888.276091
1548.531627 876.266667
749.101592 1985.966728
956.004624 346.817431
994.760989 257.231074
330.001872 1657.763558
661.496462 561.719843
1512.618249 873.313282
275.659676 1587.997246
47.656627 957.015035
804.363868 1644.568935
372.068895 1607.473321
59.260290 533.724410
1013.773142 405.161956
112.239457 908.670346
151.931253 326.663752
753.248292 39.540019
92.245207 875.314389
744.559584 1953.695878
385.827541 1516.520082
744.948902 1450.193729
676.994733 1808.031657
658.449491 594.307038
106.333338 984.105941
1359.128702 865.385647
793.332476 662.683781
344.898050 1600.296834
1671.386016 616.578541
766.044283 567.354674
283.378678 561.074833
829.675423 250.193647
1051.947245 445.016311
179.221452 1127.623873
1636.205714 588.211789
515.734509 1730.299711
887.164017 1548.594384
1522.093941 781.758877
1877.736966 1812.013402
853.775707 1549.391757
921.093063 1547.433732
1850.474210 1376.084707
248.209792 505.637139
905.629278 446.997938
256.922168 1618.445661
268.276138 1659.488484
1624.148976 548.891562
250.875654 579.255965
1478.505743 871.548832
678.886544 1666.144947
1637.615597 965.007747
345.218671 1626.433822
895.095360 1427.281728
1958.214979 1723.042311
1946.283651 1650.524543
1630.472983 708.361782
1047.669610 356.236495
1948.695154 1516.096561
1363.469075 1956.188380
900.929973 744.072115
807.056092 619.597859
1216.272242 230.890945
1723.069267 556.885354
996.026317 372.702323
806.101131 770.429869
1568.659225 799.623829
1612.155886 604.727208
804.902737 82.367844
1033.569227 281.399477
1764.279986 636.733709
1852.570731 720.007994
679.277331 1777.605741
306.382356 1519.327037
663.023197 1911.543507
203.538730 981.624780
617.436233 1703.005703
1108.600035 1606.317474
111.664283 946.262831
1234.778195 875.588389
1045.067307 1509.576824
16.939541 1611.599667
78.474021 913.918959
956.848176 389.071017
813.333343 141.421750
832.356224 1528.533908
32.332289 578.089353
147.251763 1641.373949
212.792506 560.847344
1914.378094 1452.444498
1932.187534 560.957323
1728.112734 696.982590
1897.187119 74.526290
689.112063 1687.420487
1703.454180 593.752360
66.152850 843.010356
1594.431521 582.094188
773.325949 528.461438
1621.393932 1848.979009
451.507320 1660.896674
149.724989 1711.972802
1600.808847 602.360636
95.714933 1648.049940
896.800890 1515.231739
1700.124920 556.943100
971.898058 1420.034076
1590.773108 639.057143
643.217312 1679.130222
1649.395135 623.044231
366.500801 547.479665
280.571682 598.554317
851.416858 498.653316
459.441439 1697.238969
795.236475 587.370074
720.388599 1753.331864
595.754276 1612.639161
1795.517123 542.068067
314.467381 1710.619589
1987.953328 1656.581749
26.157442 1677.277441
67.855527 1710.831967
189.088363 665.257028
881.025518 305.528601
1061.568993 325.166512
115.914066 284.973534
1800.075070 592.981702
760.939951 683.795958
599.285012 1683.322086
1353.555489 958.418575
191.549809 1017.259559
109.653503 1680.494626
971.097159 368.657545
719.447070 1916.224418
683.131456 1725.199641
712.258827 1958.234910
808.482531 1522.763414
710.284004 1759.053847
1497.580184 1048.239826
110.098724 722.240302
1710.724272 526.728419
1078.888905 308.562674
76.913140 660.061538
779.698419 1598.181295
1556.975651 577.137666
1603.485456 786.650691
826.249321 523.139507
471.714588 1614.410322
277.956801 1553.073061
181.985924 915.699656
50.167357 629.125778
1682.733912 525.774354
1647.054469 819.970878
159.242052 985.147011
642.327093 624.590069
933.801848 308.972463
365.395204 1546.043447
1653.307079 532.533720
136.610925 579.286630
1371.993032 833.270037
1711.763109 618.494093
1181.974710 327.956506
1636.916686 629.160132
1683.472354 577.345553
88.522876 239.042381
1688.290581 679.833412
1923.109375 1714.402960
241.451278 1695.748694
843.151829 561.644619
895.469300 347.906304
1613.642751 569.822493
830.462329 1481.236205
1721.191174 755.361111
1390.948777 881.317058
1689.925546 1744.980012
1872.821688 1689.048269
1055.238000 389.641088
125.806853 605.108484
1077.872176 250.877833
112.031831 653.141930
533.623303 1445.578370
1460.852614 346.853819
677.239490 225.989244
1402.978677 765.987727
312.727535 310.004514
1336.076016 1441.560229
914.222673 174.730822
848.900199 561.075795
409.781311 291.626818
816.867337 645.501713
1244.173569 642.399798
613.846395 184.003908
1232.421396 676.440076
326.604510 1509.832122
655.259618 363.247835
129.229810 744.001179
1048.501824 567.202346
700.505110 108.698386
1342.381101 1157.917197
1833.019252 1117.484864
448.052367 1580.007657
1333.522033 1370.994298
824.140999 616.331310
1056.950552 601.837287
827.826756 741.527429
657.519552 97.083892
1655.990219 1787.569792
1522.339287 28.654733
1015.081347 164.464639
200.073020 1540.322482
1798.994328 1114.599048
730.123795 758.495652
1406.375415 1335.425549
1831.047759 510.561114
1525.037400 1362.702311
1605.186711 1234.141410
1317.733831 683.252926
1274.438744 358.246324
1650.636713 1866.947222
566.323738 236.805372
1765.427675 604.581256
1346.277648 659.045873
909.470035 208.955044
672.032690 521.125057
758.274626 489.877454
1450.778009 1372.061638
692.857324 817.866617
1666.004492 1336.962967
587.327692 260.334530
851.268151 1871.941962
31.748456 1299.687581
680.538128 258.574823
1762.724359 1887.078620
816.710241 185.296761
1237.138984 717.717334
1498.586826 50.431266
729.877457 357.114213
68.431521 1024.052783
757.424280 630.050498
1853.065989 584.854616
1115.174954 497.126867
489.238180 229.762676
1569.845411 681.625365
720.819607 179.611089
1629.225005 1905.916020
274.247551 351.867885
509.182684 1601.360088
567.380024 209.141177
1560.584695 715.261316
657.002526 348.463573
956.549105 1949.839297
738.036477 251.965952
537.785264 246.033191
152.747340 1470.917333
1730.476864 1826.496741
804.152893 241.038680
788.150050 682.247124
250.242083 397.042863
1395.709961 223.297861
1885.984824 1056.574811
1741.469881 1147.697525
415.120119 1591.921183
1569.246520 1247.698702
1016.310076 300.412325
1027.100438 252.095619
853.603563 595.172505
1124.656151 378.306029
499.789683 165.563273
1695.567047 1826.708990
627.232724 223.361479
785.358191 275.077536
1337.924470 1406.403189
1454.767316 1244.166411
556.189653 301.705523
965.626382 182.818289
384.936247 265.968760
79.321597 1377.417281
51.910857 1054.946257
1868.597921 1102.486498
787.614855 597.961408
1667.466014 1913.086365
1832.648241 1066.027921
667.344310 288.677516
762.695145 746.458144
1809.403553 423.646739
587.773255 260.883278
1741.566490 1915.061351
659.405728 209.439518
715.972445 285.370134
1837.235702 1099.506301
1622.116379 1052.936793
1082.300085 1932.149711
616.875662 436.393905
343.246163 1462.346057
1822.128305 1032.489879
71.484330 1240.725102
524.284389 291.935628
339.675117 231.556132
966.034959 1984.402388
994.443810 592.998867
69.702819 1131.467635
507.801531 234.474163
987.497228 334.127390
1646.037666 674.739659
285.737022 1532.008808
159.289484 1537.915244
1518.074619 842.446006
782.704793 640.434795
89.089194 1514.148856
1385.901736 351.378066
1294.141271 1173.253011
940.360660 652.210042
1830.519721 997.808933
790.559665 28.896680
724.559986 506.429310
105.614263 899.843241
696.731717 482.232475
895.846250 534.903913
956.633090 570.797249
583.111705 271.557113
1414.572166 316.314029
840.706244 885.963349
1274.021125 734.306342
779.775807 783.259327
490.660062 1465.000018
1619.798629 1373.925013
257.328964 1425.499040
126.728626 1521.555650
405.985399 1548.675520
1365.533723 715.718207
301.936020 1442.677264
653.986448 250.621018
1865.263742 519.959976
103.328564 1465.620997
827.726503 602.144493
837.419625 289.865976
793.613601 750.220867
730.876151 677.258215
825.302078 3.127286
1173.763325 625.970956
372.920820 1388.857935
149.952372 1434.908034
37.163906 1088.445644
899.557387 242.383978
194.099327 1393.080792
414.085017 1626.222022
339.872085 332.044365
1465.949358 810.160996
765.090746 192.619513
331.800499 367.708424
535.463971 219.136448
926.427852 1935.206163
1418.399708 1173.375610
700.933134 531.062709
755.745252 93.500231
1146.613357 662.332737
609.728080 261.596227
802.117927 573.952385
1000.622394 1912.133271
1464.469406 61.602595
821.948622 691.622801
1652.483478 1651.207566
1460.010288 747.516272
73.731241 1087.522746
644.937676 397.280357
1088.132449 1072.426989
505.700898 1298.219336
1060.596508 495.852411
863.418392 1969.820815
197.479997 1451.608495
662.253169 1901.444483
730.858155 550.083778
1632.366636 1463.846882
1201.476167 409.122902
749.608427 520.850798
950.932291 1842.488006
1337.946641 739.459958
1480.356869 676.072015
397.216492 1450.025176
543.254861 370.445017
657.955989 1451.122436
1339.001752 1609.775534
972.139012 1772.292680
820.793678 145.861127
1407.943674 1651.824905
1816.450232 325.064405
768.243060 92.938349
626.037181 222.671498
1506.037560 894.161139
1415.562179 169.586011
101.139993 72.405151
1222.833710 543.208986
897.023196 555.140550
1728.154970 410.772282
957.302296 54.338502
299.835974 99.031665
971.084630 1522.026179
883.883354 1998.290875
310.645825 629.307157
902.033625 67.375845
1131.092522 1672.230109
650.307391 329.082801
877.314714 518.165543
1391.851159 819.956372
674.195992 1638.515965
1001.872455 1836.638958
705.911179 221.272844
1802.589472 1065.065113
1220.563118 438.967353
1782.899555 354.841001
1395.459534 856.562213
689.627560 1682.096713
718.864716 1425.031462
166.505171 545.938841
1853.196987 1920.031963
47.229121 1942.258799
850.872376 49.908604
1502.385990 146.212147
954.096538 1923.405720
1368.626719 1658.426636
756.553920 135.264634
1695.558489 345.819720
1012.362789 1359.915349
1187.814764 559.729225
906.138365 1889.393206
1405.210179 142.393493
996.696157 1806.229488
787.651606 1385.044200
1223.702977 629.536297
1561.968180 1934.073826
911.382412 1555.246381
1443.348128 866.218059
720.270713 1389.873933
1181.140847 1719.931649
956.981681 507.050863
679.390796 183.196673
1595.689079 250.223047
471.044860 1336.063321
1070.267638 631.957220
892.005310 1989.023819
1490.310780 1559.779722
1220.213078 577.923003
960.077020 1828.440163
912.639874 1810.127184
1038.147350 1797.253060
1527.633673 169.572991
1551.783447 197.206585
1427.822159 1634.036448
938.500465 105.929635
824.948916 1832.369472
795.971271 1450.762966
1919.434426 417.785354
1961.249681 30.260671
1209.944063 1606.707710
1040.675398 1935.329437
123.008725 410.160948
357.874097 1298.203902
33.436018 59.958761
950.241676 1878.616647
1476.346983 1938.721081
1019.365231 1656.175692
244.911192 61.841856
1019.505785 1610.259229
154.387894 1928.943671
943.821120 1955.979525
1051.755637 1626.484623
1670.847395 1784.591693
636.882188 1597.636268
1738.749836 273.752958
1056.027399 554.910343
790.745719 1832.575057
1772.075955 1794.348010
1031.430918 1709.299320
890.020277 1944.178001
686.769942 283.705279
1610.205455 217.539271
1468.192471 224.021058
1820.776568 275.634635
1533.721555 898.055887
1545.905126 1715.635054
1306.270144 142.842225
1868.148934 224.374365
777.864561 1476.841856
1639.875298 936.572160
820.005132 1996.959081
1156.073274 544.222307
1268.550435 1737.608525
237.979286 118.048621
221.168294 616.187243
1580.332824 217.565498
56.723970 5.740045
942.828118 1116.028095
506.210670 1285.062913
1692.755978 1098.500795
670.897229 1388.731173
1346.280945 762.342714
702.633662 1456.547216
678.154459 1800.598029
479.583031 1303.600479
127.307903 543.887278
860.628485 562.774266
380.056259 1244.178649
662.568080 1737.352030
151.005090 577.978349
637.635373 1670.505461
1023.227751 1447.014322
850.894495 1998.959632
1070.001436 1694.472357
666.948292 239.534061
1492.040299 1714.338686
1007.489319 125.552675
500.745200 248.116463
332.032515 126.436340
1511.789244 929.727306
705.674055 1330.868804
532.861000 771.276488
851.097782 1818.774772
945.108372 1648.148187
1620.669078 1782.901212
1373.416911 1975.426459
561.176517 1409.090462
1694.293212 194.693619
1558.899714 935.003223
717.768966 300.319710
1773.947180 396.931343
1327.820348 792.410489
1526.251975 205.016650
1267.825566 152.478849
1448.173208 170.849042
313.430995 671.979010
1771.029738 311.915782
741.103668 1411.263007
1418.303406 1598.664430
1662.161681 238.607776
819.522604 1495.380555
490.043858 1186.990666
625.238538 1419.249005
1556.989363 845.424223
716.817917 171.449311
940.929878 1784.779286
877.343736 1928.237804
1017.213348 566.337325
1154.011251 1698.903784
873.194051 26.693917
753.744010 1443.171671
941.228500 1285.249774
1423.592394 839.899206
433.916895 176.650681
1096.622595 1760.957844
381.633651 664.991354
412.392055 1311.388824
800.844124 1410.397438
853.170561 1890.771394
1204.215542 1670.005513
192.858527 608.355136
1060.133796 1433.405895
1672.911956 919.868353
1537.722205 873.242132
741.498598 1478.237293
110.540694 648.946319
923.341475 663.208590
1875.229151 57.233734
943.988963 1747.201390
1375.112250 1552.901276
853.312036 1853.308980
920.100186 14.256392
1739.188578 1036.544087
1130.417718 105.587334
1614.535089 889.072973
1077.372166 1534.213399
885.999960 1760.369587
899.993551 1992.540359
349.321493 189.525774
1716.950762 373.898323
972.402289 553.081263
1794.453384 149.116865
1004.527007 90.376821
953.026993 1186.286707
1395.922020 921.744209
54.428861 42.143349
476.754218 1575.500086
161.385838 1653.861155
1516.208589 1251.825035
387.935882 503.659733
1762.241040 1137.894719
656.863130 84.708001
1484.778669 1408.409976
350.407136 448.976788
1500.488283 1011.480636
548.882947 160.860371
143.487647 476.163827
1131.366126 42.032235
1716.588230 942.872232
1309.807395 912.530917
212.092137 674.492479
1093.193715 12.857572
1069.575851 884.792879
1311.713039 1185.099930
493.854208 1243.806309
1075.410101 56.039932
1665.822383 868.356264
1012.475178 1782.836735
318.857745 895.850977
1144.824595 825.326107
285.083665 307.698439
1482.323330 896.712195
1427.646803 1491.592289
253.219267 1413.659514
1402.022286 1354.007975
1052.921088 34.747891
1561.553849 917.304055
618.795442 138.385239
1883.808074 439.226885
570.364235 198.891913
1043.443373 1974.486902
415.737264 1618.874600
1818.333519 802.331003
259.640981 629.955525
203.324307 1337.303678
1783.170440 1006.690063
975.638343 1028.565044
1502.505149 1130.324194
1873.528748 533.376188
1104.785648 955.804676
383.126561 1089.935135
801.178345 94.151845
685.458858 114.985133
1287.884566 1063.777632
264.572155 354.665959
558.252864 1319.049226
295.962521 1165.308504
407.842088 1533.925260
987.173056 1962.033230
789.223588 62.007100
122.805985 329.076961
1440.300836 1398.197687
324.929284 1477.509001
1760.857649 934.854826
255.882589 1271.319892
184.369975 701.715835
307.770521 334.247727
1443.095513 1085.600256
1862.373856 290.833891
200.485227 384.433286
686.410521 156.797005
1545.645445 1132.119261
244.848956 687.665765
196.932014 1151.151216
1716.299775 884.715658
1381.637126 1000.939253
1887.464438 497.166443
1485.649589 1504.504325
344.066515 1030.316112
81.233491 1335.331760
1840.356284 540.544261
1914.223090 348.760628
1777.586099 760.051504
139.336582 1716.371909
378.108464 537.317289
724.244487 145.909119
668.800974 1.454997
1075.169425 1887.717625
1072.432059 922.111505
945.402363 826.613497
187.900028 591.628578
630.382167 156.897828
819.806719 120.381451
1885.725524 383.048577
1445.689974 1391.167972
350.087869 1155.788670
817.807084 155.732251
193.325112 637.348274
1740.401225 271.094719
126.797054 1652.409055
325.488206 393.821695
1418.002176 536.293761
125.187795 388.001377
426.276339 194.080152
1434.719174 1167.616695
1454.065405 1465.267356
1591.742416 1538.972223
1163.064715 1248.886318
1648.021365 939.193063
1467.489651 1209.654803
1632.624567 879.178648
1823.709969 750.943596
224.993558 1423.611936
1092.245129 1359.308260
1718.707945 830.517054
1421.782322 1307.250574
316.530206 598.939156
226.075972 877.180946
735.413092 247.355128
446.864150 1140.591346
1857.246570 608.042553
1004.981285 80.735561
1463.123894 1287.329831
1171.207999 727.795920
1142.217252 6.019519
1741.481542 854.880920
306.696254 1150.658074
1694.174772 861.662519
1348.506134 1499.423968
63.487851 401.995686
266.409236 1385.624505
1476.285117 1055.683289
1848.556127 657.740056
163.485322 1284.678742
294.385350 655.866733
698.840460 90.053019
1848.305355 776.749736
393.819815 1453.199862
1762.798871 1071.231952
365.000482 1239.146403
1012.713245 1873.187452
311.217495 1066.455249
251.065959 1644.240216
1468.349668 995.637570
1208.118641 808.552027
1915.466767 402.141276
1519.151268 970.868192
1340.619613 1040.636686
1790.528038 513.579621
1783.100209 884.230429
172.391837 323.670705
252.977984 388.134965
187.744958 415.350268
18.995837 334.101055
214.351094 1498.188343
92.311522 354.100792
842.479799 57.919706
306.787328 428.498263
978.759325 1922.530665
469.739241 1735.777521
200.932796 343.077074
1018.574758 98.630468
1035.891771 1260.487663
1880.826536 1955.919175
314.934932 1523.090468
1121.923063 793.731494
1534.818407 1538.819211
108.334868 1786.363062
831.719090 111.976257
1241.651425 1009.609727
1335.198300 1515.812541
225.859621 621.556380
221.228899 371.146965
1638.140446 1287.329747
392.564197 1694.780408
44.147487 432.940854
1434.518711 1266.801589
1153.064890 697.700344
1497.791385 1392.689477
1837.923074 117.178169
1905.261560 507.743567
1363.181758 971.189078
1820.368136 454.621046
1855.804625 485.418405
250.064126 465.126022
355.744669 967.936279
290.086454 955.232457
402.730369 1488.235485
1598.687733 1117.431318
1641.675734 966.284901
1591.347790 1582.209590
1449.327673 1329.420738
308.132702 481.971349
307.676511 274.029878
1758.433034 125.721087
66.940448 1937.198852
1059.980053 103.419908
1015.810269 1.366020
1520.108290 1213.693084
358.291081 1269.765041
1700.875491 409.319970
260.326568 1461.497640
256.621830 1178.069631
329.374385 943.721052
1435.510890 1369.911628
1500.593786 977.532074
