98.718240 575.665096
1619.258702 189.841527
1500.484433 102.415441
167.749135 550.824784
132.067794 770.235119
1926.355127 182.844145
1456.400763 1525.248276
1524.164727 33.498981
1843.797719 134.315457
1511.922635 228.901249
1205.810247 927.369757
1425.386522 229.832600
1320.593501 940.357918
1373.925834 152.128958
1570.578921 88.217134
1431.072216 156.449530
1479.533034 177.667684
1419.775308 1457.819393
1375.113299 1995.249658
1331.747497 1865.926626
1469.135856 985.177115
1499.183555 178.714946
1369.105880 202.767931
1234.622215 45.520545
1489.778693 34.889960
1197.614566 961.827378
164.367224 612.312168
1384.173986 910.649906
1697.724752 94.909076
1805.154218 404.641640
1496.248001 67.605388
1478.957013 1908.818756
1903.170358 274.150015
1459.681822 245.004787
1784.251746 124.402342
1639.045569 136.311024
1330.481293 1037.861206
1896.653393 170.449945
1902.345014 95.411637
1874.190321 530.336665
1859.501684 164.459774
161.113308 668.922285
1631.660489 164.594286
1752.155616 72.118529
1319.355975 49.431246
1852.686455 406.313718
1971.072807 159.940481
1513.846115 1932.937630
123.769380 551.660121
1858.421167 40.281416
1404.617764 57.350726
158.266834 516.395364
1952.371823 52.353472
124.653612 510.609684
120.859412 663.414542
80.994687 137.504613
1479.127538 58.275346
1414.659293 1942.837641
1446.683597 120.661309
1365.482407 66.678522
1262.605618 11.657720
1433.003836 42.101127
1599.174832 155.259352
1871.899730 23.983198
1919.032878 87.555290
1320.366272 966.073166
1423.969487 1810.746428
1909.878178 62.038700
1314.752692 132.693585
1908.893084 138.116221
1471.088338 1986.899129
1552.006882 59.407536
1520.753110 196.510022
1980.208680 35.570540
1591.518657 11.113145
1507.157745 1886.353228
1681.644302 164.887092
1398.035042 1898.655759
129.501516 602.627639
1643.265884 52.671678
1252.093073 87.333050
1303.612145 1024.625078
1257.761189 1000.221397
142.988780 692.931273
1482.409332 139.952886
1377.800701 994.383333
1468.564335 1020.061716
1377.887627 117.184444
1457.569353 102.671001
1899.230238 570.446763
147.857213 574.171557
1534.526063 249.390973
1518.179999 113.318289
1398.151727 6.933696
1572.017611 35.931607
1529.698745 72.822309
15.540316 104.119050
1401.519662 1876.155450
1290.148907 1983.426535
1941.014379 126.425325
1335.105705 141.646273
1286.778301 106.194737
1622.205505 83.312410
1879.211038 241.578457
1299.826137 988.716977
98.675274 615.436004
1458.164055 1938.251127
1609.494693 116.165845
1784.887662 87.959375
1884.384464 116.913376
1820.676417 44.734203
1563.429108 120.570813
1414.886943 120.201021
1294.221226 1801.160291
1517.280816 65.854729
1437.483480 75.072547
1849.306482 127.914775
1287.336184 84.820585
204.517689 455.370633
1461.947721 1561.998678
1417.742845 1949.581258
1671.946935 237.306752
1386.894808 1904.044073
1669.352167 71.463054
1524.625810 21.671763
1375.693321 155.739420
1720.539741 134.771182
1410.472068 1997.901679
1384.700599 79.139059
1453.204426 211.974093
1986.046498 62.801473
1937.791379 91.225365
164.546364 477.589431
1406.356370 1880.749938
1286.202266 923.471649
1364.155792 1893.786257
1349.528985 123.609002
1498.486561 1981.006371
1435.353374 1899.967093
1553.147478 1998.460342
1592.962198 57.049071
1620.660747 82.670078
1858.122572 197.856657
1240.296485 969.849493
145.094336 635.876965
1860.997985 108.082112
1547.588692 77.324015
1349.524927 903.845385
1413.321960 37.084549
1406.429933 176.688318
2.122384 136.631240
1528.004838 1971.692184
1333.948970 999.882893
1428.583643 1858.556906
1550.063368 151.792639
197.296878 490.854684
1438.516630 65.498859
1567.388371 123.304961
1520.852776 134.695580
1813.910110 149.489164
1432.205378 1988.722355
196.310831 647.388280
1737.696346 103.354599
1477.211223 126.831698
1286.738596 50.289043
1407.090025 95.142855
1247.753526 935.438675
1675.427474 129.483468
1862.469615 102.491261
1972.719732 99.139727
1651.664997 190.376851
1392.396824 1975.817438
1482.838975 214.636936
1985.404362 122.075368
170.836472 431.908822
1431.704462 976.096059
1651.687881 101.458670
1343.889762 32.460175
1827.521453 89.105117
1334.483581 95.430627
1464.006050 27.948911
107.954280 698.335974
1362.827283 90.599861
1443.798549 1982.502150
1841.766344 72.300451
1460.416738 148.795690
1498.077725 1665.152704
1397.580833 1841.666139
191.196083 522.951674
1284.154481 956.081785
1370.582600 1861.285107
1445.786231 1931.407141
1504.231459 63.275335
1431.155112 191.608965
1430.706031 1491.501410
1609.929155 38.900634
1514.765484 1009.199232
1797.829180 125.511282
186.362548 583.175739
1820.372512 185.918925
1301.115294 1001.327971
297.895611 1317.442740
1046.486542 545.188064
373.305580 1288.154039
232.910717 1224.752529
1408.815988 390.911674
479.534959 1267.273459
1617.647788 120.236155
1164.787548 387.085278
390.653686 1112.864066
204.272010 1311.379895
1117.765008 449.867315
418.069139 1382.410427
1230.397314 444.336043
1041.980568 392.966467
1024.911106 571.928896
431.922134 1376.563895
1105.007689 570.724206
406.495350 1210.862588
344.377870 1334.201417
1631.649281 88.143043
324.778946 1363.307169
1457.153312 249.133961
378.565527 1410.470485
383.879186 1332.263983
1113.840391 430.799995
1582.572690 1223.380082
325.011273 1295.403547
345.729762 1011.179375
1377.392412 338.475923
207.759780 1350.869714
515.172817 1377.715958
277.085976 1361.639474
523.504719 1293.968853
350.030624 1378.927755
1312.577649 492.407884
416.240291 1308.270232
399.159490 1283.178220
1641.544048 1270.755008
1190.941119 536.569143
378.395804 1324.747383
509.271853 1248.339577
1216.323480 510.601206
1113.997393 500.703513
425.714766 1179.847781
272.678570 1434.083862
490.772807 1356.633883
489.824996 1363.584243
1144.834518 524.750494
1263.481002 411.320430
1375.809370 458.096440
1069.337342 624.657831
1709.862437 1281.114054
1223.594302 550.404672
373.660890 1368.197839
491.057009 1272.541609
1176.644181 499.936830
378.825212 1059.542182
1141.084775 603.174932
564.815233 1319.758192
444.476261 1417.106465
1064.245982 581.861167
440.502014 1309.430790
1226.814380 496.468173
1606.691942 1278.749192
998.570948 606.607892
1353.266603 1045.288861
1036.585566 461.098772
522.608024 1331.835879
1119.312567 564.158478
1315.753338 455.086071
1150.651897 590.088582
1043.424683 516.886840
999.065737 500.302566
1665.037190 1244.234878
1229.383807 605.838703
1372.983127 392.005706
368.249612 1201.901689
287.272329 1259.915385
322.655296 1425.232047
376.088598 1307.847403
1400.355061 275.988007
267.800742 1394.193098
1427.801019 297.070136
1454.500831 215.647434
530.852948 1214.536223
419.686558 1419.375306
961.889512 557.568509
1629.161027 1237.809338
1031.634280 598.887454
1145.933608 515.233170
303.288741 1392.689868
234.603603 1377.852771
351.972427 1168.203305
1304.578593 421.313465
1008.474257 542.555507
1339.326777 403.868734
1372.667904 304.093036
446.438409 1406.341195
1362.195136 359.540517
1677.917710 1275.663488
350.824237 1280.562328
1142.729034 666.401475
1712.337997 133.498193
401.466157 1283.353002
1097.825422 610.439338
1694.589925 1306.579493
1190.819972 593.393109
1231.570744 444.034236
258.165458 1313.984411
286.223651 1287.529231
1528.951588 189.308537
980.228298 482.098047
1581.826398 142.700139
354.790756 1237.831664
1200.996254 569.144033
318.966653 1221.010978
494.851561 1218.809439
1276.788966 471.154346
344.652321 1400.675436
1438.643800 330.133509
281.615369 1216.365726
1271.499149 519.526850
456.259529 1347.487421
1065.617270 498.419193
1115.556742 596.084863
473.712342 1388.482951
1334.540505 439.398492
1107.672328 644.528937
251.737985 1334.146989
384.811556 1249.134702
1502.174854 228.845247
1486.251983 315.372411
1277.341799 440.531531
1147.561305 562.167950
967.756350 577.349828
1159.592453 627.142083
456.611772 1206.501718
434.425821 1291.824729
1092.475777 547.469673
419.050588 1251.056715
540.837015 1354.955741
342.639448 1369.781831
394.867584 1387.772821
1585.411228 108.088691
479.865935 1408.274612
1089.910685 352.543157
1062.784881 550.945505
1409.609264 355.264077
320.104166 1264.169753
1050.817928 428.550500
1027.759751 475.553113
554.161091 1261.455881
368.741084 1194.409208
1313.433429 374.798826
1200.589391 464.632707
1747.296678 114.753288
1243.677371 521.819599
167.583872 1307.492059
412.963095 1353.770588
1181.785657 432.450667
998.093696 559.017640
1564.618901 196.751872
1243.737526 570.305851
1003.901054 451.445585
1636.363499 162.318980
364.376165 1438.173495
489.154685 1313.691994
1228.528421 409.123885
1117.929670 524.940280
937.978348 532.192252
1274.744812 473.973227
241.724953 1275.126954
1294.474702 546.662654
1199.017906 606.235218
422.945001 1341.695164
1083.385333 465.512657
1367.714903 425.655253
1458.508062 294.543138
471.754453 1180.223776
1480.540178 275.936359
1516.841205 1183.442970
398.234345 1359.176037
397.856896 1451.075162
1262.970363 558.608748
476.738560 1305.478040
1525.256426 151.143720
332.409001 1307.778712
1261.745806 491.248233
971.383506 518.658352
1667.091637 104.280324
1312.973480 339.088031
1365.959003 1077.641574
297.795536 1330.945930
1159.972871 468.481563
264.052644 1367.339961
471.409781 1297.665433
448.045144 1232.035482
1292.817879 388.847797
1168.659065 570.033824
927.918765 1164.357416
1033.170252 1044.250927
789.388935 849.818183
852.913301 947.164967
1226.556532 1075.798750
1420.583235 169.049754
784.223617 1099.537251
853.218712 1084.739860
1497.787487 286.602843
1347.593967 1132.385958
812.427309 1061.696613
90.708580 749.994978
1392.003450 1157.467064
1408.527661 275.614375
971.417904 951.330843
820.102787 979.077714
794.947264 1006.557962
797.911110 970.347480
1494.533137 1192.775848
887.297200 909.716750
987.810889 906.909134
988.674780 1054.419145
184.409494 604.696714
1376.215887 218.043042
1027.829025 1010.408875
1015.968231 964.098451
892.033273 979.290132
1644.452159 181.743580
153.132829 612.477317
1447.330874 157.324814
1451.557580 228.768720
1001.362058 981.218152
842.681183 801.482903
1454.496563 1150.535263
157.341776 722.241528
1264.690939 1122.067940
857.459526 860.747201
171.448212 661.906310
826.540617 1041.693800
1107.001577 1037.065050
880.500082 915.120349
1397.929863 244.074067
958.129507 955.023004
1555.672397 1145.531065
873.463915 811.983673
1266.625718 1086.138810
856.628140 867.670424
849.236001 969.357477
1551.020335 1180.782152
1336.307843 1166.740212
785.962606 949.394583
1474.819837 130.553081
951.115487 779.608073
1042.460734 919.685875
161.608179 570.595751
797.942039 1016.947953
1588.653020 1147.423504
806.928418 924.007786
1400.739330 1200.706626
893.617403 1017.439063
1247.391422 1115.237467
1514.900266 1164.116051
818.855829 959.349366
752.594215 1039.272005
874.057112 986.578754
142.149083 685.965637
87.646870 710.169398
189.433264 495.299296
1029.206676 879.866181
735.608294 857.817639
926.075740 1084.333536
1527.605175 238.879938
1535.405997 132.544489
1003.960917 944.962535
921.711616 965.549433
142.556359 809.988367
723.733108 982.379247
113.392275 626.066730
829.948916 913.984500
125.255392 589.958181
843.033124 910.409263
872.823049 923.484373
972.268110 804.368197
131.920699 776.171593
849.089165 1004.996499
900.155108 840.616970
204.332545 574.494352
1072.811301 937.457576
1392.089804 160.972298
1367.870108 1157.562639
693.695149 913.232578
181.469466 695.785701
909.927733 931.244564
807.750735 973.626759
960.060438 908.823359
199.225476 782.312680
1637.926782 1116.444821
177.372658 849.931710
1501.641462 177.029959
149.007273 538.365910
1128.078804 1072.723471
1472.600785 171.163322
913.169351 1054.313221
1542.387933 281.940111
731.921184 971.892519
1582.080731 1112.488266
995.872053 1015.416089
926.027832 1008.625450
1360.526492 1226.134980
124.262904 742.862837
1443.525355 1203.470774
942.816091 874.396400
813.063242 792.784840
1596.931380 184.498332
906.496562 805.529404
112.337033 842.740339
938.846339 814.263783
1141.930151 1039.608155
819.258834 886.789165
1299.158704 1113.737202
138.322368 650.042581
706.842802 876.774535
1059.552475 996.484743
1362.777367 1192.489447
966.738853 975.518873
924.652667 905.714222
761.184902 1065.353434
888.607420 873.718451
967.429988 1089.661931
1205.444214 1104.149219
897.667370 1135.962090
982.909336 1092.230872
957.337042 847.248274
1470.338057 265.406132
785.781172 883.221049
107.831153 804.527865
738.809123 1014.126069
770.959038 971.297093
183.825777 546.460193
1405.250963 1099.035695
746.864324 911.943035
145.805807 832.775001
1509.023572 153.713942
958.166114 1065.283800
1462.482300 94.697819
1375.906840 194.108036
124.071118 703.416682
1088.603486 1067.117513
191.719796 647.776325
1467.192099 1179.440730
1417.993949 233.133434
792.074847 922.284579
1331.138681 1103.763263
131.607973 775.941149
726.129807 937.456448
773.274045 820.901284
813.175502 863.751973
1495.720128 219.189939
875.501041 1044.919659
770.877797 1014.454906
913.004769 815.469709
98.612000 678.390199
894.695280 1100.259431
879.120516 956.866293
885.403812 891.207469
922.760439 863.407682
1443.918528 191.136587
917.224622 992.539148
870.676004 1031.392793
1506.747085 239.630383
751.095924 874.765669
938.269256 899.009362
827.721030 835.238637
968.063266 1031.290837
1474.986746 1230.954150
1027.395370 887.522686
1568.673486 205.444644
1468.806757 199.635252
926.494993 1046.965176
78.405468 834.247758
1423.260235 1166.858527
1505.510787 107.376731
780.724143 928.190780
1270.225228 1051.396752
1005.365604 791.390254
826.145261 1101.987657
1613.683180 153.766984
1008.129201 1070.060417
1545.489059 179.552588
954.346503 1122.168238
768.994533 911.293757
856.016902 921.877281
865.390615 1112.155665
1425.611369 127.488520
1381.730184 1125.697741
1470.812629 153.632853
984.552030 892.675344
995.855043 857.167530
1430.653852 190.126031
166.445065 776.235592
788.003815 885.335858
797.481717 844.981608
1839.693790 54.623127
296.585576 1448.719334
95.320589 1477.860871
601.798797 926.162667
1975.950008 79.876533
259.266728 1432.228586
90.015054 1418.545957
235.688215 86.116149
1934.426369 20.728147
942.200343 848.786866
1938.706840 1411.750835
39.679721 1334.975764
34.152492 41.097600
880.428848 822.324332
1872.769618 1477.011214
14.567364 1471.400099
706.232556 956.870222
885.724821 857.993215
1948.100555 1413.463158
1071.754668 757.531603
692.850182 1049.722703
139.936964 1271.836417
229.388144 1383.092769
1808.198196 34.666037
1968.636143 66.509313
772.513434 1049.837164
1861.955183 124.657611
825.951136 821.465853
1895.458155 1342.473750
546.109612 972.209882
43.981390 1441.148323
267.222362 101.601053
899.423069 784.867247
807.437958 771.241315
1966.433240 1441.199055
66.017004 49.126384
665.937626 954.524115
80.234323 1407.337772
1887.577011 1520.781732
50.855243 1394.502404
122.447461 1343.504909
1902.591774 1492.445963
660.226480 916.342482
606.824615 854.687496
696.572624 980.730923
1967.735379 1471.377070
184.411538 1456.139729
733.921866 936.289492
758.007948 1044.047827
812.405080 963.220168
873.428816 761.757734
623.558216 809.303291
97.353827 1376.810429
1908.700685 71.953039
770.452487 965.628765
339.420500 1461.780421
698.631118 1016.598246
22.607525 73.100562
220.557858 1461.608379
1792.100007 93.546732
39.787883 1294.170695
162.105290 1473.020302
626.799282 951.569768
129.379756 1437.340072
103.534525 103.721637
627.111200 1051.957086
89.036750 1331.961115
8.139142 1369.118264
41.929341 1389.427283
258.688957 1545.656322
667.053232 1066.933270
726.590757 1067.396462
1950.205040 1349.902611
118.060839 1288.949254
1984.362147 1313.744723
812.837494 915.817245
284.908422 1516.897668
629.938233 888.442549
589.635972 960.621345
963.230325 762.013381
1722.036926 137.017377
1875.100787 1424.468785
168.250293 1438.244897
625.032917 1076.567492
714.911515 817.561467
1959.885253 1419.048815
149.013371 1508.592602
715.729180 854.630678
743.796144 1034.426209
1968.496566 29.212894
1944.756793 1318.986883
787.285827 995.575128
259.797611 1506.638171
1889.548142 1402.464931
71.993234 1541.120789
93.675486 69.810432
249.312846 1292.181200
4.638671 85.180556
59.549532 83.176293
1815.537889 120.512416
1892.856879 1451.580833
84.503170 1434.251728
1926.148486 1349.225059
1705.067385 97.542700
669.145872 900.210691
1939.119683 59.817780
1962.923328 1379.095490
1842.749344 93.887548
222.912162 1552.789492
584.881742 1024.310302
664.673204 1020.579152
644.462543 855.523667
1907.814713 1415.839043
778.838573 909.880056
1882.464968 76.514993
68.988203 1312.462486
921.428496 813.050552
1971.087862 1378.363480
660.366132 978.214857
33.187876 1323.965219
29.965592 111.550019
195.350887 1272.648656
696.811410 921.713027
120.632830 1442.149310
1976.852094 1503.275778
654.635597 945.064167
296.579278 1493.375697
632.357597 1006.141095
25.083441 1428.163051
764.427166 858.783432
1884.579913 41.582884
735.721402 877.793984
996.600308 772.989667
723.151858 1034.766473
841.292941 955.795107
1801.838371 70.867865
1850.757039 1464.601133
62.540103 1355.712870
1928.550921 1495.001302
107.723013 1391.623266
1925.644619 1381.122045
1989.764944 1399.139150
238.189510 1345.623041
227.901034 1424.307055
149.665579 1406.238208
1984.685319 1416.275734
734.330198 968.848255
56.307626 1493.298580
697.892800 884.832613
271.763021 1380.442229
958.537583 807.784737
856.375418 876.965356
183.646082 1402.136996
785.028350 811.246530
1902.037302 105.803263
977.030355 856.270738
750.199602 993.916603
1982.434280 1353.027855
23.657770 138.023028
847.123292 916.643036
679.322443 858.128226
1943.663274 1468.175896
1974.130637 118.244276
192.220012 1530.694524
203.794495 1427.911358
128.180500 1483.629307
824.317500 862.454565
146.861256 1323.903067
81.008948 1464.456907
1866.054508 1426.019408
217.716697 1506.847990
93.485480 1328.281552
149.955898 1366.895796
1913.832052 1572.394357
1909.627937 1390.780558
32.322553 1348.264057
243.212339 1468.855738
654.610879 1001.011486
623.947003 963.839512
777.942095 925.574339
120.852104 1347.354230
188.523770 1301.042511
65.237936 119.412175
91.346967 1537.904984
302.656308 1381.743444
327.574294 1357.403977
1904.268475 1452.972050
908.472857 843.170327
854.490774 794.769989
868.324165 826.721638
191.009068 1342.176330
695.675568 970.002853
1882.364800 1372.734817
745.635667 910.783587
600.207888 997.430513
714.264254 903.089144
188.333677 1486.932857
82.244480 1392.663702
