244.494262 411.701447
91.312772 542.172292
1986.458564 305.473826
262.983346 487.939891
468.632576 426.393044
329.698016 371.308449
540.598373 289.559706
576.731436 267.739242
216.531334 368.784494
15.740679 518.994554
1813.418451 328.628131
1971.988260 345.507504
1849.080560 412.113944
1876.005396 323.823680
582.250437 365.526665
1952.813478 406.464611
1954.448342 371.075294
503.178889 260.313528
286.421671 397.680648
303.072047 365.794855
1963.582444 391.391787
532.357049 492.121130
1860.444883 520.018813
263.757630 439.402282
440.703806 412.500315
1788.989189 333.530195
420.234337 395.181329
1921.364158 336.200547
125.307447 384.925847
267.814365 363.990223
524.282780 436.520551
442.764061 382.491474
338.406621 407.765334
1978.933840 263.297965
145.702084 470.169698
61.011926 445.552143
1917.845542 505.243601
379.017839 300.989448
314.629632 321.618015
397.019453 370.839440
268.290241 301.644577
485.906181 341.726305
67.456334 409.855828
105.115867 416.181292
1849.256777 290.757477
396.672701 325.997811
383.922778 340.028677
529.419874 398.427560
368.730091 244.351147
329.451832 291.166247
393.881685 389.325876
506.194961 269.992665
422.934906 267.379916
372.206098 411.880334
378.198527 511.237000
460.395228 257.417067
1970.241831 340.367403
401.831828 409.144064
1920.300493 454.571563
311.396380 394.618895
240.482995 451.383996
400.547538 434.976702
0.704048 468.506834
650.534746 400.740578
346.937076 326.732934
1892.967560 362.893611
364.831221 381.092602
359.560561 283.509450
1824.018346 406.930645
336.627892 238.441681
462.435388 358.503938
574.263222 410.540161
1996.631268 398.749989
552.933532 382.587439
604.131392 419.240302
348.625493 449.951033
113.628049 349.200691
464.525624 203.269614
388.557655 416.852897
61.016280 386.539268
416.278851 295.378213
1849.297757 329.368989
1846.524301 346.023437
461.582803 489.878997
16.159881 251.305675
1975.934222 487.762518
1953.656707 421.279662
1887.450473 558.683547
419.118177 469.087817
506.448850 225.995973
376.194579 456.654188
29.972799 453.240752
1986.130663 408.306578
342.408868 453.136710
551.394410 467.037798
65.198530 323.705348
416.374405 356.160482
549.435731 423.278951
399.798967 229.659208
431.399648 181.476830
1891.419450 476.876438
1761.716860 341.588715
74.307406 347.786323
294.987001 356.054504
1844.161897 528.454556
282.326162 519.109974
481.391692 301.614712
52.576574 347.891955
151.683380 403.806944
283.485117 266.999611
185.556884 388.682771
16.764658 324.639024
1923.384851 409.032825
211.875954 414.711583
497.114957 457.947449
1944.587658 305.318156
241.281104 341.714725
1786.012217 284.713142
474.788865 286.653142
558.565027 318.122834
493.722135 339.572217
103.037611 474.258409
320.311614 336.784306
87.515250 390.149855
494.785626 523.192965
1883.020190 443.727558
119.778127 474.165113
307.192904 427.495184
1898.919943 288.328569
1925.728539 338.574105
485.124085 175.412774
387.218984 309.024979
254.098970 382.209106
463.817464 219.082307
1857.494616 367.833749
344.858947 409.744421
1825.256903 510.404072
452.080888 312.760844
422.572205 304.735859
484.559364 393.271495
568.055542 513.624089
36.501302 385.896239
325.729094 495.151495
1822.759182 289.963446
531.825083 372.770446
268.224258 338.623320
14.095386 427.095378
1921.959435 373.514145
1925.856039 294.848880
1943.871126 456.651274
458.917621 352.198002
474.137581 395.129223
1861.112539 394.101499
281.852062 420.350388
59.194153 481.273254
362.566415 349.128188
1951.443005 272.109036
19.751345 489.122627
30.511079 357.594095
185.006319 474.198538
311.070820 464.686561
508.196016 370.556954
124.050680 443.672366
1959.790861 452.259322
1832.490501 454.521543
1898.928673 381.829689
1815.637985 364.740418
114.601190 515.545378
347.912600 325.720226
401.391914 328.264206
86.150369 501.064108
450.751627 281.334157
9.690759 446.640630
436.814853 237.549748
218.724654 450.152967
1962.828568 528.106451
69.413009 421.093608
1872.992470 407.008884
184.453802 438.548327
1893.074770 376.287598
441.004641 458.055974
418.706339 519.669925
352.621136 487.955797
426.430538 385.415304
176.655030 420.433474
1961.303162 444.375662
592.900000 300.215351
409.120786 351.513983
380.569602 475.389744
1811.408165 436.337569
426.181787 428.022256
428.832810 343.119177
3.339623 354.959485
1934.694055 475.165339
525.859397 251.436516
78.464200 452.279268
48.996025 573.196438
133.018712 438.920040
437.155288 326.133714
228.691789 402.088415
1546.695977 1525.598700
226.049553 232.354412
1750.252132 1721.703096
226.983387 207.486803
35.644923 307.206143
1747.003683 1601.340743
309.909553 221.344757
1703.616825 1443.574852
1571.275826 1482.089392
437.305602 1980.358709
254.753277 220.206796
1586.706049 1508.957623
427.167906 153.255636
1615.312832 1513.882461
1554.196763 1443.011884
78.835866 1866.944395
357.952907 208.382429
139.571874 1943.404961
431.635311 14.451200
314.189664 126.916515
1748.524098 1413.581817
354.053688 238.376038
1756.091115 1541.965226
316.153529 223.589905
261.700712 169.052422
1676.867114 1574.136242
1979.491407 1892.321293
387.786744 130.391031
286.164782 1993.411955
1683.908560 1387.801268
288.989280 248.723935
391.609419 241.687274
482.359688 30.435705
633.922781 20.143331
550.704279 35.881243
1899.741430 1652.001116
272.069364 242.752147
308.335865 151.411343
1988.403349 1953.194553
1635.064682 1443.076779
597.456529 59.908311
353.254688 170.021469
1840.510692 1684.719510
1489.551157 1436.834238
188.329760 211.124893
1798.921734 1451.145001
385.060416 183.739964
444.029143 144.733434
1605.213810 1568.208154
1619.951785 1409.989453
1843.558864 1630.348696
1974.939741 1852.809524
74.938727 1982.622151
1945.686972 1733.103116
427.116583 132.492415
392.093741 182.260263
1716.079866 1586.202093
395.172984 1972.586798
1663.045254 1606.801794
554.360811 108.551523
340.771047 313.216406
26.673742 1917.046057
405.721459 116.906975
1833.392460 1672.137341
1976.464079 1918.632848
425.860067 1.905639
1573.971786 1601.096029
1947.327736 1873.276644
401.666300 259.929391
1525.492026 1509.218281
1838.861001 1722.085346
1615.085329 1528.239895
1690.090573 1640.698695
1933.208717 1839.588554
84.539403 1915.175030
1753.777538 1601.220611
1810.763646 1551.474105
250.795379 85.635450
437.379357 52.588652
54.393949 329.539119
272.080922 201.775405
1675.846283 1435.503781
149.570818 318.519666
1747.199160 1520.154998
1700.889898 1510.447940
353.778694 154.437281
359.542722 177.236437
1941.218264 1897.291114
14.122731 1875.699896
1894.797305 1797.351224
1644.185721 1557.967790
182.452920 332.319842
305.330094 184.131161
301.416658 51.196400
1664.219953 1466.609943
1961.875402 1819.453614
1909.199535 1598.653082
1650.520669 1389.142109
1898.955179 1735.016928
1672.713083 1540.434271
43.486035 1964.961102
276.079582 131.215993
1897.340959 1830.659746
1842.232283 1443.143488
328.366884 195.404327
1577.818061 1542.852303
179.776569 1949.541633
1908.872862 1701.172947
1651.936235 1650.368498
384.221713 10.636675
331.454867 149.589754
1828.813575 1514.421921
438.391053 1957.583100
1790.052178 1518.410899
171.699845 261.083248
1790.514794 1599.599572
66.509416 225.113004
489.745637 1978.577018
1869.846401 1622.921693
343.190582 265.332824
1801.050632 1549.142157
290.935874 100.792352
1872.873577 1703.513506
495.200974 34.989241
1711.484010 1732.996428
1811.178613 1745.571996
368.442065 59.307784
1748.595848 1562.105590
1845.208325 1760.592355
341.654254 126.240214
466.451976 1998.234779
1733.236129 1478.033753
1852.189837 1595.662159
1670.017309 1503.490787
1525.968275 1463.323893
243.819970 1991.666206
1748.795899 1699.514554
402.840197 50.858374
296.810005 285.745973
1774.625336 1745.720700
330.330605 243.653833
380.894557 294.550768
374.527958 134.137088
477.112814 152.915957
1731.811249 1507.298982
499.409991 1947.871748
1807.240381 1695.603764
1722.186462 1662.581019
1645.541526 1612.896393
221.777115 161.107727
1767.550152 1642.060250
1910.452248 1865.878594
462.638631 119.381954
214.189328 98.510050
1707.834078 1562.848934
1798.682932 1669.581962
1767.771033 1491.126358
1614.489766 1475.420765
334.514441 1997.792248
542.348842 14.555967
1601.669498 1436.682326
1819.113343 1819.501763
1784.928059 1486.069953
1657.042539 1556.549663
1727.066633 1626.953409
1854.591735 1487.739569
300.580063 310.885444
327.941355 283.401279
1780.466714 1576.476607
1869.960386 1771.061093
366.197560 1941.404236
1625.749859 1479.766058
364.023300 1977.164040
1766.783439 1667.845183
1927.628816 1764.971399
361.402551 272.280496
1589.117589 1439.444166
1700.386947 1536.007516
1812.205336 1585.704492
506.562171 1993.530603
1764.916209 1546.517340
1821.036839 1789.656041
442.776326 77.874958
396.005894 217.765409
1846.176315 1726.474214
419.451782 195.356208
1704.088714 1476.405938
314.438153 224.789047
1583.862128 1402.577393
1856.896980 1800.638100
1735.224834 1529.668087
1645.655200 1489.358328
1611.154848 1622.392087
457.618347 1982.932867
1809.488411 1641.135586
244.161564 268.360827
580.469607 18.149306
471.174635 26.107851
1680.519342 1499.539358
1927.747153 1800.046346
1573.357256 180.029506
1610.266087 161.316412
1632.412775 1399.986270
1837.516812 1418.544649
1847.798020 402.786794
1902.744492 407.466980
1636.198145 1703.986542
1693.906015 1490.317305
1990.014738 286.227320
1867.936137 332.636152
1613.717656 1637.720556
1400.899336 201.700639
1938.676655 418.648304
1940.617929 356.560422
1527.538272 153.497390
1851.781684 1366.820155
1642.069446 1523.101023
1644.873584 1365.340224
3.794661 331.558191
1699.288946 1484.522912
1960.837246 1384.506624
1875.125596 1520.049067
1376.580253 163.732880
1884.548540 397.155124
1593.196437 130.036224
5.766134 1393.423291
1617.139265 1604.193524
60.380700 329.807358
1559.352899 1523.875992
1918.547060 336.002094
1973.209758 364.129071
1600.381947 70.891066
1606.238938 1409.165268
1993.963789 257.887078
1552.759785 1573.722742
1857.634691 432.888599
1640.322199 1585.768524
1407.617335 85.157356
1548.169022 103.321681
1693.358260 113.787890
1644.251687 1571.872733
1958.742907 282.697055
1736.412519 1548.686910
14.842117 384.102992
1722.294929 1378.786386
1888.659794 301.170121
1612.554471 1451.400615
1630.664387 1503.659606
95.114734 450.303207
1878.409572 364.828513
1443.116808 61.292719
50.042933 430.537624
1661.818416 1539.824857
1738.446493 1516.000508
1513.939802 1498.084225
1722.733982 1410.505458
48.955265 405.275399
1903.750229 1243.612179
1942.754837 476.226447
1488.290193 192.836482
1842.121369 364.994025
17.174959 387.916855
1580.680112 1642.956576
1644.614912 1429.523869
1854.805854 1400.781304
1325.800980 142.613021
1319.017393 170.949015
1503.932069 1426.019047
1926.983220 1356.534674
1474.262164 1490.334634
1540.968952 170.170636
27.578816 322.654774
7.564605 355.487564
8.147639 1315.763705
1674.138153 1452.298473
1442.963609 168.622855
1541.163346 1450.789000
1518.572915 1535.977083
1608.430907 1479.996543
1492.250823 1523.477447
1645.226086 1417.176901
1964.953234 1216.653027
1800.385469 1439.955599
1379.478090 119.383392
1517.920698 105.149463
1676.416439 1433.839502
1559.628489 1456.234327
1662.223574 84.893403
1923.367246 389.709454
1878.322211 364.268341
1545.302266 1427.190017
47.894453 1308.554530
1637.553698 1633.618516
1470.139165 175.927164
1503.065040 162.879250
1483.640077 110.840275
82.680411 397.157357
1451.784388 219.203229
1960.627826 444.091173
1565.516872 1374.425091
1635.855955 130.653889
1939.192078 311.089415
1682.483677 1575.231404
1991.087282 419.959938
1599.855054 1436.612593
43.451373 355.415260
1577.096778 107.602599
1672.863564 1544.781023
1906.232559 442.800000
1346.680235 225.057674
1943.754749 427.207968
1778.808556 1466.936110
1584.213023 1429.410491
50.669140 382.255951
1641.964616 1418.113696
1435.397184 127.034593
1686.776920 1613.438287
1728.429686 134.576930
1558.375426 1529.640632
1871.050614 397.360562
1344.537729 114.094389
1494.701800 1452.826689
1625.666081 100.490471
1885.098069 475.855861
1562.654273 144.797532
1763.025773 1370.032847
1521.100312 1604.484425
1609.019647 1574.157756
1608.650546 108.147240
1834.145753 335.339178
1563.906191 223.440772
1919.318964 1460.129103
1712.132729 1540.171767
1968.027222 493.540184
1547.039545 1488.746406
1423.795685 210.402846
1653.932484 1471.521296
1675.475719 1386.368724
1814.992538 1318.806699
1917.998577 355.608761
1607.727329 1466.959334
1474.615694 223.041146
18.056591 309.198710
1513.617141 227.280238
1924.633658 365.086131
1864.325076 297.194324
1608.968532 1533.489889
1657.081829 120.036559
1572.973151 1602.974227
1990.394744 380.969288
1991.798742 513.886363
1730.633705 1435.030148
1835.512640 393.982888
1455.567306 139.407561
1554.118147 1418.802625
1574.614120 1481.729307
18.314603 1271.246067
2.455068 416.971084
1638.888861 1471.457005
1675.026961 1411.414926
1705.934686 1329.423185
1494.492533 1565.507292
1500.261143 138.890478
1688.291342 1461.166901
1921.661479 1287.609128
1606.412388 1504.712060
1849.336072 268.216756
1963.821584 1283.391910
1663.479202 1502.450977
1897.689656 326.065742
1540.379280 1395.932291
1677.946577 1362.375450
1549.094497 1580.874801
1697.051540 1726.878554
20.995731 439.598911
24.598165 1363.712615
22.622700 355.900803
1971.838905 231.273802
1719.871804 1577.714200
1414.725213 243.232676
1964.415947 332.809680
1986.988333 334.719906
1775.905708 1398.984637
1858.748353 431.112586
1750.305620 1485.423982
1679.883680 1509.138057
25.803980 305.224087
1634.415577 51.240615
52.508354 268.651148
1597.592341 200.626751
1526.958148 1509.512409
1595.377237 1521.969214
1763.130855 1429.540146
1918.522870 279.401932
25.012112 229.315343
1980.535302 458.486894
1537.972768 206.730768
1726.219409 1464.535030
1965.429606 385.646974
1414.541361 170.308734
1587.907187 1468.683721
1606.421651 1438.586849
401.728345 1609.267946
1801.051818 854.967855
844.419010 196.705180
1482.423210 1403.236894
542.441632 1590.331445
1060.696382 111.458913
1166.541786 1597.631131
588.269039 190.778638
484.213278 1626.161901
505.742669 1591.919699
729.977155 207.376147
818.369289 149.015456
593.990709 1537.092568
1743.443413 1481.856242
722.735520 170.327919
835.405428 99.415830
1533.712689 1458.403771
473.242512 1580.224018
1048.507558 1504.544925
1764.700503 895.496111
293.351871 1530.204749
1080.685470 1595.472855
935.932044 98.067896
405.787904 1518.718425
524.529597 1627.294233
373.788863 1608.544047
384.220339 335.051686
1613.564618 1402.827300
901.879773 1575.738831
1413.455969 1431.466638
1030.403748 1565.287343
921.923892 1524.090923
485.890178 1535.355936
1646.525099 1387.772123
951.905853 1700.957444
588.690233 1574.257400
1489.176046 1504.772747
1083.473781 1675.844362
1012.089363 1571.122367
1031.013680 1543.828982
1019.075678 1665.875319
975.293666 1566.965941
281.046294 1463.667171
1430.611114 1394.792332
1549.656207 1511.950538
976.746249 1716.434724
1105.188836 1742.946967
343.101504 1556.754029
265.709907 1518.842969
371.241469 1540.916269
1753.200596 1448.124885
1503.719304 1461.751518
1049.727112 1597.172633
393.297206 368.977611
325.456847 1536.342946
1872.054745 878.686550
417.225426 1608.699806
556.253813 1555.137119
1101.518088 1687.855711
326.482773 404.326190
957.924443 1584.996141
924.991384 177.444048
378.092392 1630.392167
1034.131884 1676.039548
513.530322 255.621879
1448.676972 1444.231689
1198.287279 1501.786347
992.208644 1534.153148
1088.254219 1512.675069
1029.567237 92.844475
335.570118 1636.747160
253.748874 1540.966738
1050.928806 1633.511497
998.984568 1733.586341
954.717275 1519.136899
405.275362 1532.711971
1030.065464 128.230195
304.077923 1497.199648
281.891991 1610.448618
571.745592 1466.901244
354.291106 425.990218
638.472342 228.717354
1116.557410 1642.463967
203.201199 1629.427665
1575.384613 1394.716939
819.194347 183.572018
956.537674 68.594052
1505.666284 1431.350418
348.870223 1510.912488
564.477854 1516.968826
941.447489 1563.199566
338.953570 1599.138744
1162.181592 1671.776279
979.555263 1492.529743
898.307088 153.681813
588.638705 1609.290586
1154.742965 1642.632084
474.945222 275.831142
555.205536 1623.316310
358.191727 369.221406
970.791124 1516.016738
769.997437 188.325837
692.128495 170.408899
313.374351 372.039025
1454.440151 1375.751759
433.009140 299.882820
1118.975336 1503.130862
426.990682 1665.732994
1002.241718 147.234406
1303.200398 577.894679
264.474966 1590.522660
1503.243086 1541.761282
1011.891827 1479.698037
1573.130330 1430.885104
342.008266 337.938854
795.125818 123.886819
441.516619 1625.969381
989.217983 1631.909529
1482.296917 1461.152371
957.444163 1638.028846
494.654805 304.500132
1126.882985 1589.961580
442.814050 1587.572503
943.806253 208.979200
1014.991133 1629.889626
301.970894 1562.800720
1837.520116 865.354864
305.686678 1622.245718
1065.477198 1535.998995
1560.265578 1323.944208
444.276784 1523.978131
1542.153297 1426.263554
528.327007 1537.311457
1443.344411 1430.775754
1645.091693 1515.044361
352.600795 1656.641174
580.248966 258.310764
988.096901 1682.685610
781.424414 154.446318
855.991062 229.545707
673.638453 200.046676
745.912673 165.304276
1133.377732 1619.384871
1129.367417 1665.823225
904.931225 122.619361
1063.921833 1512.755458
1534.214050 1402.544721
864.575929 87.535568
395.418834 1577.296488
1802.004685 1469.849202
428.030296 342.233142
1643.199389 1459.472823
1069.918272 1747.940497
1577.083620 1483.647269
393.861156 331.235711
619.495352 1592.254358
1523.990795 1371.715123
744.924102 128.002747
557.444373 1584.050386
1501.560194 1427.026662
1540.954105 1478.907101
1038.412230 1451.198959
458.653082 325.058768
953.193282 166.911303
887.198523 187.562929
904.121486 88.889856
395.456709 1653.339385
1056.552465 1555.928372
866.935981 160.159211
574.817851 223.395310
967.024087 125.791397
1090.166718 1617.363588
849.275362 164.217568
999.333035 1543.324255
1028.185075 1513.701168
1035.705537 1596.352984
989.159496 93.142334
1488.058416 1388.498708
1467.738905 1476.486847
1570.789595 1527.052230
1159.845701 1556.668558
1093.744721 1552.684348
531.746725 285.446775
876.593984 123.666045
1870.749968 843.188457
1970.416983 1477.739461
924.186348 1602.275906
481.087394 1469.376500
1643.269305 1424.742678
1680.674323 1435.144517
1076.633580 1646.303401
303.223443 1583.529381
634.632463 193.425604
1613.899871 1489.371155
1459.845191 1504.195478
379.246677 1504.000693
931.640700 132.261333
1005.335837 1694.227519
