256.191003 1090.201398
0.567735 902.586498
112.393079 900.515969
174.668207 1067.309843
418.483849 763.449482
280.880486 789.385546
462.197168 810.521956
491.478808 846.509047
134.062503 1095.252604
110.028786 766.802569
17.236454 863.745655
1973.553169 819.841487
18.683149 1036.464307
1951.291489 850.211610
468.454270 844.909685
180.759753 1006.612174
65.502212 994.868346
510.018031 866.368172
212.514107 842.973016
327.355387 1063.233999
186.186529 992.590949
404.752945 725.320881
155.417502 982.098639
228.365559 813.713623
393.926456 853.833305
64.179976 898.443527
292.772843 1011.222031
145.179635 1084.878253
65.291339 819.999440
256.651348 859.618510
365.296942 946.488723
363.342728 815.071999
347.282342 898.746815
10.849037 815.762671
122.702940 953.701170
320.214232 760.933190
168.649589 1162.209501
304.609799 897.154354
167.570560 828.118217
303.544823 978.109086
217.159992 897.761784
370.234303 776.049775
182.300287 876.006987
137.335851 877.783318
125.095138 877.438636
277.097135 924.021107
291.917547 905.119496
517.868735 731.344082
293.376531 1023.703565
174.543866 893.406924
360.785237 1043.896416
460.947833 976.544828
391.294595 889.700404
313.010394 812.207748
481.053803 992.003546
324.896294 962.819773
120.243790 955.420363
295.033211 853.740659
17.799274 776.382953
253.019258 994.962464
197.984045 870.448213
416.573730 918.019921
85.448501 1051.742897
521.036044 806.018946
372.606393 915.243653
68.819460 938.882823
256.470819 1035.747489
254.946918 986.342549
1925.378683 933.863692
264.058499 817.716430
331.074394 929.469342
477.377826 781.664500
153.565426 901.383844
529.098498 895.602254
497.015250 753.933738
217.629710 748.175715
213.733167 1047.398682
443.815942 864.032809
264.705108 1029.402031
98.735447 971.426885
365.463980 985.738470
87.492886 784.461575
1928.274008 846.316991
451.201529 815.851963
147.175878 1004.012395
1952.253033 897.364148
1977.671756 987.778116
18.141267 955.484398
489.207894 809.192812
526.342338 946.791055
247.366455 933.768446
231.179225 946.295080
163.677526 829.217814
266.063222 898.380498
472.393567 901.777277
227.905294 789.675105
347.777455 887.558058
406.646206 887.358301
358.914796 945.430762
440.820779 950.549748
164.503067 973.480939
1953.491775 929.149097
193.316267 736.913049
196.490720 860.487706
1993.853026 809.995781
222.304637 1015.696199
463.949527 753.357740
219.586673 854.733995
137.103268 794.536242
195.624111 940.983824
154.671136 795.891574
269.553508 1074.033950
70.924121 862.124897
217.614772 969.778548
322.413709 865.820781
56.504625 926.369807
186.428644 817.890992
1965.351829 858.374824
440.692649 787.118152
408.107058 966.437129
450.908815 871.250995
118.578959 1002.153591
222.892399 855.419905
63.733797 1041.725221
396.900692 800.942216
1936.047847 902.562425
102.175627 853.882232
209.657463 939.930945
23.607694 923.938065
108.478567 929.867620
409.469361 860.856326
253.829712 818.360052
252.314857 699.250166
528.454814 840.713126
80.784356 922.564364
267.583672 858.196692
1940.648799 981.489259
354.558691 848.500602
323.614612 894.231322
431.482613 828.064503
433.971525 910.622804
53.446237 794.818718
261.561806 760.850530
98.688289 933.535015
547.009608 782.825874
303.144609 852.758852
125.290861 1167.100233
76.503637 729.498354
30.951051 976.868020
31.725556 1035.784152
358.487298 814.800594
358.799640 852.534114
75.073835 849.601847
148.539941 858.890742
81.040026 1029.550850
188.439823 925.261800
163.958631 1100.600672
47.788634 748.361386
114.032181 845.436676
106.746490 1117.574322
242.714123 846.882084
479.622058 936.632621
126.544162 1035.966289
1980.672380 884.382961
45.876910 962.940744
35.346527 864.027291
1994.605122 937.602825
75.170823 805.799529
260.206288 887.980048
216.166969 984.280886
37.817469 769.425763
317.078089 932.379398
151.632069 942.535977
331.104301 970.997076
134.684124 828.350776
34.360943 917.776726
23.329685 884.530654
68.923499 785.863182
182.010980 771.228297
199.386686 796.452762
392.606630 928.245204
406.630896 830.549068
283.225866 939.637680
338.670304 818.384996
110.817023 1003.865079
61.975570 857.542852
561.396125 855.621900
397.094423 900.598604
350.959094 1014.443872
81.762258 1084.071450
332.749998 995.858836
492.446137 939.634205
110.344725 931.479249
47.878358 997.331749
421.885039 1007.406992
50.596567 830.270458
147.238294 753.747943
153.155180 1039.870601
234.254997 873.898681
183.257431 1009.998635
1382.238447 836.581637
1224.022235 958.390617
349.195161 1560.842878
1257.504042 1108.227677
340.825307 1141.559520
394.731889 1102.183117
1233.951985 999.976087
1377.109489 930.217908
1415.379684 1088.288122
1166.088449 823.920835
22.752133 986.886528
1206.004826 757.585293
1553.924142 975.082858
884.834224 1791.978444
1323.006947 859.404730
315.771434 1393.053889
1261.059098 854.279368
337.981281 1496.156370
1260.811529 1029.910198
1445.552926 817.851990
377.371786 1483.420442
1224.293430 1013.454658
1350.563375 843.026098
266.656933 1156.258854
1342.401335 903.675803
48.723157 952.870958
1304.537131 1011.766121
1500.839917 807.869775
1397.355209 781.424317
1370.316160 1104.019013
1471.712444 975.054551
1266.596995 957.851995
1420.558247 758.469796
1243.170042 785.600510
1441.290680 958.380001
1215.697434 947.093832
86.110781 957.182012
1279.866328 1098.186543
535.954769 144.207614
1424.843028 1077.482550
727.079285 1741.710360
1468.923532 867.860261
167.151642 1006.283480
846.794105 1777.169839
361.405443 1113.944959
1330.604047 1128.685279
269.404715 1452.760511
1332.191999 1083.795768
1366.428976 803.244120
1523.944002 1041.473728
1438.892448 918.596526
1346.647503 973.875144
1367.680743 905.390502
1474.332906 935.136073
1528.094685 966.911968
1219.902266 807.617548
153.244738 969.768736
1279.167291 893.764312
1312.370658 829.573320
1480.129247 900.255711
1229.163531 854.043203
1211.882136 1078.714388
112.118117 1026.754317
1310.451229 1098.784443
1254.801986 984.378691
311.549850 1154.179633
310.511527 1455.188675
1195.624731 987.017405
1383.491283 1011.947611
1506.879821 995.582467
1523.030227 839.871667
1314.010734 1016.967671
1266.498364 1034.790192
103.432389 1057.787328
355.211971 1457.925711
1303.022156 1048.142315
1269.669752 833.272890
1324.701847 803.637724
1412.324397 936.557178
1181.974250 859.942652
1225.008484 891.457191
1206.029052 953.862193
1284.021308 781.531549
98.590815 986.683075
381.403434 1192.082040
63.417317 990.843565
1411.334933 962.668579
1339.093336 961.272781
1287.431391 1027.696456
1454.231355 1059.768215
408.094157 1169.659615
1437.081383 879.554433
1507.839624 907.105980
696.063372 1720.410772
1473.229300 802.516551
1341.069228 1058.823033
1371.243419 932.851618
1368.861054 990.165490
1312.328937 976.531053
1290.355167 1130.701680
293.628533 1427.440663
391.427643 1435.727253
420.686654 1359.874519
1284.053216 868.411466
1325.962925 846.604193
97.948048 929.036972
307.466594 1120.301092
39.318508 1059.486639
1313.683229 765.445991
1492.752241 866.281584
1445.940983 1016.680111
1333.138699 921.069024
1242.212631 919.590740
1405.928150 1123.582215
1486.848301 974.302184
112.756113 894.127208
1364.635887 966.661902
1341.854019 848.762542
60.439230 932.505069
1207.953949 852.344757
1365.446780 1129.948861
546.784509 175.992841
1392.702538 965.631135
1405.534797 904.399631
441.801065 1412.737042
366.255634 1386.463772
1447.526224 844.923232
1370.161359 1038.379925
67.700508 1065.095655
655.643222 1685.081430
802.582277 1756.588494
1313.369309 893.577057
1408.623718 895.849729
1484.494823 1076.850870
1395.912014 1063.289380
408.718786 1464.373924
1535.324765 916.814831
1238.272170 925.699364
1343.948860 1019.700168
340.393659 1419.773552
1937.440771 1011.636556
1337.983723 985.474837
1443.202825 912.135504
74.022228 1026.753365
263.153974 1121.046126
299.862265 1182.861600
138.910466 1057.845263
9.871468 1055.358712
1390.336081 997.427345
692.136790 1685.128025
1309.648231 939.048737
454.639326 1337.364516
1448.394671 1007.940844
353.337083 1183.107437
320.084864 1067.644166
1294.127377 1063.356722
1243.528402 1096.581530
1274.651018 994.869508
738.408329 1708.389385
1415.576122 854.662560
665.221247 1651.966393
359.367680 1422.383884
1305.512474 909.545991
1340.768752 1012.806969
363.204821 1212.884771
1353.618672 1058.074591
1406.060169 1033.527119
1381.892054 868.848696
366.984795 1156.064323
1205.371061 925.959340
292.891624 1202.697928
1379.647266 1076.070227
329.521391 1210.530562
128.552375 1004.331756
1474.923145 1021.992080
1181.662728 919.644954
1344.768132 945.995814
1394.022194 827.775634
1534.904246 879.362694
1288.860797 943.449068
147.853271 923.534346
51.699864 1006.417159
1277.960045 908.292764
1273.923002 736.640161
1473.139817 918.568074
1262.747693 929.090914
1440.085188 1133.934177
765.237327 1743.683262
1301.284791 984.620850
396.662262 1401.496739
78.026382 891.775832
1292.191597 868.754568
1423.724230 1034.019699
1344.871998 891.038217
1259.176408 969.543762
122.661460 950.360878
1422.150422 985.499039
1191.738506 1026.934108
1241.611706 1055.129146
1251.116196 815.287902
144.899647 637.673025
65.950161 749.575397
1808.676874 271.076533
586.961853 264.696054
1464.568021 84.445280
1721.100994 1964.157040
1732.592502 368.447915
1626.156881 142.884951
1574.275071 53.222853
325.579533 877.185387
317.641810 836.273670
182.570139 616.159709
1880.302191 363.467159
1959.795683 411.458654
246.409849 624.779794
1636.216260 79.055971
1752.161768 193.891209
314.026806 737.925992
1594.545335 95.732769
1573.317035 122.795423
1889.701404 277.856485
1935.654297 344.027836
65.332865 604.364256
1627.517246 48.144636
134.712004 646.976851
1948.155393 351.094328
529.821070 288.146890
1956.310964 316.213120
205.775465 807.953857
1669.822056 1969.946592
1910.463932 256.127807
256.497307 708.045358
1805.252233 254.418179
1583.355283 1957.104538
1811.092970 207.974215
1818.147752 357.725556
1813.645779 353.164784
127.119298 742.125676
170.904691 769.066355
168.982701 804.386251
272.787145 829.474383
1446.948016 63.810285
1774.736412 294.723748
1841.513342 437.448861
1811.357715 387.495207
1591.679191 13.935356
1493.832455 119.723129
1571.470255 62.176666
4.953845 613.280547
389.218229 882.306514
190.268094 568.202655
101.828501 609.884355
1590.838704 1988.295999
1847.530753 388.885785
1469.736815 3.986032
1836.010666 233.025774
1928.830130 451.633686
1757.162259 316.571959
1861.482254 319.250075
57.852588 637.903752
1475.673832 82.494061
66.693779 640.394111
364.579903 913.503502
331.404720 916.649038
1636.550996 109.278541
157.976441 674.842013
147.775789 604.076573
1504.005197 0.019624
1797.985027 357.199525
1738.117791 260.151241
114.639207 668.905612
1532.766043 162.553188
1873.591530 253.498470
348.431754 944.983009
38.629550 509.358073
172.821423 697.103313
1456.180175 114.399700
1539.285823 14.459638
1639.694106 1988.925019
1725.610299 300.254781
1681.297614 1928.994720
1946.451962 267.797065
341.345588 980.092714
269.386437 661.079540
170.171361 648.526341
1596.485549 39.017158
1724.165886 218.425594
209.236598 769.359835
1912.110599 288.661034
1846.039771 313.588578
1545.935346 40.426274
116.999958 566.146469
1852.560532 404.269565
147.320998 710.334140
68.637522 712.682006
109.180838 643.136555
1958.838392 387.696618
87.022897 689.885329
1987.366456 563.983075
1507.198831 24.404225
197.778498 743.489692
5.534900 303.329180
231.873262 821.572937
1915.870547 333.890472
225.150188 857.611817
1992.203517 267.530153
1765.160384 92.202615
1835.104445 410.893870
313.351001 831.120993
35.236804 597.460535
1927.917222 407.327268
276.324080 745.411064
1550.353976 8.602273
412.637128 914.869348
251.685686 783.528205
19.932401 667.138406
1874.893639 316.430292
228.195419 648.739246
1795.699871 391.597112
1553.431621 78.317496
26.921528 632.453855
1760.689432 238.713209
320.517767 646.558716
1888.315943 332.478223
125.274995 695.258759
127.037652 621.258864
1781.847202 180.056035
1748.086146 249.274236
213.616262 600.977897
1495.949811 20.450593
178.512350 838.591169
310.211742 993.701283
1820.612882 249.608205
1845.652307 284.289732
1757.839767 289.921578
235.537544 691.726829
305.013015 771.946290
1812.631934 331.280408
1586.942602 7.997479
1690.159031 1958.143758
339.138678 806.140044
149.120019 579.789935
1767.881609 1968.015543
43.315298 791.276488
1533.682426 104.797101
1536.773809 1945.920161
285.865332 794.218658
286.495081 637.930126
271.545017 891.298407
1890.908749 424.625818
1837.196961 331.608947
1623.909984 1926.515095
1470.539985 40.040807
272.676620 593.429575
1537.686059 1969.011697
294.125300 859.856658
1969.553159 350.270935
400.046769 947.699688
280.001465 937.870262
552.135282 259.415639
1498.538186 66.321012
246.666008 752.968744
183.060266 732.950536
1766.604653 327.659921
1695.551105 90.031883
1525.295924 94.940321
1566.071899 1932.381826
1905.676434 376.017891
1607.206199 1973.243782
350.774066 854.327980
1441.196380 13.258405
1461.268420 148.869146
297.340038 869.367682
1945.089487 381.013873
1892.737129 391.620261
1983.654815 355.562165
370.512126 961.617906
1516.885823 1991.728002
1993.193003 331.463162
213.059408 683.779921
1595.177539 1961.695038
13.660477 531.594076
51.383422 571.273089
515.778425 256.003592
1773.038634 358.998970
1811.703983 425.812152
107.514394 639.278956
196.993324 672.897021
1029.616265 142.063425
227.664169 727.155386
314.040252 948.778844
1787.451732 353.877991
1921.384647 217.388107
1649.118475 1936.475254
1701.219909 55.476548
1876.376289 277.287112
1738.472296 112.732288
1650.792579 40.175806
1493.206620 145.073656
1732.996811 147.992359
1328.991364 361.049587
1273.701748 325.430254
216.884447 1709.684624
1375.909653 371.369979
1155.843138 376.694133
1301.844089 396.550395
1055.772555 1992.331057
1404.125189 153.813978
1497.470909 165.610533
1057.899907 376.405453
1055.734345 25.839417
1326.339320 206.043885
1530.715949 226.939805
1125.716894 369.189672
1006.361194 1987.797303
1361.340082 465.085920
1258.670712 453.009474
1337.028595 297.251148
1164.804663 346.754760
394.051745 182.267476
1427.006590 309.047492
1154.152060 290.785229
1033.185186 1926.086634
1203.860003 257.003384
1418.798339 250.215856
1429.290143 299.064466
1546.106974 344.171946
230.411665 1598.559184
1433.849492 478.628978
1284.803580 119.521304
1360.334891 203.334714
1096.950608 313.135679
1368.122557 154.744227
1169.998810 412.991478
1469.468211 371.149708
1334.363699 316.440046
1378.753047 321.889914
1621.078496 1660.757506
1428.885956 369.527865
1143.583949 327.438914
1199.730103 292.121275
1364.608264 215.168572
1309.246077 369.154500
1419.839803 195.447053
1466.495570 243.129078
1297.995566 201.719742
1152.753113 439.384015
1490.006125 269.384155
1273.595957 359.303113
1001.622880 38.410727
1527.584249 185.688773
1559.325556 1654.215026
1253.848469 280.075620
1347.482697 241.176592
1329.089522 190.641053
1215.045779 160.763660
976.574880 1974.048483
1132.499851 408.494463
1466.951175 446.844540
921.102843 43.204528
1355.268628 270.422673
1344.217846 400.283953
1226.132818 238.042990
1324.894237 248.964596
1369.838549 306.236783
1194.864458 270.794501
1308.220392 322.108031
1167.272733 249.669383
1418.815701 123.542691
1505.744292 354.266374
1242.677093 178.022283
1338.364954 170.759623
1028.812890 44.993523
1451.045956 421.080099
1279.036828 273.289700
1440.506093 273.196332
1446.821078 154.096049
994.942080 1938.331931
1250.173767 271.141039
1312.997339 402.502610
234.965441 1659.349147
1046.506771 1962.067777
1243.768609 214.219133
1377.921390 269.114518
1408.301623 295.906719
1335.044689 443.663883
1398.403900 238.212852
1207.965177 403.471067
1284.171790 197.748031
1365.414813 320.699782
1660.368694 1669.398559
1456.580458 366.414706
1265.792847 256.956459
1381.799999 282.632202
1150.499958 313.041641
1126.177688 132.528883
1426.599141 393.158831
1021.874374 11.603080
1100.742869 275.771634
1388.780184 506.938913
1305.353708 168.742142
1460.764089 198.166112
1055.379452 336.119833
1364.906252 126.242277
1271.050673 328.685188
1258.048977 393.382764
1250.340509 298.047149
1310.090004 431.666786
1383.038352 109.739462
973.027884 11.222279
1350.288725 242.794561
1236.789563 427.122266
1480.481243 293.256748
1215.804022 445.657187
1437.280566 229.096601
1388.382795 350.332169
1507.008758 346.743336
1342.495488 355.073345
1490.458354 404.771280
1221.437431 369.507075
1255.314097 167.537820
1518.140173 316.843418
1228.659112 318.107750
1343.770200 274.141305
1627.664338 1702.017059
1323.812108 97.693460
1085.835343 451.681003
1532.696688 374.262292
1391.664077 408.757579
1488.286575 330.495888
1468.416558 183.714438
1201.200101 390.072300
203.509392 1676.132022
1351.581931 352.758001
1582.640223 1622.628201
1158.104790 279.462044
1350.163205 396.138288
212.372333 1568.392487
1198.782775 187.385071
1358.077794 279.483714
1286.268063 416.621168
1394.012191 234.408201
1313.087839 257.748303
1498.759609 205.292257
1186.809409 339.682648
1285.788814 247.927866
1436.893843 389.085953
1289.696315 265.600538
1269.135086 489.983954
1378.954117 168.464548
1530.669577 299.352925
1416.743622 441.982143
1501.601041 430.665684
1330.760975 282.140348
1303.466564 340.905031
1446.617359 328.522507
1442.920530 346.998562
1380.031014 117.765708
1457.058473 310.053588
1233.277773 221.992314
361.919910 157.630351
1088.153848 404.944947
1292.165160 451.905260
1267.479387 141.772746
1255.148844 197.886326
1550.239331 453.373686
1393.899611 182.572445
1221.283835 206.230059
1591.244911 1677.828234
1364.391764 431.316353
1084.294408 352.198252
1448.658147 265.732541
1327.470855 322.895762
1339.050506 215.908112
1383.835861 211.923958
1131.061504 258.010128
1145.682978 225.278600
1119.694340 338.853259
1306.498205 261.914370
1233.137995 277.129714
1174.086441 480.431545
1335.370460 485.568079
1260.598251 239.637685
1210.217212 243.786352
1024.032668 368.118770
1213.567795 365.909530
1163.774804 385.970812
1509.622658 383.788075
1390.451407 265.056221
920.907237 3.924887
1247.708021 348.468551
1182.493287 221.033796
1427.374682 193.746627
941.363523 1986.658281
1190.434462 322.001349
1284.380394 381.234745
1286.061129 302.440521
132.394341 1541.652740
1413.053981 336.331800
1051.455394 287.478223
