1787.347100 1162.857680
1670.538549 1090.069333
1737.381846 1105.808393
1815.898620 1217.426924
55.649744 1134.462393
1873.504053 1085.222529
103.330708 990.227813
191.198221 1144.909150
1821.044299 1157.954301
1684.184530 1166.527451
1569.967841 1188.324877
1597.856996 1149.886860
1657.515985 1155.468047
1551.434857 1228.544459
150.973924 1070.508481
1784.135969 1323.640948
1630.770041 1137.377162
174.116356 1045.006120
1881.623315 1301.196269
1959.091886 1235.065528
1805.192752 1237.710283
68.089584 1124.378924
1733.532044 1177.198103
1862.762778 1046.377577
65.149773 1021.910596
1662.696516 1288.769911
1982.411065 1093.341585
1742.173873 1302.104657
1731.613196 1034.787877
1859.445112 1159.308704
25.398966 1057.060993
38.483188 1000.416669
1993.048553 1153.445827
1621.492476 1215.334869
1738.070999 1216.522871
1640.821194 1165.623694
1737.677174 1346.514197
1938.375658 1121.127598
1830.956041 1176.479619
1979.689101 1182.917311
1837.408905 1180.308367
2.303828 988.798521
1840.826609 1268.384378
1755.715508 1213.154807
1711.271521 1074.494609
1976.391432 1189.659011
1997.426511 1120.213658
60.834526 491.625735
1981.954435 1228.435205
1887.817174 1136.127904
23.248221 1147.796228
141.174313 1018.447185
18.782813 1179.672979
1932.527160 1152.702653
58.463232 1205.253901
37.048709 1101.509882
1689.116532 1207.485942
1987.628150 1089.752699
1657.418735 1191.172178
1940.924269 1183.257812
1871.039250 1274.304863
118.077864 1149.747690
1779.198934 1143.513196
87.262904 594.474953
31.188852 1272.234530
1711.322317 1242.405472
1949.477063 1117.887193
1900.646894 1061.010566
1583.414070 1180.016739
1892.753149 1026.707946
55.361369 1079.987918
81.288378 555.342255
1754.679668 1266.494465
209.207131 1074.142191
78.633112 628.414243
1840.013216 975.491935
1819.513984 1276.475750
99.832092 1139.644562
1995.802162 1037.551831
1692.158467 1273.471054
1993.768340 1175.130012
1755.531779 1077.207055
1538.681094 1285.573338
81.287962 745.844115
1743.592758 1075.044017
1623.508294 1246.220857
1593.107984 1132.868939
1631.408455 1226.299644
165.615038 1206.333152
204.583238 1219.650173
1913.684994 1120.549373
1871.038678 1340.396258
1801.343040 1128.506506
1900.600549 1207.201418
183.202449 1104.986430
1749.089104 1154.565701
26.862330 1142.085723
135.802697 1107.426598
49.668928 1171.947647
84.341269 1208.605702
1714.226005 1180.989961
1569.381159 1148.732210
1763.704580 1199.038702
1849.867543 1137.848506
1569.915838 1106.658959
1868.771527 1196.211523
102.756609 1070.502101
1834.249769 1214.510698
1821.224688 1108.696108
1838.711095 1307.829391
1805.949191 1021.001328
1896.551496 1240.442471
1679.257351 1267.206374
1831.653292 1239.989642
24.172074 1083.850516
1696.251433 1150.950308
1845.857068 1128.558157
1632.724554 1096.988281
61.337932 1003.203500
125.654870 1079.980903
146.143330 1105.601000
1727.671828 1131.446433
1885.503987 1117.333822
1691.925618 1273.390041
71.885896 1047.106027
1610.829952 1077.033927
1730.415697 1218.124167
1917.474536 1198.091012
1628.734665 1213.359114
1613.454487 1191.362147
77.478952 960.384390
1906.292328 1095.762902
1937.600862 1030.205451
159.173780 1138.360281
1605.101808 1251.277775
1970.950669 1147.081320
1554.672788 1253.125657
52.021811 1068.786773
1993.660803 1119.278210
96.635440 1025.710674
156.351909 1169.261666
1647.344247 1188.339287
1855.203025 1165.013129
1712.213471 1230.438839
81.430951 520.123868
1917.680520 1054.181316
1735.511147 1306.581759
1640.823254 1256.670037
1680.468842 1219.953525
1662.768461 1208.356554
48.668574 1035.243807
64.589587 1172.743706
1712.081199 1351.455129
1831.952184 1077.775301
1700.499349 1317.182679
1903.407322 1170.001096
1696.719591 1119.660205
1696.814790 1044.770801
1769.883438 1237.843937
1734.723260 1177.424907
1890.114284 1176.981031
134.567523 1184.220946
1797.034291 1262.876619
1646.107174 1134.055068
1648.667408 1314.067387
1683.130980 1310.353256
1578.284476 1299.967398
1772.260298 1181.508822
1949.146514 1054.820892
1938.730433 1241.801120
1674.902062 1108.435479
1964.624668 1061.451286
1734.496561 1272.137927
31.592484 1068.860189
1758.137709 1144.527758
1691.421507 1235.786393
1655.975261 1111.383097
1705.663652 1145.907737
1772.045076 1046.731475
1782.300953 1220.018413
92.250077 1101.444780
43.851323 1111.045703
1959.129783 1228.248961
32.159809 1037.700273
1781.695854 1103.481350
1692.570243 1225.253853
88.717502 470.048274
80.878795 1174.093727
1952.409359 1176.253061
1589.539199 1217.884284
8.147529 1229.678744
79.577169 670.138544
1777.899144 1293.058745
1620.742330 1285.837874
127.419169 1212.911548
1684.789015 1087.075970
1729.064961 1118.191737
1763.122673 1368.725906
1973.399238 1123.586786
1792.630612 1092.400549
1560.493360 1334.785435
1288.415603 1536.847526
1610.465467 1447.032327
1045.552164 1925.268724
1791.045263 95.498388
860.805924 1122.199557
248.272546 68.028875
1310.680609 1396.748978
320.141481 101.354596
1448.224503 1261.069044
1482.105258 1408.930100
1563.782258 1183.074125
1513.031005 1533.457097
1657.040006 1215.625077
1478.328533 1388.429401
646.845653 353.869728
1529.985401 1418.837732
1726.556277 89.965851
175.582707 29.875916
1598.828309 1204.931844
1668.325673 78.194248
365.228217 75.446109
1443.605229 1288.200037
1971.192446 177.428684
1389.509001 1453.929010
1637.843655 1280.121467
1444.319945 1549.793695
1504.047561 1371.177208
1414.910638 1097.720339
1049.198795 1855.977613
1387.844567 1509.189241
1506.145197 1475.138335
1596.642682 1329.924319
1552.680870 1253.355992
1562.020364 1414.798278
326.046840 67.162733
1487.631997 1443.229409
1300.217066 1561.329737
1421.071907 1621.868786
1083.837761 1794.582547
1329.292682 1505.925380
1390.453142 1460.860143
1529.302150 1500.049254
1474.052214 1275.190180
1889.740797 104.224311
1010.029731 1930.196483
1564.754777 1234.980011
1487.072096 1439.720203
1683.109056 1241.329313
1077.934305 1683.318582
1531.126026 1457.459646
1301.336034 1643.296038
1206.226895 1665.465304
1458.360123 1537.695746
1372.163822 1593.132063
1434.266468 1488.387790
1583.867923 1379.547271
1479.763346 1348.331522
1630.134453 1306.542798
1436.807953 1410.287346
1507.982351 1369.787427
1032.776831 1888.133531
1563.510936 1412.749306
1098.972240 1874.228696
1456.161032 1604.671865
1858.396211 108.574161
1626.240586 1243.335577
1495.356512 1581.479325
1529.355279 1537.027377
1401.609433 1405.918172
1605.765367 1268.741539
432.964859 70.698923
359.587336 110.119526
1403.588074 1572.864040
658.897864 447.058628
1111.471015 1821.142630
1475.432434 1234.481085
1470.148309 1198.713850
1465.311774 1322.642920
1414.981453 1365.906279
1331.209284 1489.880093
1024.577700 1792.592217
1457.029344 1389.179943
1339.467978 1465.624765
824.305149 1088.959277
1453.831985 1433.931296
1549.165004 1377.645199
1484.209062 1584.088468
1348.285817 1615.931812
1486.714086 1560.930039
803.279835 1055.327949
1422.814586 1444.352445
1541.831135 1301.871748
1400.660549 1130.150158
1655.707324 1183.571381
1415.605138 1582.696853
1429.640685 1471.720065
1048.120394 1734.949056
1270.636500 1577.442051
1043.960269 1923.500114
636.176191 388.387570
1754.962078 79.351020
699.073872 547.227675
1401.352662 1277.912361
1566.357641 1275.220513
1555.727238 1368.098515
1794.101039 123.574974
1345.163846 1566.842755
1577.465116 1216.307467
1510.682578 1314.345814
1366.191131 1429.482160
1353.378744 1537.402429
1344.448027 1438.431173
1083.276375 1846.232419
1291.972300 1512.079612
1564.257010 1407.272853
1285.578737 1469.683109
1507.422981 1224.452020
1406.177139 1481.190881
1421.380665 1528.135361
1067.990363 1887.333892
1412.439245 1245.569528
1513.844692 1378.410836
1550.691874 1330.918728
1621.296632 1383.334068
680.944480 419.830552
1564.797702 1297.939452
1087.225890 1757.665563
1473.085739 1525.262294
1479.785205 1306.526895
1659.175006 1146.967341
1345.445240 1384.425058
1402.526982 1504.112890
1099.368781 1719.758133
260.330567 35.432211
1820.610871 99.103372
1381.786423 1557.127253
1367.929064 1476.375258
1330.889424 1569.499031
671.576783 385.563898
1526.079419 1400.185433
1471.781763 1475.536590
1429.550582 1314.989027
1344.777697 1530.737855
832.317289 1016.844476
1936.162346 188.105265
1560.420914 1525.795393
1517.550733 1427.951294
1482.797429 1525.221648
1436.085715 1189.922013
1231.545861 1588.565314
711.159909 587.787973
1470.079294 1463.729870
1827.789877 138.002120
861.044392 1081.695328
1178.319372 1605.644156
1081.006866 1930.759659
1015.203130 1753.973720
1435.773945 1134.627955
1512.648327 1336.713692
1596.504344 1157.048659
665.051305 485.072960
1385.314154 1382.345014
428.850086 132.027284
837.771842 1052.482654
1308.106397 1596.484436
1508.385445 1420.185808
1596.900918 1293.533139
890.441906 1094.968054
1401.126482 1545.959382
1891.315774 174.243393
1052.340518 1769.473045
1866.678308 157.877744
1604.220776 1410.807885
1507.478590 1502.230262
434.011005 102.028640
1449.808375 1357.780176
1419.237292 1418.783666
1468.514487 1492.008763
1371.237927 1395.777183
1627.708553 1344.880732
1542.841248 1462.342793
1460.464288 1344.650257
1479.933653 1276.698673
1433.849923 1530.519494
1381.833454 1494.021738
1062.536815 1818.420629
1584.034509 1302.880391
283.813859 69.959767
695.998189 468.529113
1661.787959 1265.144165
1522.922091 1298.814769
1376.757520 1512.643466
1387.849931 1312.832628
1570.950939 1448.678846
1455.047873 1464.143622
1461.061701 1508.771573
1268.185038 1516.638665
1029.210696 1828.443313
1420.771350 1398.024416
1053.916111 985.593131
1055.383550 1085.261073
1421.345670 255.563405
2.920813 928.494953
1991.808378 631.841651
1987.856663 853.939777
1412.370084 340.150959
14.345415 859.874122
7.611668 833.692221
1617.602080 1663.951487
1587.890703 1691.313393
998.118995 1049.538910
1512.278640 340.612366
1527.968472 362.980231
998.396205 1020.400679
80.220133 717.815876
1386.903347 137.053273
1488.987631 1695.383033
27.479484 801.985523
28.872982 903.166414
1551.657921 211.889195
1591.887453 143.135258
947.133768 1048.216525
88.493425 763.058176
1074.657432 911.824202
1599.736346 306.083959
1.584184 884.668327
1631.818160 251.182332
1451.389614 174.873150
1982.166857 809.557742
1617.468543 216.652288
1120.184881 971.562368
1417.566735 307.089007
98.415417 613.103839
1353.782044 217.289480
1492.729257 259.277093
1514.612278 164.720200
993.621592 1068.212183
1041.589950 1014.785310
1094.244929 1018.510905
1483.736028 156.890288
1998.328810 677.297568
1437.790695 233.864589
1531.046378 258.047195
1488.707180 234.263209
1984.075951 775.563506
22.517616 670.612116
55.069863 746.131689
228.443662 890.012348
1617.139027 1708.927434
1044.740900 1009.002762
293.311907 925.458218
1999.978326 812.325844
1492.501140 342.681009
1914.476198 737.492988
1441.935045 236.195481
1560.974944 246.408742
1491.465168 321.792475
1520.910250 241.610001
1031.619355 1098.269310
1968.119554 774.815743
137.282720 814.052956
1568.173992 1839.512303
1568.364467 1687.128596
58.643430 857.095636
917.958730 1088.241792
944.468196 1000.736300
1944.020728 743.602052
1463.562552 229.025250
1350.768714 256.910299
1027.361825 1067.357724
93.146581 804.293778
1499.328092 195.379720
1631.389197 175.275939
137.762055 727.494127
963.838726 995.022050
1955.026751 802.203627
33.189022 718.007456
1917.247476 799.653620
1353.888637 293.690476
79.306978 648.666464
1562.180263 208.169908
1582.326257 1713.413195
903.347268 988.276396
1057.580729 959.974029
63.244806 747.901624
1340.258310 241.956753
1147.196329 1008.910178
1571.001308 279.479139
1492.074362 272.366271
59.315286 680.310973
262.915607 908.117987
1469.123931 322.915094
935.339550 967.492766
1001.406456 992.125847
999.346433 930.589320
1676.345412 232.639183
973.373544 1114.112856
148.087110 680.134252
1939.972095 728.749665
1095.899574 1071.360275
1588.857912 1752.715371
1490.448182 108.369137
1611.595198 274.039690
1456.583087 133.041012
1646.093152 219.322166
1087.453499 1102.892094
1520.628208 297.765072
1534.365643 1615.289864
881.948689 1023.013641
1502.771827 207.946612
1439.291487 190.303682
1967.063432 717.931337
1649.768275 1669.999641
1490.956399 1732.047113
938.621797 935.403387
1450.794262 271.290648
1123.001555 1052.977520
1398.391005 179.661772
9.422745 762.755085
909.597934 1032.672526
1362.124201 180.472807
1103.730612 959.879308
1562.536813 311.952302
1024.265554 964.018051
95.324293 893.574545
1385.121976 265.923407
1435.861131 294.461050
1118.768845 1004.754866
47.132055 647.277375
1057.726427 1048.543054
1524.340728 238.084334
1502.732018 266.857756
1528.387891 186.582550
1458.094171 356.818936
938.637116 1071.753022
1504.890203 1639.932467
1442.919789 331.218443
50.537383 795.031327
107.355354 657.560176
1591.440975 1637.027105
996.932081 1029.781504
114.179257 776.017355
1045.196186 1053.028016
80.079255 780.572765
1.876378 641.386891
1468.012477 177.586984
1072.442125 1017.828065
1422.293633 260.562711
1595.926424 243.975505
1523.598438 308.803761
62.191577 617.077535
1942.961477 839.577081
1045.139307 933.837419
28.105966 630.738677
1512.849953 1671.383964
1770.362025 183.192643
1652.258225 1633.392441
1516.867572 1704.348532
70.064384 812.255476
22.282258 725.931493
1424.299362 158.575269
1029.285548 1126.589989
1384.588331 303.257292
56.584217 787.461268
7.776612 754.789575
1945.169459 677.197971
1547.915962 164.047588
34.379691 704.237010
1549.301169 1686.239581
1886.406840 750.918904
12.468291 775.927150
1547.951612 1649.253730
1563.215774 400.399010
1588.614510 212.210879
1766.907088 218.277137
1668.341250 1697.624188
1928.194903 775.493658
1551.699839 1739.625480
973.578877 1050.615067
1983.405333 735.582215
152.625818 778.779617
67.975319 735.087121
1952.181080 872.048252
1464.212382 304.742873
1449.528050 198.644724
109.413444 835.052249
1164.384877 1040.015134
669.770773 775.175498
1126.720390 1102.158022
1427.855994 206.128900
1387.032359 236.960509
1581.449118 175.540457
63.904408 681.429044
126.873455 764.087368
1560.420311 277.556226
966.730635 950.740457
30.014573 868.989523
31.054568 826.395179
1063.565285 1139.514085
1269.524565 1958.354287
1343.639599 1876.914412
55.155944 1073.426081
1731.758464 1914.592753
1592.689273 1951.439519
1513.407707 15.328731
156.218492 1194.866180
1332.742716 1755.769140
1540.599169 1725.396626
1200.808999 19.926738
193.457443 1257.180031
1162.890481 1782.270354
1536.470157 1792.077412
1406.977322 6.949423
135.228989 1226.452530
1613.679620 12.422357
1551.544880 13.031985
1364.403292 1853.011679
1477.124553 1938.390329
1163.518332 1554.891231
1483.990857 1777.480906
1544.124020 1884.296278
122.736112 1067.266485
1393.201363 1881.114293
1495.682577 1814.477171
1061.820305 1517.151193
1144.492193 1523.008748
53.860169 958.760601
1583.310719 1995.521285
1268.476689 1759.883805
1546.897639 1754.719426
1420.965051 1955.049186
1339.157500 1745.089864
1408.502992 1924.119196
1111.416461 1521.897353
1691.798436 1898.018062
1521.864674 1958.821066
189.060255 1201.059260
1582.421382 1975.944603
1231.671785 1941.284425
1541.208299 1841.447659
1466.388697 1758.289658
1361.747839 1950.844931
1511.561142 1761.493535
1047.161403 1447.090816
1351.470308 1794.630063
1492.116060 1964.578317
1638.534183 1844.053279
1548.608006 1983.221662
103.419131 1251.419478
997.337243 1351.816851
104.323932 1150.513985
1414.059373 1880.233759
1256.706165 1857.113290
1320.267898 1800.927423
1462.858284 1713.081234
60.756784 1101.598673
1374.792017 16.038618
1122.394340 1569.388653
172.159318 1162.992546
1418.401984 1856.262751
1498.551782 1944.970097
1291.961674 1899.649638
1433.409360 1889.806008
1040.286951 1539.907034
1433.826798 1749.845058
1384.416227 1898.290577
1400.645947 1892.105929
1509.600790 1704.753890
1418.910804 1783.234832
1288.751064 1863.493157
1631.838588 1761.842753
116.702303 1282.837781
1089.575027 1577.196036
1267.463947 1885.344196
1665.372824 1854.044873
1300.033747 1724.193049
138.342480 1145.566405
1322.645761 1906.124538
1107.670364 1490.788002
1862.212134 1130.678707
132.447497 1178.358934
1457.924455 1796.452392
1387.848126 1806.997932
1541.831751 1787.719008
1515.822859 54.106134
1368.397791 1823.794390
1509.267368 1992.648768
1403.593110 1767.811114
1592.721226 1863.249620
223.433098 1241.230665
1109.379110 1547.452518
1473.106065 1850.546923
1095.595071 1456.686821
1639.806532 1878.611928
1210.963173 1746.089883
1601.359400 1917.191100
170.288052 1224.101253
1218.516086 1870.686471
1463.721599 41.235354
1387.881023 1713.095223
1481.430574 1746.161283
1209.283081 1909.817055
1263.279857 1741.689711
1512.315063 1904.570338
1601.635589 1981.087557
1541.082706 1913.450348
1548.255805 39.988229
1387.109825 1732.271128
99.747447 1216.295621
1254.924945 1788.946693
1411.953378 43.130754
1065.530017 1478.385113
1485.213269 19.771147
1446.929860 1743.823531
1629.303411 1951.414752
1473.481808 1880.791249
1336.625943 1896.158880
1082.135745 1515.931197
1530.078683 1953.242349
1275.352212 1832.600083
1520.793409 1843.240168
1503.625740 1909.337183
1572.654429 1773.539245
161.317319 1285.032908
1418.966257 1709.674793
1289.814926 1969.319520
1163.988316 1590.276802
1470.426588 1998.068158
1038.683412 1489.558794
1240.140620 1751.450255
1358.086224 1978.280435
1829.372897 1145.049870
1619.985901 1915.596008
109.630056 1109.127149
1571.294907 1869.048814
1458.743663 45.806010
20.000905 963.442774
1290.041438 1788.146089
1410.276016 1845.958841
1454.371897 1980.072232
1369.401890 1764.188780
1299.992186 1758.636237
1331.231984 1785.729141
1700.324793 1916.721775
1559.796202 1825.216899
1440.058195 1922.812995
1346.182418 1721.210635
1517.291997 1952.921957
1249.606121 1826.494154
1172.368960 1506.939154
1689.930644 1957.368445
1770.807205 1925.391151
1457.870209 1909.321461
1410.126332 1918.128936
1316.791005 1865.819467
1660.441801 1877.124887
1259.653843 1707.632065
1626.639204 1911.289676
1228.293576 1818.805376
1205.989688 1510.685251
1482.756791 1937.900876
1342.354378 1976.524294
1171.375617 1755.284567
1331.156490 1818.427069
1438.120522 3.284895
1289.453366 1788.360767
1301.984324 1839.178283
146.132388 1256.770059
1642.757495 1997.914736
1272.378589 1926.409400
1466.328845 1810.216655
1602.320769 1892.403328
1502.353234 1745.709416
1452.055274 1831.234756
1401.239073 1812.971654
1399.064881 1849.135316
1319.230318 1922.421042
1503.880840 1865.695039
1608.124310 1824.477863
1179.805864 45.075982
1341.877975 96.129144
1345.111347 1839.595912
1409.044336 1813.169166
1561.371305 1968.221159
1457.167881 1949.345438
1399.183783 1965.776363
1700.997688 1890.690510
1582.844022 1798.640980
99.052922 1110.533430
1570.569802 1926.253708
1497.425420 1830.604084
1429.112374 1820.649144
88.598485 1066.228836
1416.073410 1955.633385
1509.049038 5.371210
1379.044942 1927.244452
152.167346 1114.462487
1426.628010 1855.309692
1541.187128 1914.221587
