111.127209 409.690524
1960.807159 540.890547
1858.220266 276.133988
131.791099 485.657348
336.239309 433.825433
209.090408 379.658056
407.417476 296.137840
443.229046 275.276912
83.026340 348.363633
1888.701653 511.747299
1696.160230 342.076062
1845.048928 306.890583
1728.227601 380.455460
1751.928124 282.188855
451.244347 361.867786
1822.912299 373.024769
1823.840858 335.736374
370.115539 271.160529
158.063380 433.528375
172.958304 373.953910
1846.598707 336.982379
397.430749 481.407478
1753.161318 438.942342
133.768318 430.894463
308.186896 415.817077
1672.725457 329.654216
288.685430 411.248524
1791.840886 301.965695
1992.093403 383.986657
139.734011 399.366947
391.702242 425.190058
309.836686 374.112848
208.276926 393.521053
1863.031915 230.093506
22.716717 421.902308
1927.882647 452.286048
1794.275699 455.268446
244.342337 305.199537
181.506465 347.317019
263.220701 374.431344
135.937973 320.065701
354.675373 341.224855
1935.971868 413.454093
1972.364172 439.699218
1733.263631 236.607026
262.199989 336.555725
250.041728 341.258437
395.593493 387.453276
242.842640 261.647836
194.706800 280.899076
263.140134 392.983968
375.322695 256.359618
288.892126 273.980840
242.984738 416.911872
245.539799 508.766423
332.438487 282.181045
1841.122855 300.730212
271.075201 408.995534
1797.045322 403.362666
194.835206 435.879271
109.023098 454.257333
267.272195 431.978685
1865.861300 474.700700
514.758815 395.405335
221.189557 349.721640
1768.419957 313.861552
243.150069 344.541789
225.607817 299.839383
1708.408754 342.960832
211.327635 250.089957
338.304663 368.150514
449.459307 442.506913
1883.020265 338.132459
467.365204 473.525620
512.538949 509.754220
218.283567 442.160245
1980.804129 343.025184
338.664195 240.782092
256.667427 436.598386
1929.126958 364.025692
281.551989 307.209149
1743.995307 246.464479
1723.556772 296.284710
332.602918 516.917232
1896.784950 219.556096
1847.691475 455.588901
1824.805957 382.621538
1775.140464 486.680783
288.545917 462.740918
373.236861 237.519440
244.645551 474.953542
1948.074081 352.771221
1859.935332 404.440422
212.623757 430.774061
417.904016 461.425363
1935.922614 288.273876
282.611991 367.693112
415.422683 425.139653
272.015791 245.171704
304.957581 222.665313
1770.993120 417.008248
1629.447477 371.104249
1943.355804 327.367389
185.742575 423.261972
1724.026548 503.497657
153.267676 513.191409
361.122090 312.121871
1919.673493 331.568067
31.442461 349.280424
152.527626 291.937320
54.695979 366.577705
1901.930272 262.487774
1792.335367 409.568208
80.179944 387.430396
363.247097 443.615922
1836.569252 239.224836
108.478937 325.164056
1650.674219 287.832295
366.486457 344.188558
424.402322 339.086385
369.845701 300.378026
1972.507021 464.003669
188.034229 312.262143
1961.287369 411.526698
367.585216 476.294685
1753.958908 415.640304
1997.816329 418.409025
182.013235 461.489728
1778.974824 236.534106
1799.860243 355.837791
357.455117 212.865470
257.545017 306.368119
120.736167 375.875109
338.347558 244.052393
1731.434643 323.971467
216.518422 392.404540
1697.770873 490.396724
319.756056 295.913746
287.883460 309.347107
354.899718 397.952206
434.838094 492.174609
1903.310185 385.774899
191.214753 498.601202
1698.563930 260.922264
408.912755 333.457071
135.783875 354.198414
1881.324279 440.835845
1793.736200 364.922727
1798.308001 264.592693
1813.685379 435.074594
334.979741 306.110135
340.480605 393.344114
1746.537359 322.338543
153.343204 431.468361
1924.947059 490.239183
234.347652 382.908060
1828.167771 226.645391
1910.894021 410.469653
1904.195683 374.989310
52.645590 449.313298
176.171114 459.357917
378.730723 393.161217
10.504363 373.171544
1830.998257 419.783783
1707.596081 436.826386
1768.863562 381.797589
1682.866985 363.013555
1996.262502 455.543704
215.992582 309.291982
269.412173 337.457480
1952.799439 498.197557
319.714918 293.187072
1889.371246 390.668917
304.595281 259.822835
85.773118 425.191018
1840.424759 492.547369
1938.423152 423.690486
1750.791265 353.547490
52.512335 410.448295
1805.500519 300.934179
314.193973 497.064177
288.714549 506.195566
218.379478 480.871716
301.238639 431.612007
49.877736 387.902145
1881.137990 346.536451
465.586487 305.925993
281.689475 364.058769
250.037675 472.053606
1691.191930 389.039877
296.259436 461.251159
300.474495 321.616439
1882.191208 304.251035
1801.492015 475.077720
410.177350 208.271698
1944.398846 456.360157
1933.891657 517.695564
2.767472 415.563967
302.490901 341.355892
96.435795 379.149243
1669.348914 1583.873294
319.282098 327.731339
1859.415713 1800.487525
320.498796 284.548059
162.870287 332.669621
1845.827342 1694.071548
374.076567 337.421601
1799.712524 1532.268302
1688.241832 1537.228222
531.346362 73.423378
350.356781 313.728359
1707.562129 1566.714155
455.510636 273.858723
1718.218038 1599.746687
1657.839246 1529.890521
198.364140 1919.943636
407.177433 330.897433
268.780693 1985.765104
456.974923 147.252878
347.064478 253.058987
1830.843596 1519.635059
379.647815 367.695141
1867.439684 1607.693039
385.162996 338.850313
366.134093 243.453237
1779.493915 1658.641210
105.656587 1936.291547
420.661810 258.259126
382.142195 77.952325
1778.260966 1480.326849
353.223991 365.604777
468.844196 345.263616
529.991206 150.819695
619.754204 151.445522
554.060429 170.213508
1934.713426 1781.607046
345.061933 351.072523
402.291762 247.046820
45.376821 76.091789
1751.991220 1505.243431
579.341538 193.579263
397.096757 288.832235
1905.284352 1802.868076
1605.262406 1508.209348
292.674095 297.032669
1920.409013 1500.659406
443.165804 304.744080
462.664218 278.491294
1699.851761 1660.865162
1733.910892 1480.426220
1920.834656 1740.704450
60.472399 1955.772996
208.502147 1990.629021
15.713701 1846.576284
474.163552 254.350255
450.070864 304.444388
1809.164304 1683.441004
498.070195 48.775637
1774.432547 1682.741295
533.909900 242.644707
404.264614 432.110931
158.965687 1944.132679
478.511664 220.752652
1920.725404 1770.514398
27.314617 44.146917
492.416474 114.206752
1675.169410 1684.216026
1984.071895 0.777106
449.547676 383.237487
1623.316971 1595.580432
1880.488701 1844.299626
1719.869171 1614.434522
1791.537757 1728.011841
1972.651830 1968.491494
213.138853 1956.275857
1849.817330 1695.154597
1915.239825 1637.199769
334.346926 192.847417
475.655727 178.687751
180.112698 377.696534
367.816526 294.638233
1785.196460 1515.041158
268.645219 382.607210
1796.852195 1643.246598
1776.048862 1620.087859
398.202801 279.559276
424.631766 291.017242
42.925088 1985.290487
142.377129 1912.338122
1966.074156 1912.370963
1737.232244 1653.673484
295.575795 402.438318
361.474568 301.543657
374.390714 165.214322
1770.572413 1550.047155
11.041760 1945.154312
1972.849349 1713.193495
1773.062848 1440.714466
1968.701747 1844.589624
1756.945740 1640.512180
178.977923 1966.175833
251.883491 253.251811
1940.608796 1957.188908
1913.933222 1555.572926
394.961509 307.808303
1686.021675 1620.403956
307.068960 1997.324798
1965.914579 1814.342865
1752.627522 1733.385588
422.747052 138.719416
356.557575 279.828342
1906.863550 1624.517503
558.909792 15.551089
1901.211574 1593.938292
283.229760 336.714904
1866.021911 1710.501486
182.756177 294.201929
597.536653 49.896171
1950.256141 1727.753419
423.754783 370.316965
1877.313571 1658.564564
377.150805 200.807442
1936.410995 1822.177148
528.798196 159.818284
1798.039448 1830.303596
1856.311058 1872.811112
410.412045 188.061265
1854.403094 1638.113148
1919.638354 1865.976729
423.978918 230.293525
569.232677 78.340677
1847.069905 1549.269171
1935.996406 1692.402832
1777.655347 1580.002294
1629.560813 1550.400225
342.342327 72.975716
1830.586182 1803.024485
443.719125 179.134779
329.960892 409.520319
1822.773046 1871.346151
443.291950 308.602028
439.784314 413.146039
480.792925 201.107994
502.532033 284.784732
1839.905079 1583.192687
598.662325 35.097755
1877.111585 1810.227802
1820.606664 1755.453087
1747.662984 1699.744149
297.435147 267.762937
1853.684360 1742.780660
1947.472134 1994.829427
506.101928 242.666522
300.828595 203.041229
1815.190889 1643.098392
1885.348496 1772.767674
1869.194890 1576.728018
1733.587320 1537.024148
398.813706 113.411836
553.836385 147.669531
1709.646719 1514.495665
1899.445153 1928.212352
1896.188241 1557.587850
1730.917871 1668.159304
1825.675418 1719.986914
1933.015782 1596.315210
374.469515 417.751678
362.662856 410.154787
1873.900387 1673.684132
1945.313008 1883.078642
489.346006 1997.794246
1743.200179 1538.485407
448.107026 76.398291
1849.056543 1771.792597
1984.670732 1886.453268
399.527078 401.333092
1674.749230 1543.142811
1808.788303 1613.190376
1893.030857 1691.361385
528.945905 120.052212
1834.956510 1661.159332
1925.949886 1872.021489
520.513692 177.973869
452.612682 332.798194
1922.845484 1830.805393
497.760548 300.364915
1806.014295 1564.284452
370.752228 346.094603
1691.380586 1483.698592
1930.093648 1914.295784
1831.494057 1617.775682
1742.609927 1571.586220
1714.884776 1704.154160
498.952436 103.452279
1900.876777 1734.439360
309.583359 378.483336
584.636782 150.625382
489.988615 158.941379
1744.092615 1616.986945
1999.749479 1914.548773
1444.627609 218.406221
1476.740144 183.749196
1518.550305 1327.937890
1710.145058 1383.813602
1726.162464 454.126464
1772.900493 383.478590
1561.650268 1590.320191
1626.478071 1375.308041
1862.485057 299.756625
1745.418821 377.498474
1530.988498 1533.256920
1270.745146 225.758444
1810.048949 456.756529
1830.398077 425.787829
1394.416562 159.123244
1725.117093 1320.023784
1533.963098 1452.799763
1544.227685 1278.868379
1870.005852 336.677023
1589.842723 1411.466836
1830.770189 1345.484356
1761.319796 1445.874482
1251.626921 199.578905
1764.638231 455.631899
1459.965941 153.067477
1903.647992 1320.820004
1537.279210 1501.792993
1962.149353 414.895792
1476.755353 1423.591837
1788.719554 319.502333
1860.840436 432.046462
1468.400233 74.235952
1519.497825 1307.334028
1871.575748 296.134167
1454.504518 1484.671411
1738.020999 490.544990
1563.724040 1482.560823
1285.701669 133.461080
1422.719854 141.153579
1559.465942 137.297381
1561.505692 1468.182822
1834.150290 314.417435
1634.645941 1461.399093
1883.246384 411.135753
1624.335401 1293.509208
1760.977153 306.273672
1507.169344 1367.672856
1519.881097 1444.015753
1960.412597 452.997767
1762.945265 420.310955
1319.613527 85.130408
1933.332762 493.670952
1573.865165 1441.592225
1639.534674 1425.771819
1443.011726 1384.418280
1614.453558 1335.939564
1925.105662 451.969354
1769.177685 1254.644103
1811.920667 494.258324
1363.929671 238.097711
1719.691012 419.569287
1887.731862 422.251750
1497.455199 1540.962822
1516.986890 1430.518220
1729.608851 1353.401240
1192.388817 144.617638
1187.335834 183.337685
1394.863533 1349.756027
1793.954586 1329.691689
1364.051963 1420.169048
1408.532414 185.879274
1899.846670 352.907323
1874.926209 377.311585
1910.745747 1252.531993
1583.571052 1353.677784
1319.719388 209.303259
1453.795087 1350.189052
1469.492305 1412.203448
1505.698163 1395.833217
1373.272848 1464.491750
1563.052741 1313.466806
1832.215668 1235.915708
1679.398903 1378.470391
1258.860664 165.622516
1397.560135 105.490232
1577.159392 1344.087553
1486.843324 1343.302247
1529.005383 111.315606
1795.815998 424.316257
1754.332018 410.972054
1479.952566 1312.898316
1982.901560 1190.700155
1515.720553 1585.446093
1345.355104 219.050220
1381.770840 207.496778
1353.054889 141.596926
1950.540384 417.604602
1323.910167 232.139747
1832.948971 475.458597
1447.435549 1314.274815
1502.467852 156.656162
1813.664473 345.169792
1600.217909 1476.706826
1869.659417 466.383668
1472.500306 1396.954313
1930.402866 420.275777
1447.287775 112.486009
1586.041068 1442.448389
1783.707856 486.494763
1222.246021 171.004543
1815.052442 394.329157
1657.459627 1406.140277
1505.356808 1333.983802
1917.861789 397.214736
1520.141806 1365.877612
1312.915039 174.356514
1587.702113 1525.125380
1593.841647 152.496769
1434.929571 1478.588707
1744.588808 442.352231
1214.553569 127.080754
1385.647589 1380.465156
1494.512481 90.628226
1763.289658 518.466810
1436.362864 182.601963
1647.984270 1306.240279
1426.566613 1511.491864
1538.136010 1463.665726
1477.375571 127.430014
1706.758063 376.594874
1435.216255 244.495626
1797.905446 1399.033752
1613.133588 1449.547125
1835.127908 507.621204
1473.681489 1377.160154
1292.045811 219.170831
1542.575011 1404.096520
1553.630304 1328.031328
1681.356217 1294.550083
1788.342298 389.269673
1520.119808 1370.474098
1367.992622 294.268478
1885.349840 328.141657
1391.152122 267.104050
1790.655596 380.887292
1738.263762 341.126846
1493.555348 1470.298659
1523.616779 145.036106
1489.511604 1500.674716
1860.029028 403.842447
1862.193876 532.560078
1633.669053 1342.242628
1703.021767 412.994498
1331.868375 101.791931
1519.068843 1288.957144
1454.813423 1445.364242
1934.625727 1181.166989
1872.578256 453.667392
1555.779994 1369.110502
1588.915407 1312.297003
1589.370354 1261.587460
1428.383598 1455.762007
1369.434437 171.963902
1574.109702 1391.773603
1786.485294 1288.906224
1559.833042 1379.574511
1718.467708 301.082496
1828.581876 1284.234580
1552.862921 1428.444145
1766.157878 352.225585
1422.102866 1337.809249
1568.969229 1283.873701
1498.905504 1461.277720
1616.438287 1617.598585
1894.902885 477.807205
1986.043656 1234.439960
1888.743441 373.081958
1842.888700 262.590334
1613.387318 1498.107684
1284.235966 258.070444
1831.160081 352.261185
1855.144498 357.916714
1663.788590 1328.109802
1739.729856 485.909596
1629.058832 1425.834198
1591.632664 1409.522601
1909.099176 315.685362
1504.771213 59.303188
1936.853617 332.357893
1469.983088 235.981468
1430.199397 1418.271029
1511.489669 1417.943213
1669.179233 1332.279869
1794.762863 286.815687
1902.364259 249.675924
1854.450850 499.284405
1407.638885 235.494490
1635.550513 1370.241699
1833.316701 383.723243
1290.702318 204.801775
1459.442429 1453.522005
1472.076798 1427.541087
279.051021 1657.050025
1927.573599 809.767471
727.648384 264.748545
1355.022594 1363.622685
412.754285 1613.222526
930.469424 147.093616
1093.200534 1491.084570
484.270273 277.676627
361.217292 1680.592311
381.547410 1643.314881
614.082580 276.392360
698.512357 212.164466
469.472470 1547.355563
1608.526924 1471.627221
609.291590 243.268611
726.087123 167.571876
1403.904604 1432.091792
355.636071 1646.528035
955.942442 1420.813000
1890.581825 844.189644
193.825854 1621.764643
999.805756 1487.770349
814.149049 154.385087
281.971612 1556.622300
400.653166 1677.931004
271.872694 1689.660964
296.921082 438.840508
1478.734479 1393.255210
841.377678 1458.873564
1293.090713 1376.956042
931.358832 1477.825639
844.528437 1413.675506
375.328542 1612.360279
1511.475285 1380.822205
872.461275 1594.586517
462.911086 1589.176624
1370.326706 1454.540027
966.609886 1614.463893
901.511023 1494.668803
945.612625 1445.247784
942.904055 1555.655682
853.526624 1511.656806
201.282749 1569.527122
1306.320961 1356.189450
1421.916049 1495.796727
867.357035 1646.390732
1023.682264 1634.298477
262.097083 1652.400905
169.152734 1602.488992
320.052557 1663.768036
1618.412503 1437.278941
1392.712681 1395.944896
964.473081 1492.848102
305.238840 471.308186
248.901176 1644.699077
1997.006882 827.393275
306.313938 1683.451537
431.389237 1575.634521
1003.500319 1598.859716
240.672484 509.438106
829.505276 1550.069384
795.381064 216.300761
260.832829 1690.433881
962.049402 1575.154498
411.899540 345.629336
1322.972320 1441.090679
1072.228873 1451.249360
867.607327 1482.944045
1016.733085 1399.979444
899.602632 130.239366
219.089413 1699.177067
164.014541 1634.354726
968.238387 1528.117569
900.996835 1644.195961
847.162697 1443.175891
327.973507 1641.266013
899.782833 165.283869
228.399514 1604.056114
164.363580 1673.804206
442.826226 1475.774363
268.140099 530.691648
527.124443 306.385293
1019.283605 1548.951087
72.083055 1665.463815
1453.619184 1359.582478
698.986476 245.933889
831.756150 115.903579
1380.085736 1399.296317
256.921650 1601.529208
436.114723 1518.583899
897.833497 1436.423698
229.566578 1667.042446
1067.912632 1583.649411
871.591993 1412.909994
775.176724 209.917788
460.448383 1627.013445
1052.829887 1554.255435
376.951713 369.808828
424.766262 1646.064504
272.605786 474.623758
846.506367 1481.040018
656.962933 262.916781
579.649722 245.745448
229.316104 476.612329
1338.026567 1311.671339
341.175682 399.779801
1055.648709 1386.154300
316.367681 1742.107745
878.051447 198.171934
1174.048710 620.507371
141.088758 1625.192861
1384.292476 1485.723978
906.539737 1397.850796
1445.266607 1416.775064
256.005389 442.912888
675.735005 185.813222
340.322056 1712.724065
907.897002 1527.196139
1349.710210 1446.794089
838.297328 1586.927373
396.657116 398.533319
1035.138132 1493.113954
340.776548 1667.615605
813.622486 246.152767
941.022308 1516.575884
203.923147 1655.962804
1963.418636 815.660422
187.940051 1687.033989
987.485837 1439.692673
1428.624512 1335.848468
343.120974 1607.575313
1421.811443 1369.920628
402.436071 1577.293921
1346.961781 1348.076908
1513.619938 1515.257874
244.139250 1732.382968
474.952455 344.010406
910.176977 1575.799366
666.544367 227.002365
740.289034 298.678063
559.784958 274.247773
632.140178 238.483512
1048.705166 1519.182679
1020.233397 1588.745666
781.248521 176.077287
978.165093 1408.543969
1419.603313 1367.385208
740.648632 118.019393
270.007582 1614.479746
1666.652383 1459.333987
336.677599 442.383060
1508.294235 1450.357947
985.664417 1642.555958
1447.868310 1452.001180
302.764543 431.607859
498.957038 1599.670942
1395.555729 1359.779949
632.111207 202.282786
428.357473 1610.883178
1370.591542 1400.599464
1413.227370 1453.924996
928.005589 1376.309657
366.221361 424.026134
835.799564 225.522999
761.888372 237.869908
780.684877 141.060511
280.900444 1721.785475
948.693290 1483.506866
739.708362 203.439016
469.890401 309.522941
846.665623 186.798861
1000.765150 1517.319975
729.299105 226.565182
902.857077 1455.894782
923.884169 1432.237181
934.523188 1509.208892
866.331286 151.312790
1385.404641 1316.863822
1352.875164 1405.748852
1446.706548 1530.865005
1061.785318 1470.884548
1013.326006 1461.200477
430.007655 375.387386
755.818414 181.565604
1995.124432 790.509912
1834.776588 1469.130278
825.042975 1515.695814
371.897796 1518.181841
1508.069884 1415.464029
1545.669901 1421.710717
986.896795 1546.302058
197.619878 1646.315258
523.576885 271.540966
1483.642225 1493.376529
1329.660842 1491.384701
320.947212 1620.652324
812.878364 195.174088
893.304658 1620.866236
