1332.427671 797.745163
1224.053754 788.814510
1295.474293 1011.090948
1367.102980 812.506499
1591.602307 762.514415
1431.832102 762.228799
1634.492082 611.151933
1803.843435 1193.865037
1362.402787 719.716742
1223.732953 919.996741
1138.168396 900.516851
1162.632641 839.438618
1207.639043 1037.482428
1089.345732 846.102732
1690.640978 650.193072
1265.989894 1098.235148
1207.848808 819.415614
1695.910533 614.167967
1398.875203 830.172524
1496.470001 774.085739
1364.001991 930.830295
1605.623742 715.196902
1293.705491 975.350209
1392.417159 628.185633
1576.209578 561.622606
1200.446233 931.727160
1502.317122 611.721714
1274.553183 916.356776
1292.431735 754.380242
1388.204422 804.587920
1560.257389 669.756265
1534.761759 562.396210
1516.594452 764.218164
1186.184050 1053.467410
1309.852875 890.522778
1197.436575 855.513256
1302.347067 1044.606758
1501.549021 678.348102
1381.209577 737.983200
1503.736326 727.085088
1362.928523 684.978797
1516.871832 578.779144
1384.723675 997.494822
1272.249684 902.736635
1184.333850 980.720174
1466.575985 685.465560
1538.781862 688.513285
15.758868 823.585042
1523.480383 1204.282920
1402.994117 677.310371
1512.997642 704.791636
1651.267912 553.449536
1620.692677 1139.369052
1462.130954 744.593733
1540.214155 804.439621
1534.785742 645.494978
1212.313374 935.307966
1493.124478 672.441475
1211.109149 1038.958366
1438.992659 650.519533
1363.214531 879.628481
1621.858726 782.535590
1362.870949 959.871661
50.566427 925.198410
1607.241928 1171.238981
1265.241453 958.160156
1479.058086 730.793773
1422.645394 684.417055
1112.292424 875.708702
1421.488824 622.942787
1584.449390 719.133569
34.808813 885.193411
1312.163120 1101.120858
1721.227085 667.218974
36.140398 956.972865
1404.880201 718.989795
1352.660034 1020.133956
1701.558426 1123.618979
1494.782428 548.569034
1287.346362 1132.706928
1542.291667 750.502553
1321.428708 917.782051
1089.404884 933.375280
43.517507 1074.270787
1325.529924 947.583224
1186.991339 896.907440
1164.298621 868.027181
1180.410674 922.765478
1719.629588 1150.775124
1756.674634 1138.443587
1472.842805 744.545189
1358.379542 1119.382348
1368.570798 1051.433844
1431.733693 747.995338
1694.284933 694.340453
1321.809876 1023.175647
1547.158889 718.687534
1661.301965 686.114619
1663.367667 1127.774394
1683.856185 1198.426709
1263.859666 1021.406501
1133.061387 966.398060
1357.208930 1083.366109
1392.547443 698.677652
1094.421223 789.883432
1421.718121 815.066362
1619.612621 685.770703
1422.304263 995.099114
1338.904678 1243.746290
1448.934839 1183.973023
1314.459004 727.303027
1451.895253 940.591341
1244.954147 1142.622290
1365.323336 764.500507
1566.038295 700.065156
1274.797162 1034.600952
1365.782075 649.841544
1174.413564 946.684662
1582.592330 592.830877
1662.952535 626.729685
1643.232602 658.512942
1293.157393 861.821541
1401.827429 662.147706
1300.210814 1185.387961
1619.651651 651.554310
1143.573217 893.480220
1280.299441 828.043064
1473.198488 780.295573
1181.160587 1016.089440
1225.991484 1059.495680
1573.725928 523.052244
1435.614756 713.887325
1460.142457 626.760425
1740.383488 1104.982998
1132.596805 933.125189
1481.320112 702.707528
1097.593598 899.752751
1560.564196 668.860139
1511.678207 649.402756
1597.728423 593.653332
1645.269210 717.028427
1188.115248 886.929122
1404.114676 785.247801
1229.608694 968.695615
39.248452 849.856684
1424.040511 597.341266
1277.292695 957.363425
1217.066306 1104.401159
1235.414969 998.531452
1111.762866 820.948832
1578.829962 641.482271
1565.722604 756.091445
1218.935617 961.371292
1332.225155 667.339959
1229.439545 886.440070
1453.294644 802.846460
1236.217563 1022.999477
1247.789807 817.194263
1342.244998 1043.061985
1296.171300 859.487058
1391.787852 744.231635
1618.037587 690.913413
1316.490598 1162.878704
1154.367359 870.628115
1182.467283 1093.567033
1258.430237 1058.686453
1099.202772 969.665798
1314.706784 825.990126
1457.668277 655.099762
1431.570680 776.194909
1250.142617 884.097584
1486.864932 584.010041
1285.960083 1072.877631
1541.209955 623.649319
1330.265537 869.020676
1220.258103 918.660568
1227.262446 849.755531
1274.696348 900.624918
1301.373514 789.634686
1287.484213 939.931087
1573.856552 636.215608
1546.655463 780.942516
1454.049695 823.898203
1592.598605 678.873476
1338.347755 763.087632
1203.302194 864.751127
43.875250 801.503768
1693.822617 1164.047825
1493.336720 809.545585
1153.363842 1001.991092
1507.763812 774.980771
41.181959 998.579806
1328.189975 981.952722
1126.765257 850.249211
1737.457276 1177.648974
1259.669110 858.905858
1274.659574 790.568015
1313.988609 1218.001374
1492.043159 644.155985
1354.990448 829.598253
679.350893 58.403476
468.582691 250.807865
1938.860333 1925.231973
1756.226768 478.499579
552.586754 1882.035014
1856.592531 1812.687412
695.734951 1963.563013
274.891694 192.151683
732.457961 1948.855691
569.173200 10.615038
430.158133 288.888344
1795.039195 1663.524112
471.281299 371.577934
1814.349990 1697.850006
568.819665 91.992090
182.928292 764.876175
543.323839 258.295335
495.717465 1873.149948
663.997582 1921.383979
637.399831 21.925329
452.102776 1951.497580
746.979254 1917.839077
326.819105 244.099315
693.341180 1912.854106
504.673434 155.051396
1818.346035 1776.443652
576.754154 352.264161
487.848182 327.489614
588.131117 1857.527484
1818.785782 438.757363
353.883115 332.720712
494.069235 312.566340
555.670766 203.803885
806.939911 1901.246202
478.692927 301.910255
728.832268 1950.191791
521.818454 210.501862
456.023506 286.737160
1908.797294 224.129585
1874.141705 380.979523
457.742398 262.438719
518.302466 163.594878
1920.443523 1967.856300
638.064293 1964.737800
605.343428 1880.474700
1813.413396 524.789741
679.256638 1981.631033
500.107525 238.443591
1843.149010 1716.263830
1871.953182 309.170613
474.094553 367.995611
511.733344 411.689238
1897.783448 280.846576
579.003166 269.149304
391.663769 343.244986
476.839906 283.743886
1853.928334 1841.950245
434.427398 141.269182
1817.692983 1814.583347
627.850891 133.748407
468.357234 334.276738
1149.538186 552.959371
523.936095 249.811889
1835.418034 471.025776
1903.145311 189.564680
619.555347 1902.828085
1813.633577 1733.057734
1946.749452 93.771814
544.781847 335.506436
662.462445 1995.237707
457.979703 405.427736
826.647620 1917.155929
751.241306 1978.236354
1911.488411 82.597513
179.692863 848.611828
1889.129459 413.655292
588.764129 1985.406650
546.643345 1938.938985
527.616998 45.945991
403.137423 157.040743
319.792703 378.974875
1856.472779 404.004359
413.691623 258.395019
288.912039 278.830457
1848.825815 1761.012907
448.338264 248.321089
553.071560 163.837830
1874.814385 157.315052
475.213107 420.241110
1943.375389 46.144750
1849.052822 1712.163343
507.112439 279.068535
617.951909 1999.201448
518.832474 1913.407032
1864.846767 1667.141134
409.118354 405.449363
417.308249 300.415961
1883.214087 347.368878
511.368912 378.834665
1791.611787 499.997731
136.537212 801.500733
553.264271 1820.712679
221.602731 944.852779
493.408514 1993.516824
448.527845 247.209801
570.373427 228.464133
490.975960 1928.136537
434.263992 350.491582
800.168818 1976.836759
484.501532 115.163799
366.803233 286.566473
428.514508 336.773833
517.968673 123.549530
1857.691212 440.651228
321.179079 313.968306
1890.923496 1872.358137
327.903374 279.722208
610.332873 1973.630207
416.592663 380.737578
480.438795 341.651466
1826.534919 504.540952
526.734234 1968.025253
395.560010 370.454956
563.735263 106.576364
535.723968 356.355370
201.865102 821.616470
471.881257 166.917214
1913.220185 366.934977
1924.793404 2.579417
620.961172 1996.898720
471.717706 221.608800
276.341937 227.490601
364.451333 382.016085
1905.897350 318.743324
705.473834 1888.116701
590.308543 1887.915806
598.787093 286.616326
357.436442 261.800648
442.184055 312.611252
176.932622 798.658179
587.198539 183.177230
353.194832 421.329159
531.559612 96.225176
492.007693 390.018385
1881.633125 1691.256447
636.709740 1927.676328
527.123446 368.508500
1871.121986 1900.408824
572.560314 315.986489
486.413048 1960.318585
300.941391 347.753796
233.688965 985.413017
598.607166 226.411399
517.869891 1919.082529
1888.394342 1760.626118
296.918061 432.486741
1847.458215 537.190042
1831.531641 375.454293
580.869361 1954.617909
607.253800 56.485789
1779.809670 1631.670880
189.971088 889.195847
463.561548 191.227048
823.412076 1961.964259
1903.403752 1715.425835
433.162439 395.250025
540.324886 310.951008
540.190278 210.449426
1885.364480 1790.398771
1908.741498 47.021792
610.318174 1843.913893
1849.233574 351.468094
577.695197 1929.848418
1924.739121 1887.966258
557.762834 275.941214
818.137431 1940.960575
486.638934 215.516770
391.567075 256.901861
491.102251 272.101371
387.399755 228.057170
1888.563789 1831.266678
1875.790903 1933.964130
495.618961 202.250793
656.140469 5.744110
520.173301 343.325075
385.688587 314.283467
1834.554515 428.557582
491.168106 252.146969
714.003781 1918.560283
221.352997 871.580180
1879.694125 1734.506573
584.990087 148.520920
631.884515 198.423622
579.773837 3.479042
1904.018232 1918.114220
525.937242 246.210561
569.422681 269.496664
428.084303 218.690442
1798.324113 422.305411
544.924841 287.493112
504.330063 305.499969
517.079935 404.843821
986.738346 157.624965
1136.450535 30.944032
1108.431263 1679.343688
1150.611503 1886.725229
999.925781 293.542216
1111.204496 6.191640
1309.427732 1751.817470
1148.639523 43.185184
1013.027050 162.522999
391.544878 375.370701
1110.042606 264.805919
1118.847623 122.070654
466.645135 359.115405
1277.753638 1728.900994
967.222033 238.985173
951.706330 64.656185
1191.773415 1829.814809
1147.188446 1910.525630
1168.882156 158.720787
1179.754653 115.216838
365.925153 349.529244
1229.991771 1873.318303
523.058070 292.336232
1205.210544 230.672780
1033.655142 39.402216
1246.546519 222.962155
993.775719 109.788685
1200.101098 1797.873430
1233.055871 67.882478
539.750836 267.118534
969.147435 67.290557
1250.743469 1713.639402
924.948345 130.372233
1022.593664 152.229179
1115.308601 61.544801
384.435530 400.653269
514.040715 339.344634
569.420017 368.909523
1059.272086 106.078957
1193.550332 1680.419202
1038.426992 222.339243
1124.260056 90.691779
1053.828076 199.706250
1044.666424 1935.710366
1123.411846 1776.176900
1245.782199 1796.003556
1641.411691 1769.070659
1184.966123 50.163189
457.529955 344.674071
1716.356195 1779.503641
1064.482678 7.722438
1066.489367 274.406876
1134.528007 1720.571197
1004.948272 195.097089
1198.046209 147.529548
1077.093259 238.173588
1130.580138 171.248045
449.731053 396.642258
1102.465756 1861.801834
1471.715769 1797.218529
1022.067736 101.312417
1012.926044 161.130932
1297.341987 1838.911915
338.942097 421.021893
346.576722 436.645158
1061.681345 1738.245269
1065.776490 228.950600
911.372752 94.007574
486.568717 435.534625
1324.967966 1840.013099
1087.757541 50.526875
1250.727111 83.570313
1287.369578 1812.304076
423.317785 430.733968
1004.629508 1957.845545
1176.136548 1739.626166
1149.805232 1759.669368
893.948863 171.473491
1203.815644 1764.060852
1173.290861 112.304524
1117.539120 64.484409
392.873103 446.402536
469.266861 289.450711
1191.951033 1840.971076
898.089809 110.371772
561.212550 296.039331
1170.295482 218.080120
1046.071677 163.217903
1066.941594 1881.815104
1681.297471 1772.636919
1040.146721 273.248892
456.520523 485.770988
442.916186 358.027075
422.716202 327.114764
1331.229615 67.626505
459.634159 521.630572
1164.413739 1769.999969
1140.206259 1685.722797
555.212252 402.532989
1091.719908 88.697309
1042.758249 170.008589
1236.205811 109.363665
1023.595700 197.009376
1284.506570 88.410429
513.199314 365.948402
1088.285818 160.586455
1011.316118 67.908764
376.675349 474.745467
1099.094831 126.904774
1020.567459 254.202907
1119.811058 1751.423895
1219.742527 46.310246
997.658179 88.605012
393.125568 349.540578
1050.959095 199.098842
601.214321 379.627105
911.507060 134.323226
1128.089215 1841.642708
357.813804 394.895661
919.622458 55.923715
541.605635 385.680567
1145.727058 185.002366
465.196626 326.820478
1077.690977 90.945215
918.975181 202.099067
957.189557 193.469746
540.637368 327.752025
1230.938782 1743.135735
489.436514 330.348267
1150.080335 127.669635
1083.240827 180.831255
1155.436996 79.387652
995.328295 140.783567
425.873528 471.974531
981.955700 23.346747
961.433399 94.226998
1288.706007 1781.319834
1147.522143 1805.205231
1040.522157 57.069849
493.169843 460.864640
1196.023228 1877.393057
484.699792 368.537196
1284.439020 1742.487968
1173.363480 1669.959460
1046.755266 115.330511
555.729560 356.060462
964.062728 194.592632
1215.748676 192.305764
1125.290028 156.091905
1216.676189 1728.592823
957.101741 1977.282921
452.810959 447.105901
1100.446577 1799.532191
929.021502 167.903402
1426.664507 30.042662
1201.228266 17.036839
962.735472 151.380312
1250.054626 1833.928803
1168.879877 1768.940213
959.776915 200.005531
434.373047 485.593841
973.766565 274.828868
1255.373750 1821.287817
1169.294241 1840.000409
1072.271516 1712.058626
1162.881586 80.996586
1239.921477 1791.867904
1004.807134 59.672606
1081.607107 1704.780953
1090.574581 1910.066630
1065.809443 36.382155
1132.405942 291.387774
1219.629080 115.252333
1423.088488 64.959476
1249.101836 20.895717
1187.185474 1720.369721
1064.483281 135.869164
417.711766 373.656936
1190.803884 1760.339465
1475.792149 1763.024980
1259.755318 1778.358367
1014.285675 20.708688
1065.801219 141.074456
1046.847155 80.287592
1354.091635 1866.383355
588.053982 273.173905
1904.712770 1249.918972
555.708436 439.674218
983.623817 179.294083
960.579461 112.691888
1212.643551 82.227071
1155.912153 1829.222895
1362.218441 1832.588350
1180.381625 183.230876
463.340325 392.847271
1153.963499 0.615915
1232.806160 1832.795808
424.872387 422.579953
1197.097457 1500.066322
1198.531759 1425.922885
139.557573 663.615246
1513.665604 1475.027871
1515.689360 1542.385766
1438.003695 1570.342998
252.533137 742.917647
1300.145038 1291.803224
1500.153795 1330.825261
1359.333765 1429.621019
306.497659 817.451549
1176.287724 1267.391111
1312.896380 1287.979258
1311.032313 1574.223375
289.080847 750.616548
1558.212820 1561.545655
1468.702256 1571.545865
1275.148888 1432.790655
1266.693600 1453.574244
215.133282 769.624544
1384.819869 1340.716516
1357.945118 1399.917156
215.015322 583.637219
1332.508336 1426.040712
1402.226541 1365.948676
190.781382 624.429241
210.309206 737.030629
1546.893026 550.116842
1589.665501 1588.710899
1153.472617 1302.585531
1434.114893 1346.639601
1361.278619 1546.066113
1430.320116 1296.736619
1429.060351 1509.409039
146.290362 759.567715
1495.596010 1462.577602
1406.159663 1467.577148
323.718029 710.565951
1282.353115 1463.503676
1287.316013 1484.766028
1388.244085 1412.826810
1238.439723 1318.204165
1330.730691 1494.270877
1367.118640 1282.578824
185.867465 560.319853
1255.413668 1358.746966
1441.482410 1552.638030
1540.250284 1435.579873
1388.782568 1511.115598
216.671287 796.704511
150.249429 559.430148
235.918838 695.267344
1442.489304 1416.417745
1275.863754 1417.396517
1316.422388 1316.115501
1304.184653 1253.600309
104.444971 687.518310
1245.912473 1577.228736
181.474945 761.541321
210.489402 680.265273
1326.027811 1405.318528
1407.201208 1473.921384
1234.841439 1442.913516
1370.656248 1468.855042
81.925826 701.650070
1459.336186 1312.582011
1321.264947 1462.817722
1256.289232 1496.131960
1439.301641 1285.242110
1363.097439 1332.369398
1325.027564 1378.012694
1492.048303 1351.090688
201.020647 828.313366
127.279889 743.031446
1370.010541 1363.559790
1525.789206 1411.616529
1318.602012 1227.555759
272.728170 716.596087
1233.517413 1448.074220
199.511797 623.976758
158.109007 653.168702
217.894451 731.129208
1226.987974 1320.205681
1281.074672 1348.584427
1503.206359 1384.170055
1546.544631 1657.078376
1317.484849 1343.348164
1383.902468 1561.622799
1309.949363 1321.522433
1427.785958 1418.642375
285.404434 789.212760
186.038598 701.813751
1354.389999 1376.403300
149.181324 611.131602
1536.440064 1404.120723
1265.417086 1266.300392
1472.928305 1495.706510
253.250518 769.310468
1456.227920 1384.974416
1415.813288 1609.605606
1249.156752 1242.058771
1274.658867 1288.108250
1225.573928 1474.180779
1363.576126 1242.431808
1262.274752 1414.190827
1468.942463 1474.430074
1398.098644 1444.990575
1437.535912 1605.840028
1403.622906 1301.139445
216.354617 766.158201
1289.553496 1330.199270
1304.667055 1614.285259
126.361077 628.913453
1396.257242 1575.584021
1201.016849 1305.121545
1474.721902 1515.437426
1369.445673 1425.402097
1353.636478 1450.742596
144.418457 713.906579
1435.625751 1484.306069
1179.879364 1395.147973
1203.570733 1392.503792
1521.853470 1453.216359
1362.369152 1324.184238
230.816142 853.587766
1284.819229 1247.526950
1286.217865 1377.837519
180.347804 795.328340
1282.187249 1584.015312
100.017488 664.018548
1399.447367 1272.715052
1352.373709 1540.872008
157.483684 683.292045
1538.816842 1516.434239
194.650863 682.182276
1233.434456 1385.762384
1345.952974 1579.314929
1509.130950 565.881464
1240.906823 1354.531049
1374.346927 1412.850700
1289.866609 1521.731774
1229.576551 1260.252677
1242.631742 1292.435206
1286.231149 1314.857675
1475.674104 1428.080985
1386.137370 1406.771876
1346.284117 1436.348296
1424.040237 1267.447533
1376.170758 1484.871787
1203.957751 1333.850132
247.562933 672.433933
1561.355144 1516.731939
1565.378058 1479.981010
1319.627912 1444.675538
1410.774895 1424.791568
1185.710555 1473.020215
1405.025901 1459.035011
1287.187945 1206.825700
1444.641245 1445.165378
1336.028727 1278.556680
181.827614 718.686896
1241.684122 1518.316635
1212.443395 1531.221193
1392.003581 1260.410032
1338.244893 1374.889636
1480.392503 1541.562130
1190.677542 1358.949546
1164.129752 1354.169611
257.379729 827.336090
1615.404752 1523.663189
1354.335455 1480.308523
1327.095739 1351.291048
1301.049740 1397.352272
1398.193212 1332.893703
1431.044215 1391.162816
1258.214778 1339.409440
1205.536373 1387.125906
1248.611576 1392.541877
1349.546654 1384.662072
1320.386340 1338.822509
1286.014258 1543.475297
1339.571969 1604.490314
1271.743003 1356.843076
1412.213597 1364.834945
1514.437238 1581.041131
1416.753500 1546.267551
1315.280395 1554.711479
1562.446455 1440.678108
1356.396395 1284.243022
285.409353 658.780232
1509.815364 1489.996480
1383.190672 1383.489223
1294.013243 1396.254106
223.539278 616.036518
1435.409553 1522.997948
1380.440609 1596.808937
1313.356294 1522.714740
196.644197 656.739705
1494.204306 1397.905680
1437.515164 1445.943604
