1736.011828 1060.826526
1483.970218 893.656128
1596.153706 772.692169
1652.284948 997.029178
1916.428622 861.121707
1759.594520 822.511560
1958.504209 923.701681
1984.436841 961.409933
1649.312056 912.619045
1628.431792 647.048186
1547.829946 770.758402
1454.617066 815.629882
1513.233674 916.095354
1465.918948 750.025753
1971.086958 960.038942
1693.409721 1073.318698
1538.773757 949.225176
1998.213919 945.718219
1682.642218 819.766950
1813.288635 1129.809844
1681.182161 887.630203
1884.462259 793.764176
1643.722383 917.040538
1705.118440 740.333260
1873.931190 928.667732
1552.798631 851.986640
1778.045521 1018.800817
1646.292271 1036.665863
1591.304982 702.674588
1733.503964 844.468244
1880.467403 1056.995313
1847.316030 889.986718
1829.575738 994.606585
1506.799322 890.033915
1626.889968 822.320970
1814.577199 757.880236
1680.831681 1104.923054
1795.869649 962.235490
1647.768872 783.152044
1807.733939 968.653766
1697.682114 834.152872
1840.301362 825.712149
1700.250063 994.029106
1622.154688 839.344646
1612.378473 926.698592
1777.049532 940.269840
1765.123110 856.176490
21.780627 853.424322
1787.851399 1084.892512
1655.307250 789.985768
1854.758699 1082.449719
1932.233403 1002.356420
1861.471984 962.930544
1783.198252 848.966510
1965.075057 1023.847512
1813.494484 1011.011304
1610.677845 960.298287
1776.423498 790.859478
1504.718044 743.962678
1729.275787 965.677750
1667.510450 902.736823
1895.034437 961.456176
1570.199952 930.667487
8.468113 904.921721
1855.545241 986.243982
1541.676295 911.383908
1732.418951 1012.791679
1767.813627 1026.837775
1436.393898 808.961180
1756.861920 917.917039
1826.138676 984.384614
1955.333318 848.173592
1658.602719 943.593110
11.435562 989.463154
8.077415 900.189114
1701.486052 781.642854
1719.776947 1124.381305
1922.408137 946.896973
1748.615171 924.762706
1591.927249 840.912583
1849.512053 1042.986149
1574.951392 777.309473
1433.727844 758.816019
1943.569478 887.991051
1645.193116 900.716250
1460.898514 868.853222
1484.406286 959.244737
1506.370467 855.577263
1972.158677 901.518852
23.700012 1025.055605
1729.992866 1016.211007
1708.466338 908.888703
1660.827431 814.221602
1745.862282 885.010085
1940.714915 932.572560
1713.641514 695.808465
1840.801451 1021.928356
1876.541769 894.492307
1842.021167 938.225745
1918.158644 992.502156
1660.382147 852.246280
1442.542795 880.370562
1666.347122 700.870624
1691.602592 780.997523
1483.750699 800.849733
1718.176666 1095.113567
1950.891183 813.092216
1717.529682 878.190942
1618.019843 737.267045
1674.102652 878.619356
1635.285444 734.312371
1760.476288 1087.345642
1577.106964 801.259710
1706.648082 956.127789
1798.197750 874.462397
1535.697279 853.450483
1658.136034 746.820480
1474.698456 725.035703
1920.560244 829.882190
1882.682199 968.262919
1918.431185 898.396235
1613.407987 874.826933
1718.302914 757.906381
1534.172225 980.216889
1870.779979 824.384164
1431.641472 778.787933
1605.675077 671.509267
1715.920251 787.890671
1515.373260 831.016488
1598.497270 815.260363
1891.070496 901.205098
1739.922864 782.605926
1748.856124 738.398287
13.797675 942.407478
1580.352505 953.631562
1760.099346 990.099693
1444.215647 935.372737
1853.004647 1009.911560
1808.624820 866.024493
1924.104570 853.198225
1898.545286 950.801143
1538.761727 748.577228
1748.668344 729.158813
1595.142099 876.390562
48.257394 898.458141
1773.768835 882.792550
1626.739392 1007.703947
1567.946915 678.471944
1541.329488 799.504874
1518.078964 939.794026
1827.118748 857.551369
1840.353840 934.996747
1594.664720 834.301566
1649.025795 816.056082
1587.767686 892.241112
1676.526262 1042.442814
1685.546339 979.913877
1532.299070 722.954374
1598.451553 777.619759
1609.127603 998.220027
1745.187230 955.527629
1947.814032 965.895534
1613.566386 969.505803
1470.173993 830.318194
1557.071071 843.940344
1559.415923 752.090614
1491.478913 863.296755
1564.861132 893.018938
1758.091040 960.591087
1695.836146 943.394868
1503.576365 779.688763
1799.795363 911.304060
1627.269837 838.608065
1810.699324 1062.191813
1631.248794 786.551552
1550.087532 810.889016
1522.469406 805.276521
1570.306347 711.448214
1672.043049 712.179921
1678.683720 762.135188
1887.129226 1045.060920
1887.367270 855.291991
1772.161553 936.604812
1817.662115 934.056983
1623.612582 866.775613
1631.448756 679.445843
35.117930 969.403395
1868.480565 861.218546
1837.917510 1054.321062
1571.135445 993.597455
1820.035083 1106.747838
1977.041220 992.591875
1603.728737 924.830637
1544.699790 886.549059
1907.222502 1014.004197
1544.503657 700.156279
1661.009660 669.765971
1635.327168 971.737111
1721.698744 872.274786
1676.994608 855.781689
1252.868679 1326.341991
940.111251 1368.570717
792.022052 1291.884859
1143.509152 1608.437958
713.931565 1346.781186
792.569951 1260.523829
1063.377613 1501.267542
1234.351721 1438.823893
1231.178506 1577.999903
1017.067388 1310.585587
349.728812 1349.415635
1124.911805 1288.217571
1380.706222 1455.390613
932.800735 1468.969830
1204.337553 1373.351711
829.446057 1353.412931
1144.262082 1372.140296
837.757316 1312.576203
1036.796563 1484.431512
1298.306110 1323.891862
879.609382 1407.934079
1117.727731 1525.216165
1214.554823 1329.766310
680.798922 1338.582697
1217.694070 1401.407640
361.871718 1326.739473
1155.837080 1513.850319
1330.697336 1313.874185
1223.242949 1280.115306
1027.554889 1493.022399
1315.173237 1480.634171
1083.394884 1436.064363
1266.480508 1262.135538
1148.118413 1312.781550
1277.876030 1453.139330
1023.772904 1426.515176
394.930173 1338.402897
990.166894 1484.491489
16.173604 293.156576
1271.329199 1567.623027
837.259085 1400.184636
1269.797613 1352.783629
578.234324 1270.263868
886.057246 1486.569605
764.014252 1292.000828
1147.687171 1617.530676
799.193203 1396.279250
1213.524476 1579.736553
1248.597817 1312.031066
1337.073101 1518.170842
1264.227715 1414.822600
1179.034936 1471.451454
1212.177516 1412.121347
1347.173252 1444.588303
1307.128695 1442.354664
1100.761799 1315.021620
495.307302 1274.811157
1162.877091 1403.949579
1179.960175 1328.163314
1313.262445 1394.345305
1101.324733 1360.247327
1073.067865 1571.736840
531.313014 1273.568601
1195.178394 1588.755711
1132.792776 1485.358221
744.394678 1363.328256
831.573954 1334.323702
1016.234026 1456.451111
1201.410263 1512.425214
1370.720356 1492.648870
1356.634063 1337.551557
1049.021257 1458.552555
1295.304116 1516.296435
553.068673 1302.579918
857.117210 1333.089512
1220.107305 1547.346406
1141.153601 1336.370712
1178.830975 1313.373467
1271.250833 1442.841867
1008.947686 1354.639301
1036.495684 1376.067130
989.960262 1422.442750
1220.190798 1308.503237
457.888269 1323.725686
846.658628 1302.206195
411.095365 1343.306407
1258.213239 1465.207464
1124.639245 1450.717220
1076.069532 1501.159413
1271.507729 1547.602326
869.264012 1278.283124
1279.120343 1381.769270
1313.119051 1387.780346
753.056680 1320.439893
1276.330512 1295.921363
1141.533494 1523.858430
1196.251370 1429.795947
1215.168490 1477.508059
1205.574009 1472.672762
1110.253931 1617.407197
813.838369 1301.921549
901.032352 1381.179752
910.396331 1407.027958
1161.382226 1366.559425
1175.685905 1345.137076
428.664786 1307.111662
696.763152 1315.204868
401.038757 1380.021919
1189.264802 1276.899676
1351.016888 1379.228067
1237.224077 1502.436389
1117.395654 1376.092519
1101.233818 1402.355648
1118.911020 1567.371852
1308.807253 1466.534846
440.590396 1259.324929
1237.093591 1447.012437
1284.382887 1369.353933
395.345606 1310.134363
1036.445055 1347.880293
1183.175152 1618.842850
27.910289 328.071098
1255.499709 1465.858405
1247.331728 1409.265344
932.737465 1439.029694
880.969924 1310.219292
1317.584635 1357.592753
1094.098689 1476.493062
493.042814 1357.871195
825.482892 1339.198530
905.972617 1459.271856
1070.463225 1358.618958
1265.888488 1399.471182
1310.855921 1561.699374
1172.138669 1546.234249
919.566976 1388.561451
1370.111551 1411.380911
1039.296925 1400.010603
1091.052052 1396.218061
866.597968 1364.526906
1689.260772 1483.846594
1125.017192 1472.959878
1296.282228 1410.767205
448.453996 1363.656107
599.517832 1337.458455
720.923100 1410.109150
588.586567 1303.900337
1715.380039 1500.283686
1230.378218 1502.641146
880.307383 1364.838305
1118.931199 1427.027307
942.395083 1406.199670
1178.694345 1442.974053
793.696424 1366.705106
713.927432 1284.461012
1080.211578 1531.994180
1095.305267 1594.250785
1162.816583 1513.364815
897.453895 1407.839724
1220.977921 1344.889290
913.490115 1426.063611
872.755789 1327.332032
1161.569342 1425.188830
1103.840177 1460.944649
777.919151 1446.600272
1181.197704 1511.744381
1201.826166 1519.406791
1247.844702 1365.089911
833.218911 1275.246916
1000.745552 1393.068507
684.897159 1375.424295
1102.108846 1506.509499
756.561792 1396.758324
496.082878 1324.402806
1266.891832 1508.100282
1051.966544 1422.760337
1156.456455 1444.999984
1253.739026 1332.975134
1398.831548 1383.654594
1121.628452 1415.231099
469.446386 1286.895465
372.660748 1365.848662
996.322608 1319.030002
1156.604241 1257.182636
1322.003853 1425.798228
1070.956282 1392.238404
1210.026408 1602.337817
871.406950 1445.265237
1142.537330 1465.307910
905.130079 1348.531046
404.599095 1279.855778
1181.032841 1383.731070
1252.429586 1529.708203
1179.926724 1386.198600
1073.034605 1435.447067
441.966544 1326.659139
1275.411875 1494.468238
1085.314750 1547.636096
1106.264820 1560.894251
1068.592202 1299.886393
1882.334463 305.798243
1703.940917 374.192261
1327.500668 96.038703
52.662233 327.762222
1210.720203 1635.740143
1435.480805 1527.836101
1252.771171 225.886707
1345.512092 1697.931676
1346.356446 1586.105859
1915.280504 527.482068
1940.568839 463.658886
1746.313311 313.443601
1425.581355 143.241200
1510.719052 276.446593
1778.583930 374.446074
1391.165526 1626.385801
1257.159999 122.745669
1913.064604 391.720830
1363.971793 1624.636920
1339.670376 1656.294309
1396.920852 86.440970
1467.131953 134.059256
1665.303760 267.784883
1318.944979 1640.869372
1720.807104 337.464596
1496.148647 90.641672
1997.428064 343.423999
1472.235033 102.415238
1791.033025 475.201608
1331.735989 1560.149651
1428.621317 69.735291
1870.987461 393.428362
1333.259981 107.282967
1327.070779 1512.344829
1297.124559 78.888623
1367.661727 177.175694
1379.114798 91.157870
1721.999481 409.775576
1746.800332 443.058520
1737.225260 507.199995
1877.868910 467.595209
1191.667119 1607.116953
1285.911288 157.271180
1405.801163 229.847872
1347.705109 143.612314
1253.087755 1628.355815
1278.559762 1649.281304
1333.175275 1597.290213
1589.412451 270.557599
14.483936 497.279221
1763.351317 281.244071
1699.435183 269.209341
1378.136792 1535.312273
1393.195481 121.231935
1360.862918 1502.144095
1355.901535 41.771089
1446.285955 246.665300
1280.443264 138.970184
1377.025267 147.853409
1655.144914 300.393750
1297.172228 1604.841255
1658.537629 335.748398
1992.816359 524.791060
1973.956838 522.039821
1382.837484 1660.871683
1789.344619 337.108375
1706.018102 330.062148
1503.572866 1550.866823
1317.794353 135.270174
1262.059376 159.001269
1726.529104 336.963494
1310.713837 1684.816076
1449.872068 1936.535558
1973.801619 559.089475
1595.740579 214.036883
1720.486337 442.176939
1243.982398 1656.817810
1251.879476 1590.757985
1368.142617 1550.239219
1249.464563 189.814133
1432.739820 1472.252838
1479.272126 45.447634
9.062350 579.889817
1807.435603 396.547258
1758.554565 357.500424
1399.981032 1557.477685
1232.962186 196.551477
1824.661659 412.661774
1426.290199 106.801694
1344.455579 182.952177
1390.539846 1571.639879
1715.906863 240.308946
1405.243871 165.542016
1735.583261 381.942117
1657.670241 388.122387
1688.399565 316.999015
1490.367215 217.636073
1675.416294 352.933228
1541.171506 259.292983
1227.529691 1602.048156
1759.981797 470.995502
1512.783066 127.430111
1845.208050 453.907369
1458.283625 71.244828
1839.984398 487.559913
1527.389358 54.800245
1256.868890 72.231805
1395.018990 168.274698
1930.247352 465.690291
1635.392359 241.885378
1457.891770 167.568908
1944.364670 354.812749
1319.167948 1551.225579
47.007682 525.376038
1860.626463 424.756519
1617.007782 310.402904
1387.832232 128.743589
1755.560081 406.258083
1325.668666 184.894647
1315.696463 1610.575494
1626.989801 276.785103
1307.413493 43.408065
1908.840177 353.835812
1427.528740 108.449567
1762.413463 334.902635
1736.920862 280.479399
1288.262713 51.323849
1273.774577 94.581484
1782.161276 301.789295
1246.687831 1548.693773
1776.602236 514.193767
1964.095672 593.625766
1386.244127 19.043704
1351.654307 113.094220
1330.610644 27.479519
1793.152990 423.474311
1930.100178 427.339849
1373.180876 56.454221
1303.806037 1582.389023
1402.528971 1528.278989
1975.420640 423.893773
1754.762670 233.215570
1431.761214 1578.350925
1702.855942 389.878481
1311.733709 1638.920811
1337.384875 1476.478929
1900.995416 425.486871
1855.484508 354.682809
1882.174001 521.043531
1424.729029 185.964868
1390.835495 52.955863
1290.164355 1548.753633
1235.181420 1577.394326
1805.126057 356.714076
1308.646797 1504.216895
1906.617133 488.291769
1483.245794 176.117185
44.256060 585.792088
1897.494587 562.190062
18.451941 314.636128
1270.642399 1597.449307
1818.805982 447.177138
1774.883061 413.405585
1372.043885 1998.400021
1413.960899 1675.828986
1294.810690 1628.381352
1375.604767 1467.483978
1442.174350 139.726000
1221.305083 1779.497549
1941.492892 504.280539
1266.540046 1515.861529
1271.796813 1691.403837
1979.505907 460.833747
1456.362391 203.510260
1411.430913 202.913315
1520.841412 200.925221
24.059600 552.867980
1309.970208 1557.316529
1500.379092 143.206570
1796.170959 377.777639
1403.921237 1493.447528
1565.678727 234.443628
1680.432669 235.198618
1981.675266 311.619534
1285.226535 230.916316
1347.595341 221.778241
1716.709332 297.585419
1818.834651 316.091693
558.495823 1870.067968
1834.491705 384.909315
1914.998047 594.080838
1342.805998 77.212200
1434.281001 42.274481
1370.886734 1493.991362
1426.933446 1626.583745
1378.859022 90.863303
1230.910522 131.812466
1372.048137 1608.979601
1210.177120 1741.688113
1224.242956 165.112255
1386.549155 1850.997584
1253.873909 1798.046940
296.320972 1173.049392
1532.663946 1900.656371
1274.972450 1857.157747
1412.685060 1882.217669
619.000230 1744.632239
1346.255370 1629.774901
1423.932387 1653.094593
1214.335649 1873.591022
539.829717 122.708764
1271.391548 1707.006372
1537.363389 1720.811090
1194.473594 1846.333751
588.352260 1700.877269
1493.101550 1959.278331
1315.134224 1926.900974
1354.164589 1770.077642
1355.843467 1869.787482
542.241102 1706.004534
1401.996196 1800.994601
1283.642549 1810.199211
573.758144 1685.214618
1178.490972 1732.711001
1488.090532 1738.695261
1471.655053 1786.010429
1646.347617 1843.231649
342.018861 1078.898795
1528.470990 1964.007667
1264.836594 1608.678601
1305.980236 1680.341517
1146.971679 1784.381310
1272.190309 1653.501944
1283.059742 1910.896588
1574.959851 1871.565154
1403.483556 1806.303936
1557.927154 1839.907217
1250.457212 1268.756321
1517.922494 1916.818496
1227.120710 1823.972626
1206.109724 1773.294502
1298.774633 1707.795585
1428.907147 1860.310966
1360.678970 1665.101637
1506.229710 1711.771464
1480.791415 1716.535092
1321.064189 1937.329312
1535.322831 1755.954120
1350.303913 1853.786097
552.706677 1789.836782
1438.103210 1671.485220
1190.517108 1263.802174
1331.847076 1814.196763
1350.922265 1724.820926
1326.726817 1665.724398
1221.907100 1632.078202
628.352346 1716.936899
1272.279237 1891.579469
1547.861738 1936.614660
508.819945 1739.817144
1277.874766 1764.115385
1453.627969 1884.705855
1232.778772 1740.296237
1506.770838 1790.263271
1406.958103 1789.333795
1302.490557 1768.527768
1402.112936 1823.479431
1403.753862 1825.929789
1363.823074 1612.072669
1677.767990 1869.309071
1205.970097 1665.523677
1390.733228 1691.658379
593.054580 1784.228320
1460.935831 1899.465310
1182.289366 1808.022395
1522.696847 1759.557569
1395.661619 1632.634451
537.848663 1724.706332
1339.584017 1754.559938
1403.721493 1895.584206
310.258520 1123.284927
623.742190 1683.215624
1325.971925 1706.503485
1435.296475 1738.409820
1578.941636 1813.470700
1427.077943 1937.730695
1383.590253 1714.834491
1326.635726 1894.197812
1217.883170 1715.073251
1432.504220 1815.864800
1283.445205 1284.905318
1474.284047 1866.419371
1437.725299 1776.525177
1475.182870 1771.656055
1200.359754 1791.059900
1175.803480 1649.015444
1483.991683 1867.009692
573.904956 1752.882417
1144.465934 1748.885745
1419.067135 1973.529036
1242.901611 1668.226987
1406.886979 1681.428667
1129.278962 1820.308964
1296.380234 1621.297861
1318.635897 1819.748761
1362.725854 1901.232826
1349.899555 1788.510614
1493.485208 1941.830833
1290.917395 1585.749246
549.197803 1774.650004
1353.189384 1713.143940
1329.542216 1907.587189
1561.972697 1783.020566
1354.865625 1951.436395
1443.272587 1697.041320
1499.115786 1857.900451
1517.811035 1828.982028
1459.333923 1840.603424
1595.786802 1904.299397
1319.851840 1859.398615
1252.362680 1635.932004
1616.517399 1815.859801
1225.381726 1793.081909
1381.472645 1767.543897
1255.048992 1309.975186
1241.826999 1593.609122
1289.514863 1951.028833
1696.767219 1914.869692
1525.306631 1918.787037
1549.361492 1802.848319
1408.471756 1663.921062
1268.832436 1867.728201
280.482464 1140.918194
1364.374682 1822.208011
1212.591164 1233.349127
1175.466538 1767.510709
1446.228290 1867.845320
328.704439 1045.691056
1231.647272 1670.895120
1410.459993 1759.666733
1366.039394 1890.149447
1374.446666 1712.795243
1238.985649 1767.700197
1475.450123 1689.341580
1253.339695 1823.094088
1447.412489 1745.002933
1520.802298 1880.550965
1295.395393 1739.758692
1385.799541 1973.602064
1189.636945 1695.994305
1581.826650 1780.739062
1448.480449 1919.441490
1527.266202 1923.112564
1423.021452 1822.775886
1296.195757 1836.061004
1480.915561 1824.386732
1618.649596 1881.886209
1332.287205 1602.946191
1510.665701 1779.014381
1206.331731 1703.913207
509.297834 1671.950602
1250.060234 1906.558479
1416.148940 1933.182110
1278.454847 1616.355880
1272.640079 1684.343852
1565.509074 1949.597752
1339.972468 1651.252580
1289.054818 1694.640697
1221.748265 1285.144821
1444.235882 1917.952771
1062.199375 1855.870648
1482.655543 1740.581792
1520.372149 1859.925828
1330.270612 1725.617298
1445.339481 1700.725484
1235.208025 1742.378860
1134.456362 1713.395823
1220.559050 1842.034684
1310.277575 1772.653789
1269.256761 1758.613337
1328.964330 1966.738844
1408.299463 1955.285837
1189.387395 1737.325788
1271.331425 1727.051231
1156.085509 1861.244350
1300.363514 1857.151394
1222.464083 1876.062546
1624.103138 1925.560916
1386.483182 1748.522256
545.522205 1670.805197
1266.343718 1839.090693
1258.416273 1694.633638
1362.269191 1666.180367
568.001561 1647.675983
1167.504697 1816.227256
1401.351419 1864.241918
1370.806378 1807.893264
297.305849 1031.929630
1437.177385 1809.251187
1106.376990 1793.293900
