78.471181 1159.841925
1941.240427 990.185694
29.244168 1093.042751
84.435601 1123.286918
348.949885 1131.269240
164.202389 1080.009093
393.767198 1007.718733
473.618739 1162.957839
87.409174 1044.209639
1960.476433 1143.299311
1858.508355 1155.645491
1877.398439 1137.130247
1932.765113 1067.233711
1800.514344 1075.026214
446.971039 1059.990763
67.856172 1335.178962
1908.082374 1079.071364
469.835432 1026.448603
134.516595 1163.646806
231.708891 1138.294060
83.315819 1172.905184
364.051576 1123.454680
8.654497 1091.985803
145.737403 999.783841
357.318905 1026.730315
1949.158837 1228.793877
271.471018 1023.014513
26.533938 1252.182421
16.706850 968.643665
141.126175 1098.409183
302.573608 974.735730
314.264978 940.537472
279.023999 1100.419468
1893.207600 1167.405414
20.997275 1165.368761
1930.393779 1133.677724
14.031152 1280.822418
227.103557 1066.628814
111.386900 1102.268671
260.038086 1111.918649
108.442305 1078.002348
287.145524 954.993187
123.244416 1183.122433
34.936993 1160.815660
1990.879183 1028.933693
265.284155 1156.996443
286.650852 1055.265775
58.643216 192.153501
269.374044 1188.519560
152.634771 1036.251482
298.546734 1080.148057
419.378326 1006.920075
296.179828 1124.970370
223.075477 1103.357466
326.775882 1171.158466
321.957349 1050.269392
1948.587713 1137.472084
275.628195 1021.859678
1942.392888 1171.730877
191.282182 1053.477344
121.622228 1131.487854
408.734818 1119.136385
57.439283 1061.138496
81.510391 294.810954
310.892663 1219.579139
1995.415593 1196.907761
242.987345 1096.731084
183.133557 991.106837
1851.239554 1107.666239
169.386206 948.213196
347.637061 1092.772326
78.343176 255.365313
43.609440 1214.851241
499.481171 1067.061137
71.851976 328.490892
116.113924 1024.131906
101.493038 1189.076129
389.106710 1112.844589
278.326638 988.330217
1978.852942 1212.829618
281.721431 1134.054599
39.355335 998.454750
1792.645234 1154.843716
74.510967 445.920671
32.066644 1026.524114
1910.961667 1194.922839
1878.769376 1070.931579
1887.619987 1113.329280
460.640542 1234.015008
494.054191 1268.311738
186.386523 1021.763718
146.952042 1244.804144
86.677085 1168.379810
187.503348 1160.651947
473.023408 1082.104947
39.891805 1133.287924
308.148478 1085.001110
422.457651 1082.374780
323.715805 1107.796665
378.889306 1199.155995
1986.216106 1119.946194
1846.340001 1144.896059
46.547656 1143.548266
130.787892 1054.687853
1856.607856 1079.616596
156.082938 1147.160441
396.001227 1087.118092
94.530585 1106.878309
83.957832 1111.493740
120.512874 1218.343270
80.257149 984.136132
171.728691 1190.451207
1968.547082 1283.098310
106.785587 1134.971894
307.846953 1042.313748
1979.426245 1091.296540
109.961045 1004.464350
1901.807253 1006.573396
352.674359 993.746596
411.849843 1057.199794
443.786784 1099.602642
4.481192 1132.779502
175.560767 1085.259585
1986.865310 1237.586123
367.036091 1061.317710
1880.642021 1032.113601
18.398204 1185.750974
196.625681 1129.248510
1922.240013 1210.674477
1899.844944 1154.145695
357.802638 960.520720
198.262051 1087.233767
217.565683 982.797641
454.487888 1136.665220
1900.132651 1232.152619
254.850263 1092.798169
1807.149452 1132.672083
348.072197 1092.388615
283.698122 1058.696213
381.408242 1038.431494
449.595486 1199.553560
1938.375957 1182.896692
137.963939 1117.919656
1991.884769 1229.093724
79.379359 220.141460
207.123874 1013.180494
23.001562 1249.191017
1933.717162 1240.349248
1960.480801 1188.845246
1904.662189 1106.779594
345.277841 1058.919438
360.519473 1160.115669
1993.248875 1313.637805
90.519111 938.790250
1968.804856 1254.735447
194.727666 1128.104387
1985.919252 1166.909094
1972.483577 965.484754
51.320027 1189.607295
19.698553 1132.947163
173.434498 1120.524304
424.715397 1147.669396
75.761218 1209.481622
1917.746199 1109.978053
1936.441562 1336.748281
1977.454373 1270.479571
1820.700055 1197.736749
55.844351 1118.799269
221.608844 1054.719335
213.113334 1184.119059
1963.154035 1079.272747
252.001903 994.452160
25.512544 1220.185322
303.889674 985.393311
42.953571 1085.373544
1976.341316 1178.175555
1927.265474 1025.463631
1978.624026 1084.747442
52.026800 959.553496
52.986471 1109.611004
382.788701 1084.338072
320.920885 1032.047928
232.545973 1200.886489
322.124220 1005.215949
75.828807 1079.928289
1960.962711 1107.253775
86.005269 170.424181
372.957516 1161.826439
241.437416 1141.822135
1882.840922 1201.745403
290.190845 1166.580180
72.799618 370.215112
62.087476 1271.950586
1915.420958 1282.821684
416.749425 1180.983454
1970.576176 1041.620862
12.721238 1054.165483
31.978410 1322.725033
263.661384 1059.774759
74.229058 1008.429350
1512.539509 1044.240267
1201.904090 1279.954686
1569.848598 1158.649550
1128.153866 1639.104287
1696.858478 1827.757289
682.063810 889.064009
1958.391711 1993.043553
1229.412813 1121.398063
24.371065 64.947636
1390.929314 977.544343
1377.005123 1158.510289
1571.666990 885.213024
1317.640079 1322.420315
1573.526963 936.028437
1402.907058 1121.826561
566.731319 64.779580
1454.220529 1136.622627
1659.204778 1810.670861
1886.724721 1953.141227
1431.387901 1018.680452
1620.477762 1800.813590
80.021505 1989.185801
1377.005885 1013.966039
1857.927797 1922.576162
1310.463574 1179.057853
1555.353501 997.598828
1334.307234 1307.942502
1505.305771 1077.505901
1301.011916 821.185876
1133.180254 1571.175887
1306.648961 1236.511371
1470.016294 1181.418260
1534.945604 1042.767740
1519.707459 971.804917
1435.959488 1168.233313
34.788533 1998.846185
1396.779770 1166.282529
1267.911003 1271.360630
1230.404411 1393.476579
1185.599389 1518.519134
1322.156790 1221.640296
1284.204639 1196.882622
1484.632990 1208.102337
1420.990621 992.853222
1744.420650 1861.469100
1094.233912 1646.360154
1431.470200 983.878381
1402.835981 1158.630315
1607.680174 952.402551
1132.222918 1407.560532
1493.180224 1165.929046
1227.876013 1368.079902
1203.854484 1386.997184
1360.666855 1266.901699
1252.470937 1329.511841
1392.240285 1199.496432
1524.090049 1093.508165
1368.089559 1091.466891
1564.237725 1023.637379
1392.065861 1130.711618
1427.678701 1102.224282
1119.260021 1609.043640
1502.400225 1122.771557
1187.942131 1597.883838
1293.593922 1361.918771
1768.134545 1832.616963
1554.756595 962.716819
1416.593940 1313.047257
1331.992053 1318.396035
1353.002377 1119.310590
1536.477281 988.078459
149.417043 1991.801727
69.703289 39.655038
1359.663770 1301.661286
572.052678 160.354049
1214.827672 1550.501035
1362.000215 958.906457
1353.191070 923.184248
1336.009106 1066.577811
1313.911136 1108.099649
1291.619326 1214.226143
1103.500586 1510.377176
1367.063532 1126.028037
1213.737723 1213.672768
641.138358 853.453270
1357.840053 1165.192012
1446.505927 1109.595089
1324.895455 1344.967885
1277.393170 1345.660425
1432.721894 1273.267485
619.961036 818.772881
1326.881990 1180.587134
1413.358789 1039.923573
1287.325810 853.133695
1603.450884 900.021597
1295.383261 1323.603708
1364.058553 1194.400197
1149.599753 1461.766942
1294.792525 1314.955940
1128.989665 1637.850667
554.689068 100.289510
1699.834144 1794.348766
613.403248 259.720207
1308.136178 997.428307
1473.655190 1001.657789
1519.169562 1079.827795
1678.182710 1857.917287
1300.618512 1278.237558
1464.182694 967.868024
1376.658287 1053.247077
1323.738226 1145.601038
1282.590862 1266.815941
1275.274458 1160.425622
1176.515806 1566.137753
1258.050065 1241.672773
1498.902409 1117.583797
1176.566693 1206.037401
1415.338315 944.350135
1426.046909 1197.772068
1384.494362 1235.424237
1156.076019 1604.532109
1328.785289 968.984574
1427.165240 1100.459198
1456.294702 1058.029677
1564.732565 1119.051701
594.060683 133.135603
1383.719080 1077.858145
1192.717234 1477.873214
1433.075473 1234.930308
1411.068776 1030.385173
1567.416613 902.663769
1295.338854 1097.399995
1360.401938 1214.214480
1151.023392 1431.632352
1970.830941 1961.771500
1730.342633 1823.469732
1354.166160 1281.059437
1249.412085 1211.769915
1225.087453 1306.648219
589.391621 97.659537
1466.846642 1115.551861
1378.272762 1222.464002
1377.390708 1031.135557
1233.773273 1275.606056
650.442227 780.915876
1794.207189 1954.523300
1383.053244 1298.689477
1455.126463 1144.203299
1426.761059 1248.625787
1319.410900 914.313879
1179.008325 1307.215016
625.489285 300.280505
1426.307786 1172.696101
1710.402357 1870.819625
674.654584 848.731829
1167.716222 1331.349956
1164.462048 1644.816475
1091.915857 1483.583770
1321.846438 857.861466
1404.739874 1074.935570
1600.728998 859.119670
575.205322 199.530576
1358.432254 1100.152396
142.255978 72.352889
655.148507 815.386012
1198.059049 1358.451642
1413.241018 1143.942691
1519.037788 1013.256575
705.828530 866.453617
1393.846640 1268.570084
1776.102217 1909.722061
1161.666649 1494.434998
1741.886569 1899.035739
1552.158672 1124.954898
1452.779810 1210.292759
143.077515 38.232167
1399.609643 1083.318756
1329.659200 1149.215505
1358.531102 1227.547173
1269.447528 1135.206373
1556.086389 1070.908415
1501.816759 1172.532993
1426.626829 1071.054810
1497.215326 995.355373
1359.674631 1253.623953
1335.637516 1208.132599
1152.499763 1538.335744
1467.470824 1034.804694
1993.655738 1994.957273
605.228649 183.294307
1582.401985 977.196848
1533.143705 1004.199515
1271.387381 1257.571881
1322.320907 1034.548755
1534.703584 1157.426787
1401.203175 1192.449624
1409.446279 1218.452308
1224.078981 1237.298464
1108.338932 1545.705827
1397.015013 1106.559889
1335.830411 898.342731
1338.078719 994.700220
1679.965492 137.938739
242.712672 1089.902480
143.981981 879.631446
206.811825 1039.122250
1694.145048 272.681044
252.555402 1023.872372
276.083375 941.519720
1906.758575 1649.537370
1874.574002 1637.056047
1274.827108 941.376494
1802.200874 329.856801
1806.147501 287.731194
1257.912493 902.839861
331.685195 859.978489
1666.526932 86.172265
1776.280924 1721.121805
253.631440 970.660245
278.232516 1058.135200
1847.442606 186.306714
1881.038003 146.716381
1197.824483 901.804921
333.766240 913.841123
1351.917363 858.600741
1896.731202 297.433055
206.769435 1082.277839
1926.110689 227.606707
1731.132185 93.895198
192.957667 1008.816782
1902.336991 197.485694
1387.704791 845.173449
1674.790476 192.697751
318.417797 803.578927
1627.916275 109.953685
1744.162233 121.895872
1803.669082 139.819549
1212.838498 929.999086
1323.694305 923.124521
1346.683781 899.836049
1770.056796 146.716530
169.964685 901.935849
1712.711840 169.220545
1827.019572 237.673852
1778.989050 209.921728
201.572434 965.304038
193.928924 892.237098
272.550387 920.604530
478.422725 1054.431300
1906.205132 1696.005154
1303.565793 876.208546
533.204123 1103.084958
221.304230 1003.452497
1773.125950 332.817255
124.220290 941.919775
1728.405424 201.172839
1857.584670 218.134826
1770.670715 252.146404
1811.583832 199.873635
1306.423568 993.332758
174.849751 971.991205
361.352518 1001.117898
1831.269504 1771.025542
1850.679364 1686.318169
309.112168 1002.524743
1162.725147 932.307751
1186.611860 844.310639
121.428597 970.641331
1750.239626 209.194650
1627.359703 149.418579
1301.807010 962.825953
353.368583 936.281735
1794.563291 173.341359
1914.624814 167.135848
385.184537 886.209902
1248.567265 920.981869
148.077838 1014.895121
218.102848 895.388232
124.574591 1000.661628
1635.820010 237.350226
308.624691 836.147363
1856.949306 180.522569
1873.814666 1666.500489
1146.762519 849.328746
1307.603257 833.594534
239.574148 961.585327
1627.881055 194.813873
1410.208925 882.066728
1864.701191 251.955965
1776.229903 262.010330
164.370738 940.091908
500.056518 1090.144790
1754.911499 299.732782
1222.161921 894.583366
1252.279966 869.402656
1255.227338 844.962836
1973.418473 195.690557
1233.370007 978.368906
208.918019 933.905863
191.960711 875.992355
1363.725683 970.444692
1878.201713 1710.370067
1754.850239 81.366022
1908.821415 263.310240
1729.609249 51.247449
1939.434812 185.457986
1359.269474 1011.439193
1806.184592 242.040662
1823.929962 1663.794296
1170.461501 984.030110
1788.013606 180.578981
1717.102685 145.130564
214.725641 861.042425
1936.007082 1687.298710
1778.281584 1785.475161
1220.427528 847.099843
1742.295636 284.531562
1376.278863 914.644549
1677.846742 124.324802
239.466208 925.166849
1153.500271 880.964310
1631.842163 81.227253
1342.011381 826.967465
1842.508040 276.237254
1280.520371 821.043298
237.826610 1146.580465
1650.705640 193.586135
1694.271640 163.542678
1392.964400 898.962340
262.477761 837.859280
1337.684357 952.139751
1815.007661 198.120570
1788.489543 210.132133
1824.234516 164.551486
1724.165786 278.721919
1200.065893 957.341899
1792.998684 1692.339803
1708.112370 234.992096
308.409400 932.173585
268.302708 883.591906
1882.273079 1603.291347
1277.391827 935.095486
306.914569 954.204199
1294.526579 908.722543
342.626993 884.177449
141.325958 888.144799
1757.662958 176.865418
1318.193606 863.352711
1693.506573 200.286301
1887.663795 227.301471
1810.901010 277.884424
281.356074 803.027451
137.769995 1032.600205
1296.310384 788.545794
235.045185 832.834217
1792.797862 1759.251505
68.816782 171.177819
1938.931842 1643.066213
1798.390708 1716.983073
319.211120 968.812812
166.141360 942.919821
1691.758304 61.988175
1263.008032 976.372308
1667.382770 248.188021
301.719994 949.492943
256.348902 896.920412
108.757446 906.486255
1834.873808 105.517372
266.889813 883.412948
1824.220039 1753.613151
96.696440 950.323671
213.560623 977.146275
1829.096488 1700.869818
1838.389012 312.253633
1880.811549 222.412721
65.447004 204.998972
1961.705929 1671.330994
130.927013 979.307235
1838.137859 1719.818156
1230.141939 927.485630
227.381280 875.806590
374.479461 968.165668
296.142793 898.034138
174.780976 1062.625425
1743.970950 232.840425
1727.821209 105.074077
315.847299 1039.627690
1425.813333 913.190980
967.923002 741.930221
1404.687406 1035.245843
1695.010598 106.884159
1654.161124 157.862611
1872.835195 186.468737
302.507863 834.610738
378.848497 918.269106
1850.516911 251.727425
1246.128288 882.800314
288.314223 1009.514407
278.708981 978.774488
1331.644241 1026.292656
1351.173793 230.362081
1401.930034 154.240386
47.617818 1358.581574
1698.483872 204.208754
1602.419977 230.641245
1587.954024 299.229394
100.621243 1484.812160
1467.750694 7.689832
1599.188813 4.150922
1447.940264 154.394984
128.658344 1539.161333
1286.881443 23.845272
1557.701377 79.000491
1419.337412 294.110816
73.494365 1515.042525
1663.034312 293.086390
1623.212453 298.431161
1390.398818 116.900780
1503.102493 213.144960
1388.702147 1748.556448
1549.549617 60.997300
1523.425338 163.627905
113.810084 1348.211783
1473.611170 143.642173
1579.798341 94.818598
1318.155401 1664.564164
1359.752332 1723.792320
283.323927 1077.599884
1641.356651 265.743805
1351.623033 31.291331
1630.730830 28.456634
1446.053731 247.281619
1461.501164 1.844227
1464.763724 202.190911
1324.712181 1727.603416
1616.500580 174.246674
1567.237249 231.017845
134.380940 1478.602415
1571.984419 267.596599
1319.392972 201.194258
1588.545771 122.069831
1505.008959 42.083969
1372.747404 244.446380
1575.364183 35.192860
1293.811715 1599.302219
1436.389597 55.479809
1483.010512 248.838665
1696.883572 127.760851
1517.330122 246.717215
33.462869 1540.508452
1204.017395 1569.264120
54.293668 1436.619311
1518.616345 146.693129
1306.785007 133.852362
1439.986575 51.923975
1542.146253 1990.603233
42.016652 1394.802012
1345.072698 311.431329
1347.367217 1753.534784
113.822906 1446.468370
1465.021179 127.645567
1602.713370 205.874101
1416.334527 144.971612
1496.921892 176.115831
1286.927624 1702.646121
1548.281612 6.050716
1463.964446 168.852647
1389.885575 184.305699
1575.696759 1982.266980
1504.648157 57.564800
1381.276882 142.664613
1673.740022 44.664756
52.569399 1568.688242
1313.833344 1765.148877
1343.533048 171.175468
1731.218233 135.629410
1407.739741 1965.133866
90.072110 1433.306933
1372.383691 179.655299
1350.970302 1658.397889
1999.498960 1392.425316
72.242933 1467.344321
1522.686872 71.305418
1449.764407 83.950622
1580.616772 77.686280
1566.532341 348.709494
1483.742980 90.563772
1538.178948 278.529203
1487.315365 39.197581
1642.401586 138.613129
162.236990 1522.091109
1343.462596 1694.151349
1557.009999 127.506480
1356.387035 1591.888386
1682.192711 156.819144
1362.244772 1982.242905
1554.461375 199.171935
115.956623 1514.687632
1400.354042 87.912487
1509.693519 300.470861
1416.514423 1991.020250
1512.894691 19.573158
1289.641222 183.446763
1467.448169 1942.686284
1462.746924 190.592167
1668.730199 252.307493
1536.806133 200.343251
1598.282326 333.246352
1428.401673 14.885035
56.277797 1505.194591
1381.105881 56.809109
1421.089543 316.872381
1328.826844 1615.303773
1553.327771 307.321391
1433.059503 25.326611
1661.733291 227.871290
1554.956104 160.637272
1322.420928 179.303149
1320.520503 1690.612789
1551.924215 232.553577
1347.373832 106.501516
1460.974218 130.396462
1579.657770 190.354492
1588.509014 43.908856
104.314607 1572.493228
1498.149355 1988.136217
1486.346058 163.845820
1371.052865 1800.034309
1442.064394 287.640613
1294.416196 1631.393230
1382.065983 1970.463260
1411.308636 262.695420
1913.700317 1426.992316
1625.860796 210.020033
77.385015 1399.941043
1499.457919 119.457028
1511.680399 335.616243
243.032254 1094.443753
1406.361618 57.525668
1485.978767 119.222063
1455.840636 260.237653
1498.000847 7.025362
1389.250593 26.262846
1440.790866 47.978356
1644.025814 205.901622
1633.302355 112.063353
1549.674780 184.109387
1518.773466 1959.527795
1537.960718 224.746002
1288.242689 103.480601
1384.944253 1705.712470
1717.378064 233.684746
1742.267072 199.230055
1429.413391 195.863847
1510.237602 191.896062
1352.849926 154.405318
1564.690904 156.305073
1416.044037 1929.490868
1672.455812 182.138805
1370.242441 71.702958
1422.390064 1700.778821
1455.792717 215.398379
1386.242679 256.816504
1346.572981 1986.343070
1425.991643 85.618962
1485.746284 284.604707
1406.272524 57.035733
1391.300753 109.714504
72.683472 1540.598566
1715.666954 262.368073
1363.040232 194.975082
1530.447015 95.947717
1517.793324 148.304868
1469.537485 33.709509
1527.329873 110.314479
1432.382583 93.444460
1456.420824 123.831502
1390.073738 197.336377
1610.401863 134.073793
1675.436218 105.167215
1328.828442 261.089041
1457.909146 326.797013
1464.742765 97.357790
1511.075077 79.318919
1588.704711 256.081591
1419.201976 232.971407
1413.161145 254.937860
1701.923714 165.413595
1619.266525 80.668459
89.232298 1399.871452
1568.958614 219.998310
1559.007049 115.497784
1476.400522 102.242792
80.522560 1350.887926
1497.453647 222.212265
1500.533293 285.083035
1398.332205 222.338882
138.360449 1399.787940
1499.022542 136.416162
1668.216681 163.045603
