182.250374 345.888052
1372.135187 176.712447
1260.729090 37.226996
250.567576 317.877529
187.443881 525.792362
1688.206393 186.639278
1371.166139 1288.163649
1315.434232 1913.802848
1593.733225 120.587377
1288.855695 160.675162
986.103218 811.885044
1193.697575 137.111418
1096.606734 835.206517
1134.818215 104.398900
1339.131025 9.222045
1201.295397 79.717280
1236.114536 158.050965
1346.127877 1216.821352
1157.770320 1894.070596
1091.028619 1798.072063
1237.963944 886.616697
1310.929763 30.110322
1139.337416 145.865224
1069.367728 1859.753289
1258.892960 1950.684198
981.469772 843.229114
244.371868 377.150838
1152.011530 829.359046
1454.519474 70.283414
1608.770438 251.123362
1288.992518 1934.520365
1249.398186 1814.289691
1673.324726 193.162520
1213.228052 205.211339
1533.630392 112.693918
1389.833296 123.809368
1129.532134 907.491526
1649.446613 185.241264
1654.965201 116.189903
1699.033965 354.200825
1612.790152 159.801956
229.859188 434.835020
1386.047287 157.545106
1501.090639 66.160410
1083.817009 112.130580
1654.795423 256.397460
1725.101579 168.544747
1324.627972 1803.502476
208.670014 318.706514
1610.659504 55.714515
1204.893930 1928.124580
245.142619 281.388247
1705.220343 53.901664
211.956712 277.404822
168.615776 426.496661
1839.705272 104.028805
1241.788199 65.677439
1203.536720 1816.981366
1216.203885 51.458296
1164.410965 1933.989740
1095.241575 1833.274650
1231.556519 1905.710408
1350.976463 133.846269
1640.345707 1991.939018
1671.637762 118.853324
1111.934363 840.463997
1183.313875 1751.251737
1663.103070 80.626282
1089.754065 231.664400
1663.376449 153.162241
1252.052822 1873.190747
1357.036917 1907.344776
1286.852521 128.966972
1740.328780 45.522983
1391.233130 1885.912320
1279.240209 1789.765744
1448.776457 101.529106
1160.905803 1851.543196
210.176131 368.573095
1393.254260 38.765304
1066.899956 1930.381212
1091.713886 903.842672
1067.948990 889.574001
198.282848 450.074222
1253.728916 83.272197
1156.764004 879.291485
1237.056442 922.108537
1148.757218 29.590514
1245.737679 1982.950422
1730.562037 385.948691
228.011896 339.728626
1313.983461 182.842179
1277.674880 97.245846
1197.471494 1883.603936
1323.855393 11.516348
1290.030253 77.656684
1766.938184 106.249010
1167.373112 1826.624475
1111.419648 1828.548446
1694.042744 143.475923
1123.412647 173.699449
1064.951308 216.823386
1372.514570 67.395546
1645.074057 211.499582
1083.618351 869.617274
174.994421 381.635195
1229.589972 1838.977629
1358.959261 100.181861
1538.827369 45.287725
1637.109936 142.558108
1574.961380 54.886278
1319.622579 112.681821
1181.389281 65.804249
1140.277731 1602.109852
1289.640660 1995.098493
1207.013575 86.013781
1604.035296 126.948684
1058.015847 183.707338
254.147369 213.329444
1381.846432 1323.078099
1232.068155 1785.617822
1439.053917 163.508312
1153.306677 1862.134931
1420.883847 61.193386
1310.136562 1893.690098
1152.590664 78.979739
1473.489365 148.872639
1195.414531 1885.561407
1152.107793 119.035707
1208.411946 169.176761
1735.968563 80.604706
1690.295146 88.935895
222.481527 235.867646
1200.192603 1760.492528
1060.137930 817.429066
1125.069223 1869.946616
1119.372420 131.666283
1289.155515 1879.170139
1245.375832 1749.648284
1339.196010 1872.301407
1372.697805 1942.284747
1373.181478 89.023034
1615.996423 203.206670
1018.955036 852.375048
220.488955 405.649289
1615.153086 89.850803
1309.163489 107.205572
1126.072663 811.582205
1168.352364 24.714087
1175.756647 93.676544
1763.324709 171.722238
1331.083705 1840.350871
1120.499687 873.903366
1204.181036 1800.357436
1300.866848 159.232647
258.877934 250.035917
1206.005186 7.280801
1321.066936 116.888027
1287.902311 111.607592
1566.268265 114.737289
1222.357104 1856.966062
259.254052 412.271704
1486.139687 98.490855
1231.665248 127.303742
1058.305627 148.734804
1172.092648 129.584780
1024.471997 821.676861
1430.681089 102.621585
1645.342823 28.488165
1722.249712 110.929865
1417.939870 139.758692
1186.916041 1851.251049
1251.583670 172.892462
1739.143722 138.985249
234.354962 192.211273
1197.159758 884.519680
1401.554006 89.195084
1112.272412 91.476976
1578.379662 87.430647
1095.085123 148.299987
1259.490321 1901.714886
163.472892 455.720853
1137.972752 1993.546915
1270.570704 1843.155752
1592.528311 83.185049
1223.662753 116.904821
1406.913029 1432.869348
1157.181842 1777.094991
274.704001 295.951145
1056.271060 853.984897
1145.789810 1787.890938
1245.072986 1802.846443
1259.686121 38.199443
1213.234998 81.021478
1356.516794 1250.669958
1367.335426 34.590864
1282.108966 913.265945
1551.854932 82.250195
265.179135 351.702370
1573.752391 151.306858
1504.716710 1148.978061
395.965372 1537.777163
835.244269 667.917094
453.420895 1510.375212
337.537088 1449.397255
1176.481664 484.998541
544.724349 1477.681999
1412.526555 263.980277
942.943728 455.122178
450.461732 1357.615596
334.242448 1520.451536
881.265335 517.306932
481.044523 1609.630238
995.198107 520.918480
811.305125 482.765363
794.830139 601.170040
416.181360 1611.129435
857.044809 592.449293
464.958737 1453.351697
468.717421 1538.371411
1427.081436 232.652593
435.836934 1579.508766
1240.832505 375.631428
478.322041 1625.887399
389.876216 1571.550030
940.306294 534.030806
1796.057567 1356.006719
455.086201 1500.268522
397.495115 1256.550369
1146.314479 433.574734
333.895343 1559.324263
550.262984 1620.472850
355.789289 1584.351700
607.221494 1523.705930
409.549462 1616.600359
1095.897818 587.839339
532.555664 1515.803023
497.419070 1508.678122
1849.555539 1404.245349
947.448028 561.603940
434.563761 1557.037419
634.874073 1455.732569
979.208029 576.657660
879.288577 565.351543
476.855720 1422.090620
383.302623 1646.953400
513.143538 1594.766976
581.904406 1593.378719
903.914547 534.095895
1026.827528 480.919714
1148.942292 557.996358
846.754078 713.598516
1924.012487 1406.878710
990.808335 613.165129
531.740485 1549.591029
569.740609 1501.273842
930.335238 523.396052
432.425308 1305.135827
896.379673 587.207246
599.089269 1553.969058
470.459030 1661.302331
836.839674 661.825101
462.430283 1551.062641
983.293809 555.982324
1813.934890 1407.547436
775.078966 644.567702
1560.485218 1183.443567
808.247005 558.930482
561.393359 1563.419209
871.575340 566.140653
1074.825482 525.986498
909.857898 588.849389
837.425009 633.838462
797.590446 619.694478
1871.663987 1373.092613
1016.877973 679.676388
1139.900738 484.581394
444.880559 1436.064608
365.378415 1495.187540
436.980312 1645.395511
436.173789 1542.320949
1176.348315 385.853033
321.633447 1622.206369
1203.231149 408.812555
1238.495322 340.113920
667.071776 1415.167046
415.673130 1661.398907
737.396234 642.417568
1835.105605 1370.869955
801.867304 643.970661
905.075228 529.964065
423.660161 1599.735276
323.403786 1587.906372
361.378579 1400.102247
1067.643810 489.683653
768.198773 554.102464
1112.077991 505.977381
1141.888301 399.641074
485.736881 1650.790328
1128.969138 452.735600
1885.740555 1411.374019
411.324661 1491.671997
904.408582 680.527370
1493.166323 257.171037
506.837902 1506.139684
854.337022 629.378738
1904.251606 1439.661310
943.022225 616.723829
994.007662 521.364459
422.307053 1487.828840
417.178284 1494.108770
1325.132832 336.199127
754.901944 571.332197
1378.460428 290.231107
378.300246 1475.359467
960.014857 595.956055
405.429331 1450.633557
574.311497 1446.326531
1057.782288 572.942318
447.602247 1622.595878
1214.046912 441.287881
381.377377 1439.712802
1038.651980 591.617368
511.301458 1574.930206
834.335877 556.274386
893.115981 644.467381
518.067758 1633.611684
1098.995224 511.380212
865.793419 640.400751
357.056643 1546.977059
511.235427 1443.469850
1287.277485 359.143019
1267.842183 431.906193
1038.229072 512.305456
903.492608 559.296685
752.607767 673.746974
928.455836 685.781420
502.416644 1444.701011
539.724266 1517.022082
856.335003 555.490503
532.557297 1460.553785
617.194935 1590.387135
370.226759 1610.554924
500.287618 1609.996338
1380.220145 252.178444
520.020002 1652.150148
879.275389 485.032036
832.248076 605.654137
1177.538529 450.363172
440.223400 1477.795194
818.755788 518.268604
808.286883 589.031228
623.727845 1492.884680
414.744967 1417.898576
1083.303878 443.536059
965.045500 522.565918
1524.858615 232.257555
1005.988224 582.475395
285.807128 1511.453740
445.378731 1585.463670
959.595204 529.762175
760.174672 625.479067
1359.577504 340.620327
1016.072304 644.865828
768.287157 523.220919
1424.895292 297.920798
466.717735 1655.728915
525.776785 1555.080543
991.242602 482.802115
896.853692 628.017914
721.590573 650.362910
1037.377550 543.733125
320.572835 1502.334212
1065.280112 622.408136
969.475848 642.587526
473.987776 1580.938801
852.664605 533.538634
1138.168851 521.429004
1238.375981 411.583441
541.607326 1413.059264
1261.965802 397.173955
1729.573027 1316.559926
524.341666 1529.955096
440.178601 1680.951932
1029.691101 626.088163
568.094765 1534.995625
1324.878784 301.600786
459.599577 1514.345092
1019.560759 548.032914
742.543373 610.176078
1459.581334 246.338783
1083.009021 416.203755
1577.325714 1214.067106
426.202961 1528.942555
918.768532 481.005508
400.481912 1561.118301
594.209245 1507.956977
476.862229 1474.423728
1059.198580 457.197409
927.868387 586.468737
744.357009 995.386308
837.785194 890.606590
548.173762 788.104034
636.740124 839.486267
1009.650207 948.162126
1179.328793 174.540239
598.318196 945.665553
664.868506 923.866677
1263.306724 337.746706
1129.634491 1007.837380
610.528487 923.648062
148.144679 507.393562
1213.400949 998.817047
1166.771992 260.441582
768.625928 828.213090
597.036223 887.482400
569.885823 898.590548
629.622050 796.116724
1273.625759 1077.367022
677.029540 786.504017
780.009813 774.786581
798.463066 893.921790
267.328415 373.648145
1133.298127 255.895787
822.884326 870.212847
840.308028 840.000503
747.254650 803.831830
1393.894719 205.394724
232.934272 379.208421
1223.371746 100.156846
1208.565654 242.314664
811.033715 818.104612
607.261943 734.992564
1244.086854 1017.166641
237.551312 485.716090
1045.973179 998.639006
634.741370 758.258486
275.483850 441.497011
670.343378 859.968643
892.613968 905.077218
657.367931 850.644247
1170.000903 219.386474
734.739367 848.358696
1325.974490 1045.707228
649.728044 732.610017
1047.172016 963.246592
619.303434 791.808865
631.665949 855.683362
1319.709095 1083.170562
1118.834651 1041.560183
553.015783 888.705159
1241.047844 171.958590
742.384001 655.682849
834.258491 783.543321
220.390876 339.174258
575.782947 928.220157
1356.790812 1055.154775
578.031029 871.554163
1192.412041 1061.323679
677.373099 897.503796
1027.259565 993.618279
1293.529458 1047.919303
608.053367 845.166271
524.205955 965.157046
670.707701 850.697682
229.990918 450.863585
174.587456 477.187218
242.476281 248.945002
817.938449 767.539562
505.982920 792.242406
714.407926 949.356745
1293.867370 207.733959
1298.939789 133.588854
802.174611 801.209604
704.269808 850.974966
203.931639 565.896583
512.648647 873.080082
200.655985 392.206903
669.353917 737.622914
215.909452 363.740721
647.110233 780.619306
675.764257 785.813076
776.115001 657.994384
172.743870 530.128062
638.273996 883.010886
691.923132 711.171558
261.884905 333.062087
889.359449 790.409065
1147.562572 194.010067
1150.726302 1033.340959
479.238291 850.043807
299.300296 494.661521
700.030389 811.879127
627.116293 821.777882
744.758047 798.904182
253.298145 537.790123
1394.180967 1057.082487
254.229650 612.612375
1270.687354 257.340909
209.448939 295.050623
913.591092 940.888233
1235.786865 189.917934
701.798754 924.292914
1302.279914 263.694802
540.618954 814.972223
1349.854249 1020.797611
804.943743 853.179741
711.253863 896.436968
1153.071140 1089.381562
195.881185 503.683188
1228.381442 1073.548667
735.914455 733.420455
568.234937 763.219934
1361.273854 238.372164
708.108500 671.401364
191.680492 604.184811
715.978821 729.564329
927.875849 907.104854
579.797047 835.995585
1080.725926 989.053880
230.162390 417.252551
478.008832 814.197669
856.825054 849.485483
1153.154212 1054.640856
775.526174 857.299972
709.512315 779.836577
559.729915 964.117203
661.291607 788.264919
783.354615 925.199055
988.514660 976.553686
701.980248 990.273797
784.109439 940.926692
759.263244 711.946770
1236.525362 272.586615
544.977561 834.205730
169.340706 566.340977
523.504862 899.486292
545.364624 878.997977
244.934666 303.224311
1191.127963 972.948451
529.716250 810.376253
224.725193 595.316500
1272.130954 220.458733
744.511611 934.078418
1214.256194 82.325432
1129.249577 217.296021
209.341845 468.649582
874.330343 934.965141
258.680362 410.625140
1252.824819 1048.254640
1178.914308 248.522359
627.329036 758.368547
1113.179709 983.399386
184.593902 530.988277
509.523476 853.065368
551.356140 735.724233
570.735602 815.055658
1280.588262 319.090663
662.595698 923.642019
554.739982 909.161978
680.902578 746.769407
183.592776 443.727908
690.216036 957.367018
677.152438 818.805495
656.961125 820.948140
707.377154 750.849856
1204.865684 187.109208
709.529056 865.047800
679.684612 881.672871
1266.428908 247.983454
531.780116 772.494458
703.166603 821.577664
594.407475 769.256262
763.605910 894.871213
1258.652383 1109.430552
859.617292 718.165662
1328.022892 225.505594
1234.100003 239.689574
732.100899 904.901085
156.501788 595.382994
1212.508106 1032.403901
1273.301481 189.970979
599.004874 780.002393
1051.789177 929.610927
808.258460 666.354427
629.357005 952.623779
1364.020585 180.175965
815.343286 913.035235
1302.842721 164.781157
759.889682 964.506033
531.149807 877.368653
636.062401 815.269950
662.607967 980.378307
1183.085907 146.739151
1165.911022 999.359973
1238.095657 204.639715
759.964641 793.964046
781.760081 739.724842
1204.972667 147.515793
219.982805 530.786034
651.841789 1076.301116
619.844966 1022.534641
1591.639556 92.572590
115.408693 1290.083247
1903.627194 1347.769829
435.066090 1095.976881
1730.217196 127.596261
79.838795 1277.586302
1877.639426 1295.176836
1984.379131 100.954618
1699.270773 79.128803
794.777469 1049.917926
1694.863671 1385.600872
1803.712210 1284.227770
1790.011093 55.666303
727.229406 1019.625537
1636.441086 1437.214564
1787.605580 1375.277956
494.437864 1082.021299
725.106034 1050.246951
1709.517158 1371.952915
884.789522 926.113048
483.109983 1176.863501
1929.111184 1144.900469
5.064872 1275.646730
1563.662996 84.322804
1726.656843 125.919564
564.209358 1171.654159
1613.025193 156.460870
659.187591 1008.500801
1660.071559 1273.127463
395.285811 1157.285713
1814.999920 1377.021531
16.500644 113.350979
740.621872 979.952699
662.913018 974.068765
1718.115920 1432.757553
1818.176851 72.242768
491.790977 1123.040800
1857.301313 1338.658377
1652.486241 1463.419733
1835.386550 1304.529806
1909.670254 1215.518261
1679.586962 1419.355341
484.324005 1085.552372
442.251796 1015.474941
530.098077 1136.993628
1727.626051 1457.882641
3.078081 1285.551022
568.320699 1107.801439
584.706205 1201.350472
645.977916 1133.159698
715.184579 956.860254
477.825396 988.545041
1855.921220 1330.662086
1668.254155 133.350726
615.742909 1148.511386
131.004955 1323.545466
524.613363 1189.974520
1773.465704 83.927745
44.694447 1285.031136
1543.278250 127.845059
1801.578053 1248.294459
1967.885105 1316.512010
528.358464 1176.110370
1941.038755 1277.706632
1853.704385 128.034941
430.642244 1196.764977
1879.174660 1229.009930
1761.752620 1341.524789
1833.277959 1300.911432
59.890192 1412.628629
496.347243 1228.210179
541.822973 1224.411254
1711.583277 1302.696974
1874.923129 1241.065334
1742.431937 1290.428075
660.435732 1112.996950
83.865451 1377.609046
449.215360 1051.141313
434.695675 1143.057511
786.100237 940.899467
1476.786355 171.198815
1634.411356 1401.024820
1987.481038 1266.019501
446.473172 1229.661604
545.304673 991.619998
1720.190635 1378.523762
1961.231276 1352.887677
572.635276 1049.341851
541.848885 1135.731432
1732.072782 90.416809
1724.986874 1215.262531
637.451261 1188.955913
66.487938 1346.412263
1655.613310 1376.745581
1868.501875 1419.748960
1844.225008 95.233514
35.659732 1188.091635
1765.775052 103.137733
1811.068497 107.257155
1566.823279 153.165544
1654.209827 1406.465533
1852.366767 1366.538104
1693.270553 1268.795012
1460.764860 137.554474
475.247385 1051.192087
1699.469286 115.249241
1722.726511 1325.801523
1593.660797 127.999567
42.583729 1380.029649
413.466145 1190.906587
461.201469 1157.001181
473.016301 1024.875181
1686.496239 1342.569104
621.145867 1097.989264
1638.082616 132.054814
1860.403606 1205.115795
762.786434 1006.629742
1729.148934 1343.459830
497.193562 1147.363624
1784.843869 1309.249694
1784.424846 132.728000
1997.630370 1135.567186
580.721908 1118.632037
1937.042396 1291.144739
1752.821047 1461.231690
471.036343 1101.032109
100.045391 1340.604651
506.298757 1210.465438
1816.094958 1335.928811
572.666583 1016.982610
1640.669555 98.340574
595.607459 1076.364059
819.502871 951.891503
577.219698 1228.260383
692.990422 1146.621696
1556.720917 117.565748
1619.491871 1382.398047
1912.303804 1182.716168
1710.831264 1494.860646
1898.615295 1258.366801
1686.283955 1323.725109
1771.762053 1406.365252
37.337672 1215.016310
54.654730 1253.657917
1970.247901 1234.435240
1742.877153 1417.129956
564.354265 1139.272609
1833.808727 1406.212030
550.255885 1076.087250
79.178460 1231.745218
799.785180 999.998904
683.408075 1055.532413
4.527737 1239.243673
609.427516 988.261906
1659.814327 163.570229
830.260261 1057.059396
603.210468 1192.482574
1744.249324 1307.910605
1779.309363 172.047055
691.676317 1097.314115
527.409376 1046.773554
1710.589925 1410.002293
1728.512328 164.205474
19.671082 1369.686835
27.883370 1252.420630
1931.805284 1330.616141
649.366759 1042.495163
1926.684600 1244.879515
1867.280879 1405.836431
1638.855125 1336.672908
33.339162 1351.748723
1969.286662 1148.041868
1946.170543 1245.278327
1699.894019 1463.775843
1708.571891 1256.204482
1784.466805 1338.183803
66.618466 1311.392260
480.414601 1157.418240
441.383747 1131.430755
619.300996 1110.381681
1991.716347 1161.684368
1969.344924 1197.004383
1819.166660 148.633598
1920.058340 1370.057037
95.589501 1249.653791
128.538425 1217.270654
1689.135574 1360.135208
757.804008 1042.628736
696.239351 989.649272
711.417952 1022.543005
1999.629544 1201.475569
502.431243 1115.287243
1649.310307 1303.378346
582.204665 1091.405972
476.830580 1205.086925
545.593095 1083.077918
27.113265 1315.518395
1883.123392 1265.828842
