1359.450000 947.950283
1096.871404 810.962150
1202.367896 701.831386
1306.364894 834.418611
1519.579644 808.086941
1368.194782 762.142011
1554.534529 880.025658
1578.020825 933.292631
1273.684122 796.589740
1236.763680 607.801924
1174.743867 667.178684
1077.491763 718.420819
1117.002820 861.232357
1171.788793 603.992202
1574.303538 905.907942
1321.995482 912.250968
1154.074141 811.679354
1595.500220 876.740063
1294.014176 706.313767
1421.817659 1051.405514
1282.388776 830.769719
1489.925495 716.645311
1275.668988 795.719131
1308.825841 635.257188
1479.952913 854.754441
1207.386109 647.094586
1409.584865 895.592716
1273.588114 929.916399
1192.969643 646.983266
1372.829283 696.369014
1493.994466 1031.910367
1454.776636 796.384620
1468.890669 816.124143
1123.830521 773.175313
1251.843971 712.441649
1418.747818 704.619077
1315.828596 941.349356
1427.421597 846.266502
1246.592103 769.355659
1418.346277 874.529050
1295.259150 799.925647
1455.774679 706.502595
1341.520023 829.908902
1228.706519 800.456243
1233.750668 828.107145
1393.893609 826.428659
1380.511155 723.710250
1637.463766 893.321265
1396.019132 1014.972868
1255.554834 704.797385
1470.855850 1042.749317
1532.285006 976.256541
1468.210727 880.906569
1397.030427 722.922961
1571.059563 1046.507095
1413.803096 965.586644
1224.989542 855.902260
1399.384277 674.446661
1120.755159 642.724309
1349.220479 867.178635
1308.103750 797.740160
1493.910385 966.438468
1176.479345 826.252370
1614.647400 841.095039
1466.336573 924.090369
1181.996151 756.294517
1347.487649 880.781277
1394.797058 893.487701
1050.636086 778.980790
1381.448497 782.886926
1435.058209 924.810808
1561.657054 842.390337
1274.428435 879.543738
1600.882113 967.927659
1604.436952 878.948457
1317.471248 662.584398
1383.847266 968.515740
1515.215819 939.900795
1368.053050 797.868604
1197.676234 795.927859
1463.547218 994.228607
1176.558104 784.103624
1071.415152 648.609055
1550.275767 879.909935
1273.037201 749.944726
1151.002329 611.578813
1112.710082 818.876998
1141.629032 679.475089
1574.550386 844.312371
1612.296873 1005.203226
1355.154640 910.529668
1354.520265 729.508333
1269.401117 734.997430
1349.656493 798.917092
1554.279361 949.844708
1320.960925 603.329971
1460.960246 880.315075
1495.440027 879.251022
1449.099107 883.405427
1540.718938 1017.898518
1287.977812 710.830194
1071.841248 735.456360
1267.359578 644.749548
1298.915181 692.509300
1116.870525 693.380905
1345.492570 973.984025
1564.353003 804.215640
1363.829771 687.174879
1231.782376 626.582845
1306.731410 765.412924
1241.279513 667.888761
1395.864575 929.666849
1190.791535 808.621168
1342.401032 789.491168
1403.046707 770.958428
1155.755835 711.415356
1256.744817 678.104351
1084.637744 685.323665
1526.949152 774.913371
1493.708784 933.841760
1520.349314 879.074449
1237.788662 727.407281
1326.194660 665.532928
1175.016786 843.437027
1472.452306 756.393362
1052.548823 717.580295
1232.592951 563.466365
1329.286924 725.533765
1129.854608 734.374029
1211.362605 706.873443
1491.683256 853.993170
1387.363828 598.300460
1387.440720 636.855525
1609.161609 915.011637
1185.442502 859.387853
1381.602980 886.148575
1080.399756 796.493384
1468.877254 956.685622
1426.134358 800.611642
1522.394800 841.982883
1514.776796 875.612148
1236.177702 558.445821
1349.811932 639.211472
1216.733148 752.724487
1662.073435 937.624904
1375.030649 840.022707
1260.029263 860.669052
1173.621116 658.116845
1151.951256 738.549879
1134.946621 876.001513
1436.391397 739.549759
1473.025998 780.883962
1202.134244 751.014019
1279.417743 858.532977
1270.395378 665.085467
1303.795564 888.462600
1306.125387 878.125150
1131.460019 676.997162
1211.399812 671.216491
1221.785447 891.782315
1358.234146 834.245429
1543.101187 915.078895
1241.068015 920.917911
1084.380691 765.019056
1190.477406 726.628426
1193.922007 617.377864
1107.377466 767.876202
1216.215259 746.997112
1373.782406 845.514233
1343.028019 753.165756
1114.160210 694.085376
1447.928037 752.961945
1236.473173 779.161179
1432.077401 909.414893
1228.974979 801.969641
1184.488361 705.577101
1147.886550 681.377816
1161.623555 706.517131
1272.475551 640.663892
1286.115463 673.966777
1496.684128 993.974049
1496.311044 812.164825
1417.714777 775.236815
1426.885250 839.540206
1239.224989 819.149232
1233.924715 630.675624
1641.198299 967.822340
1484.897250 890.517030
1448.150514 945.751611
1197.334334 895.771505
1429.218811 1000.061430
1574.450097 980.215417
1212.484541 838.777462
1155.979012 752.943678
1505.563640 1004.506647
1153.840874 617.509451
1262.942154 606.405855
1312.131076 766.067844
1345.408624 733.117667
1295.727907 745.551048
1117.052277 1691.986507
1006.189687 1742.038910
1000.027657 1570.182849
961.076523 1964.231431
956.608359 1635.418792
986.729694 1534.815062
1037.627197 1898.690907
1087.374452 1816.031816
1115.345688 1954.681561
973.490735 1678.817718
713.441700 1416.208612
1086.155562 1683.660291
1265.813619 1838.695033
1017.893662 1865.838774
1057.739826 1741.866110
1059.097237 1663.474259
1044.200501 1758.225345
973.097510 1561.546460
1084.530138 1874.368158
1215.219309 1716.918587
953.207671 1801.470922
1015.586939 1910.247510
1117.024539 1718.825880
921.574459 1617.674650
1096.613264 1787.678961
735.773086 1443.794043
1017.847797 1882.356048
1268.838157 1701.493539
1151.176838 1681.233743
1012.952567 1884.785496
1193.671956 1860.956379
1092.956752 1817.076029
1186.683072 1663.700797
1073.436478 1713.039590
1195.780814 1847.085370
975.380497 1820.587183
788.404070 1442.600901
954.378716 1886.065969
1620.245536 410.116764
1175.670870 1954.604659
984.932952 1736.810581
1185.636071 1745.097242
873.099588 1522.596390
903.211975 1869.719735
974.252858 1592.547009
1058.769491 12.130217
932.987316 1741.393664
1181.784561 1952.060219
1180.688844 1704.479961
1235.311963 1898.774023
1164.662850 1803.716517
1064.095001 1844.823491
1114.898343 1803.369911
1240.212098 1823.867187
1205.325838 1821.134612
1052.636943 1716.014611
867.512570 1420.391131
1096.384217 1800.063833
1039.701716 1711.264182
1164.818352 1777.551639
1126.606668 1749.499619
919.143653 1934.383951
844.659198 1487.711357
1057.686430 1968.103997
1117.293659 1881.471684
910.929617 1673.841857
1026.549613 1629.859979
1001.837813 1852.188539
1083.789189 1897.760317
1245.574363 1862.245878
1269.338727 1726.258794
989.947570 1853.067506
1207.501563 1903.970713
853.343832 1551.449748
1056.182866 1607.913296
1062.109338 1910.587627
1020.661060 1726.204312
1082.699014 1698.677626
1155.734087 1822.314491
874.329668 1739.141926
920.529149 1760.496587
1023.165507 1824.768320
1122.957006 1694.852744
801.672519 1501.260166
1031.754085 1584.132936
787.875061 1481.239883
1117.863626 1839.530490
1038.373514 1842.841624
1071.971019 1891.015095
1126.953750 1917.930333
1097.344727 1515.922875
1133.148462 1761.765669
1230.276350 1774.842738
985.466070 1627.364305
1222.303388 1688.220911
1099.228909 1928.091439
1057.808822 1809.661399
1081.667338 1861.374664
1013.391340 1762.848349
995.462141 1984.142677
1013.089835 1609.185269
990.694235 1711.886632
918.341469 1793.068332
1024.588360 1721.611973
1097.005004 1742.849301
819.290185 1423.038475
937.885125 1585.772157
767.473877 1519.156114
1120.708759 1678.745585
1248.428972 1759.320463
1156.595093 1895.639199
1102.936617 1778.774827
998.349158 1789.225211
1090.555889 1955.580082
1208.464955 1860.447876
831.895529 1382.633206
1167.093685 1843.667238
1165.840711 1756.094457
769.105494 1446.333534
992.803627 1739.639307
1090.724096 12.124194
1630.800065 440.952410
1164.916224 1848.053382
1126.533076 1798.107018
903.689445 1815.231859
1068.941967 1572.200003
1211.635239 1746.111960
946.663966 1843.325729
818.714161 1556.409224
941.747889 1650.113577
937.786594 1852.021927
964.301372 1721.587048
1093.327783 1765.337541
1213.070641 1938.518001
1208.223337 1922.333420
1046.885404 1699.845593
1233.330515 1794.013668
1027.389227 1798.315580
1077.244998 1779.207276
969.198064 1677.039346
1463.685933 1825.759280
1141.080596 1870.592986
1201.080835 1804.777886
791.531965 1536.394213
879.509285 1599.689071
859.613388 1715.497346
889.230942 1554.472719
1498.164019 1849.159392
1081.833005 1851.500653
1053.775166 1651.851779
1122.248579 1810.631708
1007.202840 1764.901404
1056.687656 1818.255140
1000.478797 1653.328536
948.386336 1555.143411
1002.949484 1898.233461
1024.228370 1982.930762
1039.010620 1871.100060
936.713270 1773.565730
1151.122529 1733.404476
992.129633 1812.246985
1029.259666 1681.709185
974.668316 1780.442856
1031.837630 1860.352599
866.348561 1754.299190
1152.508703 1905.129670
1046.471867 1891.131912
1152.585864 1752.951557
1016.531225 1506.390443
1053.062012 1773.348764
861.933676 1649.218501
1109.985715 1894.829194
960.614582 1707.656725
828.464386 1518.694431
1183.806216 1903.885133
1005.113706 1819.448587
1113.183772 1835.315245
1138.001156 1714.371110
1286.431251 1764.281813
983.604404 1769.033029
838.709528 1447.176242
752.232283 1485.220991
937.484546 1706.106958
1101.585371 1660.820149
1172.673925 1790.486917
1048.207605 1796.702461
1146.798656 1995.415817
908.791806 1838.767350
1042.358550 1859.801816
1098.727212 1598.228112
786.288005 1403.914850
1076.929375 1759.430732
1184.714783 1919.294886
1136.961417 1778.402311
1025.606455 1829.788945
820.829028 1469.293439
1124.433239 1866.718376
1032.911060 1940.962902
1160.927701 1948.681975
1173.518328 1683.991118
1550.991687 83.077072
1379.278058 135.933274
929.358608 87.960654
1694.399753 146.405666
1017.124520 1286.685277
1256.698076 1165.715347
879.801028 168.461482
1193.657980 1316.821788
1188.050474 1217.897919
1609.539078 255.377069
1637.632478 232.622186
1416.334688 77.296032
1021.152974 124.795220
1118.016791 158.794373
1441.397599 142.942474
1248.776847 1254.596706
852.025671 93.264170
1576.428144 170.916081
1207.145143 1250.257401
1160.405066 1310.901240
1005.694923 17.941074
1079.370163 34.967677
1285.093256 120.546408
1159.002253 1270.361947
1384.205386 110.457092
1116.491708 15.316358
1631.190020 166.776506
1091.251670 1961.234215
1493.273953 198.759898
1149.970260 1200.970246
1053.757999 1965.034191
1543.559749 145.857914
932.627104 138.529043
1061.091286 1220.836551
907.830662 69.701156
973.154612 133.663544
990.339439 1997.388506
1409.533730 145.647076
1408.653963 261.611057
1460.449863 211.096898
1542.510021 243.929534
1025.341920 1244.834448
913.512564 161.282762
1000.298502 223.823666
952.617274 66.920692
1051.169092 1271.975755
1098.446205 1309.465537
1141.693083 1254.302986
1198.042061 139.521409
1704.758190 222.394321
1449.088579 41.895678
1331.189658 116.016646
1114.441018 1236.773002
991.788091 71.507515
1126.017934 1177.634156
968.429963 1910.863562
1059.518030 199.324677
884.169084 133.184447
967.416555 161.269752
1277.004612 156.208367
1164.267838 1231.687485
1294.048506 194.271577
1740.303609 222.134225
1659.570805 253.802468
1212.029238 1288.220549
1487.366274 77.845359
1369.421222 104.183624
1286.256414 1225.004171
914.817564 109.967748
882.242197 155.425536
1372.500325 160.952408
1139.480905 1324.049033
1041.877728 1901.223023
1691.429035 255.751944
1206.711854 81.472292
1391.131471 219.407783
1044.441171 1307.485071
1130.307626 1245.397553
1171.681949 1197.293773
845.970911 172.280820
1182.958337 1161.282314
1087.041756 1926.525355
1710.826530 292.861216
1470.588481 173.859412
1442.210999 104.634774
1219.700114 1219.978668
840.938905 127.877195
1509.348212 165.258466
1029.290469 73.860535
947.830036 106.201991
1309.044225 1183.042593
1351.780976 83.073464
1001.969653 111.533265
1416.045905 131.678400
1335.081600 188.290801
1326.713374 144.495127
1091.208326 134.636091
1361.474007 109.123550
1149.181267 158.260534
1067.372410 1257.596434
1477.892369 180.029251
1115.041981 68.899413
1529.967969 196.483157
1053.983846 26.253278
1516.793746 238.391831
1132.952798 1938.150300
860.719534 24.661322
986.483180 191.792882
1615.980804 200.530833
1253.974602 102.622051
1059.803811 83.526502
1602.500408 144.214688
1213.519701 1179.342634
1780.630107 252.696138
1536.808899 191.348948
1235.135487 170.344520
982.229194 99.846174
1423.340875 175.341185
935.403946 212.574049
1144.730694 1274.673951
1244.443506 135.931820
930.258677 18.642823
1579.080383 110.850347
1024.218286 49.161365
1423.080493 113.140328
1388.907125 72.595970
895.895120 33.430284
872.761155 73.999339
1453.451136 75.257585
1046.982094 1194.566679
1490.821114 229.460456
1682.361844 290.389166
1022.337291 1882.445993
950.779909 59.538242
946.425503 1903.181660
1510.804413 157.834497
1601.034537 192.028324
1002.831628 1925.985405
1144.072277 1212.770822
1180.486387 1199.462319
1663.967771 171.403966
1398.416140 36.580317
1258.883564 1223.544963
1365.943795 192.921276
1131.278950 1295.581808
1106.169745 1139.891506
1555.759321 215.757916
1530.735547 104.870863
1571.318227 253.925839
1045.635648 148.830893
1018.299055 1948.385436
1085.473953 1216.592941
1037.907931 1224.493732
1496.371892 98.363348
1080.472845 1173.000860
1590.354450 223.123996
1092.605742 99.367337
1749.755328 298.758744
1594.300961 291.016516
1653.955965 140.942977
1064.656368 1247.152756
1556.270312 134.005393
1491.466499 153.074245
980.269594 1882.275739
1241.938414 1310.457560
1102.964275 1272.536631
1135.080373 1141.748213
1084.991987 1994.871380
1120.859372 1381.392039
1660.448927 208.116794
1078.209067 1159.506810
1131.228791 1308.411084
1703.665615 190.539282
1060.232544 119.327475
1007.679098 150.876523
1122.328524 117.886133
1729.881255 262.880704
1096.888469 1238.284117
1163.050615 119.485588
1472.975136 132.722101
1156.024407 1179.135780
1175.785050 100.269871
1304.844834 93.167823
1632.356914 113.058614
912.002332 89.782674
966.355164 186.547376
1385.424215 60.871289
1524.643848 37.622221
198.227249 1662.071441
1515.942180 124.987025
1646.531147 286.054162
980.865677 1962.217706
1077.721012 1892.907544
1103.152019 1198.136649
1255.300691 1275.250159
974.997893 33.222631
833.269667 61.960603
1190.218604 1255.785128
1108.147781 1349.956244
829.588806 96.020618
1444.474712 1445.096185
1276.110927 1400.786399
384.727938 767.195819
1523.229852 1497.787336
1384.312975 1473.061630
1442.045139 1499.680921
447.845030 1385.219616
1337.151427 1244.281008
1478.915119 1260.577119
1308.522552 1491.738280
141.252131 241.838559
1306.783224 1318.805913
1536.188229 1315.649821
1234.194478 1465.220416
380.820970 1376.940329
1360.673919 1580.723243
1344.854438 1526.948488
1303.322191 1380.852073
1421.528103 1472.909997
391.093072 1339.613705
1321.675765 1415.778407
1263.779947 1407.972827
411.538564 1308.109436
1218.099992 1326.893851
1497.716958 1338.481206
1410.728178 1383.003141
1566.567863 1451.490164
432.414617 679.183040
1567.855457 1576.002528
1375.482851 1233.342261
1447.007778 1306.716580
1244.644370 1395.517683
1260.756686 1297.678301
1200.257991 1527.384851
1460.679481 1490.158988
1437.323414 1406.171981
1461.388839 1444.098499
961.543956 980.529101
1475.408007 1528.799246
1296.356076 1426.374372
1255.087325 1370.879818
1394.064927 1328.746996
1412.275162 1467.840815
1479.405032 1289.476432
1506.201076 1301.915003
1389.193431 1332.667473
1306.913305 1535.251504
1581.758067 1363.675880
1408.436079 1449.516876
419.740668 1407.815507
1426.965973 1272.687422
905.562878 969.418915
1317.899722 1419.975982
1328.624400 1357.278818
1398.290908 1303.552062
1271.956480 1237.311319
466.453108 1360.082828
1365.320172 1500.292854
1521.839181 1551.564465
350.430306 1375.618511
1252.435389 1361.271717
1521.517309 1510.893096
1249.034396 1340.582303
1466.608432 1395.364645
1372.787843 1391.816001
1310.150713 1389.182308
1392.759552 1428.709944
1364.049160 1446.859007
1425.240529 1213.757631
1597.116994 1476.523159
1258.959133 1267.149315
1511.599914 1431.649929
479.754934 1392.733602
1482.539544 1492.844187
1185.831560 1413.996906
1519.804994 1362.096802
1448.054860 1237.218481
411.148120 1346.400450
1316.850525 1355.568788
1428.569907 1506.724065
397.682175 716.904988
428.525758 1336.915548
1462.058529 1333.258265
1364.203943 1343.992512
1532.943065 1420.677182
1458.400685 1548.921900
1413.980929 1318.065582
1337.275879 1500.019482
1245.744069 1314.759471
1405.380680 1412.435847
982.296957 1002.795297
1506.756796 1473.515560
1403.178020 1380.720238
1452.102544 1363.112487
1170.996546 1391.476794
1207.706908 1245.770805
1454.282172 1471.468615
430.730162 1370.019118
1165.463031 1360.328720
1464.630712 1585.966339
1302.944903 1286.459321
1391.013850 1286.853442
1143.559793 1425.274801
1364.824266 1243.254939
1369.416663 1417.510291
1385.734030 1509.713059
1375.507242 1384.307465
1414.873645 1547.342721
1370.505816 1205.012179
384.880631 1415.189273
1305.501876 1329.456733
1290.818778 1512.466610
1502.922293 1392.456309
1345.216309 1552.483873
1407.623836 1299.633285
1535.998618 1455.465537
1482.246071 1419.758659
1452.617371 1445.481509
1585.608690 1511.425492
1377.044485 1460.523370
1358.824372 1262.446866
1572.221321 1425.356137
1218.000513 1396.165924
1347.690841 1382.590963
954.640048 1026.299264
1322.351572 1202.035631
1276.920414 1542.139248
1624.887306 1522.774962
1488.243151 1542.191881
1458.729743 1408.453847
1358.997994 1271.327943
1338.357718 1481.744813
367.863070 735.621675
1267.266027 1443.952546
929.357996 937.309622
1224.506886 1364.338489
1377.274769 1484.989426
415.071273 645.079806
1346.788726 1295.378583
1439.878699 1365.447557
1437.175343 1497.613278
1491.343006 1340.907690
1338.601809 1384.498376
1428.543655 1290.750342
1334.916415 1447.801706
1431.866967 1355.961870
1536.413747 1504.500127
1276.664490 1344.268881
1395.064655 1565.529529
1220.642133 1294.429718
1558.256771 1384.660092
1467.573571 1525.848078
1428.010293 1536.275577
1494.243703 1430.087939
1348.595319 1434.866848
1426.489433 1422.440531
1565.398119 1484.920148
1398.803791 1211.823329
1485.236677 1371.525302
1282.641948 1307.762568
339.052458 1298.599121
1225.200939 1513.750696
1392.810868 1530.835162
1311.556214 1231.657096
1332.224263 1283.932104
1488.838065 1591.436255
1294.284241 1250.442623
1337.786290 1321.089169
931.431035 996.490779
1394.900265 1532.506390
1154.114008 1472.475807
1518.594788 1347.884829
1537.724205 1455.563278
1413.640888 1356.971186
1475.789321 1308.813378
1282.535716 1354.122510
1187.398780 1325.767408
1285.131462 1448.652521
1254.941996 1377.951794
1343.864090 1362.877235
1324.295643 1578.082964
1417.265526 1561.076447
1199.353644 1356.862037
1337.522355 1329.343057
1173.859931 1473.375494
1330.603100 1466.184680
1262.731226 1487.901793
1572.762547 1545.785505
1373.419294 1345.451251
375.360466 1296.829247
1299.839829 1453.144931
1365.204146 1308.787996
1247.838730 1317.293024
401.026852 1273.515456
1239.982662 1428.034464
1480.064899 1467.233576
1326.372892 1407.052142
387.754657 632.221541
1385.866807 1406.395162
1123.412534 1409.453611
