1188.382730 874.406255
1069.826742 823.671905
1143.183197 955.970285
1227.692471 894.198384
1446.142297 842.701284
1291.911655 837.200797
1478.186422 659.663616
1647.149435 1133.524675
1224.610501 812.104779
1070.254158 873.675707
986.190630 968.596205
1004.896157 884.882407
1040.974254 1037.193765
933.333711 905.806023
1541.307489 726.281519
1104.917956 1075.537500
1047.685387 856.284434
1547.329387 691.756204
1273.936956 935.529715
1363.367642 866.992034
1211.744600 945.850460
1459.433477 790.473217
1140.158164 942.346661
1252.971673 713.808652
1438.485996 649.130895
1055.825218 1012.143676
1363.397581 699.904736
1119.603894 971.131563
1149.250356 832.103545
1255.933436 902.661605
1407.904713 697.044519
1431.419755 685.260658
1402.428508 881.012226
1026.182247 1041.522978
1167.390580 971.264814
1047.297672 915.422042
1144.069503 1046.771204
1361.516550 763.292854
1250.970543 834.419987
1392.459132 841.504127
1233.191881 789.282624
1363.450735 637.946435
1262.056527 897.111881
1165.293871 1023.549938
1017.888570 978.018011
1331.417277 768.169617
1377.702065 726.992597
21.597003 991.182554
1416.406242 1078.786295
1285.657650 770.345285
1379.102314 787.901205
1515.697679 652.645912
1459.976639 1091.167078
1351.987133 866.485490
1412.371084 904.419753
1392.505018 728.494840
1056.164530 930.724676
1368.791829 766.714328
1058.564422 974.928607
1313.073350 754.734323
1208.506386 931.844813
1512.107257 896.147409
1202.590228 968.799013
56.744625 1092.896714
1446.623308 1122.846737
1112.214487 979.625846
1346.709259 829.792752
1321.197964 809.293250
955.094736 932.388632
1295.572236 728.716534
1454.815779 806.796347
42.144472 1053.028146
1153.499232 1074.561211
1572.243951 743.659430
42.448483 1124.853504
1269.148080 804.190443
1220.058045 993.644622
1550.446418 1056.988588
1345.035526 606.860115
1129.090930 1093.853136
1394.067404 809.972191
1173.759290 976.334550
935.501835 999.193437
47.312625 1242.227915
1160.342266 951.771359
1034.876194 955.191218
1005.304896 916.502211
1028.213451 992.024174
1573.778153 1088.891724
1596.613436 1104.699139
1322.925059 805.321735
1195.912468 1079.968749
1209.683961 1001.166474
1294.602848 826.883152
1548.418294 773.486006
1176.947727 1000.531601
1419.016482 820.025058
1516.039819 767.121761
1498.940291 1095.444698
1533.858064 1125.790556
1112.790941 993.222411
979.010857 1027.266916
1194.213410 1044.474066
1266.613300 801.780744
940.550835 852.849818
1295.540132 913.096879
1474.931715 766.472403
1254.774451 983.713570
1183.690323 1187.861347
1291.245796 1128.916637
1187.939940 833.717419
1288.995671 960.124698
1088.398404 1112.775495
1241.580364 871.053449
1426.208732 788.721022
1111.384379 1013.472382
1236.593820 750.573490
1017.683721 905.651868
1455.343014 692.480531
1514.559350 704.174336
1500.487906 741.950821
1140.465860 920.146943
1297.380164 779.806861
1145.088229 1127.675040
1470.356219 726.035313
997.124484 968.011383
1132.938230 903.395630
1330.629617 858.929719
1017.515668 1005.171929
1060.477426 1067.133137
1440.094700 614.490258
1318.476491 817.693048
1339.770502 727.758374
1599.929481 1025.935152
980.966075 1003.675157
1368.650207 809.798669
943.844743 964.960260
1416.224492 749.048573
1401.881843 772.295926
1477.963146 707.598750
1498.474856 795.772394
1037.678276 958.813805
1265.839270 864.699026
1071.355916 983.468737
44.389287 1017.773423
1305.435024 702.497421
1122.373519 1016.371759
1058.151894 1101.271786
1083.109493 1064.678952
954.944296 876.047706
1437.213687 722.877391
1467.937693 883.452127
1072.792685 1034.791849
1201.609621 768.209356
1086.048870 968.505739
1319.593663 890.334751
1094.684257 952.839070
1100.359721 837.385713
1189.320348 1037.463350
1145.969455 903.734832
1266.053003 847.887652
1474.060366 773.923907
1164.683572 1098.316832
1000.381577 933.391355
1025.247134 1081.545596
1097.921178 1021.210123
943.829656 1032.102493
1176.289237 919.548111
1323.198584 751.704299
1298.480724 871.898851
1095.103603 914.641642
1347.603163 671.186386
1127.199455 1038.448255
1382.676434 663.342898
1179.280529 927.423737
1071.271584 974.953322
1078.693611 913.646024
1113.505804 927.682108
1165.354687 885.981584
1151.477054 864.121178
1435.691000 722.970741
1430.092990 887.446667
1322.247852 920.817598
1446.753264 755.775470
1205.813305 862.999594
1063.791916 941.207014
49.009268 969.252761
1542.645144 1092.481649
1363.640423 898.248037
996.416588 1057.167731
1387.691429 887.358342
45.325593 1166.528679
1165.685715 1007.957358
971.089841 907.723878
1580.324647 1130.820282
1102.271353 887.122183
1132.213152 875.187129
1159.711363 1158.361751
1357.931993 722.510257
1208.514074 904.571676
719.817933 219.772523
604.131753 342.316024
1962.931953 88.402835
1648.608335 600.793949
708.572636 1932.818234
1941.648105 1956.642979
860.224625 1944.599883
410.283486 291.360705
899.845857 1946.788726
643.380206 157.180469
539.802457 406.422013
1862.665159 1817.004583
606.967398 465.269368
1868.507366 1854.514438
660.156011 220.659175
232.210815 924.258036
688.811923 327.129157
655.925122 1906.415004
816.314246 1960.802296
714.391714 168.019486
612.785883 1912.813778
914.012670 1911.959531
469.555338 330.276705
835.285786 1989.169419
594.382007 291.726741
1896.853742 1923.631754
699.518311 447.907735
637.333617 383.764377
723.193026 1922.020216
1739.968892 585.178636
497.187398 411.833569
635.429103 393.936307
669.341440 320.554486
934.185530 1965.727882
569.792575 427.663935
894.915984 1940.313541
614.377551 346.857668
534.987298 427.241052
1852.750929 382.268608
1806.184985 523.500260
612.215211 315.554125
573.124847 320.816490
1900.697930 130.261610
779.637347 34.204922
770.383350 1899.492968
1694.758324 641.756639
804.923092 67.679169
631.356666 321.868768
1900.031948 1873.129322
1804.927312 462.757248
617.734241 448.021304
647.759527 507.569357
1834.494670 436.362600
722.076038 351.380317
513.035321 445.874188
603.030914 380.479696
1918.141354 1996.592362
546.871001 265.927499
1906.983884 1955.674603
727.684706 251.179312
599.446603 412.027348
1313.912841 587.672092
647.499557 359.999395
1753.617685 613.843826
1847.994551 347.786767
784.536176 1929.012226
1867.021353 1891.209099
1893.012207 252.480712
668.550998 444.801886
735.805411 144.564731
570.128031 513.765374
988.426091 1895.959176
918.226967 1976.894384
1860.052663 242.097696
225.115910 1009.980311
1830.863460 568.310396
701.207713 88.419459
709.791763 1958.509868
612.130252 188.735409
515.663180 281.614795
470.091781 446.314004
1788.481051 554.286793
515.662164 381.200729
434.021378 363.414394
1929.158263 1907.244104
563.837057 354.624883
663.375879 276.687698
1830.433687 318.644520
609.860036 513.255310
1895.014470 206.600820
1899.057076 1870.855116
656.285031 352.009194
683.689575 145.510867
681.739558 1935.782379
1895.913927 1828.129769
491.657339 546.683332
532.165844 418.921363
1840.293627 506.772883
652.060524 467.354520
1674.075021 618.192759
190.842164 959.542554
703.365005 1883.734356
269.578432 1105.856915
656.379973 1995.954787
541.447749 380.795505
728.259091 282.806988
649.099494 1952.446338
562.528914 455.787364
865.907574 100.902747
581.387312 248.966463
499.650869 382.710767
547.592397 453.057422
608.960603 263.560912
1815.462343 598.604510
464.083396 399.574832
1922.902928 33.653126
468.438219 368.300734
725.870473 82.941771
545.762236 486.695513
631.281131 411.683474
1705.978208 618.185520
685.739938 1985.911650
522.742203 473.793298
644.305810 251.167312
692.568625 405.412138
247.015441 983.058831
552.891876 310.749371
1859.390589 518.561588
1888.012526 165.066898
764.368072 66.885808
615.522674 279.135083
411.972032 326.439107
520.647560 434.688987
1839.100453 472.143427
865.312094 1910.517587
744.458742 1940.823692
722.487024 385.990837
500.276881 347.705990
583.066319 389.615683
225.815057 958.167100
684.175917 308.861341
490.005074 503.661890
636.154123 210.761585
612.554293 487.105543
1927.931224 1851.490582
798.911316 1960.790649
656.304699 471.315562
1897.898080 60.991246
701.228467 417.289307
652.070266 1944.541496
438.410924 435.395548
281.664514 1146.417199
736.062862 308.358364
679.030450 1934.861108
1969.042172 1900.483473
453.941649 482.227704
1730.811315 655.386028
1764.049715 528.356144
743.920929 1974.666990
689.194314 197.205777
1852.973191 1782.871747
232.738180 1050.746725
562.790997 316.837909
986.931755 1966.488261
1939.116504 1871.848607
532.509642 525.274987
679.198478 373.339973
651.429721 330.453028
1965.329021 1934.165179
1858.437133 206.652266
774.583683 1860.492152
1777.735296 498.006371
743.433334 1915.740906
1950.383581 50.724045
691.126359 369.627866
983.171499 1930.744081
572.505936 354.788247
533.742528 337.560730
582.287476 392.823525
499.380986 341.317175
1951.945737 1986.249109
1889.942854 97.753194
640.619142 280.562843
754.155544 117.373431
671.470489 406.972161
475.424899 449.043399
1774.268584 580.538249
564.797724 398.157228
878.248088 1902.019979
264.175547 1033.136452
1933.635311 1891.486864
672.684448 288.286794
737.088442 322.907561
643.946547 132.903562
1927.944751 81.216756
648.103663 358.283224
714.699295 338.185595
528.801945 350.120137
1712.845593 562.248940
619.455408 431.729627
345.994476 347.956660
368.339301 466.056354
839.019537 88.631329
1019.261873 1922.899806
1023.582360 1540.619610
1080.703589 1747.906908
843.341897 258.025671
962.124905 1964.160238
1211.982692 1618.453741
988.316674 10.474661
942.925127 14.541554
323.141336 513.885283
953.200005 218.812051
954.500551 134.183134
305.047377 390.344197
1158.160671 1620.176212
802.708928 235.436335
790.849262 68.853027
1143.045784 1681.670480
1154.407866 1757.230768
1006.940369 135.796974
1032.275723 78.000110
220.725536 422.160279
1155.536349 1727.816357
361.882677 313.922699
1044.545410 218.485097
886.892495 1969.867809
1083.198348 193.873324
849.057609 171.998043
1088.362606 1674.590629
1076.836984 77.777084
376.884834 274.057307
806.707305 72.921149
1153.902527 1579.753758
770.127522 95.855544
863.688269 135.635770
954.348231 72.537195
254.995825 494.215769
357.781880 390.572618
419.979884 391.722233
898.591390 85.680530
1090.085178 1565.502322
872.576802 215.820240
963.146616 96.395527
892.224413 175.859943
1017.661348 1773.646351
1035.091729 1643.838047
1140.335966 1678.666492
1485.984330 1706.411344
1020.595560 26.382239
295.500921 334.854679
1556.702435 1728.493519
986.062786 1865.347814
902.282382 265.754263
1048.920769 1598.652862
838.768354 206.687316
1034.392907 148.445481
913.269523 212.328671
973.488193 164.483253
297.172917 458.370675
1013.651973 1735.625168
1332.910486 1704.423758
862.870767 84.878383
870.774206 80.445388
1191.116960 1711.591712
185.338545 412.211667
193.126365 479.822341
943.025131 1627.825268
902.903165 222.286704
752.958093 64.027674
331.726855 466.958709
1216.652519 1712.501998
937.597553 113.447477
1095.999987 39.477414
1233.273000 1663.466308
264.202995 403.065456
984.916605 1795.630936
1066.027086 1627.688289
1033.441334 1653.424259
733.473018 141.851397
1089.026937 1643.173120
1010.398356 97.711373
959.325102 20.883833
235.623034 459.356906
311.262028 308.575987
1114.949511 1695.365441
734.595020 106.484538
401.044667 326.593023
1008.677082 232.589218
885.228743 129.536842
992.185621 1736.371762
1523.421420 1716.972686
877.535165 257.938483
298.977440 537.760333
285.343021 361.853989
270.148074 345.191692
1163.369538 73.095558
309.052128 576.017445
1021.934167 1704.891024
1003.653601 1608.756526
401.947437 453.504759
928.763653 113.342078
881.081540 130.071656
1081.433812 158.060637
859.399298 183.108888
1118.242249 96.216747
364.342985 431.450907
926.274233 154.256884
862.650911 29.009765
219.022681 502.471693
934.578140 120.806850
858.052505 224.601510
1009.204596 1636.038155
1054.051287 43.030063
840.707434 52.546632
245.665572 386.661175
889.881056 170.009713
466.724900 459.909001
765.303144 74.758462
1050.811118 1695.849937
200.734856 438.222337
764.361480 14.727725
375.657213 401.490428
983.633590 202.794698
323.477841 380.018640
948.503829 1989.496974
772.274201 157.752601
794.515916 198.649892
376.838492 348.474870
1115.887319 1623.636266
336.470251 377.855100
985.374709 108.071905
930.074295 200.271815
992.614660 64.637481
835.161714 124.038234
263.033883 504.153007
819.417161 44.793124
807.128404 139.181316
1192.723623 1645.284192
1046.359676 1679.639017
886.496265 16.186590
340.086501 498.850954
1115.446183 1733.427020
331.409004 408.806468
1234.044515 1592.030944
1044.467610 1567.370284
896.922044 50.601721
390.700483 374.647909
806.088675 157.501014
1051.956824 176.917006
960.146076 164.242057
1114.507087 1599.847594
820.349391 1883.042632
295.781305 480.744244
1010.016605 1672.008433
777.560444 123.581969
1259.499745 38.655795
1039.131709 1989.552629
811.615136 109.880331
1170.058773 1693.961401
1052.309291 1649.682418
806.314678 146.458334
283.791575 520.702235
814.213890 270.672626
1195.474577 1667.962119
1071.396617 1706.182322
965.074276 1589.178802
998.845215 56.587784
1132.437619 1667.040108
854.338974 12.868465
992.946767 1565.501478
1045.405150 1751.368331
912.632180 32.704754
976.325044 254.835318
1052.471522 112.112270
1255.981385 73.399349
1086.170020 7.702809
1075.816782 1598.146164
905.252731 96.251626
270.562603 436.548313
1083.374527 1635.368695
1336.479083 1669.740182
1160.747972 1648.342936
902.985904 1907.882828
906.535251 109.698564
884.826048 48.279253
1238.842532 1745.221830
429.315946 285.522663
1875.000303 1084.567319
404.085384 494.133821
829.193719 192.626591
798.403320 109.422035
1045.301486 77.246074
1095.622318 1685.459353
1253.704260 1706.089175
1016.724395 181.180794
300.122371 424.310480
1045.146228 1881.353925
1126.563129 1711.708300
268.965951 453.458417
1143.562885 1357.428664
1186.082702 1268.554549
77.050397 514.566733
1493.152212 1329.667233
1506.831767 1382.513441
1412.711104 1409.797389
169.722510 598.703433
1319.852222 1129.499728
1501.910610 1166.103871
1298.085914 1296.611333
237.120929 667.655110
1207.950411 1114.103872
1356.132239 1138.174033
1293.280435 1411.576725
214.170606 604.108196
1527.092625 1400.171627
1469.380824 1406.002270
1267.694253 1268.005580
1238.936452 1291.303304
126.088863 633.683604
1432.183435 1189.371321
1272.356278 1274.090412
131.193740 448.710209
1308.559480 1271.748043
1463.587719 1225.025105
64.876310 518.166670
134.340490 592.027865
1391.860524 614.838733
1549.841507 1428.919403
1177.240554 1147.893491
1473.697794 1190.070336
1374.854510 1380.836528
1430.370872 1132.960785
1381.808567 1349.747152
72.224204 609.998374
1454.914423 1305.010865
1389.132292 1302.006252
232.403855 573.144861
1256.646665 1307.533281
1288.554143 1322.084298
1398.977754 1251.314525
1316.342657 1171.833979
1238.651684 1360.032866
1335.589694 1123.133623
65.078418 446.606052
1259.715842 1197.154887
1440.499521 1386.436943
1561.492520 1273.286637
1354.885108 1354.925401
144.618373 646.096423
31.049809 441.769495
171.913756 549.443532
1475.843017 1254.704123
1306.540080 1255.849035
1347.324167 1164.365226
1383.437784 1106.701229
99.481538 527.575526
1218.441897 1414.713772
106.365764 611.953408
139.541345 531.903737
1342.517207 1243.589134
1423.065990 1308.606081
1205.025818 1282.339492
1315.342173 1314.046491
44.750578 545.665334
1451.579510 1153.854010
1282.146537 1305.522338
1219.995673 1335.147762
1498.863870 1130.617818
1389.251806 1172.047744
1256.532550 1228.305555
1502.920814 1207.968685
126.771004 679.796477
53.214055 597.341751
1366.684430 1200.495266
1561.742397 1252.486818
1408.169461 1089.380656
192.891959 571.435443
1211.863611 1286.074267
107.261680 495.312445
173.823094 502.443786
152.100960 580.017411
1250.817441 1157.762340
1351.486676 1200.112922
1531.703498 1227.842481
1506.942642 1494.052537
1331.429406 1180.824062
1370.875155 1397.852179
1340.708890 1163.140636
1375.447692 1261.578815
211.962087 640.439457
111.242807 555.601013
1450.562539 1247.151365
100.961059 457.888256
1487.215811 1245.408007
1295.380560 1106.820409
1456.377487 1332.577661
163.847022 635.116184
1438.428140 1224.162309
1392.074008 1443.674199
1312.635919 1093.094659
1314.361382 1126.606905
1192.807505 1324.487998
1400.388881 1080.926379
1216.866703 1257.353902
1418.217155 1318.507441
1351.789952 1288.647760
1442.447160 1445.869312
1433.668052 1147.564297
142.582885 618.694472
1278.712430 1167.422110
1254.061784 1460.819824
68.845718 482.643195
1355.506747 1415.416779
1208.512898 1142.072279
1471.604016 1352.894800
1424.620668 1274.412340
1349.011167 1295.075129
72.375742 564.518201
1380.553146 1332.153031
1158.986519 1250.208579
1201.881836 1233.172458
1517.103566 1294.420888
1405.454249 1169.747420
170.018581 697.247095
1350.528080 1097.633647
1350.446623 1231.076569
106.108954 647.726414
1249.080389 1422.752986
36.382851 509.654126
1441.016701 1113.772332
1333.333919 1379.786211
104.115231 527.596132
1516.678586 1360.402968
136.549451 526.642129
1252.902740 1222.829108
1319.623244 1416.161028
1354.098457 630.603377
1220.736080 1198.898726
1337.427283 1251.479524
1200.024490 1382.447471
1262.142226 1105.707788
1287.612579 1143.210500
1385.774521 1191.999344
1508.753685 1268.368763
1440.721214 1252.083421
1349.920924 1281.709769
1473.050585 1112.000676
1342.441955 1324.775899
1150.374076 1181.260868
161.921021 542.961416
1559.760360 1363.289453
1538.440170 1320.086160
1247.122718 1297.336892
1428.859806 1263.825504
1183.105323 1312.574183
1378.212294 1296.824472
1369.402586 1066.800954
1476.461456 1289.370101
1321.778421 1114.081732
117.585859 567.702500
1196.449199 1358.055482
1163.379820 1372.078014
1432.740974 1104.205076
1385.229597 1225.512606
1466.909868 1379.136880
1197.486044 1197.380593
1106.779010 1199.094804
193.962407 671.935935
1630.186001 1365.872992
1292.559122 1341.939612
1299.447081 1191.841662
1303.625211 1230.384190
1446.016300 1178.389848
1403.266349 1227.962300
1279.099127 1175.662414
1215.369341 1234.772319
1286.911098 1230.673219
1370.472604 1230.526967
1424.295405 1212.739348
1270.739570 1384.213420
1297.829217 1445.197944
1335.368060 1207.545838
1491.699117 1221.718108
1504.696343 1417.464833
1405.434343 1381.829751
1289.290198 1391.737952
1591.459008 1279.592419
1397.455208 1124.113245
233.197503 504.979414
1514.350967 1332.809443
1373.565782 1220.064540
1319.217539 1232.262274
149.639906 483.015661
1424.607692 1356.880947
1328.835954 1440.340518
1311.878865 1362.421905
202.226437 493.968153
1377.995391 1283.468487
1453.651341 1289.993782
