613.489234 142.785697
537.556218 180.626596
578.921130 1634.194415
639.267517 172.055474
858.232822 236.424645
710.401206 142.285874
919.846950 89.088190
963.683438 60.203825
619.145272 81.604834
452.967311 267.245108
369.965817 242.492934
369.814367 82.613323
503.853159 1597.744333
307.559095 242.729887
968.377181 156.189031
537.877052 1734.259917
421.932401 100.132838
910.881561 65.974215
659.563303 199.984417
669.334843 138.464339
587.392519 1605.312647
938.705814 295.998078
516.967492 1658.741387
671.790431 63.830436
879.625272 53.459766
454.619941 1545.167003
842.773882 136.308232
506.229369 1555.906299
504.471552 50.114733
633.838707 135.807545
913.939692 265.187292
858.689774 101.543494
762.389389 149.938563
494.026581 1650.712612
549.043136 205.211653
458.435363 209.683696
615.098872 1614.837160
778.549046 100.663093
676.545977 170.970755
780.757554 138.835062
661.756820 109.332521
868.548500 172.805339
627.206186 1696.847103
522.021516 235.217478
460.317783 1601.999375
775.062569 197.533640
787.684979 38.917933
949.650515 102.692723
817.343821 1881.551028
686.040344 92.165486
810.468423 147.151185
923.728436 114.844638
815.572465 1961.226344
744.168557 141.024255
770.492028 264.315191
848.825510 133.350842
411.470096 202.899734
807.267322 196.022358
518.113448 1655.922405
721.943408 106.272169
607.015957 180.011485
858.117005 272.041488
604.773500 1660.691957
1011.067968 143.512333
765.356919 29.975902
489.092327 1669.997510
785.045442 228.750660
722.614101 105.079594
329.422680 222.927982
709.737259 70.199582
891.460498 219.267690
988.589776 126.390279
570.302404 1724.844019
995.556993 173.566278
1022.857263 199.793219
740.814932 204.123835
616.250961 1741.279307
867.124273 1953.251745
800.078125 39.110144
565.287201 1759.210246
806.377752 109.024882
538.508835 1545.170417
273.193953 245.329884
903.633206 294.174624
596.414725 1561.496727
432.273356 239.958568
393.725734 127.788988
391.725176 280.774662
875.690730 49.648372
936.714773 1997.710117
784.174695 189.638311
642.376007 1675.744380
584.843339 1698.068302
715.928859 174.930391
991.129348 221.920520
579.287645 1690.706161
834.029587 228.975161
960.657880 195.604367
801.083306 5.946003
839.924776 41.928429
545.736409 1674.235361
277.855862 212.511699
654.622640 1613.377244
697.912881 134.014037
372.051953 203.480030
700.547837 202.463058
879.462827 149.549482
682.280153 1605.283821
618.885930 1841.511007
736.828350 1915.012019
550.450922 52.735548
623.953043 1606.173816
522.534074 1771.008681
628.060394 109.640642
873.492169 194.186731
523.331245 1674.718018
650.836526 80.842032
412.792976 1587.676584
920.937386 191.975838
952.409354 132.375158
945.488590 166.818260
532.075308 127.191241
682.199262 104.421804
587.281446 1796.957864
945.816455 240.898585
414.951414 277.343575
516.146769 94.217336
713.356782 201.395215
474.592142 1583.816985
502.324568 1711.009787
902.090593 63.251109
751.378597 168.000205
733.995566 27.976413
883.104747 20.676442
349.807496 255.689657
763.395429 98.832853
321.122853 276.237686
831.994134 172.130926
804.785368 113.840021
903.367801 184.049591
959.704455 269.342957
445.572879 209.479552
717.739525 246.441921
458.513630 1540.778483
980.320760 124.262169
672.745713 33.500955
476.414843 180.420460
475.311428 1716.613537
486.191884 1629.832904
392.179416 163.326434
886.203659 114.005709
839.145605 208.151556
453.298801 1646.737006
657.557495 106.622007
472.714762 237.946747
750.328411 202.152952
558.990940 1590.676562
469.663983 113.159014
582.516291 1751.846676
552.531176 170.324137
680.895157 166.811274
915.184857 147.785199
621.690356 1770.565303
404.756805 214.934298
478.170726 1682.198864
564.246164 1636.544994
274.301935 279.410446
534.239999 92.042049
746.615288 75.011336
748.579718 235.675517
499.526279 212.010756
824.702029 88.155944
546.287684 1704.593734
828.103441 71.480227
582.482741 153.488438
431.680625 166.474000
474.148313 147.178970
507.419237 239.708071
562.125783 140.110728
534.633617 1617.758569
904.625367 229.380440
825.514970 276.674991
750.896785 268.788710
848.762015 93.012019
571.622082 74.335142
433.680452 139.960507
1015.492209 60.208180
850.694140 64.874608
781.594248 295.701677
300.327420 307.198518
808.395977 245.212984
936.687010 220.485514
523.153962 1683.646319
400.924432 245.615706
930.568608 20.635696
490.972361 150.554933
513.131264 139.551094
620.271629 1805.325006
815.573894 177.080606
591.255935 112.600203
1880.103177 1018.421866
1345.778072 1418.106833
979.153508 849.949999
1266.274893 1400.632758
1237.063006 1379.444956
875.538447 756.350167
1511.279910 1254.901836
1109.331879 1539.985648
1878.674211 975.971351
1305.961785 1327.996566
1421.384848 1322.417103
731.862601 638.281147
1396.529208 1432.294676
769.749364 692.474481
1848.320194 957.129121
1585.350995 1493.963912
1455.961416 1383.798896
1273.502083 1168.611966
1526.230066 1188.990101
1424.289772 1261.232218
1147.756596 1513.929810
1488.871803 1351.502920
1168.594202 1579.010179
1415.105005 1375.427060
1304.568473 1396.186588
803.209407 745.842452
1517.679530 1506.491043
1486.419379 1318.638801
1384.162970 1174.495099
1134.418385 1621.320250
1388.941558 1320.674937
1480.448584 1380.869772
1541.721401 1254.356880
1506.533399 1336.772073
1466.406750 1331.234078
1369.861194 1521.770808
1457.179338 1289.327922
1340.848557 1384.068159
1188.189968 1093.132438
1094.425369 1586.414322
1392.883371 1452.665037
1462.929574 1248.415690
973.365293 884.408741
1834.304289 924.351346
1403.630660 1207.489419
1219.344215 1573.866865
1494.950945 1244.444756
1426.629409 1396.859950
804.067580 706.709676
969.018956 1601.930332
1349.385002 1565.171197
1487.048603 1475.101362
1238.744495 1130.163825
1448.420423 1472.586386
1410.624987 1359.371135
1446.761943 1338.329378
852.791548 784.986651
1406.229326 1230.109148
841.084367 747.761504
1533.702733 1307.975821
1448.446471 1429.914254
1689.734710 244.677342
1455.738725 1336.091064
1244.905825 1550.914435
1169.311662 1063.694236
1452.830167 1174.232252
771.036849 735.932333
1076.110778 975.233871
1487.186433 1445.558087
1807.188023 1027.170322
1320.390729 1594.207619
1854.241476 1077.378755
1835.520994 1228.165270
1065.545358 947.213940
1597.734068 1527.006570
1134.525286 1583.457489
1283.733823 1538.579861
1305.571683 1301.058548
1320.482481 1359.624171
1221.943387 1414.106062
1388.363598 1341.356282
1049.868744 1611.512511
1280.121219 1447.399149
1118.290051 1652.417189
841.368157 712.817964
1430.326864 1305.511099
1504.888119 1297.066447
1145.656985 1037.880865
1527.194631 1471.085705
1078.526001 911.731112
831.274098 679.521600
1369.796961 1404.609709
1345.364397 1410.274054
1246.511543 1331.868631
793.994742 667.996531
1459.731317 1510.048519
1349.117342 1493.917630
1033.127796 1526.599758
1375.867239 1591.443523
1141.287840 1686.038550
1553.086139 1506.517157
1283.527034 1316.448057
1828.014358 1514.040595
1210.818236 1532.089715
1378.693702 1394.650840
1821.015431 1086.349401
1294.227636 1201.807046
1389.116662 1506.226147
1859.438395 1190.058696
1388.066490 1270.923061
1332.325753 1349.800392
1258.107642 1582.874331
1433.984009 1191.338494
1171.548765 1628.108696
1311.287237 1421.691732
926.920622 797.494155
1263.464230 1366.239762
1501.978103 1150.630204
1327.896257 1510.158741
1401.803685 1448.884734
1210.179118 1564.908401
1380.663890 1244.837877
1257.702081 1638.903510
1475.876088 1225.331398
1808.499125 1349.651382
1851.142461 1392.423060
1418.387798 1245.284277
1149.151294 1555.528128
1003.299384 923.048925
1424.489743 1295.733015
1505.487533 1188.214931
1180.201776 1551.030547
1280.245374 1610.527097
1076.702226 1551.991333
1821.589808 980.099968
1341.651929 1222.428291
1836.538571 1312.710030
1369.955076 1325.787033
1435.996055 1410.105268
1816.594037 1383.578060
1495.944743 1298.614520
1464.288133 1462.669233
1375.161705 1376.982216
1497.735603 1418.727685
872.789255 656.214503
1462.708498 1191.999802
1844.468450 1347.042285
905.494280 824.730293
1824.440030 1188.028848
1334.963020 1306.991579
1234.520040 1609.213406
1823.908968 1553.719183
1513.454606 1384.942264
1292.786744 1286.400836
871.937247 724.670763
1238.912704 1667.680038
1202.121027 1622.982136
974.402341 1643.604545
1332.571944 1257.864558
1402.417243 1392.320518
716.898937 606.675611
1818.286312 1473.487038
1256.110501 1513.505432
1838.901098 1133.501892
892.164518 694.996757
1320.491007 1544.544051
1456.619716 1434.547586
1411.052034 1480.883082
907.369202 738.692133
1037.199768 926.609339
1413.441639 1189.076491
1010.983504 1608.212741
1380.285489 1235.880810
965.168747 812.881019
1418.372645 1526.932636
1490.112766 1405.686349
1852.396867 996.686325
1181.396520 1586.822930
1293.305859 1572.094399
1353.550437 1315.612916
886.651691 776.379541
913.833519 858.940724
1459.184408 1287.452257
1543.197989 1220.176226
1375.240407 1556.502449
1335.653056 1443.138066
1085.441182 1658.734370
1369.217085 1458.326115
1869.622024 927.164932
1848.030287 1456.033927
875.821694 687.226336
1841.530867 1045.558231
1790.692335 1193.129722
1352.456161 1312.938895
940.557540 837.393970
1443.267273 1358.796642
1493.548227 1370.326255
1358.027937 1363.688960
1103.564508 1618.733349
1428.460098 1492.533947
1928.687674 130.216408
1948.916783 272.843123
356.106450 537.434366
417.653967 568.790249
404.572113 302.164471
429.505322 487.935272
364.309139 687.384002
491.712392 418.514717
556.588494 313.723368
435.251827 505.139985
344.212191 686.803223
1794.003925 149.164690
417.168845 708.412246
422.800225 599.905718
1877.284407 197.901394
538.677406 394.984792
348.683472 532.764817
317.074355 426.655424
508.660632 301.872989
441.123798 475.104874
479.076318 735.944671
479.365295 668.372872
1773.704260 188.248188
469.883577 491.022550
1946.779217 238.649361
515.940185 802.309367
325.475522 622.771274
578.517169 661.510302
347.724920 481.106158
401.472876 454.976176
515.747902 616.801836
1985.344183 156.941115
346.166879 447.685404
524.080073 330.670976
253.465067 585.536645
389.438988 391.597720
464.782203 483.513977
1786.505243 287.314777
1943.974618 153.628128
18.314077 178.988565
366.780514 655.864180
452.895698 329.161909
387.920442 658.755368
445.294839 606.072266
401.637041 569.000128
407.233680 346.783070
359.763106 413.845566
519.952657 442.338464
569.588158 609.367810
488.164714 546.615928
1844.139444 155.863101
593.265669 724.241567
408.068557 484.632219
403.581536 714.649224
286.123622 489.839446
382.098091 487.942418
542.299075 531.836375
417.265479 634.568925
435.050950 539.777671
1854.775230 267.231202
347.727725 394.762480
573.484834 523.765483
346.437355 606.677500
332.744368 568.672568
442.520524 575.138414
1727.912281 169.339885
1730.603706 229.725765
280.734718 403.172900
410.275711 677.837676
258.553041 456.788986
1888.939857 245.657403
578.603030 468.498523
492.909352 344.977339
507.219769 646.995972
571.874638 397.821622
1830.493575 241.195876
271.948621 468.205510
404.915424 415.009263
381.120940 461.809982
234.775000 530.910241
412.317622 434.797121
496.295397 585.507511
483.930879 488.516910
1779.713509 208.746429
1895.134713 158.369184
331.153316 518.765916
244.932023 496.722431
17.749510 147.255805
483.017079 773.585338
426.610849 505.295851
347.556538 351.064994
548.798785 680.269646
346.992681 722.033448
1851.630424 269.727692
1873.497102 297.947612
1843.270586 181.346571
550.804223 583.597041
1845.397053 302.938334
446.677468 407.945397
319.917164 388.823873
12.823329 250.791540
463.189553 434.966015
378.220151 616.676157
541.962610 633.409288
373.234656 448.014982
581.791648 508.785778
1948.828202 195.053681
426.212236 538.658095
379.134557 437.923687
1776.066531 245.397967
425.048272 642.574555
390.108380 557.875329
414.495635 344.845188
522.846182 499.626446
349.724189 470.046945
1824.849309 189.886245
386.873564 705.632738
53.127532 176.708014
250.936757 566.049489
409.012589 380.643132
1751.160096 132.736818
263.837981 435.707414
1976.742196 198.930266
467.907866 632.927108
1911.897085 208.643304
359.494950 576.076177
251.736207 622.743259
314.989372 586.329300
1974.020526 237.188838
517.199722 370.479711
1916.122793 212.189086
479.343922 612.982449
414.697189 622.956067
474.459461 533.440223
342.040531 450.621479
1823.677806 275.530022
297.405523 569.427888
314.178187 505.062523
528.625846 443.213205
409.498024 464.490942
384.029884 473.484595
1899.838861 340.389883
494.930641 461.087883
1922.359329 282.129937
450.035581 393.450437
435.456225 286.558436
383.952612 505.011032
8.419561 216.623049
292.985303 605.411560
533.667921 721.715171
445.719376 732.018240
444.708877 446.493164
318.156867 425.853857
1852.012383 219.208051
301.410622 425.298333
277.135076 520.328438
510.274051 686.050086
499.906333 587.015799
336.501324 485.209702
492.185655 414.243322
370.599336 362.048875
285.334937 593.978949
1856.425471 220.389885
320.615805 659.099349
451.045944 577.040719
374.168509 510.378946
373.594894 318.264992
495.414917 553.186659
422.872621 463.695216
394.161627 421.481792
350.396195 326.147630
315.664019 452.768324
359.476969 547.026446
424.957028 761.556655
527.817060 566.472102
540.157750 756.618542
567.412164 433.987414
470.919685 301.792396
392.594179 592.160981
1813.823632 309.408066
458.524078 369.028983
513.092021 477.418636
440.432090 533.126225
345.829246 510.661218
388.341966 592.392026
383.652272 526.903206
546.815487 463.724449
16.564446 124.302266
581.222998 367.617925
1975.574738 280.428974
367.693119 408.657395
315.381264 540.236352
509.184976 530.903015
447.262854 362.293538
631.476938 417.706796
474.890311 703.433162
1899.731292 237.324872
504.511011 465.715957
488.923450 375.264992
1813.970702 209.693041
1044.783743 743.040938
985.080594 678.152516
838.609462 1868.218301
1283.755212 699.025676
1192.004046 763.843227
1198.314308 792.043880
961.584639 1895.412429
1202.619413 591.022758
1949.880832 538.027034
1224.378752 738.519039
992.954767 4.171316
1500.107009 544.203696
1280.317130 647.936005
1013.261455 832.213393
1034.210498 1869.857432
1269.204908 813.980286
1099.943652 784.024737
1070.571346 686.820988
979.317971 714.637845
927.300763 1926.308087
1749.350553 557.358317
1258.195031 683.357448
841.355486 1746.581775
1774.670048 619.751983
1114.544012 672.748328
842.723342 1783.279733
915.789899 1881.300830
931.054514 24.974522
1242.052348 825.903509
1107.342720 601.854404
1644.175682 602.116793
1155.542095 781.611476
1728.929860 610.296059
1065.697817 770.796106
894.442735 1859.630118
1255.057822 664.139450
1685.166071 768.377910
989.044734 1860.008676
914.594657 703.737875
1804.355970 690.735013
1675.214934 718.531647
1745.163670 590.470749
1727.077386 709.724450
1766.513747 584.544758
806.107858 1730.186742
1029.407387 662.115539
1024.796221 781.630711
1736.238079 729.519481
1805.803062 757.651419
895.353528 1980.007944
758.895309 1803.122831
847.288135 1839.400139
1286.023825 736.185279
1140.240020 720.018426
1753.658006 621.496617
1321.046208 643.197342
801.151426 1869.896666
889.528116 798.441279
864.570857 1910.665728
958.020494 1831.290205
1804.515529 660.258786
1267.548568 789.096377
1653.859768 672.895726
1139.936172 735.695230
826.560935 1798.862509
1860.736353 602.501910
1161.530948 749.588389
964.281564 745.800600
1923.653234 510.027960
1730.965848 557.521046
1750.109769 652.361882
1158.006445 577.583199
865.444443 1955.188201
784.992200 1876.827140
1757.494996 652.167095
1767.831439 741.426159
1679.711371 538.479393
916.041490 1880.933702
1183.740337 666.153481
789.561208 1824.486964
753.866865 1889.779596
1022.117313 1806.570327
1316.869091 694.032724
1290.055314 662.385079
1916.108039 556.786124
561.929779 87.436660
1288.268668 701.047532
1059.140044 802.937333
1113.522788 638.110012
1191.569478 684.674638
952.160373 1946.800049
993.048542 1824.262340
1655.860830 656.737264
794.944992 1781.532299
1907.005110 616.191528
1664.626217 560.650102
1182.070272 734.974408
996.970219 1893.899971
1947.008334 575.909846
1209.504753 823.669575
1523.353755 515.258729
1239.244858 652.203774
1678.498906 613.133534
1230.683114 604.999757
1257.706608 717.625286
1966.612359 690.971238
1013.346559 699.630676
1182.224467 825.005880
1824.917958 577.285967
899.685705 1911.894099
1229.672278 613.440924
843.124757 876.029705
728.921059 1849.039277
1050.321177 840.090114
1715.767884 543.529041
1073.534721 724.816555
1181.904712 705.645097
1038.577999 697.624489
868.312330 1878.832338
1656.204897 774.445632
1176.736327 628.152320
1704.954660 649.082843
1242.036906 773.517519
1878.283638 532.519475
957.775131 2.074126
1264.351600 604.255401
1825.032531 535.219670
892.209746 1932.949255
923.052747 860.688438
752.471789 1826.646467
1857.238696 500.099365
997.047131 786.661963
886.272568 1855.745517
1208.710542 725.711494
916.474404 1831.359206
1075.162749 678.051669
1108.594754 802.345907
887.029909 1994.840854
1262.505600 685.018615
1729.629984 676.120757
1132.551765 781.253174
1301.281353 614.353944
1205.420360 647.583288
1262.464150 631.730686
1915.936156 589.071359
1826.988887 636.507359
1121.909177 700.506073
1795.079376 534.107429
1151.409897 677.121271
1067.178720 645.556982
823.285002 1831.716301
1299.699710 767.835778
1250.973332 739.697184
1106.504674 709.971486
1853.134002 645.066409
1048.096507 698.430751
1169.927714 747.574867
1550.118147 487.891671
1225.173583 720.369631
1131.181541 562.917529
941.173057 1860.398332
983.450514 756.187873
920.707556 764.934819
1744.381938 522.487082
1326.330657 707.357126
1209.953903 760.179302
1181.974427 627.223112
1092.480340 648.820662
926.640276 1980.055397
1792.516177 558.467791
1109.314309 753.078786
1232.291101 699.522750
1146.880704 679.649051
1847.934273 612.079903
1156.633259 714.283879
1701.788376 579.753993
1698.082003 603.059990
1698.310244 691.674016
1133.431659 641.394576
1117.627001 674.621853
960.318672 785.338698
1107.698349 845.030803
1863.052785 562.892997
1815.650147 593.049823
1285.266701 851.431993
1083.038352 756.448509
939.979334 827.609299
1341.717910 739.462942
1677.509627 600.274791
921.559773 1796.389837
1261.157565 740.005486
1215.681077 683.498324
1783.660933 676.206824
745.249942 1820.002238
1172.429565 787.359159
1146.640609 822.563998
1009.648051 735.312477
874.500134 1816.998491
1163.225959 669.847171
1757.278865 683.874786
