-3.879973 -0.972528
-3.761039 1.361831
-3.999937 -0.022503
-3.825218 1.169491
-3.878763 0.977344
-3.988122 0.308037
-3.545712 -1.851465
-3.884367 0.954825
-3.904243 0.869994
-3.802731 -1.240661
-3.918622 0.802745
-3.963269 -0.540833
-3.854754 1.068117
-2.711546 2.940667
-3.705811 1.505644
-3.487485 1.958940
-3.454646 2.016288
-3.998196 0.120126
-3.894406 0.913017
-3.860875 1.045775
-3.996690 0.162698
-3.981233 0.387020
-3.999848 -0.034890
-3.813944 1.205749
-3.997296 -0.147046
-3.937999 0.701542
-3.846386 1.097867
-3.991866 0.254956
-3.876197 0.987469
-3.748499 1.395978
-3.814639 1.203549
-3.717843 1.475685
-3.998592 -0.106135
-3.689946 1.544118
-3.939783 -0.691455
-3.977273 0.425790
-3.990627 -0.273672
-3.865003 1.030413
-3.958980 0.571382
-3.994603 0.207710
-3.756419 1.374525
-3.825060 1.170008
-3.980520 0.394287
-3.499061 1.938187
-3.382794 2.134644
-3.962517 0.546317
-3.586186 1.771799
0.100033 3.998749
-3.871828 1.004464
-3.465371 1.997800
-3.906702 0.858881
-3.839772 -1.120782
-3.975867 -0.438725
-3.972680 0.466708
-3.608584 1.725724
-3.997359 0.145320
-3.391390 2.120960
-3.920864 0.791722
-3.998560 0.107317
-3.124673 2.497283
-3.743265 1.409952
-3.854593 -1.068695
-3.487053 1.959710
-0.075193 3.999293
-3.759094 -1.367192
-3.939510 -0.693007
-3.921713 -0.787507
-3.998371 0.114163
-3.125762 2.495919
-3.239908 2.345846
-3.991016 0.267936
0.018233 3.999958
-3.998194 -0.120188
-3.953749 0.606522
0.090410 3.998978
-3.838244 -1.126005
-3.280003 2.289450
-3.993351 -0.230531
-3.724775 -1.458099
-3.991548 0.259888
-3.229238 2.360513
-3.957195 0.583619
-3.048377 2.589864
0.090360 3.998979
-3.964792 -0.529548
-3.414129 2.084159
-3.746891 1.400288
-2.883303 2.772466
-3.998449 -0.111389
-3.895820 -0.906966
-3.152526 2.462027
-3.995212 -0.195649
-3.961306 -0.555026
-3.872520 -1.001794
-3.889518 0.933622
-3.979551 0.403951
-3.978621 0.413010
-3.387561 2.127070
-3.701920 1.515187
-3.967489 0.508954
-3.229257 2.360487
-3.978985 0.409483
-3.875843 0.988859
-3.788711 1.282836
-3.806283 1.229718
-3.752917 -1.384056
-3.965894 -0.521231
-2.570398 3.064809
-3.806161 1.230097
-3.144270 2.472562
-3.634448 -1.670564
-3.715776 1.480882
-3.747691 -1.398146
-3.262485 2.314344
-3.959820 0.565531
-3.188516 2.415237
-3.797001 1.258087
-3.995863 -0.181878
-3.668420 1.594582
-3.915485 -0.817910
-3.999802 0.039766
-3.238373 -2.347965
-3.961413 -0.554259
-3.945733 0.656653
-3.996228 0.173676
-3.967633 -0.507826
-3.808979 1.221344
-3.695569 1.530611
-3.528226 1.884575
-3.961910 -0.550695
-3.999506 -0.062838
-3.980987 -0.389541
-3.637937 1.662953
-3.997945 -0.128203
-3.999967 -0.016127
-3.985777 -0.337024
-2.643848 3.001677
-3.986481 -0.328582
-3.999053 0.087016
-3.939710 0.691870
-3.998482 0.110184
-3.739349 -1.420307
-3.960407 0.561406
-3.941839 0.679635
0.004629 3.999997
-3.973517 0.459529
-3.588484 1.767141
-3.987426 -0.316910
-3.861816 1.042292
-2.887522 2.768071
-3.994837 -0.203170
-3.941538 -0.681382
-3.726996 1.452412
-3.776119 1.319440
-3.425948 2.064674
-3.920761 0.792231
-3.756599 -1.374033
-3.306001 2.251746
-3.536172 1.869622
-3.776509 1.318324
-3.870796 1.008433
-3.672343 1.585527
-3.794882 1.264466
-3.874562 0.993866
-3.445718 2.031509
-3.998111 -0.122918
-2.471842 3.144836
-3.905350 0.865010
-2.866342 2.789997
-3.978002 0.418930
-3.942667 0.674815
-3.951067 0.623756
-3.690449 1.429676
-3.364289 2.163692
-3.912155 -0.833691
-3.451664 2.021390
-3.401849 2.104144
-3.889618 0.933205
-3.367424 2.158809
-3.548437 1.846238
-3.847302 -1.094652
-3.949051 0.636394
-3.996712 -0.162149
-3.983070 -0.367633
-3.907568 0.854934
-3.954147 0.603923
-0.195361 3.995226
-3.934307 0.721963
-3.969581 0.492367
-3.953980 -0.605017
-3.999283 -0.075709
0.090367 3.998979
-3.983714 0.360586
-3.959464 0.568015
-3.989096 0.295155
-3.929772 -0.746253
-3.999442 -0.066798
-3.134005 2.485561
-3.979319 -0.406227
-3.219083 2.374343
0.206630 3.994659
0.707264 3.936976
1.922859 3.507508
-0.651618 3.946567
0.948080 3.886019
3.191613 2.411142
3.875872 0.988743
1.215882 3.810726
3.884919 0.952579
1.122309 3.839326
0.970556 3.880467
0.160224 3.996790
3.066795 2.568028
2.093537 3.408387
-0.508903 3.967495
1.083136 3.850561
0.214955 3.994220
0.435815 3.976187
3.980851 0.390928
3.871733 1.004829
-0.027556 3.999905
3.910087 0.843337
-0.293160 3.989243
2.127604 3.387226
0.563288 3.960140
1.498659 3.708642
-0.300061 3.988730
-0.432834 3.976513
1.486997 3.713333
-0.759345 3.927263
0.451364 3.974452
-0.037394 3.999825
1.183050 3.821046
0.271568 3.990771
3.711138 1.492467
3.947171 0.647954
0.363996 3.983404
0.488342 3.970078
2.928361 2.724830
-1.132357 3.836374
0.777916 3.923627
-0.176960 3.996084
1.570779 3.678676
0.342749 3.985288
0.838798 3.911064
-0.863390 3.905708
2.173332 3.358069
0.559226 3.960715
0.610546 3.953130
0.456523 3.973863
0.870821 3.904058
0.418873 3.978008
1.406295 3.744641
1.292730 3.785347
1.830628 3.556515
0.874195 3.903304
1.949214 3.492931
0.465942 3.972770
0.554608 3.961365
2.541117 3.089130
1.162483 3.827353
-0.098836 3.998779
1.044599 3.861193
-1.252197 3.798948
3.046711 2.591824
0.571868 3.958910
-0.597291 3.955154
-0.197328 3.995130
2.334576 3.248039
1.929802 3.503693
0.635235 3.949237
3.842150 1.112601
3.642723 1.652443
-2.336347 3.246765
0.951907 3.885083
-2.049060 3.435310
2.234488 3.317690
1.489356 3.712387
3.363429 2.165027
1.548430 3.688138
-0.187972 3.995581
-1.268540 3.793522
-0.324092 3.986849
0.050488 3.999681
2.464010 3.150977
0.547651 3.962332
1.561710 3.682535
2.279949 3.286614
-1.801500 3.571358
1.776270 3.583973
2.447427 3.163875
2.073299 3.420735
0.558612 3.960802
1.552985 3.686223
1.650790 3.643473
2.441283 3.168617
2.242232 3.312461
-0.256975 3.991737
-0.949788 3.885602
-0.659260 3.945298
0.682081 3.941417
-0.258292 3.991652
1.142275 3.833433
1.127658 3.837758
2.600834 3.039024
0.851016 3.908423
1.444291 3.730151
-0.283576 3.989935
2.473067 3.143873
1.132745 3.836260
-0.035423 3.999843
1.284036 3.788304
1.044761 3.861149
-1.776623 3.583798
0.981318 3.877759
0.499239 3.968723
0.138983 3.997585
1.298656 3.783318
-1.332129 3.771662
1.370431 3.757914
-1.375629 3.756014
0.222017 3.993834
0.353661 3.984335
1.584469 3.672800
-0.883022 3.901317
1.370066 3.758047
1.081515 3.851016
-1.344840 3.767148
-0.882831 3.901360
0.519664 3.966100
-0.113084 3.998401
1.978427 3.476468
-0.020719 3.999946
-1.144628 3.832731
3.946925 0.649446
-0.949726 3.885617
0.335977 3.985865
2.418020 3.186405
1.325159 3.774116
1.528290 3.696529
0.904697 3.896348
-0.060879 3.999537
2.367712 3.223963
1.374366 3.756477
2.761628 2.893685
0.954300 3.884496
2.584899 3.052589
-1.036406 3.863401
0.158360 3.996864
1.311837 3.778768
-0.100900 3.998727
1.142275 3.833433
-0.447390 3.974902
0.891049 3.899491
2.490722 3.129904
1.451305 3.727427
-0.778328 3.923545
-0.657662 3.945565
1.616294 3.658906
1.864658 3.538792
0.186426 3.995653
1.129299 3.837275
1.869921 3.536014
3.853375 1.073082
2.447018 3.164191
2.587414 3.050457
1.162600 3.827318
1.757900 3.593019
1.593814 3.668754
-0.735821 3.931738
2.808329 2.848383
-1.721327 3.610683
2.984116 2.663654
-0.219026 3.993999
0.464943 3.972887
3.585807 1.772564
-0.158468 3.996860
-0.153287 3.997062
1.426525 3.736981
0.929462 3.890514
1.763694 3.590179
0.778299 3.923551
0.971668 3.880188
1.740927 3.601274
0.763679 3.926423
0.140889 3.997518
-2.108019 3.399449
1.014511 3.869207
3.854159 1.070262
1.308615 3.779885
1.339307 3.769119
0.277782 3.990343
3.029844 2.611522
-0.457500 3.973751
0.724612 3.933820
3.446123 2.030821
1.238637 3.803390
2.466004 3.149416
-2.151523 3.372084
-0.182358 3.995841
-3.998502 0.109446
-3.793247 1.269360
-2.576741 3.059478
-3.786423 -1.289574
-1.387150 -3.751775
-3.744209 -1.407445
-3.404907 2.099193
-3.138270 -2.480174
-3.376040 -2.145310
-3.774789 1.323240
-3.687973 1.548823
-3.682108 1.562716
-3.806005 -1.230580
-3.947502 0.645930
-3.702497 1.513775
-3.963351 -0.540233
-3.990118 0.280990
-3.902227 0.878989
-3.861408 -1.043806
-3.444830 -2.033015
-3.983579 0.362079
-3.992570 -0.243690
-3.311299 2.243947
-3.509722 -1.918814
-3.936806 -0.708206
-3.971091 -0.480034
-2.355971 -3.232553
-3.804229 1.236059
-3.946680 0.650933
-2.771691 -2.884047
-3.941422 0.682052
-3.480008 1.972194
-2.870392 2.785830
-3.088592 -2.541771
-3.606659 1.729742
-3.250962 2.330503
-3.995012 -0.199692
-3.533834 1.874037
-3.992300 0.248077
-2.768712 2.886907
-3.988070 -0.308700
-2.554276 -3.078258
-3.899667 -0.890278
-3.843391 1.108306
-3.900428 0.886939
-3.363668 -2.164657
-2.246537 -3.309542
-3.756702 -1.373750
-3.246915 -2.336138
-3.752948 1.383974
-3.231961 2.356783
-3.049101 -2.589012
-2.543925 -3.086818
-3.989111 0.294947
-3.509717 -1.918824
-3.821071 -1.182968
-3.925513 0.768340
-3.999949 0.020111
-3.773135 1.327950
-3.726736 1.453079
-3.452974 -2.019151
-1.926456 -3.505534
-3.421056 2.072770
-3.916021 0.815338
-3.414604 -2.083382
-3.274187 2.297759
-3.053774 2.583498
-2.895316 -2.759918
-3.996612 -0.164591
-3.503265 1.930579
-3.608966 1.724924
-3.287992 -2.277962
-3.997802 -0.132590
-3.481146 -1.970184
-3.762724 -1.357170
-3.883873 0.956834
-0.362410 -3.983549
-3.462871 -2.002129
-3.178172 -2.428832
-3.999513 -0.062392
-2.793184 -2.863237
-3.866055 1.026461
-3.913414 0.827761
-3.094533 2.534535
-1.665379 3.636827
-2.969480 -2.679960
-3.999614 0.055587
-3.088075 2.542399
-3.997481 0.141936
-3.837247 1.129397
0.190655 -3.995454
-2.834564 -2.822277
-3.760445 -1.363472
-3.975652 0.440676
-2.573193 3.062462
-2.613958 3.027742
-3.976097 0.436641
-3.632045 1.675784
-0.038658 -3.999813
-2.960331 -2.690063
-3.998394 -0.113339
-3.903434 0.873614
-3.192320 2.410206
-3.991288 0.263854
-3.350075 2.185634
-3.955442 0.595381
-3.999449 0.066399
-3.829306 1.156034
-3.973052 0.463523
-3.854218 1.070050
-3.918310 -0.804265
-3.445303 2.032212
-3.674256 -1.581089
-3.966955 0.513095
-3.924639 -0.772791
-3.336706 2.205990
-3.999921 0.025212
-3.796404 1.259887
-3.842877 -1.110090
-3.959819 0.565537
-3.773317 1.327433
-3.956405 -0.588946
-3.531778 1.877909
-3.472333 1.985675
-3.922886 0.781644
-2.631188 -3.012781
-2.944878 2.706971
-2.615455 3.026450
-3.737081 1.426263
-3.946639 -0.651183
-3.734862 1.432065
-3.997709 -0.135360
-3.950806 0.625404
-3.995878 -0.181546
-3.916682 0.812158
-3.999924 0.024650
-3.596953 -1.749836
-2.680271 2.969199
-2.687197 -2.962933
-3.684264 -1.557626
-3.930358 0.743162
-3.989206 0.293653
-0.883212 -3.901274
-3.605502 1.732154
-3.197870 -2.402838
-3.178233 -2.428752
-3.916359 0.813715
-3.476877 1.977707
-3.017265 2.626044
-3.904529 0.868706
-3.788438 1.283643
-2.738137 -2.915922
-1.081696 -3.850965
-2.836997 2.819831
-3.080328 -2.551780
-3.657582 -1.619288
-3.990715 0.272385
-3.858183 1.055662
-3.452542 -2.019890
-2.827512 -2.829342
0.985601 -3.876673
-3.984543 -0.351308
-1.754557 3.594653
-3.914463 -0.822786
-3.529239 -1.882676
-3.375676 -2.145883
-0.914333 -3.894098
-3.739444 1.420057
-2.813927 -2.842853
-3.522489 -1.895276
-3.532840 -1.875912
-2.825144 -2.831706
-3.367799 -2.158225
-3.502059 1.932765
-3.998171 -0.120943
-3.998981 0.090297
-3.998855 0.095714
-2.652378 -2.994143
-3.941519 0.681489
-3.143127 2.474016
-3.764129 -1.353267
-1.419532 -3.739643
-2.633888 -3.010421
-2.006465 -3.460361
-3.950910 -0.624746
-3.689430 1.545351
-3.239725 -2.346100
-3.333011 2.211569
-3.975363 0.443270
-3.963634 0.538151
-2.701639 2.949771
-3.233444 2.354749
-3.869835 1.012115
-2.995676 -2.650647
-3.497466 -1.941065
-3.960710 0.559262
-3.928528 0.752776
-3.781471 -1.304024
-3.261753 -2.315377
-3.676659 1.575494
-1.851538 -3.545674
1.387724 -3.751562
0.828503 -3.913257
1.047687 -3.860356
-1.830176 -3.556748
-0.582535 -3.957354
1.249410 -3.799865
-3.206331 -2.391535
-1.468980 -3.720497
-3.991178 0.265510
2.782279 -2.873834
-1.812226 -3.565927
-1.232816 -3.805281
0.308884 -3.988056
1.004069 -3.871930
-1.717287 -3.612606
-0.105736 -3.998602
1.736957 -3.603190
0.361145 -3.983663
-3.480337 -1.971611
-2.217685 -3.328945
-1.344489 -3.767274
1.618230 -3.658050
-2.468350 -3.147578
-1.580800 -3.674381
-3.449794 -2.024580
-3.066547 -2.568325
-2.506458 -3.117318
-1.105301 -3.844257
-1.596027 -3.667792
-0.738998 -3.931143
-1.778292 -3.582970
-2.152487 -3.371468
-1.146826 -3.832074
-2.660189 -2.987205
2.604947 -3.035498
-1.440070 -3.731782
1.027329 -3.865824
1.076902 -3.852309
-1.565065 -3.681110
-0.824172 -3.914172
-0.087036 -3.999053
-1.410195 -3.743174
0.370982 -3.982759
-3.700832 -1.517841
-0.698646 -3.938514
2.035260 -3.443503
-0.491828 -3.969648
1.906041 -3.516675
1.364803 -3.759962
-2.755735 -2.899297
1.559959 -3.683277
-2.357124 -3.231713
-0.056061 -3.999607
-2.387170 -3.209583
0.285079 -3.989828
-0.000287 -4.000000
0.392294 -3.980717
-3.635376 -1.668545
2.199324 -3.341104
1.574764 -3.676972
-2.433086 -3.174916
-3.618382 -1.705085
-0.482078 -3.970844
-3.332755 -2.211954
-1.893753 -3.523308
1.167789 -3.825738
-0.637145 -3.948930
0.080096 -3.999198
-1.090986 -3.848344
-0.501031 -3.968497
0.791974 -3.920813
1.524797 -3.697972
-3.423975 -2.067945
-1.471756 -3.719400
-1.927140 -3.505158
-1.628664 -3.653417
1.798551 -3.572844
1.360342 -3.761578
-3.847023 -1.095634
-0.685552 -3.940815
0.872108 -3.903771
-0.494411 -3.969327
-2.186862 -3.349274
-0.866984 -3.904912
-0.479405 -3.971167
-0.612523 -3.952824
1.388546 -3.751258
-1.602169 -3.665113
-1.672373 -3.633616
-0.345232 -3.985074
-3.996539 -0.166359
-2.210017 -3.334040
-3.981965 -0.379411
-2.186969 -3.349204
-3.374215 -2.148179
0.028079 -3.999901
0.888108 -3.900162
-3.070087 -2.564092
-0.785264 -3.922163
-0.824932 -3.914012
0.240243 -3.992779
-1.114687 -3.841546
-3.674047 -1.581574
0.420247 -3.977863
-0.872571 -3.903667
-1.264722 -3.794796
-0.680010 -3.941774
0.384380 -3.981489
1.781280 -3.581486
-1.149882 -3.831158
1.675876 -3.632002
-3.371972 -2.151698
-0.290538 -3.989435
-0.251229 -3.992103
-2.135483 -3.382264
0.102004 -3.998699
-0.630998 -3.949917
-3.579965 -1.784335
-0.475281 -3.971663
-1.284547 -3.788131
0.611011 -3.953058
-1.494654 -3.710257
0.903621 -3.896597
1.327683 -3.773229
-1.398439 -3.747581
-3.120350 -2.502681
-3.175958 -2.431726
0.672560 -3.943052
-3.722710 -1.463361
-3.951838 -0.618852
-2.783723 -2.872436
-2.388599 -3.208519
0.710994 -3.936304
0.467788 -3.972553
1.449784 -3.728019
-0.361590 -3.983623
-2.421304 -3.183910
-2.151773 -3.371925
-2.357266 -3.231609
-0.166215 -3.996545
-3.398685 -2.109251
-2.565292 -3.069084
-1.690205 -3.625356
0.534419 -3.964139
-2.323456 -3.256003
-1.716790 -3.612843
-3.167918 -2.442191
1.310060 -3.779384
-0.410931 -3.978836
-2.456529 -3.156812
-0.371247 -3.982735
-0.597821 -3.955074
1.500202 -3.708017
-1.808422 -3.567858
-0.799475 -3.919291
0.663952 -3.944511
-3.367919 -2.158036
0.409248 -3.979009
-2.708428 -2.943538
-3.434420 -2.050550
2.089807 -3.410675
-1.402648 -3.746009
-1.846895 -3.548095
-1.614480 -3.659707
-2.068616 -3.423570
-2.564837 -3.069464
-2.036336 -3.442867
1.082364 -3.850778
-0.991092 -3.875272
-2.387655 -3.209222
0.231664 -3.993286
1.510756 -3.703730
0.457869 -3.973708
0.788355 -3.921543
-0.207431 -3.994618
0.167672 -3.996484
0.813271 -3.916451
-2.039781 -3.440828
0.512820 -3.966991
-1.334976 -3.770655
-3.942784 -0.674135
-1.606987 -3.663003
-0.994837 -3.874313
-0.678970 -3.941954
-0.751646 -3.928744
-1.714361 -3.613996
-2.375936 -3.217908
-0.900463 -3.897328
-0.641509 -3.948223
-0.110287 -3.998479
-1.103927 -3.844652
-2.024004 -3.450131
-0.573018 -3.958743
-1.573771 -3.677396
-1.658275 -3.640072
-0.368903 -3.982953
1.935190 -3.500720
-0.728104 -3.933175
-0.927802 -3.890910
