-3.982329 -0.375573
-3.334665 -2.209074
-3.589488 1.765100
-3.999080 -0.085766
-3.996895 0.157584
-3.981976 -0.379299
-3.946531 0.651838
-3.827915 1.160632
-3.747821 -1.397798
-3.322054 -2.227994
-3.987557 -0.315262
-3.902562 -0.877504
-3.715766 -1.480906
-3.963493 0.539187
-3.914916 0.820630
-1.866564 -3.537787
-3.415956 -2.081165
-3.997351 0.145554
-3.961057 -0.556802
-3.788536 -1.283353
-3.995787 0.183548
-3.434874 -2.049790
-3.993012 -0.236341
-3.227965 -2.362253
-3.867286 -1.021813
-3.268975 -2.305168
-3.030861 -2.610341
-3.275257 -2.296234
-3.397291 -2.111496
-3.971372 -0.477704
-3.999515 -0.062267
-3.997978 0.127181
-3.918397 0.803844
-3.778146 -1.313626
-3.932670 -0.730828
-3.616533 -1.709002
-3.266020 -2.309353
-3.952731 -0.613118
-3.960939 0.557640
-3.800218 -1.248337
-3.948988 -0.636787
-3.831194 1.149762
-3.778292 -1.313206
-3.745397 -1.404281
-3.676992 -1.574715
-3.940429 0.687763
-3.847052 -1.095531
-3.454032 2.017341
-3.748266 -1.396603
-3.992227 -0.249240
-3.244784 -2.339098
-3.984843 0.347891
-3.788463 -1.283569
-3.971740 -0.474635
-3.983811 -0.359512
-3.988179 -0.307298
-3.096062 2.532667
-3.513727 -1.911471
-3.999735 -0.046039
-3.965843 -0.521620
-3.981027 -0.389136
-3.961039 -0.556929
-3.231546 -2.357352
-3.989651 0.287545
-3.945824 -0.656105
-3.883821 -0.957046
-3.994818 0.203533
-3.999644 0.053358
-3.656791 -1.621073
-3.999576 0.058267
-3.898255 0.896441
-3.609335 -1.724153
-3.809933 -1.218363
-3.764486 -1.352275
-3.982842 -0.370092
-3.872427 -1.002152
-3.994352 0.212491
-3.973572 -0.459050
-3.539963 -1.862434
-3.999730 -0.046460
-2.180587 3.353362
-3.576031 -1.792207
-3.602604 -1.738173
-3.474992 -1.981018
-2.808975 -2.847747
-3.896329 -0.904778
-3.154488 -2.459513
-3.133643 -2.486018
-3.810519 -1.216529
-3.741268 1.415243
-3.485874 1.961806
-3.920369 -0.794172
-3.710232 -1.494718
-3.833509 -1.142019
-3.994760 0.204684
-3.168553 -2.441366
-3.997523 -0.140746
-3.982735 -0.371247
-3.989200 0.293737
-3.934299 0.722004
-3.656513 -1.621700
-3.907816 -0.853800
-3.989270 -0.292795
-3.548144 -1.846802
-3.980856 -0.390880
-3.838969 1.123529
-3.999709 -0.048275
-2.881432 -2.774409
-3.891655 -0.924672
-3.924380 -0.774108
-3.868526 -1.017109
-3.925923 0.766244
-3.856273 -1.062617
-3.957765 0.579736
-3.559340 1.825129
-3.739020 -1.421172
-3.984209 -0.355071
-3.465947 -1.996800
-3.390941 2.121679
-3.994748 -0.204903
-2.887895 2.767682
-3.898085 -0.897180
-3.710288 -1.494579
-3.624407 -1.692240
-3.296676 2.265375
-3.047572 -2.590812
-3.830979 -1.150479
-3.692339 -1.538387
-3.960601 -0.560034
-3.985608 -0.339011
-3.697333 1.526344
-3.789300 -1.281094
-3.784877 -1.294105
-3.853365 1.073118
-3.901163 -0.883702
-3.995365 -0.192516
-3.910287 -0.842408
-3.396610 2.112591
-3.966924 0.513335
-3.999774 -0.042477
-3.240734 2.344705
-3.936021 -0.712558
-3.667218 -1.597344
-2.013592 -3.456218
-3.765344 -1.349884
-3.859529 -1.050732
-3.565796 -1.812484
-3.926092 -0.765376
-3.640619 -1.657073
-3.855897 -1.063983
-3.991680 -0.257865
-3.998440 -0.111702
-3.764240 -1.352960
-3.992244 -0.248969
-3.925380 -0.769019
-3.999982 -0.012111
-3.748247 1.396654
-3.944292 -0.665250
-3.921957 -0.786292
-3.886485 -0.946167
-3.998398 -0.113181
-3.952616 -0.613863
-3.691281 -1.540924
-3.999449 -0.066392
-3.377104 -2.143635
-3.995279 -0.194284
-3.903795 -0.872000
-3.751065 -1.389067
-3.881731 0.965485
-3.468345 -1.992632
-3.463257 -2.001463
-3.880120 0.971941
-3.980898 -0.390453
-3.546803 1.849375
-3.999470 -0.065090
-3.999578 -0.058119
-3.853019 -1.074358
-3.883461 -0.958505
-3.996874 -0.158104
-1.622353 -3.656224
-3.998417 0.112508
-3.986028 -0.334034
-3.236910 -2.349981
-3.991722 -0.257210
-3.916913 -0.811045
-3.595442 -1.752940
-3.789278 1.281159
-3.999554 -0.059762
-3.978993 0.409412
-2.405243 -3.196061
-3.332191 -2.212804
-2.140653 3.378995
-3.711701 -1.491065
-3.840823 -1.117175
-3.887870 0.940459
-3.672849 -1.584355
-3.494191 -1.946954
-3.842619 -1.110980
-3.983624 -0.361584
-3.904444 -0.869089
1.728206 3.607396
1.941586 3.497176
2.209316 3.334505
3.560655 1.822564
3.293269 2.270326
3.155586 2.458105
3.415491 2.081927
3.549982 1.843265
0.377985 3.982101
2.130514 3.385396
2.015216 3.455272
1.643610 3.646717
2.723156 2.929919
2.039302 3.441111
2.330219 3.251166
3.911093 -0.838662
3.383430 2.133636
1.929118 3.504070
2.284870 3.283195
2.804726 2.851931
3.322767 2.226931
3.469103 1.991311
2.228816 3.321502
3.453129 2.018886
1.005794 3.871483
2.747019 2.907557
3.979947 0.400023
2.996223 2.650027
1.949796 3.492606
2.771175 2.884543
3.956879 0.585753
3.704971 1.507709
2.012629 3.456779
3.146489 2.469738
2.304364 3.269543
3.594590 -1.754686
0.910672 3.894955
2.818993 2.837830
3.248517 2.333910
2.613595 3.028055
0.439059 3.975830
0.109804 3.998493
2.715497 2.937018
2.409226 3.193059
3.561102 1.821689
3.192697 2.409707
0.740775 3.930808
0.992374 3.874944
2.701216 2.950158
1.962923 3.485245
3.773679 -1.326404
2.654783 -2.992010
1.595842 3.667873
3.779656 -1.309275
2.518426 3.107657
-1.071547 3.853802
1.107424 3.843646
1.779332 3.582454
2.979052 2.669317
2.897351 2.757782
2.873078 2.783060
3.988079 0.308585
2.533295 3.095547
3.795195 -1.263524
3.060881 2.575074
2.668870 2.979452
3.428641 2.060199
3.667425 1.596869
1.832238 3.555686
0.767969 3.925586
3.892186 -0.922434
2.656500 2.990486
1.542697 3.690540
3.645505 1.646298
3.867784 -1.019927
3.979255 -0.406858
3.839062 1.123209
3.101308 2.526240
0.544470 3.962771
1.775703 3.584254
2.379966 3.214928
1.113577 3.841867
3.013470 2.630399
3.999999 -0.002444
-0.131895 3.997825
3.148079 2.467711
1.956548 3.488828
2.935695 2.716927
3.946349 0.652936
2.702483 2.948997
3.713029 1.487756
2.769394 2.886253
3.586606 1.770947
2.882863 2.772923
1.450148 3.727878
3.820113 -1.186060
3.996898 0.157496
0.875631 3.902982
3.717602 -1.476291
3.333351 2.211057
3.762308 1.358322
3.426089 2.064440
-0.417937 3.978106
3.085906 2.545031
3.496859 1.942158
1.321170 3.775514
2.181748 3.352608
3.769065 -1.339459
2.853356 2.803276
1.421694 3.738821
1.953369 3.490609
3.151889 2.462844
1.629828 3.652898
3.385965 2.129611
3.289937 2.275152
3.485098 1.963185
3.279368 2.290359
1.029721 3.865188
3.248351 -2.334141
3.899840 0.889521
3.703781 1.510631
2.882362 2.773444
3.777072 -1.316710
1.595548 3.668000
-0.027353 3.999906
0.080643 3.999187
3.667890 1.595802
3.915874 0.816046
2.707477 2.944413
2.766748 2.888790
0.673567 3.942881
3.148375 2.467334
3.994967 0.200593
3.584898 1.774403
2.671061 2.977487
1.018957 3.868039
0.041965 3.999780
1.576438 3.676254
2.062049 3.427529
-0.002676 3.999999
3.365879 2.161217
3.258192 2.320384
1.931164 3.502942
3.828363 1.159153
2.432704 3.175209
1.391168 3.750287
-0.191244 3.995426
1.413250 3.742021
0.937750 3.888525
2.590077 3.048196
3.974231 -0.453307
-0.411667 3.978760
2.478537 3.139563
0.497299 3.968966
2.885536 2.770141
3.786899 1.288175
2.686637 2.963440
1.385262 3.752473
1.754002 3.594924
3.704863 1.507974
2.932058 2.720852
0.065760 3.999459
2.956581 2.694185
0.415308 3.978381
3.999888 0.029927
3.699564 1.520928
3.857810 1.057025
2.708923 2.943083
3.798098 1.254771
2.749589 2.905127
2.048557 3.435610
1.382307 3.753562
0.309132 3.988037
3.410204 2.090575
3.789619 1.280151
2.275985 3.289360
2.727929 2.925475
3.692110 1.538935
3.712803 1.488320
0.127169 3.997978
1.665343 3.636844
-0.392160 3.980730
3.710325 1.494486
3.384289 2.132273
3.887112 -0.943590
3.451750 2.021243
2.120830 3.391472
3.505078 1.927285
2.297553 3.274332
-0.368708 3.982971
1.005944 3.871444
3.314350 2.239438
2.691746 2.958801
3.169531 2.440098
3.140300 2.477603
1.320064 3.775901
1.813382 3.565340
2.118287 3.393060
2.262932 3.298354
3.811514 -1.213410
-3.906827 -0.858314
-3.959548 -0.567434
-0.308612 -3.988077
-2.242390 -3.312354
-3.494710 1.946023
-3.944005 0.666954
-2.474460 -3.142777
-2.313770 -3.262893
-3.927739 0.756877
-3.705334 1.506817
-3.407210 -2.095453
-3.415518 2.081883
-3.823951 1.173627
-3.999747 -0.044957
-3.982580 -0.372900
-3.672636 -1.584848
-2.952362 -2.698807
-2.994727 -2.651718
-3.994589 -0.207993
-3.421389 -2.072220
-3.222953 -2.369088
-3.734280 -1.433580
-3.949814 0.631643
-3.003479 2.641801
-3.863489 -1.036074
-3.833628 -1.141622
-3.314890 -2.238639
-3.827890 1.160714
-1.770942 -3.586609
-3.237520 2.349141
-3.700348 1.519020
-3.998598 0.105886
-3.791496 -1.274582
-2.989310 2.657824
-2.122561 -3.390389
-3.864029 1.034061
-2.591518 -3.046971
-3.681941 1.563110
-3.857381 1.058591
-3.998829 0.096768
-3.412078 -2.087516
-3.899453 0.891215
-3.736465 -1.427875
-3.998205 -0.119808
-3.300630 -2.259611
-2.550955 3.081011
-3.309795 -2.246165
-2.754773 -2.900211
-3.983864 0.358931
-3.288440 2.277314
-3.199346 -2.400871
-3.788299 1.284053
-3.112209 -2.512798
-3.884473 0.954394
-3.621247 -1.698991
-2.895140 -2.760103
-3.981642 0.382787
-3.635337 -1.668629
-2.284693 3.283318
-3.945261 0.659482
-3.499024 1.938255
-3.830101 1.153398
-3.684028 -1.558183
-3.950846 0.625153
-3.556772 -1.830129
-3.501076 -1.934545
-3.720209 -1.469709
-0.738691 -3.931200
-3.976667 -0.431414
-2.416859 -3.187286
-3.966613 -0.515730
-3.932860 0.729801
-3.824620 -1.171444
-3.731580 -1.440594
-1.724072 -3.609373
-3.795476 1.262680
-1.224596 -3.807934
-1.771663 -3.586253
-3.484520 -1.964209
-3.266939 -2.308053
-1.329122 -3.772722
-3.826506 -1.165269
-3.098362 -2.529852
-3.680058 1.567537
-3.769275 1.338867
-3.270297 -2.303293
-3.418326 -2.077269
-3.974258 0.453069
-2.771158 2.884559
-3.917110 0.810093
-3.703472 -1.511388
-3.941816 -0.679770
-2.225061 -3.324019
-3.877804 0.981140
-3.484673 1.963938
-3.633576 -1.672461
-3.970739 0.482942
-3.475417 -1.980272
-3.788389 1.283786
-3.199793 -2.400276
-3.983564 -0.362239
-3.405553 2.098144
-2.341798 -3.242836
-3.225922 2.365043
-2.344807 -3.240661
-3.995240 0.195073
-3.645749 -1.645756
-2.887306 -2.768296
-3.977824 0.420618
-2.838227 2.818593
-3.031101 2.610063
-2.376696 -3.217346
-2.976562 -2.672092
-3.994357 0.212402
-2.814703 -2.842085
-3.542645 1.857328
-2.560001 -3.073499
-3.996991 -0.155111
-2.888817 -2.766719
-3.182762 2.422814
-2.990141 2.656888
-2.365617 -3.225501
-3.988086 0.308493
-3.890319 -0.930278
-3.938773 -0.697186
-2.966664 -2.683077
-2.209930 -3.334098
-3.071235 -2.562716
-3.481299 -1.969913
-3.428846 2.059859
-3.765193 -1.350305
-3.724736 -1.458199
-3.964076 0.534882
-3.249025 2.333203
0.023420 -3.999931
-3.956328 -0.589463
-3.408610 -2.093175
-1.220038 -3.809397
-3.788728 -1.282786
-3.946780 0.650329
-3.476930 -1.977615
-3.299843 2.260761
-3.766484 1.346698
-3.978156 -0.417459
-3.234440 2.353381
-3.842094 -1.112795
-2.639153 -3.005806
-3.719679 1.471050
-2.834148 -2.822694
-3.858630 1.054027
-3.972238 -0.470453
-3.436607 -2.046883
-3.999869 -0.032334
-3.725027 1.457455
-3.370855 -2.153448
-2.731648 -2.922003
-3.905204 -0.865670
-3.873081 0.999623
-3.710349 -1.494426
-2.732795 -2.920929
-3.305155 -2.252987
-2.787627 -2.868647
-3.998436 0.111841
-3.462489 -2.002790
-3.681279 -1.564668
-3.214709 -2.380262
-3.212221 2.383618
-3.660571 -1.612521
-3.610871 -1.720932
-3.483643 1.965765
-3.403528 -2.101427
-3.466728 -1.995445
-3.978158 -0.417442
-2.802582 -2.854038
-3.735794 1.429629
-3.904426 -0.869173
-3.864233 1.033299
-3.616272 1.709555
-2.761059 -2.894228
-3.999885 0.030282
-3.994023 0.218578
-3.005215 2.639826
-3.546142 -1.850643
-2.449568 3.162217
-2.838403 -2.818416
-2.483174 -3.135897
-3.748643 1.395591
-3.931455 0.737335
-3.750273 1.391206
-3.937952 -0.701809
-3.411206 -2.088940
-3.730340 -1.443801
-2.879013 -2.776920
-3.643512 1.650703
-3.516024 1.907243
-3.002657 2.642736
-3.997547 0.140057
-0.522913 -3.965673
-3.997178 -0.150234
-3.913264 0.828470
-3.926208 -0.764781
-3.993986 0.219268
-3.286369 2.280303
2.335605 3.247299
-3.186991 2.417249
-3.793874 -1.267487
-3.670277 1.590303
-3.282706 2.285572
-1.202970 -3.814822
0.297689 3.988907
-3.075308 2.557828
-3.539234 1.863819
-0.971296 3.880282
-3.332581 2.212218
-3.387096 2.127811
-3.877960 -0.980522
-3.028473 2.613112
-3.649983 1.636345
-3.548041 -1.847000
-3.117550 2.506169
-3.456962 -2.012315
3.640238 1.657910
-3.247069 2.335924
-3.408744 -2.092955
-2.786804 2.869447
-2.681607 2.967993
-3.703231 1.511978
-2.509829 3.114604
1.652513 3.642692
-3.483267 -1.966431
-3.999440 0.066957
-1.899198 -3.520376
-3.143711 -2.473273
-3.898228 -0.896561
-3.888910 0.936150
-3.996951 -0.156146
-2.533064 -3.095737
-3.439993 2.041188
-3.324048 -2.225017
-2.686855 -2.963243
-2.129118 -3.386275
-3.222056 -2.370307
-3.854064 -1.070602
-2.353471 -3.234374
-3.936044 0.712430
-1.797133 -3.573558
-3.898315 0.896181
-3.923251 -0.779809
-3.926291 0.764358
-2.729099 2.924383
-3.641661 1.654782
-3.323206 2.226276
-3.777986 -1.314086
-3.814128 -1.205166
-3.825568 -1.168344
2.137241 3.381154
-3.620198 1.701225
3.592134 1.759709
-3.984710 -0.349412
-3.232568 2.355951
-2.989719 -2.657363
2.072725 3.421083
-3.985903 0.335527
-3.393952 2.116858
-3.120068 2.503033
-2.965078 -2.684830
0.677601 3.942189
-3.826961 -1.163774
-3.756468 -1.374390
-3.858514 -1.054453
-3.347191 -2.190049
-3.388193 2.126064
-3.995643 0.186645
-1.990774 3.469412
-3.642719 -1.652451
-2.682411 -2.967266
-3.505294 -1.926893
-3.347855 2.189033
-3.310252 2.245491
-3.430150 2.057686
-3.984341 -0.353588
-3.175774 2.431966
3.477407 1.976774
-0.455986 3.973925
-3.865174 -1.029773
-3.852432 1.076461
-3.929059 -0.749995
-3.208703 2.388352
-2.735258 2.918624
-3.979917 -0.400322
-3.999758 0.044024
-3.870383 1.010017
-3.364133 -2.163933
-3.929529 0.747532
-2.057070 -3.430519
-3.953354 -0.609093
-3.454090 2.017241
-3.401320 2.104999
-2.881178 -2.774674
0.846207 3.909467
-3.972061 0.471948
1.234646 3.804688
-3.902741 -0.876705
-2.294160 3.276710
-0.757721 3.927577
1.382222 3.753593
-1.712231 -3.615006
1.336022 3.770285
-3.955307 -0.596280
-3.979515 -0.404303
-2.344831 3.240643
-3.798579 1.253314
-3.560057 1.823731
-3.981226 -0.387088
-3.986940 -0.322970
-3.995120 0.197520
0.723804 3.933968
-2.475267 3.142142
-3.739291 1.420459
-2.001411 -3.463287
-2.709820 -2.942257
-3.989711 -0.286720
1.225619 3.807605
-2.331592 -3.250181
-3.475651 1.979861
-3.244371 2.339670
-3.727294 -1.451648
-3.979781 0.401673
2.900307 2.754673
-3.966472 -0.516819
-3.289588 -2.275657
-3.888785 -0.936670
-3.073773 2.559671
-2.248340 -3.308318
-3.469251 1.991055
-2.563740 -3.070381
-3.788275 -1.284125
-2.705565 2.946170
0.092276 3.998936
-3.546580 -1.849802
-2.216727 3.329583
-2.643339 3.002126
-0.857508 3.907004
-2.080109 3.416599
-2.779602 -2.876423
-3.415916 -2.081230
-3.319229 2.232201
-3.310808 -2.244672
-3.781289 -1.304550
-2.548877 3.082731
-3.108851 2.516952
-3.936378 -0.710584
0.943095 3.887232
-3.482797 -1.967264
-2.611932 -3.029490
-3.490287 -1.953944
2.204972 3.337379
-3.345208 2.193076
-3.191944 -2.410705
-1.732995 3.605097
-3.540811 1.860821
-3.946924 -0.649454
-3.523414 -1.893556
-3.604604 -1.734021
2.059112 3.429294
-2.524293 3.102893
-3.126694 2.494751
-3.194631 2.407142
-3.171133 2.438014
-3.861034 -1.045186
-2.609344 3.031719
0.095911 3.998850
-3.213694 2.381632
-3.153915 -2.460248
-2.931693 2.721245
-1.705073 -3.618387
-3.008160 -2.636470
-2.256981 -3.302429
-3.348387 2.188220
-3.928099 0.755009
-3.856696 1.061083
-3.608335 -1.726243
-3.679506 -1.568832
-3.287157 -2.279166
0.545015 3.962696
-3.903130 0.874972
3.154200 2.459882
-3.923998 -0.776043
-3.547709 -1.847637
-3.894378 0.913137
-3.960246 -0.562543
-3.992285 0.248320
-2.912573 -2.741700
-3.242066 2.342864
-0.764379 3.926286
-3.953141 0.610469
-3.709863 1.495633
-3.544436 1.853908
-2.997678 2.648382
-3.786727 -1.288682
