-3.216572 -2.377743
-3.743839 -1.408427
-3.999825 0.037390
-3.961381 -0.554491
-3.999870 0.032282
-3.976188 0.435809
-3.632457 -1.674890
-3.927661 -0.757282
-3.984996 -0.346130
-3.999979 0.013027
-3.491974 -1.950927
-3.972361 0.469416
-3.725281 -1.456806
-3.996641 -0.163882
-3.970754 -0.482818
-3.810170 -1.217622
-3.980192 -0.397587
-3.859126 -1.052211
-3.749665 -1.392843
-3.834635 -1.138233
-3.807873 -1.224788
-3.733459 -1.435718
-3.769059 -1.339476
-3.525324 -1.889998
-3.723263 -1.461954
-2.783611 -2.872544
-3.958405 -0.575355
-3.148782 -2.466814
-3.980496 0.394524
-2.808871 -2.847849
-3.701858 1.515338
-3.791925 -1.273305
-2.836326 -2.820506
-3.856723 -1.060985
-3.957799 -0.579509
-3.847112 -1.095322
-3.255402 -2.324297
-3.271411 -2.301710
-3.763468 1.355105
-3.911539 -0.836576
-3.618404 -1.705037
-3.234819 -2.352860
-3.996719 -0.161983
-3.813697 -1.206532
-3.998715 0.101363
-3.068348 -2.566172
-3.709039 -1.497676
-3.766016 -1.348006
-3.595789 1.752227
-3.999451 -0.066265
-3.070675 -2.563387
-3.842335 1.111964
-3.994429 0.211040
-3.657692 -1.619041
-3.869507 1.013370
-3.612566 -1.717373
-3.680963 -1.565412
-3.980740 -0.392057
-2.241564 -3.312913
-3.985131 0.344578
-3.996724 -0.161866
-3.636891 -1.665240
-3.495872 -1.943933
-3.999591 -0.057196
-3.433189 -2.052611
-3.713767 -1.485913
-3.376172 -2.145101
-3.129010 -2.491846
-3.818492 1.191267
-2.891624 -2.763786
-3.877939 0.980606
-3.447463 2.028546
-3.992849 0.239069
-3.899279 0.891976
-3.999951 0.019745
-3.998673 0.103043
-1.601448 -3.665428
-3.999984 0.011304
-3.060442 -2.575597
-3.766254 -1.347342
-3.756129 -1.375318
-3.925181 0.770035
-3.927380 0.758740
-3.316236 -2.236645
-3.867500 -1.021002
-3.871560 -1.005496
-2.883711 -2.772041
-3.352380 -2.182098
-3.999996 0.005602
-3.942415 -0.676284
-3.564226 -1.815571
-2.760827 -2.894449
-3.466845 -1.995240
-3.978165 -0.417377
-3.965537 -0.523939
-3.982947 0.368960
-3.727753 -1.450469
-3.776770 -1.317577
-3.999506 -0.062873
-3.888574 -0.937544
-3.360457 -2.169639
-3.996456 -0.168347
-3.950784 0.625544
-3.446638 -2.029948
-3.995049 0.198951
-3.942810 -0.673980
-3.984050 -0.356859
-3.800878 -1.246325
-3.927497 -0.758135
-3.740164 1.418159
-3.681977 -1.563024
-3.426712 -2.063406
-3.776835 -1.317390
-3.003054 -2.642284
-3.979829 -0.401203
-2.895286 -2.759949
-3.868583 1.016890
-3.946029 -0.654870
-3.991042 0.267554
-3.583539 -1.777145
-3.904769 -0.867630
-3.491848 -1.951154
-3.990948 -0.268949
-3.906906 -0.857953
-3.625747 -1.689366
-3.751464 1.387992
-3.519138 -1.901492
-3.532250 -1.877022
-3.680234 -1.567125
-3.902684 -0.876958
-3.497394 -1.941194
-2.491348 -3.129407
-2.823784 -2.833063
-3.997113 0.151936
-3.909147 0.847684
-3.842765 -1.110475
-3.257668 -2.321120
-3.868384 -1.017645
-3.194618 -2.407160
-3.534132 -1.873475
-3.931666 -0.736206
-2.257081 -3.302360
-3.971059 -0.480306
-3.866299 -1.025542
-3.839384 1.122109
-3.653480 -1.628522
-3.868983 -1.015368
-3.741805 1.413822
-3.978095 -0.418043
-3.541022 1.860420
-3.747240 -1.399354
-2.883162 -2.772612
-3.788284 1.284096
-3.366712 2.159919
-1.668027 -3.635614
-3.532330 -1.876871
-3.903947 0.871319
-3.706808 -1.503189
-3.871899 -1.004190
-3.240156 -2.345504
-3.573167 -1.797908
-3.966381 -0.517514
-3.627294 1.686043
-3.897589 -0.899332
-3.990351 -0.277669
-3.560881 -1.822122
-3.999222 -0.078912
-3.839041 1.123282
-3.998573 0.106853
-3.987931 -0.310491
-3.867893 1.019512
-3.997558 -0.139748
-3.755988 1.375701
-3.917749 -0.806994
-3.695308 1.531240
-3.906626 -0.859228
-3.189587 -2.413821
-3.985581 0.339324
-3.919879 0.796585
-3.269196 -2.304855
-3.607091 1.728842
-3.860396 1.047541
-3.541696 -1.859137
-3.612444 -1.717630
-3.965295 -0.525769
-3.966409 -0.517304
-3.951414 0.621552
-3.723959 -1.460181
-3.328783 -2.217928
-3.682836 -1.560999
-3.984144 -0.355807
-3.579521 -1.785226
-2.999246 -2.646606
-3.606731 -1.729594
-3.705982 1.505223
-3.912677 -0.831238
-3.987681 0.313684
-3.987747 -0.312844
-3.446768 -2.029727
-3.588689 1.766723
-2.860576 2.795909
-0.839795 3.910850
-0.555634 3.961221
-2.564861 3.069444
1.072268 3.853601
1.073013 3.853394
-0.687349 3.940501
-0.611159 3.953035
-1.135705 3.835385
-1.057634 3.857643
3.562488 1.818978
0.869237 3.904411
-2.485504 3.134050
0.872764 3.903624
-2.840670 2.816131
1.595263 3.668124
-2.570777 3.064491
1.159586 3.828232
1.451166 3.727481
-1.812393 3.565842
0.899166 3.897628
-1.173168 3.824091
0.175773 3.996136
0.215805 3.994174
-1.451138 3.727492
3.882925 0.960673
-2.667815 2.980396
-1.888783 3.525975
0.062657 3.999509
-1.174216 3.823770
0.250047 3.992177
1.255927 3.797716
-0.544971 3.962702
0.125949 3.998017
-1.714309 3.614021
-1.662059 3.638346
3.837045 1.130081
0.427721 3.977066
-3.936105 0.712093
-0.336090 3.985855
-0.121149 3.998165
-0.137335 3.997642
1.709220 3.616430
-2.997272 2.648841
-0.976516 3.878971
-2.080542 3.416335
0.497850 3.968897
0.718725 3.934900
-0.821611 3.914710
-0.457500 3.973751
0.331554 3.986235
-0.530631 3.964648
-1.389255 3.750996
-2.430607 3.176814
-1.596755 3.667475
-0.905827 3.896085
3.697965 1.524814
-0.087391 3.999045
-1.920064 3.509039
-1.919225 3.509498
0.095716 3.998855
-2.792652 2.863755
2.357942 3.231116
-0.674059 3.942797
0.167469 3.996493
-0.766318 3.925908
1.257043 3.797347
-0.808192 3.917503
-1.559121 3.683632
-2.107161 3.399981
0.620396 3.951596
-1.835728 3.553886
-3.124443 2.497569
1.865721 3.538232
-0.357043 3.984033
-1.701832 3.619913
-0.572355 3.958839
-0.730945 3.932648
-0.791226 3.920964
-0.078719 3.999225
-2.443674 3.166774
0.321766 3.987037
0.421464 3.977734
2.549694 3.082054
1.069211 3.854450
3.876843 0.984932
0.991618 3.875138
0.477765 3.971365
1.108795 3.843250
-0.801190 3.918940
-0.514179 3.966815
-0.924935 3.891593
-1.790576 3.576848
0.473835 3.971836
-2.928332 2.724862
-2.001654 3.463146
-1.179248 3.822221
-0.864855 3.905384
2.319830 3.258587
-1.214126 3.811286
2.105131 3.401238
-1.138500 3.834556
0.742355 3.930510
1.304729 3.781228
-1.030711 3.864924
3.876816 0.985036
0.970950 3.880368
3.658794 1.616547
0.571488 3.958965
-0.998548 3.873358
0.655146 3.945983
1.413518 3.741920
-1.013512 3.869469
-2.785852 2.870371
-1.462422 3.723080
3.971238 0.478822
-0.574885 3.958473
-0.611410 3.952996
3.957639 0.580595
-0.317008 3.987418
0.323796 3.986873
-3.706874 1.503025
1.829670 3.557008
-1.130913 3.836800
-1.824354 3.559738
-0.576728 3.958205
-0.861463 3.906134
-0.532445 3.964404
2.098994 3.405029
-1.920214 3.508957
1.283913 3.788346
-1.638529 3.649003
-1.283054 3.788637
0.188611 3.995551
0.384939 3.981435
1.085426 3.849916
-0.000141 4.000000
0.569518 3.959249
-0.564197 3.960010
-1.186580 3.819951
-2.841010 2.815788
-1.814774 3.564631
-0.861679 3.906086
2.498742 3.123506
1.440100 3.731771
-1.938574 3.498847
2.083558 3.414496
-1.266450 3.794220
0.901069 3.897188
0.390644 3.980879
1.113530 3.841881
1.146020 3.832315
-3.417309 2.078942
1.296550 3.784040
0.550711 3.961908
-0.976350 3.879013
0.169518 3.996406
-1.550760 3.687159
-1.212343 3.811853
0.311440 3.987857
1.221836 3.808821
1.029260 3.865310
-2.865790 2.790564
-1.383869 3.752986
-0.235919 3.993037
-0.955691 3.884154
0.451584 3.974427
1.805513 3.569331
-0.087182 3.999050
-1.519287 3.700239
0.514933 3.966717
1.896965 3.521580
-1.222058 3.808750
2.104655 3.401533
-0.826716 3.913635
-0.681767 3.941471
0.411875 3.978738
-1.247128 3.800615
0.135551 3.997703
-0.145488 3.997353
3.438141 2.044306
3.788809 1.282545
-2.361109 3.228802
-0.622747 3.951226
-0.992710 3.874858
-1.071433 3.853833
-1.282871 3.788699
0.239545 3.992821
-1.485616 3.713885
-0.854804 3.907596
3.938533 0.698538
-1.729939 3.606565
-1.194494 3.817484
-0.420629 3.977822
-0.809927 3.917144
3.326814 2.220880
-1.871882 3.534977
-0.275753 3.990484
1.695188 3.623029
0.485308 3.970450
-3.978994 -0.409394
-3.388601 -2.125413
-3.957020 0.584801
-3.550255 -1.842740
-1.730199 -3.606440
-2.456949 -3.156485
-3.081220 -2.550703
-2.028969 -3.447214
-2.658309 -2.988878
-3.457014 -2.012225
-3.384511 -2.131920
-3.951564 -0.620597
-3.771180 -1.333493
-3.904541 -0.868655
-3.232052 -2.356658
-0.879745 -3.902057
-3.999153 0.082330
-3.207570 -2.389874
-2.050163 -3.434652
-1.580644 -3.674448
-3.989514 -0.289440
-3.599947 -1.743668
-3.988236 -0.306547
-1.528243 -3.696549
-3.794757 -1.264841
-3.919417 0.798855
-3.331703 -2.213539
-3.939280 -0.694313
-2.740759 -2.913459
-0.098100 -3.998797
-3.821032 -1.183095
-2.821883 -2.834956
-3.998424 -0.112280
-2.895989 -2.759211
-3.671470 -1.587548
-3.956054 0.591299
-3.995196 0.195973
-3.745448 -1.404143
-3.214344 -2.380755
-3.231971 -2.356769
-3.968106 -0.504114
-0.515358 -3.966662
-3.863211 -1.037112
-3.797745 1.255838
-3.997702 0.135563
-2.430605 -3.176816
-0.571140 -3.959015
-0.816467 -3.915786
-3.924567 -0.773158
-2.796593 -2.859907
-3.298067 -2.263351
-3.896915 -0.902250
-0.834476 -3.911988
-3.998839 -0.096373
-2.916888 -2.737109
-3.694322 -1.533618
-3.934250 0.722272
-3.981916 -0.379932
-3.828756 1.157856
-3.924700 -0.772484
-2.523460 -3.103570
-3.400585 -2.106187
-3.464599 -1.999139
-3.399700 -2.107615
-1.384929 -3.752595
-2.162581 -3.365003
-3.734213 -1.433755
-3.019355 -2.623642
-3.645416 1.646494
-3.500408 1.935755
-3.386936 -2.128067
-3.536191 -1.869586
-3.998499 -0.109578
-2.710726 -2.941422
-3.995618 -0.187177
-2.979977 -2.668284
-0.734244 -3.932033
-2.431218 -3.176347
-2.137590 -3.380933
-3.985536 -0.339856
-2.940296 -2.711947
-3.802863 -1.240254
-2.983792 -2.664016
-2.855035 -2.801566
-2.564140 -3.070047
-2.904914 -2.749813
-3.950209 -0.629168
-2.977869 -2.670636
-3.082057 -2.549691
-3.846277 -1.098252
0.168038 -3.996469
-3.992975 -0.236953
-3.996383 0.170071
-3.532089 -1.877325
-3.308274 -2.248405
-3.965319 -0.525588
-3.919656 -0.797683
-2.358053 -3.231035
-3.993874 -0.221293
-2.558421 -3.074814
-3.227639 -2.362699
-3.976754 0.430617
-3.427714 -2.061742
-3.738926 -1.421420
-3.924374 -0.774139
-3.924974 -0.771092
-3.892773 0.919956
-3.998418 -0.112497
-3.278484 -2.291624
-3.952852 -0.612340
-3.945325 0.659100
-3.629196 -1.681945
-2.203864 -3.338111
-3.620565 -1.700443
-3.680873 -1.565622
-3.996988 -0.155194
-3.999881 0.030848
-3.663623 -1.605574
-3.983388 0.364169
-2.596216 -3.042970
-3.973797 -0.457100
-2.873746 -2.782370
-2.388743 -3.208412
-3.946154 -0.654117
-2.918497 -2.735393
-3.653605 -1.628241
-3.989837 0.284952
-3.546983 -1.849029
-3.146119 -2.470210
-1.666424 -3.636348
-2.163676 -3.364299
-2.858075 -2.798465
-3.572343 -1.799547
-3.981023 0.389171
-3.346599 -2.190953
-2.933140 -2.719685
-3.505771 -1.926025
-3.943427 -0.670359
-1.581553 -3.674056
-3.512584 -1.913571
-2.610631 -3.030612
-3.428641 -2.060199
-2.458680 -3.155137
-2.300006 -3.272610
-2.365814 -3.225357
-3.131470 -2.488754
-3.568686 -1.806787
-3.397538 -2.111099
-2.655700 -2.991197
-3.998861 -0.095467
-3.988061 -0.308821
-2.135930 -3.381982
-2.317459 -3.260274
-3.234811 -2.352869
-1.266553 -3.794186
-3.143211 -2.473908
-3.992247 0.248928
-3.163179 -2.448326
-3.715951 -1.480441
-3.659621 -1.614674
-1.180512 -3.821831
-3.284452 -2.283063
-2.876348 -2.779681
-3.700789 -1.517946
-2.253059 -3.305106
-1.990914 -3.469332
-2.291499 -3.278572
-3.929701 0.746626
-0.908397 -3.895487
-2.156669 -3.368795
-1.165804 -3.826343
-1.204533 -3.814328
-3.372076 -2.151536
-3.961142 -0.556196
-3.989815 -0.285259
-3.970847 -0.482052
-3.231369 -2.357596
-1.292346 -3.785478
-2.522481 3.104366
-3.644244 -1.649085
-3.032182 -2.608806
-3.813959 -1.205702
-3.702507 -1.513751
-3.850246 -1.084254
-3.407126 -2.095588
-3.999875 -0.031614
-3.929087 -0.749852
-3.892096 -0.922818
-3.464121 -1.999967
-3.242134 -2.342769
-2.965084 -2.684823
-2.981926 -2.666105
-3.998689 0.102406
-3.401910 -2.104045
-1.960166 -3.486797
-3.746908 -1.400244
-3.981978 -0.379282
-2.425434 -3.180765
-2.549020 -3.082612
-3.932883 -0.729678
0.964322 -3.882020
-0.038241 -3.999817
1.026620 -3.866012
-1.028558 -3.865497
0.516493 -3.966514
1.137573 -3.834831
-0.060130 -3.999548
-1.059812 -3.857045
-0.331551 -3.986236
0.025503 -3.999919
-3.832477 1.145479
0.608791 -3.953400
2.442380 -3.167772
-1.866441 -3.537852
-2.726245 -2.927044
0.256993 -3.991736
0.209063 -3.994533
-3.163977 -2.447295
1.285606 -3.787772
-1.666562 -3.636285
-2.048309 -3.435758
0.450388 -3.974563
-2.621787 -3.020966
0.739822 -3.930988
-0.606979 -3.953679
0.533548 -3.964256
-0.636347 -3.949058
1.963700 -3.484807
-1.038687 -3.862788
2.724216 -2.928933
2.006456 -3.460366
0.902764 -3.896796
-2.617901 -3.024334
-0.653562 -3.946246
-0.150036 -3.997185
2.143646 -3.377097
-0.343120 -3.985256
-2.693439 -2.957260
1.277418 -3.790541
1.737636 -3.602863
0.136392 -3.997674
-0.394362 -3.980512
-1.217724 -3.810138
0.034687 -3.999850
-0.426012 -3.977250
-1.206129 -3.813824
0.278245 -3.990311
0.840706 -3.910654
1.879148 -3.531119
-1.585805 -3.672223
1.601379 -3.665458
-3.356454 -2.175826
0.342126 -3.985342
-0.032909 -3.999865
1.644745 -3.646205
-0.808763 -3.917385
-1.865302 -3.538453
-0.199465 -3.995024
1.931558 -3.502725
-0.627435 -3.950484
0.765635 -3.926042
-0.138457 -3.997603
-1.189261 -3.819117
-2.218869 -3.328156
-0.069684 -3.999393
0.381943 -3.981723
2.081928 -3.415491
-1.961662 -3.485955
2.314777 -3.262178
1.075267 -3.852765
0.796232 -3.919951
-1.880721 -3.530281
-2.213532 -3.331708
0.044821 -3.999749
-0.041873 -3.999781
2.452692 -3.159795
0.756207 -3.927868
-0.531929 -3.964474
-1.195590 -3.817141
-2.193318 -3.345050
1.034908 -3.863802
0.326185 -3.986678
-0.235342 -3.993071
1.549790 -3.687567
0.143911 -3.997410
-1.561231 -3.682738
2.434377 -3.173927
-1.037206 -3.863186
-0.138929 -3.997587
0.475346 -3.971655
-3.508784 -1.920530
-0.792753 -3.920656
0.729697 -3.932880
0.386351 -3.981298
-1.134174 -3.835837
0.685312 -3.940856
-1.094712 -3.847286
-1.450212 -3.727852
0.641964 -3.948149
-0.277145 -3.990387
1.910936 -3.514018
1.384493 -3.752756
-1.135815 -3.835352
-0.776274 -3.923952
-0.313541 -3.987693
0.532934 -3.964339
0.645584 -3.947559
1.108450 -3.843350
1.490403 -3.711967
-0.538246 -3.963621
0.372422 -3.982625
-0.451850 -3.974397
-0.166032 -3.996553
0.340076 -3.985517
2.241117 -3.313215
0.120835 -3.998174
0.027828 -3.999903
-2.041435 -3.439846
1.546440 -3.688973
0.207252 -3.994627
2.812289 -2.844474
-0.837026 -3.911443
0.586978 -3.956698
0.091479 -3.998954
-2.535024 -3.094132
1.283539 -3.788473
-1.533093 -3.694540
-1.786661 -3.578805
-1.469165 -3.720424
-1.007593 -3.871015
1.760834 -3.591582
2.681011 -2.968532
1.466538 -3.721460
-0.160601 -3.996775
-2.045441 -3.437466
-1.789201 -3.577535
-1.733967 -3.604630
-0.307722 -3.988146
3.437725 -2.045006
-0.520244 -3.966024
-0.465285 -3.972847
-0.664518 -3.944416
0.748539 -3.929337
-1.634554 -3.650785
-0.359913 -3.983775
-0.849429 -3.908768
-0.461073 -3.973338
-1.806855 -3.568652
-1.853200 -3.544806
0.992112 -3.875011
-0.948907 -3.885817
1.037129 -3.863206
0.413879 -3.978530
1.866939 -3.537589
0.426116 -3.977238
-0.971003 -3.880355
0.714658 -3.935640
2.388758 -3.208401
-0.239390 -3.992830
1.332433 -3.771554
-2.065781 -3.425281
-0.614591 -3.952503
-1.714756 -3.613808
-1.445653 -3.729623
-1.049271 -3.859926
-1.856881 -3.542879
1.402184 -3.746182
1.227528 -3.806990
-3.446520 -2.030148
-1.496176 -3.709644
1.440708 -3.731536
1.501948 -3.707311
-0.402796 -3.979668
-2.522221 -3.104577
0.607422 -3.953611
-1.158170 -3.828661
-1.193082 -3.817926
0.597071 -3.955187
-0.480372 -3.971051
0.018270 -3.999958
0.516377 -3.966529
0.233357 -3.993187
-1.617293 -3.658465
0.405845 -3.979358
0.444654 -3.975208
-0.561717 -3.960363
-1.830114 -3.556780
-1.413569 -3.741901
0.719248 -3.934804
-0.806326 -3.917887
0.800694 -3.919042
0.098529 -3.998786
1.459083 -3.724389
-2.207430 -3.335753
-1.597437 -3.667178
0.497893 -3.968892
0.944807 -3.886816
1.959621 -3.487103
0.004276 -3.999998
0.921215 -3.892475
