-3.978113 -0.417868
-3.991454 -0.261340
-3.999674 0.051036
-3.753277 -1.383081
-3.361499 -2.168023
-3.978642 -0.412808
-3.994721 0.205444
-3.902061 -0.879729
-3.763667 -1.354552
-3.674203 1.581213
-3.875357 0.990760
-3.950418 -0.627848
-3.758491 1.368847
-3.701936 -1.515146
-3.999565 0.059020
-3.831485 -1.148793
-3.816999 1.196044
-3.752316 -1.385686
-3.968308 -0.502528
-3.790337 -1.278025
-3.117916 2.505714
-3.762434 -1.357972
-3.796617 1.259244
-3.958072 0.577638
-3.979208 0.407316
-3.311132 2.244194
-3.438430 -2.043820
-3.749241 -1.393984
-3.957583 0.580981
-3.412181 -2.087348
-3.967843 0.506183
-3.633863 -1.671838
-3.858797 -1.053417
-3.817417 1.194709
-3.961034 0.556965
-3.765285 1.350048
-3.922751 -0.782320
-3.623586 -1.693997
-3.569096 -1.805977
-3.940353 0.688199
-3.844361 -1.104940
-3.995501 0.189665
-3.783114 -1.299250
-3.920384 -0.794094
-3.838845 1.123953
-3.994763 0.204616
-3.807352 1.226407
-3.947691 -0.644773
-2.804750 -2.851908
-3.855901 1.063969
-3.578365 -1.787541
-3.880685 0.969681
-3.994529 -0.209140
-3.171027 2.438153
-3.659886 -1.614075
-3.944189 -0.665866
-3.767155 1.344820
-3.890949 -0.927638
-3.250016 2.331822
-3.744667 1.406224
-3.814922 -1.202650
-3.997214 0.149276
-3.979138 0.408000
-3.983055 -0.367791
-3.819175 1.189077
-3.812911 -1.209011
-3.852407 -1.076549
-3.986891 -0.323569
-3.880293 -0.971251
-3.997801 -0.132627
-3.930249 0.743733
-3.982486 0.373905
-3.855049 1.067050
-3.942311 -0.676892
-3.986130 -0.332815
-3.975687 -0.440359
-3.996589 -0.165153
-1.860175 -3.541151
-2.883687 -2.772066
-3.951692 0.619780
-3.953980 0.605012
-3.942936 -0.673241
-3.425932 -2.064701
-3.561463 -1.820983
-3.319229 -2.232200
-3.991576 -0.259467
-3.815923 1.199471
-3.999648 -0.053054
-3.968770 0.498862
-3.998798 0.098066
-3.925106 -0.770417
-3.993400 -0.229691
-3.997553 0.139885
-3.701377 1.516512
-3.991393 0.262261
-3.477458 -1.976686
-3.542139 1.858293
-3.997166 0.150556
-3.984907 0.347150
-3.933917 0.724084
-3.999867 0.032672
-3.166190 2.444431
-3.683504 1.559422
-3.911770 0.835497
-3.907368 0.855846
-3.914202 0.824030
-3.967835 0.506243
-3.992112 0.251084
-3.978473 0.414427
-3.754055 -1.380967
-3.886033 0.948024
-3.908592 -0.850239
-3.976541 0.432572
-3.987814 -0.311998
-3.544530 1.853727
-3.760936 -1.362117
-3.999341 -0.072601
-2.852952 2.803688
-3.917387 -0.808754
-3.916502 -0.813025
-3.819769 1.187165
-3.871557 1.005508
-3.923059 -0.780774
-3.945851 -0.655944
-3.783217 1.298949
-3.818060 -1.192653
-3.999997 0.004602
-3.675953 1.577140
-3.315513 2.237715
-3.928870 -0.750984
-3.987448 0.316637
-3.864975 -1.030519
-3.839825 -1.120599
-3.730462 -1.443488
-3.851867 1.078481
-3.488647 1.956870
-3.572472 -1.799289
-3.643611 -1.650485
-3.966735 0.514791
-3.931298 0.738169
-3.912498 -0.832080
-3.783637 1.297727
-3.372721 -2.150524
-3.884596 0.953895
-3.981624 0.382974
-3.974793 -0.448352
-3.729773 1.445265
-3.999583 0.057737
-3.945756 0.656515
-3.998500 -0.109528
-3.913828 0.825805
-3.909740 -0.844946
-3.839967 1.120112
-3.699837 -1.520265
-3.247204 -2.335737
-3.726457 -1.453793
-3.489711 -1.954972
-3.851407 1.080121
-3.766927 -1.345459
-3.976155 0.436108
-3.966416 0.517249
-3.536184 1.869600
-3.916414 0.813449
-3.477570 -1.976488
-3.849708 1.086162
-3.926304 -0.764288
-3.984005 -0.357360
-3.573721 1.796809
-3.834623 1.138275
-3.672821 -1.584420
-3.584736 1.774731
-3.876486 0.986334
-2.512580 3.112385
-3.910419 0.841798
-3.971893 -0.473358
-3.967792 -0.506580
-3.129241 -0.347465
-3.966562 0.516124
-3.927593 0.757635
-3.957130 -0.584054
-3.438375 -2.043911
-3.940397 -0.687947
-3.800079 -1.248760
-3.999998 0.004411
-3.847991 -1.092230
-3.985200 0.343780
-3.951922 0.618317
-3.969329 -0.494399
-3.532313 -1.876902
-3.621720 1.697982
-3.717293 -1.477069
-3.998814 0.097381
-3.667927 -1.595717
-3.900846 -0.885100
-3.973419 0.460367
-3.253856 2.326461
-3.698853 -1.522657
-3.892005 0.923201
-3.712073 1.490138
-3.859181 -1.052007
3.949548 0.633299
3.175127 2.432811
3.838679 1.124519
3.637949 1.662928
2.468538 3.147430
3.194488 2.407332
3.265990 2.309396
3.940808 -0.685590
3.515629 1.907970
3.854942 1.067436
1.788019 3.578126
3.783605 1.297819
3.981513 0.384130
2.686520 2.963547
3.597152 1.749427
2.383936 3.211985
3.838467 1.125244
2.497642 3.124386
3.464361 1.999551
3.269686 2.304160
2.578157 3.058285
3.744326 1.407134
3.833645 1.141564
1.298994 3.783201
1.811053 3.566523
2.938038 2.714394
2.778656 2.877337
3.827107 1.163292
1.864047 3.539114
2.691771 2.958778
2.581240 3.055684
3.893544 0.916689
3.981965 0.379416
3.376162 2.145118
3.798103 1.254757
3.860103 1.048621
1.163464 3.827055
3.396354 2.113003
2.782252 2.873860
3.999578 0.058097
3.504278 1.928740
3.823923 1.173719
3.622346 1.696647
3.764591 1.351982
2.346749 3.239254
3.178559 2.428324
2.949249 2.702208
3.821196 -1.182565
3.779253 1.310438
3.211153 2.385057
3.338112 2.203862
3.352811 2.181435
2.312084 3.264087
3.459450 2.008036
3.820516 1.184759
3.145610 2.470857
3.957855 0.579121
3.991736 0.256997
3.380926 2.137601
3.309192 2.247053
3.535180 1.871497
2.116579 3.394127
2.726220 2.927067
3.651813 1.632257
2.284210 3.283654
3.960372 0.561656
3.499397 1.937582
2.868860 2.787408
3.807905 1.224686
3.599175 1.745261
2.549345 3.082344
2.482146 3.136710
3.198589 2.401880
3.221871 2.370558
2.860219 2.796273
3.829342 1.155916
3.598441 1.746775
1.920213 3.508957
3.224448 2.367051
3.602220 1.738969
3.371053 2.153137
3.898038 0.897385
2.480062 3.138358
2.285057 3.283065
2.437613 3.171442
3.774231 1.324833
3.165384 2.445475
3.103590 2.523436
2.349641 3.237157
3.556806 1.830063
3.351437 2.183545
2.654074 2.992639
1.068386 3.854679
1.052785 3.858969
2.518647 3.107478
3.357700 2.173902
1.871982 3.534924
3.113454 2.511255
3.629840 1.680554
3.117376 2.506385
2.527535 3.100252
0.731223 3.932596
3.739535 1.419815
3.827719 1.161277
1.679405 3.630372
3.737279 1.425743
2.313374 3.263174
3.716526 1.478999
2.543888 3.086849
3.924231 0.774863
3.537171 1.867731
3.304499 2.253950
3.508298 1.921418
3.803850 1.237226
2.980590 2.667599
2.948172 2.703383
1.013826 3.869387
3.275589 2.295761
2.833220 2.823626
3.372838 2.150341
3.866511 1.024738
2.454118 3.158687
3.386958 2.128031
3.362219 2.166907
3.984358 0.353401
3.174739 2.433317
3.342384 2.197378
2.930757 2.722254
3.603472 1.736371
2.461768 3.152729
3.254782 2.325166
3.742742 1.411342
3.422890 2.069741
3.894383 0.913116
3.667668 1.596313
2.232212 3.319221
3.474465 1.981941
3.168768 2.441088
1.346981 3.766383
3.510000 1.918307
2.321185 3.257622
3.674296 1.580996
3.873715 0.997163
3.995345 0.192911
2.661297 2.986218
2.658326 2.988863
2.822459 2.834383
3.312714 2.241858
3.417250 2.079039
2.486663 3.133131
3.759745 1.365399
3.291207 2.273314
3.001341 2.644230
2.512178 3.112710
3.495319 1.944927
3.785967 1.290912
3.047628 2.590746
3.919571 0.798102
2.960732 2.689622
3.303204 2.255846
3.670633 1.589482
3.789116 1.281638
3.891683 0.924555
3.686147 1.553164
3.784773 1.294408
3.290484 2.274361
0.821194 3.914798
1.869281 3.536352
3.046001 2.592658
2.538621 3.091182
2.217786 3.328878
3.755999 1.375671
1.726783 3.608077
3.133635 2.486027
3.523463 1.893466
3.498762 1.938727
3.441951 2.037884
3.997394 0.144369
1.979336 3.475950
3.966629 0.515611
3.518444 1.902776
2.192536 3.345562
3.523225 1.893907
3.036249 2.604073
2.782436 2.873683
3.477235 1.977079
2.969208 2.680262
2.951575 2.699668
3.349026 2.187241
3.013901 2.629905
2.726191 2.927095
3.550762 1.841763
2.614580 3.027205
2.632589 3.011557
2.971533 2.677684
2.832329 2.824519
3.921920 0.786477
3.157247 2.455971
3.992029 0.252404
3.427448 2.062183
-3.954930 0.598770
-3.283504 2.284426
-3.996754 -0.161107
-3.756024 -1.375604
-3.992492 -0.244962
-3.524145 -1.892196
-3.936872 0.707840
-2.505666 -3.117954
-3.733130 1.436571
-3.991810 -0.255844
-2.957195 -2.693510
-3.282954 -2.285216
-3.896782 -0.902824
-3.984472 0.352110
-3.422967 -2.069612
-2.480303 -3.138168
-1.798337 -3.572952
-2.104712 -3.401498
-3.958411 0.575309
-2.877440 -2.778550
-1.322617 -3.775008
-0.749621 -3.929131
-3.906526 -0.859682
-3.575133 -1.793997
-3.964391 -0.532545
-2.963529 -2.686540
-3.774645 -1.323652
-3.958123 0.577285
-3.397387 2.111340
-3.982508 0.373666
-3.602849 1.737666
-3.915062 0.819934
-2.202574 -3.338962
-3.502849 1.931334
-3.342762 -2.196803
-3.983691 0.360844
-2.974113 -2.674819
-3.827536 1.161882
-3.980618 0.393295
-3.929252 0.748983
-2.112749 -3.396512
-3.251334 -2.329984
-2.524452 -3.102764
-3.976692 0.431188
-3.417915 -2.077946
-3.684867 1.556199
-3.337910 -2.204168
-2.136038 -3.381914
-2.936567 2.715985
-3.904088 0.870687
-3.977795 0.420888
-2.669988 2.978450
-3.535623 -1.870661
-2.850133 -2.806554
-3.999256 0.077129
-2.916283 -2.737753
-3.850624 -1.082911
-0.483016 -3.970730
-3.952539 -0.614355
-3.996485 0.167658
-3.999061 -0.086668
-3.807325 1.226491
-3.999954 -0.019202
-2.504716 -3.118717
-0.632377 -3.949696
-3.463228 2.001512
-3.999859 -0.033619
-3.949657 0.632624
-3.128371 -2.492648
-3.218562 -2.375050
-3.710105 1.495031
-3.892953 -0.919193
-3.790773 -1.276729
-1.833537 -3.555017
-3.174422 -2.433730
-3.815364 -1.201248
-3.605975 -1.731168
-3.182472 -2.423194
-3.894660 -0.911933
-2.276294 -3.289147
-3.762487 -1.357826
-3.367771 -2.158267
-0.871492 -3.903908
-3.999377 0.070583
-3.838308 1.125784
-2.758108 -2.897039
-1.991584 -3.468947
-3.994675 0.206330
-3.939640 -0.692267
-3.616603 1.708854
-3.310939 -2.244478
-2.726295 -2.926997
-2.945157 -2.706668
-3.687638 1.549622
-3.999979 0.012822
-3.929956 0.745284
-3.909001 -0.848356
-3.887492 0.942020
-3.899999 0.888823
-0.986992 -3.876319
-3.999877 -0.031385
-3.866266 1.025664
-2.856512 -2.800061
-3.896951 0.902094
-3.754015 -1.381076
-3.965313 -0.525637
-3.929472 -0.747830
-3.073024 -2.560571
-3.411672 -2.088180
-3.999922 -0.024970
-3.854177 -1.070195
-2.783580 -2.872574
-2.897133 -2.758010
-3.914864 -0.820878
-2.395548 -3.203334
-3.829652 1.154888
-2.853553 -2.803076
-3.994043 0.218229
-2.693755 -2.956972
-3.834615 -1.138299
-3.880549 0.970227
-3.918678 -0.802473
-3.981115 0.388233
-3.981180 0.387559
-3.865414 1.028872
-3.349767 -2.186107
-3.483345 -1.966292
-2.908459 -2.746064
-3.912140 0.833765
-3.878507 0.978357
-3.998946 0.091822
-2.472603 -3.144238
-3.600750 -1.742010
-3.673201 -1.583539
-3.854619 -1.068602
-3.801429 1.244644
-3.431855 -2.054841
-0.949664 -3.885632
-2.102204 -3.403049
-3.626926 1.686835
-3.178851 -2.427943
-3.686628 1.552024
-3.908202 -0.852029
-3.886457 0.946283
-3.909764 -0.844837
-3.930968 -0.739929
-3.303479 -2.255444
-3.964330 0.532995
-3.171669 -2.437317
-3.489803 1.954808
-3.585750 -1.772680
-3.998378 -0.113909
-3.954210 0.603510
-3.996271 -0.172676
-3.663013 -1.606965
-2.573957 -3.061821
-2.031955 -3.445455
-3.865694 -1.027818
-3.936739 -0.708578
-2.270237 -3.293330
-0.446258 -3.975029
-2.050243 -3.434604
-3.953539 -0.607892
-3.617333 -1.707309
-2.278776 -3.287427
-3.025329 -2.616751
-3.809782 1.218836
-3.216472 -2.377880
-3.567075 -1.809966
-3.948783 -0.638052
-3.653418 -1.628661
-2.133647 -3.383423
-2.407209 -3.194580
-3.846968 1.095827
-3.987657 -0.313989
-3.261201 -2.316154
-3.975621 0.440947
-3.764534 -1.352139
-3.021921 -2.620686
-3.640046 1.658331
-3.904654 -0.868146
-3.819640 1.187583
-0.302392 -3.988554
-3.999978 0.013205
-2.424964 -3.181124
-3.298741 -2.262367
-3.914590 0.822184
-3.954284 -0.603027
-3.754098 -1.380851
-3.701410 -1.516431
-3.830812 -1.151033
-3.987414 -0.317064
-3.627500 -1.685599
-3.903583 0.872949
-3.974400 -0.451825
-3.978320 0.415900
-2.685964 2.964051
-3.386562 -2.128661
-3.835592 1.135004
-3.779965 1.308383
-3.993829 0.222107
-3.294184 -2.268997
-3.728961 -1.447361
3.810544 -1.216452
-3.012141 -2.631921
-3.889915 -0.931967
-3.276230 -2.294845
-3.601909 -1.739613
-3.000347 -2.645357
-3.781676 1.303430
-2.827378 -2.829475
-3.608339 -1.726235
-3.890152 -0.930977
-3.923664 0.777729
-3.806924 -1.227733
-3.892036 -0.923070
-3.751593 1.387641
-3.963549 -0.538779
-3.927117 -0.760101
-3.224056 -2.367586
-0.068898 -3.999407
3.628957 -1.682459
-2.384402 3.211640
-2.108358 -3.399239
-3.774675 -1.323566
-3.912957 -0.829921
-3.003127 -2.642201
-2.811790 2.844967
-3.433011 2.052909
-3.830932 -1.150635
-3.541058 -1.860351
-3.847191 -1.095044
-3.747857 -1.397700
-1.040988 -3.862168
-3.700456 -1.518758
-2.922482 -2.731135
-3.832655 -1.144882
-3.781303 -1.304509
-3.225751 -2.365276
-3.880340 -0.971062
-3.982024 -0.378790
-2.757706 -2.897423
-3.481043 -1.970366
-2.954651 -2.696300
-3.678144 1.572024
-3.721785 -1.465714
-3.826169 1.166374
-3.962798 -0.544275
-2.916698 -2.737312
-2.840086 2.816720
-1.931241 3.502900
-1.959257 3.487307
-3.716489 -1.479090
-3.905134 -0.865982
-2.622814 -3.020074
-3.686660 1.551946
-3.853264 1.073480
3.784324 -1.295720
-2.788494 2.867804
-2.975397 -2.673390
-3.494231 -1.946881
-3.394525 2.115939
-1.929787 -3.503701
-3.663735 -1.605319
-2.078063 3.417843
-3.134326 -2.485156
-3.879472 0.974522
-3.754301 1.380297
-3.406696 -2.096288
-3.381217 -2.137141
-3.854500 -1.069031
-3.024274 -2.617970
-3.346848 2.190572
-2.318217 3.259735
-3.570656 -1.802892
-3.947887 -0.643575
-3.851349 -1.080330
-2.402530 3.198101
-3.757408 -1.371819
-3.442255 2.037370
-3.420276 2.074056
-3.977313 -0.425422
-3.195149 2.406455
-3.952295 0.615928
-3.515079 -1.908985
-2.312930 3.263488
-3.938016 -0.701447
-3.928809 -0.751305
-3.456868 -2.012477
-3.739035 -1.421132
-3.431591 2.055281
-3.444466 -2.033631
-1.188051 -3.819494
-2.699038 2.952151
-2.774555 -2.881292
-2.599117 -3.040492
-3.437567 -2.045270
-3.621126 -1.699248
-3.015186 -2.628432
-3.614707 1.712861
-3.678617 -1.570917
-3.489363 1.955594
-3.476623 -1.978154
-3.608597 -1.725696
-3.798240 -1.254343
-3.655155 1.624759
-3.132113 -2.487944
-3.833230 1.142955
-1.041260 -3.862095
-3.949587 -0.633059
-3.658549 -1.617101
-3.798579 1.253314
-1.728949 3.607040
-3.611236 -1.720168
-2.108848 -3.398935
-3.999566 0.058946
-3.858787 1.053454
-3.510923 -1.916617
-3.277934 -2.292411
-3.030234 -2.611070
-3.999659 -0.052209
-3.160832 -2.451355
-3.805561 1.231953
-3.843509 -1.107900
-2.778091 2.877883
-3.699597 -1.520849
-2.766767 -2.888771
-0.831645 3.912591
3.327675 -2.219590
-3.144365 2.472441
-3.485271 -1.962877
-3.959263 -0.569414
-3.172728 -2.435938
-3.877600 -0.981946
-3.783067 -1.299387
-3.416121 -2.080893
-3.460832 -2.005652
-3.170720 -2.438552
-3.961912 0.550682
-3.972906 0.464778
-3.951598 -0.620381
-3.858491 -1.054538
-3.995659 -0.186298
-3.925314 -0.769355
-3.065091 -2.570062
-2.663346 -2.984391
-3.636650 -1.665767
-3.073059 -2.560529
-3.937523 -0.704209
-3.744669 -1.406221
-2.945353 2.706454
-3.836596 -1.131605
-3.791086 1.275801
-3.889427 -0.934001
-3.478428 -1.974978
-3.179822 -2.426671
-3.353090 2.181006
-3.560054 -1.823737
-3.972425 -0.468870
-3.535986 -1.869974
-3.259014 -2.319230
-3.620367 -1.700866
-2.914478 -2.739675
-2.986278 -2.661229
-3.800954 1.246094
-3.724791 -0.801758
-3.960662 -0.559603
-3.999995 -0.006542
-2.702337 -2.949131
-2.759971 -2.895265
-3.071283 -2.562659
-3.988005 0.309545
-3.756589 -1.374060
-1.327937 -3.773140
-3.950913 0.624727
-2.875836 -2.780210
-2.798997 -2.857554
-3.318314 -2.233561
-3.807714 -1.225280
-3.879710 -0.973576
-3.980530 -0.394184
-3.998349 0.114917
-0.902784 -3.896791
-2.085420 -3.413359
-3.848504 1.090421
-3.830970 -1.150507
3.583699 -1.776823
-3.851198 -1.080866
-2.570532 -3.064696
-2.163255 -3.364569
-3.867259 -1.021915
-3.880587 -0.970074
-2.814075 -2.842707
-2.761082 2.894206
-3.957953 0.578453
-3.566026 -1.812031
-3.601010 -1.741472
-2.497675 3.124359
-3.980655 0.392924
-3.370740 -2.153627
