-3.962907 -0.543478
-1.650035 -0.435120
-3.719176 -1.472321
-3.966799 -0.514304
-3.978031 0.418656
-3.536265 -1.869447
-3.971046 -0.480412
-3.996328 -0.171346
-3.999729 0.046587
-3.988466 -0.303542
-3.936325 -0.710877
-3.998150 -0.121642
-3.728531 -1.448468
-3.782146 1.302066
-3.883472 -0.958461
-3.855577 -1.065143
-3.966978 0.512919
-3.964629 -0.530767
-3.909231 -0.847296
-3.911261 -0.837876
-2.702834 -2.948676
-3.706494 -1.503961
-1.554096 -3.685754
-3.996353 -0.170780
-3.615563 -1.711053
-1.973736 -3.479133
-3.984980 -0.346320
-3.240845 -2.344552
-3.996793 -0.160140
-3.962672 0.545186
-3.890935 0.927699
-3.732543 -1.438098
-3.769040 -1.339530
-3.465675 -1.997272
-3.845353 -1.101480
-3.947998 -0.642891
-2.568224 -3.066631
-3.977453 -0.424111
-3.967130 -0.511741
-2.998737 -2.647182
-3.879205 -0.975586
-3.475999 -1.979249
-3.740394 -1.417550
-3.216364 2.378025
-3.817259 -1.195212
-3.998360 -0.114537
-3.994544 -0.208857
-3.539078 -1.864115
-3.604637 -1.733953
-3.989988 0.282840
-3.933791 -0.724767
-3.800927 -1.246175
-3.760359 -1.363708
-3.932194 -0.733383
-3.656830 -1.620986
-3.187696 -2.416318
-3.945535 -0.657839
-3.401770 -2.104272
-3.566891 -1.810329
-3.991468 -0.261124
-3.944399 -0.664620
-2.672780 -2.975944
-2.692468 -2.958144
-3.950389 -0.628034
-3.691292 -1.540898
-3.779794 -1.308876
-3.732333 -1.438641
-3.955539 0.594738
-3.011010 -2.633215
-3.719295 -1.472020
-3.820518 -1.184754
-3.909027 -0.848238
-3.929428 -0.748061
-3.998958 0.091277
-3.877014 -0.984257
-3.905604 -0.863864
-3.397037 -2.111904
-3.957555 -0.581168
-3.196456 -2.404719
-2.910082 -2.744344
-3.772453 -1.329888
-2.634904 -3.009532
-3.810248 -1.217377
-2.879120 -2.776809
-1.683028 -3.628694
-3.968317 0.502452
-3.910133 0.843126
-3.414816 -2.083035
-3.499968 -1.936549
-3.594296 -1.755289
-3.840272 -1.119066
-3.988067 0.308746
-3.966676 0.515248
-3.376534 -2.144532
-3.661757 -1.609825
-3.234466 -2.353344
-3.885959 -0.948325
-3.982167 -0.377289
-3.999250 0.077460
-3.067979 -2.566613
-2.919933 -2.733860
-3.974002 0.455315
-3.892496 -0.921125
-3.661333 -1.610788
-3.023890 -2.618414
-3.984759 0.348845
-3.298816 -2.262259
-2.192505 -3.345582
-3.991736 0.256987
-3.107558 -2.518548
-3.917214 -0.809590
-2.870723 -2.785489
-3.999912 -0.026603
-3.892220 -0.922294
-3.535039 -1.871763
-3.995709 -0.185222
-3.999593 -0.057054
-3.837566 -1.128313
-3.402651 -2.102848
-3.934223 -0.722417
-3.298332 -2.262964
-3.657291 -1.619946
-3.536526 -1.868953
-3.727324 -1.451570
-1.964764 -3.484207
-3.585172 1.773850
-3.550642 -1.841994
-3.660625 -1.612396
-1.778756 -3.582740
-3.947040 -0.648752
-3.707674 -1.501051
-3.671154 -1.588278
-3.996158 -0.175274
-3.729950 -1.444808
-3.604321 1.734610
-3.721449 -1.466567
-3.978629 -0.412927
-3.912966 -0.829877
-3.933803 0.724701
-3.598129 -1.747417
-3.969643 0.491872
-3.705076 -1.507451
-3.137174 -2.481560
-1.346644 -3.766504
-3.122682 -2.499771
-3.840803 -1.117244
-3.584550 -1.775106
-3.670603 -1.589550
-2.444667 -3.166007
-3.829575 -1.155143
-3.978233 -0.416727
-3.967619 -0.507936
-1.783188 -3.580536
-3.945848 -0.655960
-3.997922 -0.128931
-3.920760 -0.792236
-2.326366 -3.253924
-3.979357 -0.405857
-2.933374 -2.719433
-3.749748 -1.392618
-3.991114 0.266473
-3.685395 -1.554947
-3.999198 0.080090
-3.911959 -0.834610
-3.812986 -1.208776
-0.662266 -3.944794
-3.753848 1.381530
-3.988841 -0.298572
-3.998346 -0.115012
-3.990871 0.270096
-3.977182 -0.426640
-3.883155 -0.959744
-3.946837 -0.649980
-2.981109 -2.667019
-3.988811 0.298974
-3.595053 -1.753737
-3.999463 0.065534
0.053331 3.999644
-3.560710 -1.822456
-1.902751 -3.518457
-3.842139 -1.112638
-3.973679 -0.458123
-3.955313 0.596238
-3.998691 -0.102306
-3.895668 -0.907618
-3.570119 -1.803954
-3.951521 -0.620871
-3.911044 -0.838887
-3.425095 -2.066090
-3.999191 -0.080430
-3.427201 -2.062594
-3.891426 -0.925636
-3.829231 -1.156282
-3.421046 -2.072787
-3.999840 -0.035765
-2.173642 -3.357869
-3.449436 -2.025190
-3.962552 -0.546058
-3.836538 -1.131803
-3.764221 -1.353012
-0.917608 3.893327
3.288117 2.277781
2.675017 2.973934
1.075057 3.852824
3.137410 2.481262
2.255048 3.303749
3.793876 1.267481
3.713856 -1.485690
-0.389652 3.980976
2.022639 3.450932
2.650584 2.995731
3.233469 2.354714
2.908951 2.745543
2.880224 2.775664
-0.367060 3.983123
3.988174 -0.307350
3.174154 2.434080
2.549152 3.082503
3.238887 2.347256
1.360664 3.761461
3.852181 -1.077359
3.924066 0.775697
3.471263 -1.987545
2.992913 2.653766
2.711300 2.940893
2.853729 2.802896
3.881285 -0.967279
2.421657 3.183642
2.409442 3.192896
3.953177 -0.610239
1.842606 3.550324
0.737301 3.931461
3.178440 2.428480
1.137374 3.834890
0.620639 3.951558
3.980704 0.392420
3.252802 2.327935
1.328633 3.772895
2.811414 2.845339
3.852544 -1.076060
3.080886 2.551106
1.866968 3.537574
2.627812 3.015726
-0.370290 3.982824
1.948872 3.493122
2.941803 -2.710313
3.853071 1.074171
0.736816 3.931552
2.437241 3.171728
3.828468 -1.158806
3.169118 -2.440633
3.604067 -1.735137
2.497587 3.124429
3.798565 -1.253359
3.640366 1.657628
2.982437 2.665534
2.400809 3.199393
2.564588 3.069673
1.487823 3.713002
1.706070 3.617917
1.771153 3.586505
3.913682 0.826493
0.902918 3.896760
3.573312 -1.797622
2.933800 2.718974
3.492377 1.950207
2.938341 2.714065
2.825285 2.831566
1.639058 3.648765
-0.523215 3.965633
3.400893 -2.105690
-0.374271 3.982452
-0.483837 3.970630
2.239037 3.314621
3.379209 -2.140315
2.325849 -3.254294
3.462307 -2.003106
1.390156 3.750662
3.220481 2.372446
0.418489 3.978048
3.909102 0.847890
3.914964 -0.820402
3.703362 1.511659
3.840833 -1.117141
2.772929 2.882857
1.853352 3.544727
3.438082 2.044405
2.708085 2.943854
3.438842 -2.043126
3.466838 1.995253
2.383595 3.212238
3.647423 1.642043
2.631402 3.012594
3.443457 2.035339
2.857080 2.799481
3.402655 -2.102841
1.168814 -3.825425
3.954515 -0.601504
3.548177 -1.846738
3.821940 -1.180159
3.842438 -1.111608
2.845067 2.811688
-0.411689 3.978758
2.647298 -2.998636
3.605333 1.732506
-0.624084 3.951015
2.572876 3.062729
3.891483 -0.925397
-0.550942 3.961876
3.048877 2.589275
3.371470 2.152484
3.726260 -1.454299
3.164843 2.446175
3.901317 -0.883022
3.179796 2.426705
1.288012 3.786954
2.808653 2.848064
1.228962 3.806528
3.980406 0.395438
2.490182 3.130334
1.211687 -3.812062
3.843863 1.106671
3.866909 -1.023239
2.314302 3.262515
0.002116 3.999999
-0.111784 3.998438
2.437817 3.171285
3.370189 -2.154490
2.159601 3.366916
3.601507 1.740444
2.750598 2.904171
3.662135 -1.608965
3.742257 -1.412626
3.904885 -0.867107
-0.477440 3.971404
3.433303 2.052420
-0.679044 3.941941
0.731227 3.932595
3.673639 1.582521
-0.839095 3.911000
3.881987 -0.964456
2.022945 3.450753
3.281320 2.287561
3.291220 2.273295
1.377195 3.755441
2.453122 3.159461
-0.476544 3.971512
2.685193 2.964749
-0.262519 3.991376
3.882970 0.960492
3.555545 -1.832511
-0.411667 3.978760
2.922236 2.731398
3.346121 2.191683
2.651201 2.995185
2.346783 -3.239230
2.513452 -3.111681
3.586955 -1.770242
1.805106 3.569537
2.519323 3.106929
3.159460 2.453123
-0.862328 3.905943
3.923032 -0.780910
-0.509358 3.967437
3.948047 0.642592
3.770462 -1.335521
0.632885 3.949615
1.844781 3.549195
2.535902 3.093412
2.845766 2.810981
2.182474 3.352135
3.975540 -0.441681
2.723448 2.929647
2.493129 3.127988
3.797001 -1.258086
1.590531 3.670179
-0.561769 3.960356
3.922153 -0.785310
3.939332 0.694018
1.882314 3.529432
2.145051 3.376204
2.827511 2.829343
2.267520 3.295201
3.787858 1.285353
3.692779 -1.537330
2.618858 3.023505
3.858447 -1.054697
3.197297 2.403600
-0.434087 3.976376
-0.107420 3.998557
1.820670 3.561624
-1.026196 3.866125
-0.456077 3.973914
3.180055 2.426366
2.815449 2.841346
3.176369 2.431189
2.474101 3.143059
3.049668 2.588344
3.857329 -1.058781
3.847197 -1.095021
-3.647158 -1.642631
-3.999477 0.064701
-3.965306 -0.525686
-3.845692 -1.100296
-3.483173 -1.966597
-3.993828 -0.222128
-2.893090 -2.762251
-2.319793 -3.258613
-3.968264 -0.502876
-3.993083 -0.235140
-3.675326 -1.578599
-3.952900 0.612032
-3.511696 1.915200
-3.350645 2.184760
-3.998170 -0.120990
-2.950852 -2.700458
-2.443672 -3.166776
-2.133668 -3.383409
-3.988179 0.307294
-1.864180 -3.539044
-3.981423 -0.385059
-3.974859 0.447770
-3.993807 0.222494
-3.602712 -1.737950
-3.967517 0.508732
-3.792572 -1.271375
-2.106866 -3.400164
-3.981179 0.387575
-3.999624 0.054822
-3.963815 0.536812
-3.997152 0.150906
-3.898076 0.897221
-0.845026 -3.909723
-3.789821 -1.279552
-3.545978 -1.850957
-3.810805 -1.215634
-3.549001 -1.845154
-3.949266 0.635057
-3.999430 -0.067514
-3.996958 0.155976
-3.675258 -1.578758
-3.962844 0.543940
-3.414243 -2.083973
-3.735703 1.429869
-3.995575 -0.188099
-3.990656 0.273245
-2.807993 -2.848715
-3.254299 -2.325841
-3.999888 0.029894
-3.916420 -0.813420
-3.952978 0.611524
-2.267012 3.295551
-3.960527 -0.560557
-3.694117 -1.534112
-3.220209 -2.372815
-3.984053 0.356819
-3.998153 0.121555
-3.522801 -1.894696
-3.178990 -2.427760
-3.985675 0.338228
-3.809826 -1.218698
-2.924978 2.728462
-3.995134 -0.197239
-2.968705 -2.680819
-3.926242 -0.764609
-3.930236 0.743802
-3.303596 -2.255272
-2.286049 -3.282374
-3.351955 -2.182750
-1.499841 -3.708164
-3.877333 -0.982998
-3.388484 2.125600
-3.885917 -0.948500
-3.792127 -1.272704
1.576910 -3.676051
-3.972453 -0.468635
-3.943525 -0.669786
-1.230039 -3.806180
-3.700438 -1.518802
-3.108991 -2.516779
-3.486816 -1.960131
-3.775532 1.321120
-3.694631 -1.532873
-2.973500 -2.675500
-3.983196 0.366262
-2.606954 -3.033775
-3.546867 -1.849252
-3.886890 0.944501
-3.955660 0.593928
-3.999987 -0.010239
-3.021109 -2.621621
-3.804049 -1.236613
-2.931794 -2.721136
-3.920821 -0.791937
-3.994790 -0.204086
-3.999444 0.066673
-3.774669 1.323585
-3.612177 -1.718189
-3.996717 -0.162024
-2.668948 -2.979382
-3.971000 0.480790
-3.636567 -1.665947
-3.416528 -2.080226
-3.846390 -1.097853
-2.555725 -3.077055
-3.567464 1.809199
-3.783857 1.297084
-3.813932 -1.205787
-2.559691 -3.073757
-3.974015 -0.455201
-3.199319 2.400907
-3.039107 -2.600736
-3.579244 -1.785780
-3.843345 1.108466
-2.622795 -3.020090
-3.303190 -2.255868
-2.459532 -3.154473
-3.995429 0.191167
-3.778385 -1.312938
-3.990399 -0.276973
-3.740003 -1.418583
-3.282091 -2.286456
-3.866786 1.023703
-3.751517 1.387847
-3.794158 -1.266636
-3.135794 -2.483304
-3.783325 -1.298633
-3.117848 -2.505798
-3.990949 -0.268941
-3.816306 -1.198253
-3.997624 -0.137859
-3.054101 -2.583112
-3.925636 -0.767715
-2.534684 -3.094411
-3.312810 -2.241716
-3.995427 -0.191218
-3.714907 -1.483059
-3.428983 -2.059629
-3.372685 -2.150580
-3.536079 -1.869799
-3.795935 -1.261300
-3.877571 -0.982059
-3.628809 1.682779
-3.863475 -1.036128
-3.901979 -0.880089
-2.730477 -2.923097
-3.397086 -2.111826
-3.944622 -0.663295
-3.069209 -2.565142
-2.476406 -3.141244
-3.972824 -0.465475
-3.769901 -1.337104
-3.520644 -1.898700
-3.761590 -1.360309
-3.884167 -0.955639
-1.872434 -3.534684
-3.917486 -0.808273
-3.526582 1.887650
-3.820731 -1.184066
-3.895018 -0.910404
-2.405552 -3.195828
-2.587382 -3.050484
-3.906913 0.857925
-3.786684 -1.288808
-3.942627 -0.675052
-1.350530 -3.765112
-3.937241 -0.705785
-3.970875 -0.481818
-3.300006 -2.260522
-3.977520 0.423482
-1.173341 -3.824039
-2.499892 -3.122585
-1.367026 -3.759154
-2.983119 -2.664770
-3.807399 1.226259
-3.765182 -1.350335
-3.876077 0.987941
-3.920192 0.795042
-3.561904 -1.820121
-3.324210 -2.224776
-3.990198 0.279850
-3.996786 0.160311
-3.935089 0.717688
-3.977746 0.421347
-3.967418 0.509508
-3.463949 -2.000265
-3.457627 2.011172
-3.895639 0.907741
-3.999873 0.031836
-3.990527 0.275132
-3.983333 -0.364775
-3.940334 -0.688306
-2.427515 -3.179177
-3.636690 -1.665679
-3.963610 0.538328
-3.460534 2.006167
-3.998212 -0.119579
-0.781161 -3.922982
-3.978794 -0.411341
-3.702393 1.514029
-2.393078 -3.205180
-2.414821 -3.188830
-3.980240 -0.397097
3.990705 0.272533
3.995860 -0.181934
1.096340 -3.846822
-3.999076 0.085975
3.497499 1.941006
-3.502592 -1.931799
3.877400 0.982735
-3.595053 1.753738
-1.184697 3.820536
3.968666 -0.499692
3.280349 2.288955
-3.999667 -0.051649
0.111792 -3.998438
3.908976 0.848471
3.164150 2.447071
-1.166644 -3.826087
-3.936311 -0.710955
-1.574038 -3.677282
3.923243 -0.779850
-3.563293 -1.817399
-2.082052 -3.415415
3.040409 2.599214
-3.639986 -1.658464
-3.972648 0.466981
-3.938940 0.696241
3.930978 0.739872
-0.694059 -3.939325
-0.377584 -3.982139
2.900613 -2.754351
-3.246768 -2.336343
3.999950 0.020000
-3.999854 -0.034172
1.791749 -3.576260
-1.590031 -3.670395
-3.994372 -0.212113
-2.005527 -3.460905
-3.310465 -2.245177
-3.734710 -1.432460
-2.594817 -3.044162
-3.476038 -1.979182
-3.735928 -1.429281
-3.999783 0.041646
0.176813 -3.996090
-2.647832 -2.998164
-1.137930 -3.834725
-2.953512 -2.697548
-3.061492 2.574347
-3.642073 -1.653875
-3.908580 -0.850297
0.710466 -3.936399
-0.084804 -3.999101
-1.643965 -3.646557
3.954744 -0.600003
-3.812856 1.209186
-3.778709 1.312004
-3.996958 -0.155980
-3.992333 -0.247545
-2.335677 -3.247247
3.613904 -1.714554
-2.842085 -2.814702
2.572574 3.062983
-3.959597 -0.567092
-2.819472 -2.837354
2.611318 3.030019
-1.864839 -3.538697
-3.174127 -2.434115
-3.823047 -1.176568
-2.694916 -2.955914
3.366890 2.159642
-3.594017 1.755860
-3.968141 -0.503839
-2.536195 -3.093172
-1.571775 -3.678250
-3.166864 -2.443557
-3.767777 1.343078
3.745577 1.403800
-3.632764 -1.674224
-3.820575 -1.184570
-3.992138 -0.250665
3.999391 0.069781
2.923600 -2.729939
-2.960333 -2.690061
-3.852432 1.076461
2.965072 -2.684837
2.646431 2.999400
3.262880 2.313788
2.603623 -3.036634
-3.253576 2.326853
-3.921648 -0.787833
-2.602272 -3.037792
-3.432633 -2.053541
-2.665364 -2.982589
-2.597150 -3.042172
3.284786 2.282582
-3.998930 -0.092493
-3.272824 -2.299700
3.990913 -0.269469
-1.108300 3.843393
3.856401 1.062153
0.195938 -3.995198
3.794655 1.265146
3.889240 0.934779
-3.988817 -0.298892
-2.898936 -2.756115
2.583114 3.054099
-2.802010 -2.854600
-3.915813 0.816341
3.997606 0.138384
-1.798920 3.572658
-3.754391 -1.380053
-1.256581 -3.797500
-1.946485 -3.494452
-0.873930 -3.903363
3.672526 -1.585104
2.902243 2.752633
-3.992569 0.243702
-3.326783 -2.220926
1.673092 -3.633286
-2.230490 -3.320378
3.591547 1.760906
-2.729793 -2.923736
-3.393984 2.116807
3.978723 0.412024
-0.254852 -3.991873
-1.648542 3.644490
1.327629 3.773248
-3.718989 -1.472793
-0.173911 -3.996218
-3.695214 -1.531468
-3.725697 1.455741
1.197629 -3.816502
-3.957040 0.584669
-1.298341 -3.783426
-2.045831 -3.437234
-2.590474 3.047859
2.737566 -2.916459
-0.441583 -3.975551
4.000000 -0.001385
3.999789 -0.041122
3.639850 -1.658761
3.995874 0.181633
-3.193110 -2.409159
-3.662128 -1.608980
2.719989 2.932859
-1.990580 -3.469523
-1.772167 -3.586004
3.005013 2.640057
-3.816282 1.198330
-0.077120 -3.999256
3.903473 0.873442
-0.668000 -3.943828
-2.760519 -2.894742
-0.838414 -3.911146
3.994998 0.199969
-1.041838 3.861939
1.479006 -3.716523
3.999513 -0.062434
-3.999996 -0.005490
-2.114102 -3.395670
-2.727763 -2.925630
-2.772175 -2.883582
3.993734 -0.223811
3.540902 1.860648
3.999008 0.089076
3.611795 1.718994
-3.179939 2.426518
-2.724889 -2.928307
1.549865 3.687536
3.851976 -1.078092
3.644553 1.648402
-2.613343 -3.028273
3.686434 1.552483
-2.515529 -3.110002
-1.979344 -3.475946
-0.563597 -3.960096
3.214571 2.380448
-0.273233 -3.990657
-2.159377 -3.367060
-2.264159 -3.297512
-2.747598 -2.907009
-2.358030 -3.231051
3.932145 -0.733646
3.133679 2.485972
-0.556327 3.961124
-1.486183 -3.713658
-2.696918 -2.954088
-3.992165 -0.250231
1.059318 -3.857181
0.629039 -3.950229
-2.256753 -3.302584
-3.946430 0.652448
3.912620 0.831510
-1.262549 -3.795520
-0.609141 -3.953346
-3.355258 -2.177670
3.648791 1.639001
-0.519043 -3.966181
