-3.744422 -1.406879
-3.867779 -1.019946
-2.434925 -3.173506
-3.865732 -1.027675
-2.753814 -2.901122
-3.854688 -1.068353
-3.999779 0.042024
-2.704671 -2.946991
-3.812447 -1.210474
-3.302342 -2.257108
-3.404416 -2.099989
-2.741105 -2.913133
-1.575732 -3.676557
-3.579835 1.784595
-3.975352 -0.443366
-3.683563 -1.559284
-3.866091 1.026325
-3.999990 -0.008738
-3.765193 -1.350304
-3.561130 -1.821635
-2.294831 -3.276240
-3.969452 -0.493404
-2.013897 -3.456041
-3.923880 -0.776635
-3.150345 -2.464817
-2.207140 -3.335946
-3.624253 1.692568
-3.240845 -2.344552
-3.983502 0.362916
-3.798750 -1.252796
-3.949770 -0.631914
-3.873026 -0.999836
-3.974629 -0.449806
-3.465675 -1.997272
-3.845353 -1.101480
-3.830309 -1.152708
-1.687011 -3.626843
-3.975459 0.442409
-3.985640 0.338635
-3.783505 -1.298111
-3.973357 -0.460902
-3.968831 -0.498380
-3.523367 -1.893643
-3.703264 1.511899
-3.628596 -1.683239
-3.998360 -0.114537
-3.973566 -0.459101
-3.539078 -1.864115
-2.666695 -2.981399
-3.596851 -1.750047
-3.805536 -1.232029
-3.931068 -0.739393
-3.999325 0.073502
-3.977375 0.424835
-3.977401 0.424599
-3.475818 -1.979568
-3.745853 1.403062
-3.948096 -0.642293
-3.329349 -2.217079
-3.959515 -0.567665
-3.823903 -1.173781
-2.904427 -2.750328
-3.366349 -2.160485
-3.949473 -0.633771
-3.964328 -0.533016
-3.779794 -1.308876
-3.977505 -0.423621
-3.821751 -1.180770
-3.847892 -1.092580
-3.719295 -1.472020
-3.383700 -2.133207
-3.907012 -0.857474
-3.989148 0.294439
-3.976661 -0.431472
-3.873598 -0.997615
-3.905604 -0.863864
-3.980696 0.392500
-2.785947 -2.870278
-3.709926 -1.495476
-3.989775 -0.285827
-3.903256 0.874411
-3.689662 -1.544795
-3.986081 0.333409
-2.879120 -2.776809
-2.142269 -3.377970
-2.814380 -2.842404
-3.986731 0.325538
-3.887567 0.941712
-3.881925 -0.964705
-3.594296 -1.755289
-3.409957 -2.090979
-3.038305 -2.601673
-3.861908 -1.041954
-3.940188 -0.689145
-3.727571 1.450935
-2.461630 -3.152836
-3.976496 -0.432993
-3.534660 -1.872479
-3.975146 -0.445209
-3.627729 -1.685107
-1.985170 -3.472622
-3.974002 0.455315
-2.955006 -2.695911
-3.840260 -1.119107
-3.795733 -1.261906
-3.939270 -0.694374
-3.565878 -1.812323
-3.306667 -2.250767
-3.848469 -1.090544
-3.893595 0.916471
-3.917214 -0.809590
-2.870723 -2.785489
-3.962219 -0.548469
-3.998303 0.116513
-4.000000 -0.001281
-2.285487 -3.282766
-3.673308 -1.583289
-2.416829 -3.187309
-2.742451 -2.911866
-3.806271 -1.229755
-3.913260 -0.828489
-3.977280 0.425731
-3.943461 0.670160
-3.873215 -0.999104
-3.443640 -2.035030
-3.991775 -0.256387
-3.985266 -0.343009
-3.660625 -1.612396
-2.214276 -3.331213
-3.984759 0.348847
-3.707674 -1.501051
-3.957139 -0.583994
-3.373137 -2.149871
-3.992799 -0.239904
-3.799897 1.249312
-3.498186 -1.939767
-2.905085 -2.749633
-3.297529 -2.264134
-3.987329 -0.318135
-3.598129 -1.747417
-3.855703 -1.064686
-3.968986 -0.497142
-3.999565 -0.058963
-2.275602 -3.289626
-3.975675 0.440465
-3.840803 -1.117244
-3.874903 -0.992535
-2.782901 -2.873232
-2.444667 -3.166007
-1.414861 -3.741413
-3.889805 -0.932426
-3.967619 -0.507936
-1.882307 -3.529436
-3.826471 -1.165384
-3.644258 -1.649055
-3.990625 -0.273697
-3.813666 -1.206628
-2.909966 -2.744467
-3.537263 -1.867558
-3.647749 -1.641319
-3.328582 -2.218229
-3.685395 -1.554947
-3.427095 -2.062771
-3.562650 -1.818661
-3.995916 -0.180715
-1.660688 -3.638972
-3.819150 -1.189156
-3.988841 -0.298572
-3.774030 -1.325404
-3.924791 -0.772021
-3.731240 -1.441473
-2.883039 -2.772740
-3.644125 -1.649349
-3.569805 -1.804574
-3.799593 -1.250236
-3.992522 -0.244474
-2.874387 -2.781708
-0.983670 3.877163
-3.987091 -0.321105
-0.927272 -3.891037
-3.842139 -1.112638
-3.973679 -0.458123
-3.500927 -1.934814
-3.655158 -1.624751
-3.895668 -0.907618
-3.304113 -2.254515
-3.956444 -0.588687
-3.934362 0.721661
-3.955033 -0.598091
-3.503616 1.929941
-3.955641 -0.594056
-3.495486 -1.944628
-3.399485 -2.107961
-2.985849 -2.661711
-3.558148 -1.827453
-3.987206 -0.319675
-3.994991 -0.200117
-3.962552 -0.546058
-3.998743 -0.100269
-3.870828 -1.008312
0.121326 3.998160
3.288117 2.277781
2.826993 2.829861
0.108941 3.998516
3.250075 2.331740
3.033283 2.607527
3.336554 2.206219
3.986652 -0.326502
-0.389652 3.980976
1.554898 3.685416
3.926535 0.763100
3.203111 2.395846
3.979206 0.407328
2.743149 2.911208
-0.291862 3.989338
3.913938 -0.825282
3.864018 1.034101
2.679723 2.969695
2.521010 3.105561
3.112773 2.512100
3.036477 -2.603806
2.226233 3.323234
3.534971 -1.871893
0.239813 3.992805
3.071968 2.561838
1.563880 3.681614
3.892606 -0.920662
2.421657 3.183642
2.015859 3.454897
3.607233 -1.728546
2.698713 2.952448
1.244152 3.801590
2.834268 2.822574
3.734812 1.432193
3.233031 2.355315
3.730031 -1.444599
2.539451 3.090499
1.809728 3.567196
2.815488 2.841307
3.608530 -1.725836
2.320212 3.258315
3.078625 2.553834
2.913827 2.740367
-0.886985 3.900418
3.957678 0.580334
3.810156 -1.217666
2.402933 3.197798
0.217342 3.994091
3.175097 2.432850
3.834141 -1.139895
3.805250 -1.232911
3.799715 -1.249867
2.575028 3.060920
3.755204 -1.377840
2.323836 3.255732
3.836467 1.132043
2.400809 3.199393
1.682712 3.628840
3.144993 2.471643
-0.160528 3.996778
2.639058 3.005890
3.913682 0.826493
-0.657038 3.945669
3.916813 -0.811528
2.929340 2.723778
3.673227 -1.583478
2.135768 3.382084
2.822923 2.833921
1.836000 3.553745
-0.001120 4.000000
3.909710 -0.845084
-0.093831 3.998899
-0.439422 3.975790
2.239037 3.314621
3.629666 -1.680929
2.444149 -3.166407
3.462307 -2.003106
2.732430 2.921271
1.110726 3.842693
1.433824 3.734187
2.164604 3.363702
3.668046 -1.595444
2.945422 2.706380
3.975978 0.437720
3.125495 2.496254
3.068782 2.565654
2.398951 3.200787
2.718467 2.934269
3.991480 -0.260930
3.466838 1.995253
2.383595 3.212238
3.401889 2.104079
3.002112 2.643354
2.404922 3.196303
2.751906 2.902932
3.830968 -1.150516
3.746442 -1.401488
3.795922 -1.261339
3.434837 -2.049852
3.943284 -0.671199
3.975344 0.443445
3.475843 1.979525
-0.411680 3.978759
2.647298 -2.998636
2.667892 2.980328
-0.877146 3.902642
2.576085 3.060030
3.519374 -1.901055
-0.222488 3.993808
2.274836 3.290155
1.364418 3.760101
3.016080 -2.627405
3.383674 2.133249
3.266429 -2.308775
2.835844 2.820991
2.639173 3.005789
2.808653 2.848064
1.442950 3.730669
3.974351 -0.452251
3.498556 1.939100
2.157034 -3.368561
1.573667 3.677441
3.967386 -0.509752
2.314302 3.262515
-0.569597 3.959237
-0.641111 3.948288
3.175539 2.432273
2.587314 -3.050542
2.796979 2.859530
3.387302 2.127484
3.106137 2.520301
3.999096 -0.085051
3.813807 -1.206182
3.854263 -1.069885
-0.477440 3.971404
2.670160 2.978296
-0.363684 3.983432
2.974134 2.674795
3.138876 2.479406
-0.333653 3.986060
3.955570 0.594531
3.477298 1.976967
2.577448 3.058883
1.713633 3.614341
2.726305 2.926989
2.019742 3.452628
-0.492128 3.969611
3.049198 2.588897
-0.535188 3.964035
2.495857 3.125812
3.378556 -2.141345
-0.411667 3.978760
3.529601 1.881998
2.605725 3.034831
2.237569 3.315612
3.998485 -0.110090
3.426769 -2.063311
3.946397 -0.652652
3.033703 2.607038
2.519323 3.106929
2.980843 2.667316
-0.862328 3.905943
3.845295 -1.101682
-0.442179 3.975485
1.893616 3.523382
3.912526 -0.831951
2.906474 2.748164
2.700521 2.950795
1.851904 3.545484
2.851075 2.805597
2.975705 2.673047
3.723968 -1.460158
1.206103 3.813832
2.942196 2.709886
3.658630 -1.616920
3.212529 2.383203
-0.040033 3.999800
3.786095 -1.290536
3.232263 -2.356369
3.394848 2.115421
1.992331 3.468518
2.827511 2.829343
2.678231 2.971040
1.286162 3.787583
3.999994 -0.007142
3.312164 2.242671
3.539678 -1.862975
3.483676 1.965706
0.138365 3.997606
-0.107420 3.998557
2.547249 3.084076
-0.442529 3.975446
-0.456077 3.973914
3.555865 1.831890
2.765806 2.889692
3.466529 1.995791
2.863187 2.793235
3.361424 2.168139
3.451861 -2.021054
3.432695 -2.053437
-3.999553 0.059811
-3.879944 -0.972645
-3.966249 0.518523
-3.845692 -1.100296
-2.855494 -2.801098
-3.930666 -0.741527
-3.509433 -1.919343
-3.997432 -0.143302
-3.702894 -1.512803
-3.928229 -0.754331
-3.876823 0.985010
-3.998968 0.090839
-3.887728 0.941047
-3.036812 2.603416
-3.998170 -0.120990
-3.278087 -2.292192
-3.469531 -1.990567
-3.983134 -0.366936
-3.955937 0.592085
-3.341825 -2.198228
-2.729225 2.924266
-3.127271 -2.494028
-3.915307 -0.818760
-3.798738 -1.252833
-3.993903 0.220762
-3.554904 -1.833755
-3.247677 -2.335079
-2.116104 3.394422
-3.877529 -0.982225
-3.701171 -1.517015
-3.997152 0.150906
-3.944704 -0.662805
-1.828143 -3.557793
-3.011675 -2.632454
-3.545978 -1.850957
-3.936875 -0.707825
-3.759480 -1.366130
-3.949266 0.635057
-3.669155 -1.592891
-3.989041 0.295897
-3.849885 -1.085534
-3.999939 0.022032
-3.113021 -2.511793
-2.904152 2.750618
-2.692292 -2.958304
-2.646138 -2.999659
-3.684403 -1.557297
-1.165927 -3.826306
-3.855858 1.064122
-3.776742 -1.317656
-3.976558 -0.432420
-0.833294 3.912240
-3.149639 -2.465720
-3.462271 -2.003167
-2.067048 -3.424516
-3.377980 -2.142254
-3.948082 0.642379
-3.948244 0.641381
-3.178990 -2.427760
-3.811717 -1.212770
-3.053445 -2.583887
-3.945248 -0.659559
-3.361268 -2.168381
-3.342456 -2.197268
-3.334771 -2.208914
-3.305044 -2.253150
-3.930713 0.741277
-2.167829 -3.361624
-3.994253 -0.214339
-2.079831 -3.416768
-3.972469 -0.468495
-3.831264 1.149529
-3.998997 0.089569
-3.583539 -1.777146
1.576910 -3.676051
-3.671292 -1.587960
-3.635799 -1.667623
-1.716322 -3.613065
-3.964074 0.534898
-3.108991 -2.516779
-3.467498 -1.994106
-3.346513 -2.191084
-2.433208 -3.174822
-3.932769 0.730295
-3.983196 0.366262
-2.188664 -3.348097
-3.275148 -2.296390
-3.999728 0.046605
-3.844296 1.105165
-3.167170 -2.443161
-1.787890 -3.578191
-3.864736 -1.031415
-3.997225 0.148958
-3.925427 0.768779
-3.994790 -0.204086
-3.823951 -1.173625
-3.126099 2.495497
-3.769138 1.339252
-3.983673 0.361039
-1.789333 -3.577470
-3.780237 -1.307598
-2.316386 -3.261036
-3.952528 -0.614429
-3.956782 -0.586406
-3.265042 -2.310737
-3.914161 0.824224
-3.947170 -0.647956
-2.700069 -2.951208
-2.938998 -2.713354
-3.095254 -2.533654
-2.916945 2.737048
-3.352571 -2.181803
-3.315532 -2.237688
-3.425494 2.065427
-1.751769 -3.596012
-3.753941 -1.381279
-2.587643 -3.050263
-3.996773 -0.160642
-3.309827 -2.246118
-2.997186 -2.648939
-3.722063 1.465008
-2.240573 -3.313583
-3.982759 0.370987
-3.942833 -0.673847
-3.990065 0.281743
-3.957329 -0.582707
-3.783325 -1.298633
-3.117848 -2.505798
-3.985894 -0.335628
-1.851242 -3.545829
-3.913249 -0.828540
-3.810135 -1.217730
-3.015843 -2.627678
-3.894658 -0.911943
-3.780127 -1.307913
-3.809795 -1.218795
-3.489548 -1.955264
-3.956154 -0.590634
-3.063124 -2.572406
-3.899529 -0.890882
-3.993040 -0.235862
-3.716214 -1.479782
-3.999759 -0.043901
-3.570309 -1.803578
-3.983472 -0.363249
-2.325576 -3.254489
-3.473399 -1.983810
-3.904811 -0.867437
-3.817217 -1.195347
-3.876933 -0.984576
-3.727172 -1.451961
-3.295377 -2.267265
-3.520644 -1.898700
-3.281343 -2.287528
-3.532971 -1.875664
-3.523727 -1.892973
-3.989472 -0.290024
-3.894976 0.910583
-3.942596 -0.675230
-3.980527 -0.394214
-3.681183 -1.564892
-2.587382 -3.050484
-3.937830 -0.702492
-2.287882 -3.281097
-3.820785 -1.183892
-1.350530 -3.765112
-3.367444 -2.158777
-3.710867 -1.493139
-3.913872 -0.825592
-3.951594 -0.620406
-3.748098 -1.397054
-3.504561 -1.928225
-0.864663 -3.905427
-3.969004 0.496999
-3.767112 -1.344941
-3.797994 -1.255086
-3.143393 -2.473678
-3.990428 0.276553
-3.769005 -1.339628
-3.994873 -0.202466
-3.793557 -1.268435
-2.305906 3.268455
-3.766731 -1.346009
-3.998713 -0.101457
-3.690638 -1.542462
-3.863624 -1.035572
-3.999979 0.012913
-3.960639 0.559769
-3.871821 -1.004492
-3.976168 0.435993
-3.983333 -0.364775
-3.996466 -0.168100
-3.999989 -0.009483
-3.943882 -0.667678
-3.994082 0.217501
-3.964843 0.529168
-3.924272 -0.774655
-3.587852 -1.768423
-3.240066 -2.345628
-3.702393 1.514029
0.574243 -3.958566
1.059819 -3.857043
-3.095245 2.533665
3.582637 1.778965
3.812617 -1.209940
3.211581 -2.384480
-3.962183 -0.548732
3.669046 -1.593143
-2.983938 -2.663854
3.958327 -0.575888
-3.671715 1.586980
-1.184697 3.820536
3.968666 -0.499692
3.551053 1.841201
-3.999985 -0.010974
1.988876 -3.470500
3.764787 1.351436
3.689683 1.544747
-0.136627 -3.997666
-3.995433 -0.191081
-3.201798 -2.397601
3.923243 -0.779850
-3.998600 -0.105829
-2.082052 -3.415415
3.932678 0.730781
-3.997575 -0.139259
-3.972648 0.466981
-3.996120 0.176150
3.988526 -0.302751
-1.202307 -3.815031
-2.599448 -3.040209
2.383812 -3.212077
-2.914037 -2.740143
3.998511 0.109124
-3.708460 1.499107
1.309625 -3.779535
-2.873597 -2.782524
-3.980781 0.391644
-2.832938 -2.823909
-1.259591 -3.796502
-1.137100 -3.834971
-2.594817 -3.044162
-1.552876 -3.686269
-1.631045 -3.652354
-3.874273 -0.994993
2.950688 -2.700637
-1.298930 -3.783223
-1.085517 -3.849890
-2.777502 -2.878451
-2.290884 3.279001
-3.997747 -0.134220
-3.618513 1.704807
2.693121 -2.957550
1.452041 -3.727140
-2.914303 -2.739861
3.987215 0.319551
-3.376652 -2.144346
-3.599678 -1.744224
-2.936570 2.715981
-3.999747 0.044977
-2.335677 -3.247247
3.608446 -1.726012
-3.473742 -1.983208
3.905586 0.863944
-3.991088 0.266868
-1.989040 -3.470406
3.776478 1.318415
-0.368686 -3.982973
-1.531817 -3.695069
-2.722572 -2.930461
-2.286036 -3.282383
3.875188 -0.991423
-3.624125 1.692843
-3.702527 -1.513702
-2.110758 -3.397750
-2.369733 -3.222478
-1.990692 -3.469459
-3.945357 0.658907
3.999997 -0.004691
-3.942301 -0.676948
-3.820575 -1.184570
-3.997777 -0.133326
3.974284 -0.452841
2.923600 -2.729939
-3.290822 -2.273871
-3.852432 1.076461
3.910246 -0.842601
2.232290 3.319169
3.968001 -0.504944
3.567504 -1.809120
-3.432998 2.052931
-3.921648 -0.787833
-3.772530 -1.329670
-3.847165 -1.095137
-2.449184 -3.162514
-1.512427 -3.703048
3.996773 -0.160631
-3.998954 -0.091477
-1.684499 -3.628011
3.921597 -0.788083
-1.130659 3.836875
3.870818 -1.008349
-2.276675 -3.288883
3.780674 -1.306332
3.998656 -0.103682
-2.419772 -3.185075
-0.622065 -3.951333
3.555240 1.833104
-2.429599 -3.177585
-3.993669 -0.224962
3.999915 -0.026027
-3.929494 0.747717
-3.299245 -2.261633
0.292311 -3.989305
-3.135587 -2.483565
0.686346 -3.940676
1.948660 -3.493240
3.236704 2.350265
-3.966136 -0.519391
-0.702850 -3.937766
-0.367703 -3.983063
-3.013865 -2.629946
3.784756 -1.294459
-2.729793 -2.923736
-3.641247 1.655694
3.588489 -1.767130
-1.279341 -3.789893
-3.369054 2.156264
-2.185310 3.350287
-3.722948 -1.462758
-2.570716 -3.064542
-1.034509 -3.863909
-3.954419 -0.602140
2.566977 -3.067675
-3.973530 -0.459410
0.248344 -3.992283
-1.086500 -3.849613
-2.966138 2.683659
3.094820 -2.534184
-3.123385 -2.498893
3.999866 0.032799
3.999789 -0.041122
1.877897 -3.531784
3.987349 -0.317882
-2.028104 -3.447723
-3.120910 -2.501984
3.822009 1.179936
-2.426414 -3.180018
-0.264964 -3.991215
3.788706 1.282852
-3.904162 -0.870356
1.642767 -3.647097
3.940590 -0.686839
-2.126389 -3.387989
-3.114742 -2.509657
-2.271324 -3.292581
3.807116 1.227137
-1.067608 3.854895
3.435850 -2.048154
3.955877 -0.592482
-3.999996 -0.005490
0.389923 -3.980950
-1.877608 -3.531938
-2.655791 -2.991116
3.930353 -0.743183
3.631716 -1.676496
3.862063 -1.041380
3.961888 0.550858
-2.355865 3.232630
-2.319356 -3.258924
3.869017 1.015239
3.971330 0.478060
3.820136 1.185984
-1.740520 -3.601470
3.962634 0.545464
-2.515529 -3.110002
-3.158862 -2.453893
-3.198734 -2.401687
3.987870 -0.311273
1.758702 -3.592627
-1.214339 -3.811218
1.237759 -3.803676
-1.901587 -3.519086
-2.358030 -3.231051
3.913582 0.826966
3.956832 0.586075
-2.462355 3.152270
0.644051 -3.947809
-0.253240 -3.991976
-3.925350 -0.769173
2.021534 -3.451579
2.290795 -3.279064
-2.256753 -3.302584
-3.895707 -0.907450
3.932994 -0.729080
-0.756333 -3.927844
-0.609141 -3.953346
-3.933212 -0.727903
3.892541 -0.920936
-2.826243 -2.830610
