-3.882436 0.962647
-3.890751 0.928468
-3.999778 0.042183
-3.996409 -0.169447
-3.913266 -0.828462
-2.890317 -2.765152
-3.999898 -0.028560
-3.964955 -0.528327
-3.813521 1.207087
-3.616209 1.709687
-3.571879 1.800466
-3.990155 -0.280465
-3.792187 1.272525
-3.966299 0.518143
-3.972155 -0.471154
-3.680964 -1.565409
-3.821892 -1.180315
-3.575902 1.792464
-3.974608 0.449988
-3.948790 0.638012
-2.842565 -2.814219
-3.670761 -1.589186
-3.897199 0.901021
-2.202345 0.566816
-3.829315 -1.156004
-3.419319 -2.075634
-3.981650 -0.382705
-3.689267 1.545738
-3.753197 1.383298
-3.978407 0.415064
-3.906991 0.857567
-3.981004 -0.389367
-3.684920 -1.556073
-3.828188 -1.159731
-2.110734 -3.397764
-3.982284 -0.376053
-3.995458 -0.190563
-3.014432 2.629297
-3.955594 0.594367
-3.959494 -0.567810
-3.826904 -1.163962
-3.550678 -1.841924
-3.989803 -0.285436
-3.840295 1.118986
-3.080640 2.551403
-3.204774 -2.393622
-3.996928 -0.156743
-3.996944 0.156318
-3.982980 -0.368601
-3.999391 0.069794
-3.842164 1.112553
-3.783638 -1.297722
-3.964755 0.529831
-3.970461 -0.485219
-3.950238 -0.628985
-3.970070 0.488412
-3.573713 -1.796823
-3.976442 0.433486
-3.471275 1.987523
-3.848202 -1.091487
-3.555768 1.832080
-3.883478 -0.958437
-3.945326 -0.659092
-3.991545 -0.259942
-3.741256 1.415276
-3.959990 -0.564341
-3.996126 -0.175999
-3.837747 1.127697
-3.592161 -1.759654
-3.915371 -0.818455
-3.966602 -0.515821
-3.873924 0.996349
-3.640603 1.657109
-3.280927 -2.288125
-3.913185 0.828846
-3.901442 -0.882467
-3.886069 -0.947874
-3.495313 -1.944939
-3.509531 1.919164
-3.999068 -0.086327
-3.961750 -0.551852
-3.987560 -0.315227
-3.281762 -2.286928
-3.954419 -0.602139
-3.785300 -1.292866
-3.780017 -1.308231
-3.763593 1.354759
-3.812186 1.211297
-3.970512 0.484807
-3.906679 -0.858987
-3.995117 -0.197590
-3.857783 -1.057125
-3.997748 0.134210
-3.999042 -0.087553
-3.828315 -1.159310
-3.258328 -2.320194
-3.816708 -1.196972
-3.950505 -0.627303
-3.914153 -0.824259
-3.223255 2.368676
-3.983601 -0.361838
-3.609824 -1.723128
-3.143800 -2.473161
-3.927136 -0.760001
-3.661967 -1.609346
-3.559796 -1.824240
-3.934323 -0.721874
-3.994016 0.218721
-3.964256 -0.533547
-3.694598 -1.532953
-2.657608 2.989501
-3.860481 1.047226
-3.931689 0.736084
-3.943059 0.672520
-3.890452 -0.929724
-3.789416 1.280753
-3.957734 0.579953
-3.983950 0.357971
-2.338182 -3.245444
-3.927996 -0.755544
-3.982435 0.374450
-3.992877 0.238605
-3.312301 -2.242468
-3.996067 0.177347
-3.807867 -1.224806
-3.762035 1.359078
-3.993939 -0.220125
-4.000000 -0.000087
-3.961024 0.557033
-3.600158 1.743233
-3.808097 1.224089
-3.699660 -1.520695
-3.979851 0.400979
-3.742923 -1.410861
-3.875838 -0.988879
-3.831885 1.147457
-3.632442 -1.674923
-3.992498 -0.244863
-3.975392 0.443011
-3.930781 -0.740919
-3.947154 0.648055
-3.932567 -0.731379
-3.827548 -1.161843
-3.971615 -0.475684
-3.940999 0.684493
-3.972714 -0.466415
-3.924671 -0.772630
-3.673947 -1.581808
-3.796592 -1.259322
-3.830968 -1.150515
-3.972996 -0.464010
-3.971338 0.477989
-3.999583 0.057774
-3.936361 -0.710674
-3.964172 -0.534175
-3.860552 1.046965
-3.999960 -0.017899
-3.988785 -0.299322
-3.832971 1.143825
-3.994710 0.205653
-3.585088 -1.774019
-3.642223 1.653544
-3.931224 -0.738564
-3.854381 -1.069461
-3.211241 -2.384938
-3.302526 -2.256839
-3.816317 -1.198217
-3.778435 1.312794
-3.972711 -0.466445
-3.307631 -2.249350
-3.996187 -0.174612
-3.797035 -1.257984
-3.874663 -0.993472
-3.679253 -1.569425
-3.898977 -0.893297
-2.070684 0.017774
-3.679096 -1.569795
-3.694299 1.533674
-3.789967 1.279120
-3.738938 -1.421387
-3.872678 -1.001182
-3.941141 -0.683672
-3.872915 1.000264
-3.984276 0.354326
-3.938909 0.696418
-2.990085 -2.656952
-3.922104 0.785559
-3.689333 1.545582
-3.780838 -1.305859
-3.391646 -2.120551
-3.588316 1.767481
-3.946577 0.651561
-3.995916 0.180706
-3.933530 -0.726184
-3.987839 0.311678
-3.947865 0.643709
-3.986510 -0.328231
-3.719022 1.472711
-3.970272 -0.486763
-3.896953 -0.902085
-1.596672 3.667511
2.649887 2.996347
2.941591 2.710543
-1.965573 3.483751
-0.424192 3.977444
2.999635 2.646165
-3.303266 2.255756
1.104297 3.844545
-2.098658 3.405237
1.903700 3.517943
1.655019 3.641554
-0.236821 3.992983
-1.029726 3.865186
1.297784 3.783617
2.683525 2.966259
1.089550 3.848750
1.421059 3.739063
-2.144727 3.376410
-1.540808 3.691329
-0.329476 3.986408
0.264154 3.991268
-2.311481 3.264514
1.841620 3.550836
0.053927 3.999636
0.521846 3.965814
0.188477 3.995557
1.376271 3.755779
-1.735831 3.603733
1.495460 3.709932
-3.119369 2.503904
-0.362944 3.983500
0.224287 3.993707
0.685702 3.940788
1.354634 3.763637
-1.227372 3.807040
-1.611422 3.661054
0.226564 3.993578
1.629647 3.652978
1.617109 3.658546
-2.819109 2.837715
1.675927 3.631979
2.024955 3.449573
-0.680971 3.941609
3.999867 -0.032627
-1.413928 3.741765
-3.498422 1.939341
3.553771 -1.835951
0.730210 3.932784
0.077398 3.999251
-2.697184 2.953844
1.690909 3.625028
-1.288822 3.786679
-2.314864 3.262116
-1.778524 3.582856
0.817135 3.915647
-0.253970 3.991929
-0.319856 3.987191
2.188824 3.347992
0.154982 3.996996
1.672726 3.633454
1.147608 3.831840
-2.970623 2.678694
-0.395635 3.980386
-3.681831 1.563369
0.708569 3.936741
-1.541692 3.690960
3.951196 -0.622939
2.602861 3.037287
-0.611763 3.952941
0.231702 3.993284
1.634557 3.650784
-2.181520 3.352756
-1.750196 3.596778
0.384182 3.981508
0.913323 3.894334
0.437853 3.975963
-0.958288 3.883514
2.679997 2.969447
0.175846 3.996133
2.402866 3.197848
2.113383 3.396117
-2.626542 3.016833
0.184972 3.995721
0.854081 3.907755
1.843233 3.549999
-0.273878 3.990613
-0.467033 3.972641
0.311074 3.987886
1.848704 3.547153
1.453293 3.726652
2.620502 3.022080
3.372438 2.150967
-0.643014 3.947978
1.990269 3.469702
-1.064196 3.855838
0.850928 3.908442
1.642597 3.647174
-1.746985 3.598339
2.423965 3.181885
-3.788625 1.283091
1.193241 3.817876
0.331699 3.986223
1.142275 3.833433
2.159621 3.366903
-0.616355 3.952228
0.240627 3.992756
0.993425 3.874675
1.589915 3.670446
0.881859 3.901580
1.673926 3.632901
1.778133 3.583049
2.385877 3.210544
1.470393 3.719939
-2.490931 3.129738
2.530940 3.097474
-1.007850 3.870948
2.907941 2.746613
0.900305 3.897365
0.385995 3.981332
0.004686 3.999997
-2.881369 2.774475
2.074223 3.420175
2.067072 3.424502
0.317320 3.987394
2.625548 3.017698
1.346634 3.766507
-0.104977 3.998622
-3.115023 2.509309
0.844015 3.909941
2.285976 3.282425
1.933041 3.501907
3.203568 2.395236
0.778967 3.923418
-2.108736 3.399005
-2.227876 3.322133
-1.325780 3.773898
0.406471 3.979294
1.559920 3.683293
0.813705 3.916361
1.047750 3.860339
-0.802835 3.918604
0.516556 3.966506
3.286221 2.280516
3.320624 2.230125
2.430230 3.177102
0.010023 3.999987
2.192058 3.345876
-0.485862 3.970383
0.416025 3.978307
1.064853 3.855657
-0.202001 3.994896
1.142275 3.833433
0.653555 3.946247
0.399241 3.980026
2.162343 3.365156
1.550924 3.687090
-3.851036 1.081446
-3.991696 0.257604
2.325127 3.254809
0.710185 3.936450
2.104742 3.401479
1.010216 3.870331
0.815269 3.916036
-2.722420 2.930602
3.108846 2.516958
-0.109515 3.998501
-1.542974 3.690424
-2.661017 2.986468
2.278928 3.287322
1.072487 3.853540
0.055237 3.999619
-2.790666 2.865691
0.807590 3.917627
-1.355986 3.763151
2.052279 3.433388
-0.895043 3.898576
1.370418 3.757919
3.085052 2.546066
-0.945497 3.886648
0.460706 3.973380
1.402260 3.746154
-3.082954 2.548607
1.695196 3.623025
2.819357 2.837468
0.538034 3.963650
3.000077 2.645663
-1.975127 3.478344
-0.754810 3.928137
-2.675336 2.973647
1.246897 3.800690
2.301215 3.271760
-0.446246 3.975030
1.846227 3.548443
2.256580 3.302703
-2.173373 3.358042
1.950661 3.492123
2.387436 3.209385
0.647676 3.947216
-1.572765 3.677827
0.190325 3.995469
-3.264716 2.311197
-3.529089 1.882958
-3.760447 -1.363464
-2.485504 -3.134050
-1.708531 -3.616756
-2.493558 -3.127646
-3.861450 -1.043649
-2.473873 -3.143239
-0.658501 -3.945425
-3.979391 -0.405520
-3.575624 -1.793018
-2.277942 3.288006
-3.594401 -1.755073
-3.583902 -1.776414
-2.179633 3.353983
-2.682459 -2.967223
-3.999304 -0.074594
-3.955478 -0.595141
-2.632218 -3.011881
-1.116159 -3.841118
-3.789671 -1.279999
-3.719010 -1.472739
-3.981820 0.380934
-3.291670 -2.272643
-2.957065 2.693653
-3.992187 0.249891
-3.690966 -1.541678
-3.979366 0.405768
-3.794644 -1.265180
-2.233185 -3.318567
-2.712437 -2.939845
-3.960367 0.561689
-3.911037 -0.838920
-2.128225 -3.386836
-2.022257 -3.451156
-3.699612 -1.520813
-3.407852 -2.094407
-3.621094 1.699317
-2.420394 3.184603
-2.720984 2.931936
-3.991305 0.263602
-1.605353 -3.663720
-3.724672 -1.458361
-3.695544 -1.530672
-3.695128 -1.531675
-0.187625 -3.995597
-3.689181 -1.545945
-3.773599 -1.326632
-0.467604 -3.972574
-3.967801 -0.506514
-3.204178 2.394420
0.485355 -3.970445
-2.359812 -3.229750
-3.940086 0.689726
-1.852181 -3.545338
-3.974144 0.454069
-3.819747 -1.187238
-3.977283 -0.425702
-3.895849 -0.906841
-3.723845 1.460472
-3.425094 -2.066091
0.789079 -3.921397
-3.960270 -0.562372
-3.997500 -0.141389
-2.961616 -2.688649
-3.604760 1.733698
-3.759059 1.367287
-2.448593 -3.162972
-3.961804 0.551462
-3.548378 -1.846351
-3.070172 2.563990
-3.583719 -1.776783
-3.948451 -0.640102
-3.854055 -1.070635
0.908054 -3.895567
-1.653668 3.642167
-2.624470 -3.018635
-1.714183 -3.614080
-3.999563 0.059112
-3.865732 -1.027675
-0.220028 -3.993944
-3.906483 -0.859879
-3.916204 -0.814463
-3.177641 2.429526
-3.401515 2.104685
-2.492127 -3.128786
-3.999815 0.038513
-3.228132 2.362026
-3.740260 -1.417906
-3.444535 -2.033513
-1.525367 -3.697737
-0.334484 -3.985991
-3.665320 -1.601697
-3.545035 1.852763
-2.502731 3.120310
-3.443487 2.035288
-3.916846 -0.811366
-1.163239 3.827124
0.123278 -3.998100
-2.703363 -2.948190
-2.725515 2.927724
-3.977544 -0.423252
-3.959259 0.569448
-3.602502 1.738384
-3.966116 0.519541
-3.944657 -0.663086
-2.995042 2.651363
-3.140883 -2.476864
-3.860669 1.046534
-3.724361 1.459154
-2.771962 -2.883786
-2.931617 -2.721327
-1.384913 -3.752601
-3.961072 0.556693
-3.322019 -2.228046
-1.825312 3.559247
-3.927982 -0.755618
-2.942539 2.709513
-3.963343 -0.540292
-2.492288 -3.128658
-3.316837 2.235753
-3.593123 -1.757688
-2.785338 2.870870
-3.352001 -2.182679
-2.839532 2.817278
0.578501 -3.957946
-3.403526 -2.101430
-3.964507 0.531679
-2.146162 3.375498
-1.287901 -3.786992
-0.697356 3.938743
-3.930838 -0.740619
-3.560644 -1.822584
-3.725461 -1.456344
-3.814911 -1.202686
-3.836528 1.131835
-3.959520 -0.567628
-3.990271 -0.278810
-2.115969 -3.394507
-0.314917 -3.987584
-3.981352 0.385797
-2.789707 2.866625
-3.429119 -2.059404
-3.975855 0.438839
-2.488244 -3.131875
-2.770439 -2.885250
-3.898365 0.895961
-2.459877 3.154204
-3.589624 -1.764822
-3.994944 0.201046
-3.427243 -2.062524
-1.081877 -3.850914
-3.253403 -2.327094
-2.534433 3.094616
-2.712591 -2.939702
-3.996578 0.165411
-3.994594 -0.207889
-3.564993 -1.814063
-3.445356 2.032122
-2.926938 -2.726359
-2.310372 -3.265299
-3.811212 -1.214356
-3.048143 2.590140
-3.943809 -0.668109
-2.697397 -2.953650
-1.118930 -3.840312
-2.579150 -3.057447
-3.637130 -1.664718
-1.171887 -3.824484
-3.999022 0.088427
-2.715137 -2.937351
-2.605897 -3.034683
-3.934919 -0.718616
-3.943197 0.671713
-3.673524 -1.582788
-3.969798 -0.490614
-3.980864 -0.390797
-1.087235 -3.849405
-3.224793 -2.366582
-1.721579 3.610563
-1.571678 -3.678292
0.924941 -3.891591
1.227357 -3.807046
-2.181740 -3.352612
-3.423193 -2.069239
-3.544192 1.854374
0.159898 -3.996803
-3.562757 1.818451
-3.975363 0.443270
-2.350057 3.236855
-3.944667 0.663028
-3.449308 -2.025407
-3.976120 0.436426
-2.021500 -3.451599
-1.325999 -3.773821
-3.999597 0.056762
-3.476372 1.978595
-2.746147 -2.908380
-3.248885 -2.333398
-2.441197 3.168683
0.558818 -3.960773
-2.311625 -3.264413
-1.051010 -3.859453
-0.850708 -3.908490
0.097330 -3.998816
-2.493016 -3.128078
0.234939 -3.993094
-1.680972 -3.629647
-2.526263 -3.101289
0.529654 -3.964778
1.093850 -3.847531
1.497187 -3.709236
1.513379 -3.702659
-1.185737 -3.820213
0.566841 -3.959633
-0.029178 -3.999894
-1.579025 -3.675144
-1.348145 -3.765967
-1.926599 -3.505455
-1.878935 -3.531233
1.535837 -3.693400
-0.986707 -3.876391
-0.388476 -3.981091
-1.696572 -3.622381
-1.324823 -3.774234
0.097527 -3.998811
-0.775928 -3.924020
-2.040590 -3.440348
-2.527208 -3.100519
-2.895819 -2.759389
-0.899935 -3.897450
-2.359774 -3.229778
-1.505344 -3.705933
-0.685880 -3.940757
-0.262555 -3.991374
-2.670412 -2.978070
-1.257241 -3.797281
-0.604607 -3.954042
-0.092344 -3.998934
-1.822451 -3.560712
-1.721657 -3.610526
-1.607913 -3.662597
-2.497376 -3.124598
-1.838424 -3.552492
-0.868288 -3.904622
0.647624 -3.947225
-2.188880 -3.347955
-0.611238 -3.953023
-1.162179 -3.827446
0.712610 -3.936012
-2.755735 -2.899297
-1.010259 -3.870320
-0.073195 -3.999330
-0.675983 -3.942467
-1.552702 -3.686342
-1.724906 -3.608975
-1.168142 -3.825630
0.106548 -3.998581
-0.222197 -3.993824
-1.609976 -3.661691
-2.975644 -2.673115
-2.200127 -3.340575
-1.717288 -3.612606
0.253148 -3.991981
-0.668671 -3.943714
-1.868683 -3.536668
0.130045 -3.997885
0.511411 -3.967173
-0.771332 -3.924926
-1.710984 -3.615596
0.282692 -3.989998
-0.489518 -3.969933
0.968680 -3.880935
-0.855350 -3.907477
-1.212948 -3.811661
-2.417967 -3.186446
-0.800217 -3.919139
0.710520 -3.936389
-1.699799 -3.620868
-0.787405 -3.921734
-0.974609 -3.879451
0.527025 -3.965129
-0.038574 -3.999814
-0.677444 -3.942216
-1.254214 -3.798282
-1.595162 -3.668168
-1.227815 -3.806898
-1.077902 -3.852029
-2.134761 -3.382720
-2.315678 -3.261539
0.531968 -3.964468
-2.379181 -3.215509
0.383351 -3.981588
-0.342598 -3.985301
-1.656248 -3.640995
-0.871678 -3.903867
0.480799 -3.970999
-0.012589 -3.999980
-0.841545 -3.910473
-0.973137 -3.879820
-2.114904 -3.395170
1.527640 -3.696798
-1.784709 -3.579778
-3.356513 -2.175735
-1.382456 -3.753507
-1.156426 -3.829188
-0.026098 -3.999915
-1.324009 -3.774520
-0.600814 -3.954620
0.489108 -3.969984
-0.261977 -3.991412
-2.169267 -3.360697
-2.954172 -2.696826
-0.675396 -3.942568
-2.023606 -3.450365
-0.147856 -3.997266
-0.640848 -3.948331
-2.103856 -3.402027
0.400649 -3.979884
-2.736437 -2.917518
-1.005783 -3.871486
0.151086 -3.997146
-1.248792 -3.800068
0.495098 -3.969242
2.120715 -3.391543
-1.353307 -3.764115
-3.544651 -1.853497
-0.587783 -3.956578
-2.181139 -3.353003
0.508048 -3.967605
-1.192821 -3.818007
-2.468825 -3.147206
-0.812938 -3.916520
-1.594813 -3.668320
-0.152980 -3.997074
-0.798412 -3.919507
-1.998052 -3.465225
-1.903811 -3.517884
1.369283 -3.758333
0.528832 -3.964888
0.112702 -3.998412
-0.605889 -3.953846
0.643709 -3.947865
-1.638037 -3.649224
-0.107329 -3.998560
-2.370431 -3.221965
-2.806311 -2.850372
-2.424169 -3.181730
-0.532798 -3.964357
0.307110 -3.988193
0.101022 -3.998724
-1.986545 -3.471835
-0.027795 -3.999903
-1.034770 -3.863839
-1.668355 -3.635463
-0.901480 -3.897093
-1.149132 -3.831383
1.120536 -3.839844
-1.831393 -3.556121
0.541975 -3.963113
-0.858422 -3.906803
-0.511872 -3.967113
0.572180 -3.958865
0.568120 -3.959449
-1.744014 -3.599780
-0.858364 -3.906816
2.503307 -3.119848
-0.907892 -3.895604
0.116809 -3.998294
-0.961273 -3.882777
-1.642654 -3.647148
-3.142573 -2.474720
-1.778953 -3.582642
-0.516236 -3.966548
-1.564058 -3.681538
-1.331381 -3.771926
-0.974395 -3.879504
-2.237305 -3.315791
-1.462111 -3.723202
0.974911 -3.879375
-2.371874 -3.220903
-0.602661 -3.954339
-1.652611 -3.642647
-3.838098 -1.126499
-0.895385 -3.898498
-1.145526 -3.832463
-1.917286 -3.510558
-1.692713 -3.624186
-0.632786 -3.949631
-1.996806 -3.465944
-1.201474 -3.815293
0.441773 -3.975530
-0.066866 -3.999441
-1.656718 -3.640781
-2.286561 -3.282017
-1.661094 -3.638786
-0.836981 -3.911453
0.394832 -3.980466
-0.397969 -3.980153
-0.604434 -3.954069
