-3.810170 -1.217624
-3.853099 1.074071
-3.946368 -0.652823
-3.983556 0.362332
-3.985063 -0.345356
-3.952143 0.616899
-3.999997 -0.004865
-3.979201 -0.407376
-3.761463 1.360659
-3.981201 -0.387348
-3.992052 0.252035
-3.754695 1.379228
-3.982621 -0.372465
-3.994607 0.207638
-3.723616 1.461055
-3.843444 1.108122
-3.981279 0.386549
-3.793607 1.268284
-3.951017 -0.624073
-3.820685 1.184214
-3.030150 -2.611166
-3.817190 1.195433
-3.848595 -1.090099
-3.884467 -0.954418
-3.188063 2.415833
-3.612900 -1.716670
-3.994591 0.207947
-3.762206 1.358605
-3.252823 -2.327905
-3.975715 0.440106
-3.330480 -2.215379
-3.661343 1.610765
-3.999835 0.036342
-3.599194 1.745223
-3.406924 -2.095918
-3.978797 0.411310
-3.748191 -1.396806
-3.731301 1.441318
-3.731399 -1.441064
-3.985245 -0.343253
-3.216241 -2.378191
-3.885839 0.948818
-3.472528 -1.985333
-3.965307 -0.525680
-3.983524 0.362675
-3.944431 0.664427
-3.999985 0.011057
-3.815719 1.200119
-3.848506 1.090413
-3.973433 -0.460247
-3.958587 -0.574101
-3.718170 -1.474859
-3.876505 0.986260
-3.926000 -0.765848
-3.844275 -1.105238
-3.872661 1.001247
-3.999893 0.029205
-3.533640 -1.874403
-3.235162 -2.352387
-3.829402 -1.155716
-3.978709 -0.412154
-3.812574 -1.210075
-3.848281 1.091207
-3.936559 0.709580
-3.934589 0.720424
-3.965303 0.525711
-3.976751 -0.430640
-3.999457 -0.065935
-3.545550 -1.851775
-3.882834 0.961041
-3.875511 0.990161
-3.961693 0.552259
-3.475340 1.980406
-3.971387 -0.477583
-3.011782 2.632332
-3.813049 -1.208576
-3.773322 1.327420
-3.978554 0.413649
-3.983370 -0.364369
-3.892317 -0.921885
-3.837185 1.129608
-3.765100 1.350565
-2.891143 -2.764289
-3.472719 1.984999
-3.726001 -1.454963
-3.827144 -1.163172
-3.919250 -0.799674
-3.862507 -1.039732
-3.899832 -0.889556
-3.490389 1.953762
-3.972222 0.470586
-3.988803 -0.299077
-3.991073 0.267094
-3.961549 0.553293
-3.951122 0.623403
-3.456804 -2.012586
-3.984846 0.347856
-3.833532 -1.141942
-3.861769 -1.042469
-3.707637 -1.501142
-3.999504 0.062981
-3.835642 -1.134834
-3.988100 -0.308317
-3.710500 -1.494052
-3.987786 -0.312346
-3.996486 0.167626
-3.952756 0.612962
-3.987867 0.311313
-3.845707 -1.100245
-3.999983 0.011523
-3.176418 -2.431125
-3.655663 1.623615
-3.532162 1.877188
-3.997638 0.137447
-3.828199 1.159694
-3.984034 0.357030
-3.891014 0.927368
-3.539499 -1.863316
-3.868387 1.017635
-3.804672 1.234695
-3.976434 0.433562
-3.729458 -1.446079
-3.168932 -2.440875
-3.990766 -0.271643
-3.464501 1.999309
-2.957038 -2.693682
-3.789064 -1.281793
-3.998756 0.099758
-3.850386 -1.083757
-3.994490 -0.209877
-3.765459 1.349562
-3.673443 -1.582978
-3.866292 1.025565
-3.890669 0.928815
-3.997842 -0.131362
-3.937622 0.703657
-3.086525 -2.544280
-3.579386 1.785497
-3.691318 -1.540834
-3.767913 1.342695
-3.999224 -0.078790
-3.519827 -1.900216
-3.876554 0.986068
-3.925094 -0.770478
-3.728236 1.449225
-3.983062 -0.367724
-3.999407 0.068891
-3.736079 1.428885
-3.075413 -2.557701
-3.245090 -2.338673
-3.979716 0.402320
-3.311454 2.243718
-3.172345 -2.436438
-3.127487 -2.493757
-3.891172 0.926703
-3.854052 1.070647
-3.994940 -0.201139
-3.992685 -0.241805
-3.974015 0.455200
-3.985977 0.334649
-3.432665 2.053488
-3.975606 -0.441089
-3.987428 -0.316885
-3.697645 -1.525589
-3.383134 2.134105
-1.745430 -3.599094
-3.673573 -1.582675
-3.695483 -1.530819
-3.993779 -0.222998
-3.405871 -2.097628
-3.992469 0.245334
-3.771177 -1.333500
-3.864740 -1.031399
-3.386115 2.129372
-3.994940 -0.201140
-3.883773 0.957238
-3.669704 -1.591627
-3.502408 -1.932133
-2.699874 -2.951386
-3.998462 0.110923
-3.799431 -1.250729
-3.371466 2.152490
-3.951338 -0.622032
-3.984604 0.350616
-3.666896 -1.598084
-2.890497 -2.764964
-3.659352 1.615284
-3.939211 0.694707
-3.938253 0.700115
-3.832784 -1.144452
-3.487715 1.958531
-3.798612 1.253215
-3.999981 -0.012284
-3.892593 -0.920717
-3.979234 -0.407063
-3.703647 -1.510959
-3.999938 0.022240
-3.163159 2.448352
-3.932894 -0.729622
-3.998849 0.095938
-3.072525 2.561170
-1.586627 3.671868
2.643069 -3.002364
0.769560 3.925274
3.936689 -0.708861
3.539450 -1.863409
-1.791589 3.576340
-2.296515 3.275060
-0.347414 3.984884
-1.771656 3.586257
3.793392 1.268928
-0.431598 3.976647
0.346943 3.984925
2.690031 -2.960360
-1.302176 3.782107
3.907307 -0.856124
-0.264000 3.991278
3.821259 -1.182363
-0.864277 3.905512
-1.416994 3.740605
3.653831 -1.627733
-0.722109 3.934280
-2.073984 3.420320
3.988221 0.306749
-2.950114 2.701264
3.282907 2.285284
-0.435907 3.976177
-2.058596 3.429604
-1.192473 3.818116
-2.038346 3.441678
-2.438397 3.170839
-0.423007 3.977570
-1.561477 3.682633
0.149555 3.997203
-2.785020 2.871178
-1.643304 3.646855
3.270161 2.303486
0.150298 3.997175
-3.936105 0.712093
-2.982750 2.665183
3.766510 -1.346627
-1.891284 3.524634
3.891114 0.926947
2.668380 -2.979890
3.998431 0.112033
0.708206 3.936806
3.982666 -0.371986
-0.718033 3.935026
-2.036351 3.442859
0.093824 3.998899
-1.481324 3.715599
-1.797844 3.573200
-1.140954 3.833826
-0.281683 3.990070
-1.353472 3.764055
-1.902202 3.518754
3.590320 1.763407
-0.220659 3.993909
0.839426 3.910929
-0.169090 3.996424
-0.533699 3.964236
-0.393281 3.980619
2.818140 2.838677
0.280254 3.990170
0.943928 3.887030
3.997798 0.132705
3.986030 -0.334013
-3.359876 2.170538
-0.126061 3.998013
0.416391 3.978268
-0.407949 3.979143
0.112391 3.998421
0.628580 3.950302
3.906622 0.859246
3.907067 -0.857223
-2.775099 2.880769
-1.018768 3.868089
-1.956262 3.488988
-1.045975 3.860821
-1.451931 3.727183
-1.778912 3.582663
-1.625491 3.654830
-0.142433 3.997463
3.982204 0.376893
3.995199 0.195920
3.628079 1.684351
-1.345486 3.766918
-2.259300 3.300843
-1.202632 3.814928
-1.904800 3.517348
3.958703 -0.573299
-1.705418 3.618225
-1.552805 3.686298
2.450370 -3.161596
-2.723334 2.929753
-2.746431 2.908112
-2.345278 3.240319
-1.610139 3.661619
-2.339969 3.244155
-0.838913 3.911039
3.999158 -0.082064
3.996710 0.162210
3.974500 0.450945
-0.502218 3.968347
0.691439 3.939786
2.599871 3.039847
3.934458 0.721136
3.999894 0.029170
-2.881789 2.774039
-1.744562 3.599514
-1.647537 3.644945
-2.325985 3.254196
-1.216708 3.810462
-3.086056 2.544850
-0.719051 3.934840
2.982217 2.665780
-2.677209 2.971961
-0.861019 3.906232
3.341995 2.197970
-2.248464 3.308233
-1.061332 3.856627
-3.706874 1.503025
-2.380941 3.214206
-1.755473 3.594206
3.957085 0.584363
3.959499 -0.567771
-0.604146 3.954113
-1.804698 3.569743
3.953843 0.605907
3.205629 -2.392477
3.696263 -1.528934
-1.873677 3.534025
-1.117394 3.840759
-2.400688 3.199484
-1.415702 3.741095
3.952872 0.612214
-0.852731 3.908049
-1.776697 3.583762
1.539902 3.691707
3.945604 -0.657428
-1.302633 3.781950
-2.013596 3.456216
-3.223306 2.368606
3.959364 0.568714
3.984826 0.348080
3.946269 -0.653421
3.885950 0.948364
-2.813985 2.842796
-1.257388 3.797233
3.308314 -2.248345
1.362417 3.760827
3.993171 0.233628
-3.545962 1.850988
3.967252 0.510798
3.991723 0.257189
-0.804588 3.918244
-0.927071 3.891085
-0.015349 3.999971
3.842982 -1.109726
-1.956582 3.488809
3.415344 -2.082168
3.991024 0.267826
-0.832464 3.912417
-2.103434 3.402288
3.577229 1.789814
-2.952549 2.698603
-1.269696 3.793135
0.562371 3.960270
3.967633 0.507827
-2.211975 3.332741
3.955232 -0.596774
-3.469835 1.990037
3.755456 1.377152
3.537450 1.867203
-2.545697 3.085356
0.621359 3.951444
-2.612409 3.029079
-2.292342 3.277982
0.472011 3.972053
-2.488498 3.131673
3.606954 1.729127
3.413728 2.084817
-2.145429 3.375964
-0.930867 3.890178
-2.185560 3.350124
-3.603910 1.735463
-1.199693 3.815853
3.654460 -1.626321
-0.985189 3.876777
3.986649 0.326545
3.162020 2.449822
-0.306316 3.988254
-1.559691 3.683390
-1.676935 3.631513
-1.558562 3.683868
3.212135 2.383734
-1.146274 3.832239
-0.504052 3.968114
-0.669974 3.943493
-2.637616 3.007155
-3.686804 -1.551605
-1.878568 -3.531428
-3.902966 -0.875705
-3.978015 -0.418803
0.565023 -3.959893
0.456604 -3.973854
-3.993218 0.232837
0.198648 -3.995064
-0.549771 -3.962039
-3.137453 -2.481207
-1.730398 -3.606345
-3.269567 -2.304328
-0.840691 -3.910657
-3.349196 -2.186981
-2.710188 -2.941918
-0.773009 -3.924596
-3.778138 1.313648
-2.197373 -3.342387
-1.257164 -3.797307
-1.336939 -3.769959
-2.628206 -3.015383
-2.565639 -2.331661
-2.545980 -3.085123
-2.720477 -2.932406
-3.007255 -2.637502
-3.983455 -0.363433
-3.900261 -0.887675
-3.600473 -1.742582
-2.299632 -3.272872
-2.597585 -3.041801
-3.986895 -0.323521
-2.710180 -2.941925
-2.261919 -3.299049
-3.070250 -2.563897
-3.247107 -2.335871
-3.818400 -1.191562
-3.062605 -2.573023
-3.471206 -1.987644
-2.642569 -3.002804
-3.945491 -0.658105
-3.015046 -2.628593
-1.946252 -3.494582
-3.788168 1.284440
-3.667874 -1.595839
-3.447893 -2.027816
-3.585013 -1.774171
-0.755012 -3.928098
-1.190325 -3.818786
-3.029143 -2.612334
-1.493792 -3.710604
-3.621574 -1.698294
-3.749101 -1.394361
-0.008957 -3.999990
-2.564161 -3.070029
-1.661991 -3.638377
-3.922531 -0.783423
-2.544647 -3.086223
-3.403232 -2.101907
-3.591766 -1.760459
-3.463380 -2.001249
-2.315074 -3.261967
-3.172397 -2.436370
-2.296405 -3.275137
-2.569744 -3.065357
-0.133860 -3.997760
-3.667616 -1.596432
-3.959039 -0.570974
3.018384 -2.624758
-3.541507 -1.859497
-3.951599 0.620377
-3.035649 -2.604772
-0.602897 -3.954303
-1.284897 -3.788013
-2.535545 -3.093705
-2.836415 -2.820417
-3.682638 -1.561467
0.575699 -3.958355
-1.803959 -3.570116
-2.628904 -3.014774
-3.682708 1.561302
-2.492680 -3.128346
-3.543167 -1.856333
-2.033847 -3.444338
-3.556845 -1.829988
-3.623162 -1.694904
-3.385559 -2.130256
-3.812565 1.210102
-3.441665 -2.038368
-3.106182 -2.520244
-3.487137 -1.959559
1.042572 -3.861741
-3.172464 -2.436282
-3.417357 -2.078862
-2.856430 -2.800144
-3.600429 -1.742674
-3.380430 -2.138385
-2.942292 -2.709782
-3.422348 -2.070636
-3.084217 -2.547078
-2.186083 -3.349782
-1.102494 -0.547156
-3.482666 -1.967495
-3.601065 -1.741359
-3.073823 -2.559611
-2.542080 -3.088338
-2.821065 -2.835770
-3.810949 1.215182
-2.532106 -3.096521
-2.208215 -3.335234
-2.804052 -2.852594
-3.269141 -2.304933
0.306193 -3.988264
-1.980823 -3.475103
-2.909662 -2.744789
-2.065588 -3.425397
-3.354080 -2.179484
-3.141379 -2.476234
-3.427989 -2.061284
-3.023764 -2.618559
-1.480304 -3.716006
-3.053787 -2.583483
-3.888937 -0.936038
-2.552593 -3.079654
-3.746556 -1.401184
-2.468852 -3.147184
-3.607983 -1.726980
-3.991938 -0.253827
-3.728862 1.447614
-3.037918 -2.602125
-1.778142 -3.583045
-2.093247 -3.408565
-1.619497 -3.657490
-2.804313 -2.852337
-3.144549 -2.472208
-2.795890 -2.860595
-2.748984 -2.905699
-2.200083 -3.340604
-3.736875 -1.426803
-0.799881 -3.919208
-1.857484 -3.542563
-2.047038 -3.436515
-3.979016 -0.409185
-3.041070 -2.598440
-2.359191 -3.230204
-1.203504 -3.814653
-0.340518 -3.985480
-3.458838 -2.009089
-2.231239 -3.319875
-2.715622 -2.936903
-3.286728 -2.279785
-3.975021 -0.446329
-3.654890 -1.625356
-1.276867 -3.790727
-3.074000 -2.559399
-0.502007 -3.968374
-1.044921 -3.861106
-3.692578 -1.537812
-1.501183 -3.707620
-2.954843 -2.696090
-3.949847 -0.631435
-1.743990 -3.599791
-3.330305 -2.215642
-3.935903 -0.713207
-2.632656 -3.011499
-0.424731 -3.977387
0.231496 -3.993296
0.795142 -3.920172
-3.872455 1.002042
-3.461628 2.004278
-2.516875 -3.108913
-2.589297 -3.048859
-0.540996 -3.963247
-1.775874 -3.584170
-3.009774 -2.634628
-2.811618 -2.845137
-3.079562 -2.552704
-2.645494 -3.000227
-2.948786 -2.702713
-3.428155 -2.061008
-3.431980 -2.054631
0.031678 -3.999875
-3.308289 -2.248382
-3.415514 -2.081890
-3.997681 -0.136172
-2.664225 -2.983606
-2.202972 -3.338699
-3.192240 -2.410313
-2.004509 -3.461495
-3.464121 -1.999967
-2.327483 -3.253125
-2.792725 -2.863684
-3.628345 -1.683780
-3.980755 -0.391901
-2.547546 -3.083830
-0.263920 -3.991284
-3.837480 -1.128604
-3.947439 0.646314
-1.057379 -3.857713
-3.990336 -0.277886
-3.973763 0.457392
1.752719 -3.595549
0.567230 -3.959577
0.701008 -3.938094
3.302851 -2.256363
1.237199 -3.803858
1.385948 -3.752219
-3.728602 -1.448285
-1.503655 -3.706619
-0.591554 -3.956016
1.322299 -3.775119
-3.832477 1.145479
-0.181742 -3.995869
1.777448 -3.583389
-0.020765 -3.999946
-2.528970 -3.099082
-0.150766 -3.997158
1.121827 -3.839467
0.277040 -3.990395
0.622907 -3.951201
2.084294 -3.414047
-0.563252 -3.960145
2.887782 -2.767800
-3.556329 -1.830989
1.262992 -3.795372
-0.347097 -3.984912
0.544556 -3.962759
0.190154 -3.995478
-0.238005 -3.992913
0.526788 -3.965160
-0.921825 -3.892331
-0.773044 -3.924590
0.543188 -3.962947
1.294170 -3.784855
-1.978969 -3.476159
0.660632 -3.945069
1.443617 -3.730411
-0.140177 -3.997543
-3.156612 -2.456787
1.522596 -3.698878
1.309909 -3.779436
1.414164 -3.741676
-0.133179 -3.997782
1.197460 -3.816555
-0.226990 -3.993554
-0.164975 -3.996596
2.072129 -3.421444
1.755520 -3.594183
1.739346 -3.602038
-0.012836 -3.999979
-2.828780 -2.828074
-2.266661 -3.295792
-2.861392 -2.795074
0.138124 -3.997615
1.739580 -3.601925
-2.073517 -3.420603
-0.508554 -3.967540
-3.712384 -1.489365
0.067267 -3.999434
1.032886 -3.864343
-2.078961 -3.417297
1.986988 -3.471582
0.683033 -3.941252
-0.164989 -3.996596
1.170303 -3.824969
-1.265150 -3.794654
0.052803 -3.999651
2.708253 -2.943699
1.808624 -3.567755
-0.911345 -3.894798
2.271068 -3.292757
-2.466563 -3.148979
0.943936 -3.887028
-3.982480 -0.373968
0.627603 -3.950457
0.739250 -3.931095
0.856553 -3.907213
-0.361883 -3.983596
-3.622630 -1.696039
0.769391 -3.925307
0.297516 -3.988920
0.949815 -3.885595
-3.801619 -1.244063
-1.341926 -3.768187
0.646539 -3.947403
2.496830 -3.125035
-1.798751 -3.572743
-0.781188 -3.922977
2.780878 -2.875190
-0.557168 -3.961005
0.362169 -3.983570
-1.945241 -3.495145
0.509572 -3.967409
3.028533 -2.613042
0.645913 -3.947505
0.345586 -3.985043
0.941589 -3.887597
-0.323109 -3.986929
-3.966656 -0.515403
1.638316 -3.649098
0.034765 -3.999849
-1.428681 -3.736157
1.787449 -3.578411
1.137774 -3.834771
0.002177 -3.999999
-0.252017 -3.992053
-0.792751 -3.920656
1.387749 -3.751553
1.780855 -3.581697
1.175952 -3.823237
-3.635407 -1.668478
0.111149 -3.998455
1.564865 -3.681195
1.127429 -3.837825
1.266070 -3.794347
0.545187 -3.962672
-0.620350 -3.951603
-0.753049 -3.928475
1.481938 -3.715355
-0.101332 -3.998716
1.086640 -3.849573
-0.099909 -3.998752
1.789576 -3.577348
0.232612 -3.993231
0.444217 -3.975257
-2.178518 -3.354707
0.392552 -3.980691
1.382031 -3.753663
2.408711 -3.193448
0.845391 -3.909644
0.680339 -3.941718
-0.494561 -3.969308
0.058401 -3.999574
0.864164 -3.905537
-0.421659 -3.977713
-2.676755 -2.972370
0.630193 -3.950045
0.853592 -3.907861
1.435282 -3.733626
1.672246 -3.633675
0.782202 -3.922775
0.836437 -3.911569
-0.921072 -3.892509
-2.851258 -2.805410
-1.970968 -3.480702
-1.138855 -3.834450
2.319046 -3.259145
1.343838 -3.767506
-0.975755 -3.879163
0.537831 -3.963677
-1.224104 -3.808092
-1.303779 -3.781555
2.302027 -3.271188
-2.718328 -2.934398
2.966225 -2.683562
-0.388905 -3.981049
-2.587103 -3.050721
3.206985 -2.390658
-1.837734 -3.552849
-0.500021 -3.968624
-2.112420 -3.396716
0.381879 -3.981729
0.688516 -3.940298
1.704458 -3.618677
-0.061895 -3.999521
0.725208 -3.933710
-0.931559 -3.890013
0.250979 -3.992118
-1.094398 -3.847375
-2.106363 -3.400476
0.298855 -3.988820
-0.764396 -3.926283
0.652749 -3.946380
2.725950 -2.927319
-1.390434 -3.750559
0.252212 -3.992041
0.304778 -3.988372
1.109540 -3.843035
0.096502 -3.998836
-0.639569 -3.948538
0.722122 -3.934278
1.363669 -3.760373
1.645386 -3.645916
-1.140770 -3.833881
-1.396034 -3.748478
1.039486 -3.862573
0.097899 -3.998802
-2.333142 -3.249069
1.161294 -3.827714
-0.676966 -3.942298
-1.976079 -3.477803
-0.306876 -3.988211
0.834281 -3.912030
-0.855977 -3.907340
-2.893853 -2.761451
-1.275128 -3.791312
0.757581 -3.927604
-1.524948 -3.697909
0.734732 -3.931942
-0.776167 -3.923973
-0.249021 -3.992241
