-1.840799 -3.551261
-3.817620 -1.194058
-3.360029 2.170301
-0.276795 -3.990412
-1.318683 -3.776384
-3.824243 -1.172674
-1.120477 -3.839861
-3.496828 -1.942213
-3.560430 -1.823003
-3.343820 2.195192
-2.484455 -3.134882
-3.162203 2.449586
0.003331 -3.999999
-3.819590 -1.187744
-3.580813 1.782633
-3.773376 -1.327266
-3.224165 2.367438
-1.169007 -3.825366
3.148044 2.467756
1.509478 3.704251
1.168438 -3.825539
-3.740842 -1.416370
-3.186267 2.418202
-0.782341 -3.922747
-3.704942 1.507782
-3.111587 -2.513569
2.535306 -3.093901
-0.990753 -3.875359
-3.925099 -0.770455
-2.823669 -2.833177
-2.050532 -3.434432
-3.488107 1.957833
-3.674782 -1.579866
1.580194 3.674641
-3.812016 -1.211830
-3.936316 -0.710924
-3.123204 -2.499120
-3.518615 -1.902458
-3.503383 -1.930365
-0.428495 -3.976983
-3.922599 -0.783079
-0.889625 -3.899816
-3.992443 -0.245757
-3.819345 -1.188530
-3.999381 0.070365
-2.709539 -2.942516
-3.969661 -0.491721
-3.799562 1.250330
-0.383273 -3.981595
-3.950161 -0.629468
-3.990118 0.280991
-0.348058 -3.984828
-3.644594 -1.648313
1.195767 -3.817085
0.166174 -3.996547
-3.746540 -1.401227
-3.845588 -1.100659
-3.993822 -0.222229
-3.979205 -0.407343
-3.999490 -0.063876
-3.374905 -2.147095
-3.965884 0.521312
-3.999654 -0.052610
-3.906963 0.857697
-3.909594 -0.845623
-2.920106 -2.733676
-3.650007 -1.636292
-3.817491 -1.194472
-3.971473 -0.476868
-3.469169 -1.991197
-3.983245 -0.365727
-3.622312 1.696718
-3.962127 -0.549134
-3.994172 0.215841
-3.997990 0.126800
-3.994815 -0.203603
-3.994804 -0.203809
-3.977063 0.427752
1.347364 -3.766246
-2.754803 -2.900183
-0.696553 -3.938885
-1.922347 -3.507789
-0.364901 -3.983321
-0.757289 -3.927660
-3.916735 0.811901
-1.910236 -3.514399
-1.080521 -3.851295
-3.999907 -0.027209
-3.841042 -1.116423
-2.378674 -3.215884
-2.107893 -3.399527
-3.157015 -2.456269
-3.816854 1.196506
-3.914668 0.821810
-3.998705 -0.101757
-3.997274 -0.147638
-3.785085 -1.293497
-3.970743 0.482904
0.503905 3.968133
-3.797282 -1.257238
-3.995566 -0.188278
2.392122 3.205893
-3.956206 -0.590280
-2.924420 -2.729060
-1.581942 -3.673889
0.519397 -3.966135
-3.635676 1.667892
-3.991581 -0.259390
-3.999392 0.069736
-3.502863 -1.931308
-3.995870 -0.181723
-3.885338 -0.950867
-3.937881 0.702207
-0.857652 -3.906972
-3.993814 0.222376
-3.998832 0.096665
-3.397084 -2.111829
-3.990611 0.273905
-2.237287 -3.315803
-1.137736 -3.834783
-3.787425 1.286629
-3.968855 -0.498187
-3.966132 0.519423
-3.986853 -0.324043
-3.929553 -0.747403
-3.989862 -0.284610
-3.760642 -1.362927
-3.137734 -2.480852
-3.976416 -0.433719
-3.299985 -2.260553
-3.563325 -1.817338
-3.860441 -1.047377
0.314781 -3.987595
-3.999852 -0.034387
-3.608146 -1.726639
-3.996579 -0.165390
-3.991055 -0.267357
-3.999643 -0.053411
-3.939791 -0.691412
-3.982085 -0.378150
-3.939869 -0.690966
-3.993725 0.223957
-3.228538 -2.361470
-1.082780 -3.850661
-0.705744 -3.937248
-3.606518 -1.730037
-3.876053 0.988035
-1.870168 -3.535884
-3.977558 -0.423119
-3.999973 -0.014768
-3.647593 -1.641665
-3.443377 -2.035474
-1.110064 -3.842884
-3.994310 0.213286
-3.884701 0.953467
0.776629 -3.923882
-3.700203 -1.519374
-3.990184 -0.280055
-3.820243 -1.185640
-3.949252 -0.635145
-3.669523 -1.592044
-1.029979 -3.865119
-3.828137 -1.159900
-3.684419 1.557260
-3.995687 0.185707
-3.690975 1.541655
-2.949636 -2.701786
-3.950785 -0.625536
-3.983543 0.362466
-3.909434 -0.846362
-3.914286 -0.823627
-3.911976 -0.834530
-3.999979 -0.012861
-3.574192 -1.795870
-0.660330 -3.945119
1.502884 -3.706931
-3.998975 0.090526
-3.909096 -0.847918
-2.870604 -2.785612
-3.962035 -0.549802
-3.877927 0.980653
-0.717589 -3.935107
-2.864088 -2.792311
-3.963988 -0.535537
-3.916874 -0.811233
-2.970891 -2.678397
-3.904698 0.867949
-3.999598 -0.056713
-0.129370 -3.997907
-1.146752 -3.832096
-3.940437 -0.687717
-3.882023 -0.964313
-3.974388 -0.451930
-3.844404 -1.104789
-1.168910 -3.825395
-3.840048 1.119836
-0.989193 -3.875758
-3.997735 0.134585
-0.821158 -3.914805
-3.862812 -1.038595
-3.998002 0.126408
0.796952 3.919804
-1.145246 3.832546
-0.608380 3.953463
1.107249 3.843696
-2.243892 3.311336
-0.217912 -3.994060
-3.577250 1.789771
-0.184508 3.995742
-1.578583 -3.675333
1.256431 3.797549
-1.974869 3.478490
2.643187 3.002260
-1.462936 3.722878
-1.925840 3.505872
-0.619751 3.951697
-1.360679 -3.761456
-1.820548 3.561686
0.157337 3.996904
-0.973512 3.879726
-0.844763 3.909780
0.396557 3.980294
-2.743222 2.911139
-0.526488 3.965200
-1.219298 -3.809634
-1.523123 3.698662
3.433900 2.051422
0.507119 3.967724
1.439196 -3.732119
-0.085233 3.999092
1.790129 3.577071
1.732239 3.605461
-0.324762 -3.986794
-1.561621 3.682572
2.578508 3.057989
-1.967690 3.482556
-0.067009 3.999439
-0.056078 3.999607
3.693762 1.534968
-2.287159 3.281601
0.210683 3.994448
-1.531947 3.695015
-1.745756 3.598935
0.108886 3.998518
0.141343 -3.997502
-0.386551 -3.981278
0.697780 3.938668
2.553399 3.078986
-1.650301 3.643694
-0.912314 3.894571
-2.123295 3.389929
-1.413429 3.741954
3.299071 2.261886
-2.568287 3.066579
0.222764 3.993792
0.537124 3.963773
0.212366 3.994359
-0.436525 -3.976109
-2.061394 3.427923
-1.389871 3.750768
-0.113754 -3.998382
-0.803289 3.918511
-1.406947 3.744396
-1.129117 3.837329
2.661819 2.985753
-2.789491 2.866834
-3.975232 0.444448
-0.890352 3.899650
1.816989 3.563503
-1.487519 3.713124
-1.706270 3.617823
-0.160531 3.996777
-1.731147 3.605985
-1.480839 3.715793
3.637231 1.664497
-1.591379 3.669811
-1.490868 3.711780
1.130455 3.836935
-1.771185 3.586489
-0.613865 -3.952616
0.312259 3.987793
-0.010663 3.999986
0.344898 -3.985103
-3.358195 2.173137
-2.379114 3.215559
-0.505587 -3.967919
0.635049 -3.949267
-2.646239 2.999570
3.383345 2.133771
0.030097 3.999887
-1.201725 3.815214
0.450730 -3.974524
0.424428 3.977419
1.024818 3.866490
-0.449609 3.974651
0.219181 3.993990
-0.945634 3.886615
-3.961489 0.553720
-1.490320 -3.712000
-2.162828 3.364844
3.435995 2.047911
1.144622 3.832733
0.177386 3.996065
-0.521602 -3.965846
-1.445646 3.729626
0.112999 3.998404
3.524221 1.892053
-0.018089 3.999959
-0.503410 3.968196
0.261120 3.991468
2.196024 3.343273
-2.801601 2.855001
-2.341985 3.242701
-0.992824 3.874829
0.892134 3.899243
0.097071 3.998822
1.104838 3.844390
2.740364 2.913830
-1.734378 3.604433
-0.852529 -3.908093
-3.075419 2.557694
1.087621 3.849296
0.641538 3.948218
-1.042515 3.861756
0.610392 3.953153
0.586931 3.956705
-0.204489 3.994770
-2.252093 3.305764
-3.215235 2.379551
0.627883 3.950413
1.463611 3.722612
-3.761836 -1.359628
-3.999369 -0.071027
0.164810 3.996603
-2.411786 3.191126
-2.425743 3.180530
-1.024281 3.866633
-1.752110 -3.595846
-1.154752 -3.829693
-0.785361 3.922143
-0.281332 3.990094
2.435369 3.173165
0.757367 3.927645
0.374866 -3.982396
-0.960005 3.883090
2.535600 3.093660
-1.200993 3.815444
1.088394 3.849078
0.174110 3.996209
-0.534153 3.964175
0.644950 3.947663
-2.134325 3.382995
-1.471574 3.719472
1.069756 3.854299
-2.731879 2.921787
-0.780329 3.923147
-1.658308 -3.640057
-2.662107 2.985496
-0.121593 -3.998151
1.710097 3.616016
-1.148591 3.831545
-1.206033 3.813854
-3.610003 -1.722754
-2.409208 3.193073
-2.685557 2.964420
-1.274923 3.791381
-0.181864 -3.995864
-0.680710 3.941654
0.376101 3.982279
-2.680648 2.968859
-2.113862 3.395819
-0.515966 3.966583
1.815506 3.564258
-2.677325 2.971857
2.406699 3.194965
0.662722 3.944718
-1.392535 3.749780
-1.681242 3.629522
-2.016995 3.454234
0.076413 3.999270
-3.327593 2.219712
3.398991 2.108758
1.232113 3.805509
-0.699751 -3.938318
-0.889805 3.899775
-1.800314 3.571956
-0.552715 3.961629
-1.180915 -3.821706
-1.591105 3.669930
-2.020897 3.451952
-2.589139 -3.048993
-2.638192 3.006650
3.217141 2.376974
0.857593 3.906985
-0.968727 3.880924
0.207031 -3.994639
-2.553559 3.078853
-3.688784 1.546892
0.156911 3.996921
-2.415247 3.188508
-1.408040 3.743985
-3.947308 -0.647113
-3.355518 -2.177269
-3.639766 -1.658946
-2.204809 -3.337486
-3.999741 -0.045499
-3.800391 -1.247809
-3.598526 -1.746601
-3.787841 1.285402
-1.334362 -3.770872
-3.736412 -1.428014
-3.720022 -1.470183
-2.936047 -2.716547
-3.916631 -0.812405
-3.999819 0.038055
-3.729829 -1.445122
-3.760390 -1.363622
-3.985317 0.342421
-3.574249 -1.795758
-3.975635 -0.440828
-3.918811 -0.801826
-3.436231 2.047515
-2.986647 -2.660816
-3.598766 1.746106
-3.963993 -0.535501
-3.904952 -0.866807
-3.844275 -1.105237
-3.980230 -0.397205
-3.686944 -1.551273
-3.916247 0.814255
-3.873115 -0.999490
-3.965274 0.525929
-3.134912 -2.484417
-2.940670 -2.711542
-3.526879 -1.887095
-2.173231 -3.358135
-2.979628 -2.668673
-3.990953 -0.268878
-3.466205 -1.996352
-3.706293 -1.504458
-3.879402 -0.974804
-3.994899 0.201952
-3.959841 -0.565381
-3.783373 -1.298494
-3.412962 -2.086070
-2.996707 -2.649480
-3.986698 -0.325946
-3.997594 0.138702
-3.822582 -1.178078
-2.907610 -2.746962
-3.896556 0.903797
-3.806827 1.228035
-2.036160 -3.442971
-3.503322 -1.930476
-2.698524 -2.952621
-3.842636 1.110923
-3.590098 -1.763858
-3.955436 0.595422
-3.824189 -1.172849
-3.348499 2.188048
-2.962559 -2.687610
-3.529736 -1.881746
-3.999711 0.048053
-3.669912 -1.591145
-3.529621 -1.881961
-3.993721 -0.224030
-3.694467 -1.533268
-0.501191 -3.968477
-3.665474 -1.601344
-3.436573 -2.046941
-3.815907 1.199523
-3.996974 -0.155567
-3.993311 -0.231227
-3.601757 -1.739928
-2.655607 -2.991279
-3.539590 -1.863142
-1.315462 -3.777507
-3.180434 -2.425868
-3.926930 -0.761067
-2.345277 -3.240320
-2.212034 -3.332702
-3.735388 1.430690
-3.088387 -2.542019
-3.525593 -1.889496
-3.537718 -1.866695
-3.795065 -1.263915
-3.269209 -2.304837
-3.984147 -0.355768
-3.942175 0.677687
-3.865572 -1.028276
-1.449571 -3.728102
-3.618482 -1.704871
-3.455552 -2.014735
-3.784395 -1.295513
-3.395101 -2.115014
-3.772747 -1.329051
-3.362653 -2.166233
-3.626602 -1.687530
-3.999811 -0.038894
-2.538232 -3.091501
-1.988519 -3.470705
-3.404477 2.099890
-3.650352 -1.635521
-3.999503 0.063041
-3.858714 -1.053718
-3.586707 -1.770744
-3.985055 -0.345447
-3.991695 -0.257624
-3.458758 -2.009226
-3.956397 -0.588999
-3.023085 -2.619343
-3.994944 0.201055
-3.698669 -1.523104
-3.980299 -0.396511
-1.659591 -3.639472
-3.563809 -1.816387
-3.186582 -2.417787
-2.743285 -2.911080
-3.862898 -1.038275
-1.192000 -3.818263
-3.364940 -2.162679
-1.269765 -3.793112
-3.997821 -0.132001
-3.241423 -2.343753
-3.763108 -1.356105
-3.938037 0.701333
-3.910906 -0.839533
-3.624381 -1.692294
-3.826869 1.164075
-3.212083 -2.383804
-3.936033 0.712494
-3.894776 -0.911440
-3.708296 -1.499513
-3.777478 -1.315545
-2.795598 -2.860879
-3.776484 -1.318397
-3.204591 -2.393867
-2.176248 -3.356180
-2.956251 -2.694546
-0.103552 -3.998659
-3.758790 -1.368028
-3.585253 -1.773686
-3.987755 0.312742
-3.794446 1.265771
-3.894128 0.914202
-3.973896 0.456239
-3.840017 -1.119943
-3.940303 -0.688487
-3.629686 -1.680887
-3.297724 -2.263850
-3.952587 0.614052
-3.416722 -2.079906
-1.009618 -3.870487
-3.814982 -1.202461
-3.169874 -2.439651
-3.664948 -1.602546
-2.438548 -3.170723
-3.949833 0.631519
-3.962553 0.546054
-3.778897 -1.311465
-2.831810 -2.825040
-3.970077 -0.488357
-3.985540 0.339807
-2.798818 -2.857730
-3.840753 -1.117417
-3.998001 0.126441
-3.993012 -0.236340
-3.678125 1.572068
-3.607069 -1.728889
-3.768737 -1.340382
-3.036155 -2.604182
-3.960769 0.558848
-2.270534 -3.293125
-3.797300 -1.257184
-2.290005 -3.279615
-3.538683 -1.864866
-3.946095 0.654473
-3.991217 -0.264923
-3.842728 -1.110604
-3.069891 -2.564327
-3.056087 -2.580762
-3.986879 0.323722
-2.533714 -3.095205
-0.776883 -3.923831
-0.306114 -3.988270
-3.988108 -0.308208
-3.999992 0.008051
-3.929139 -0.749576
-3.999046 -0.087341
-3.936368 -0.710640
-3.112152 -2.512869
-2.512779 -3.112224
-3.099221 -2.528800
-3.998985 -0.090116
-2.958376 -2.692213
-3.999110 0.084367
-3.790336 -1.278027
-3.803242 -1.239094
-3.745378 -1.404330
-3.376478 -2.144621
-3.972876 -0.465033
-3.895944 -0.906433
-3.715358 -1.481930
-3.174279 -2.433917
-2.004447 -3.461531
-3.858590 1.054175
-2.351166 -3.236050
-2.695166 -2.955686
-2.550798 -3.081141
-3.584338 -1.775535
-3.118479 -2.505013
-3.844161 -1.105634
-3.569232 -1.805709
-3.604852 -1.733505
-3.089253 -2.540968
-3.899989 -0.888870
-3.807798 -1.225021
-1.579624 -3.674886
-3.937887 0.702170
-3.998321 0.115891
-3.479130 -1.973741
-3.918063 -0.805470
-3.440204 2.040833
-3.399095 -2.108591
-3.506747 -1.924246
-2.277660 -3.288201
-3.198265 -2.402312
-3.958495 -0.574730
-3.876902 -0.984699
-3.974628 -0.449810
-3.919339 0.799238
-2.747757 2.906859
-3.789747 -1.279774
-3.506114 -1.925399
-3.974905 -0.447361
-3.866178 -1.025995
-3.019753 -2.623184
-3.216657 -2.377628
-3.848363 1.090918
-0.548505 -3.962214
-3.993170 0.233660
-3.352561 -2.181819
-3.595170 -1.753498
-2.606098 -3.034511
-3.872518 1.001801
-3.891454 0.925519
-3.961778 0.551649
-1.828389 -3.557667
-3.288283 -2.277542
-3.997471 0.142219
-3.976564 -0.432362
-3.842416 -1.111683
-2.932641 -2.720223
-3.925661 0.767586
-2.611472 -3.029887
-3.449969 -2.024281
-3.968851 0.498217
-2.604050 -3.036268
-3.994600 -0.207780
-2.489320 -3.131020
-3.262239 -2.314692
-3.541224 -1.860036
-3.174386 -2.433777
-3.659362 -1.615261
-3.924203 0.775004
-3.452975 -2.019149
-3.554568 -1.834406
-3.737564 1.424995
-3.256064 -2.323370
-2.699803 -2.951452
-0.536004 -3.963925
-3.644496 -1.648530
-3.824222 1.172744
-3.934640 0.720143
-1.886354 -3.527275
-1.257609 -3.797159
-2.631987 -3.012083
-3.722074 -1.464981
-3.277129 -2.293562
-2.938485 2.713909
-3.623234 1.694749
-3.933247 -0.727715
-2.317685 -3.260113
-3.324239 -2.224733
-0.510385 -3.967305
-3.436181 2.047599
-3.989904 -0.284019
-2.948344 -2.703195
-3.107473 -2.518652
-3.992487 -0.245048
-3.698131 1.524409
-3.189668 -2.413715
-3.536375 -1.869238
-3.866653 -1.024206
-3.077950 -2.554647
-2.848181 -2.808535
-3.996559 -0.165872
-3.693881 -1.534681
-1.786564 -3.578853
-3.535389 -1.871103
-3.819053 -1.189468
-3.146555 -2.469654
-2.058018 -3.429951
-2.633516 -3.010747
-3.406538 -2.096544
-3.986669 0.326292
-3.892477 -0.921206
-3.074700 -2.558558
-2.629233 -3.014487
-3.984006 0.357346
-3.417634 -2.078407
-3.095120 2.533818
-2.795023 2.861441
-3.871341 1.006341
-1.918964 -3.509640
-3.971445 0.477099
-3.370149 -2.154553
-2.967260 -2.682418
-3.967048 -0.512375
-2.923706 -2.729825
-3.996213 -0.174014
-2.186124 -3.349755
-3.158133 -2.454831
-3.596574 -1.750617
-3.962664 0.545250
-3.157595 -2.455524
-3.695126 -1.531680
-3.512858 1.913068
-2.184798 -3.350620
-3.811146 1.214563
-3.534618 -1.872559
-3.866147 -1.026113
-3.947367 -0.646755
-3.671628 1.587183
-3.926486 -0.763353
-3.997258 0.148082
-3.951909 -0.618399
-3.999869 -0.032369
-3.997805 -0.132483
-2.829839 -2.827014
-3.699545 -1.520976
-3.730625 -1.443064
-3.694763 -1.532555
-3.245385 -2.338264
-3.114395 -2.510089
-3.272023 -2.300840
-2.178744 -3.354560
-3.640082 -1.658253
-3.976950 0.428797
-3.977909 -0.419812
-3.871999 -1.003806
-2.300946 -3.271948
-3.953720 -0.606711
-3.853959 -1.070981
-3.361340 -2.168270
-3.983708 0.360657
-3.954867 -0.599191
-3.328404 -2.218496
-3.948117 -0.642161
-2.225002 -3.324059
-3.269479 -2.304454
-3.675397 -1.578436
-3.485618 -1.962261
-2.944167 -2.707745
-3.093835 -2.535386
-3.226250 -2.364595
-3.799673 -1.249994
-3.645562 -1.646171
-3.551506 -1.840328
-3.594399 -1.755077
-2.742353 -2.911958
-3.277779 -2.292632
-3.223906 -2.367790
-3.890919 -0.927766
-0.837306 -3.911383
-2.950766 -2.700551
-3.731497 -1.440809
-3.674722 -1.580007
-3.109855 -2.515711
-2.141231 3.378629
-3.979177 0.407618
-3.815496 -1.200828
-3.237923 -2.348586
-0.758680 -3.927392
-3.828527 -1.158610
-1.953616 -3.490471
-2.120097 -3.391930
-2.402019 -3.198485
-3.093481 -2.535819
-3.396179 -2.113284
-3.183025 -2.422469
-3.901706 -0.881301
-3.080267 -2.551854
-3.939307 0.694163
-3.461009 -2.005347
-3.995606 0.187446
-3.998453 -0.111250
-3.945192 0.659896
-3.339861 -2.201211
-3.359977 -2.170381
