-3.997932 -0.128611
-3.990367 0.277439
-2.553636 -3.078789
-3.924668 -0.772644
-3.635669 -1.667907
-3.916309 -0.813956
-3.349042 -2.187217
-3.729166 -1.446831
-3.999931 -0.023451
-3.442893 -2.036292
-3.898763 -0.894229
-3.897595 -0.899305
-1.537755 -3.692602
-3.963493 0.539187
-3.059064 -2.577233
-3.993341 0.230719
-3.591579 1.760842
-3.688826 -1.546792
-3.956277 -0.589806
-3.672646 -1.584826
-3.226158 -2.364721
-3.778321 1.313124
-3.451803 -2.021153
-3.864685 -1.031606
-3.915620 -0.817265
-2.420596 -3.184449
-3.953797 -0.606208
-2.315223 -3.261862
-3.888754 -0.936799
-3.986570 -0.327502
-3.750596 -1.390334
-3.842229 1.112328
-3.365792 -2.161353
-3.347160 -2.190096
-3.734007 -1.434293
-3.339166 -2.202265
-2.763293 -2.892095
-3.985381 -0.341665
-3.502074 -1.932738
-3.457557 -2.011293
-3.807093 -1.227209
-3.023077 -2.619352
-2.727691 -2.925697
-3.992716 0.241287
-3.358667 -2.172408
-3.260882 -2.316603
-3.733171 -1.436467
-3.107405 -2.518736
-3.873652 -0.997406
-3.968501 -0.501002
-3.957994 0.578172
-3.971010 -0.480706
-3.810708 -1.215939
-3.902855 -0.876197
-3.542982 -1.856684
-3.597846 -1.748000
-3.998061 0.124537
-3.945029 0.660867
-2.005413 -3.460971
-3.913910 -0.825415
-3.618036 -1.705818
-3.942943 -0.673201
-3.500443 -1.935690
-3.961293 -0.555122
-3.000090 -2.645649
-3.451817 -2.021128
-3.902588 0.877387
-3.923791 0.777089
-3.871419 -1.006039
-3.615057 -1.712122
-3.236937 -2.349945
-3.684505 -1.557055
-3.707986 -1.500281
-3.816074 -1.198990
-3.876608 -0.985854
-3.976014 0.437396
-3.527889 -1.885205
-2.172452 -3.358638
-3.799792 -1.249633
-3.968875 0.498031
-3.731235 -1.441486
-2.625912 -3.017381
-3.955740 0.593397
-3.810356 -1.217042
-1.916752 -3.510849
-2.994257 -2.652249
-3.999486 0.064096
-2.709207 2.942821
-3.986006 0.334296
-3.967766 -0.506787
-3.983114 -0.367157
-2.445511 -3.165355
-3.322032 -2.228027
-3.976824 -0.429969
-3.905459 -0.864519
-1.317546 -3.776781
-3.939663 -0.692141
-3.948965 -0.636928
-3.811909 -1.212167
-3.882767 -0.961314
-1.753799 -3.595023
-3.995272 0.194428
-2.976492 -2.672171
-3.758845 -1.367876
-2.454959 -3.158033
-3.999043 0.087482
-3.999709 -0.048275
-2.917897 -2.736033
-2.594011 -3.044849
-3.869018 1.015235
-3.871315 1.006440
-1.823008 -3.560427
-3.993087 0.235061
-3.637501 -1.663907
-3.976969 -0.428625
-2.312492 -3.263799
-3.994761 0.204654
-1.980126 -3.475500
-3.898011 -0.897504
-3.926654 -0.762487
-3.354145 -2.179383
-3.983913 -0.358378
-3.651189 -1.633652
-3.988815 0.298922
-3.569364 -1.805448
-3.466717 -1.995463
-3.884025 0.956216
-3.758243 -1.369528
-3.691826 -1.539617
-3.728113 -1.449543
-3.916757 0.811795
-3.767172 -1.344773
-3.506523 -1.924654
-3.186608 -2.417753
-3.196659 2.404448
-3.363829 -2.164406
-3.943104 -0.672258
-3.999681 -0.050549
-3.999599 -0.056670
-3.476139 -1.979004
-3.989326 -0.292018
-3.918153 0.805030
-3.987146 -0.320421
-2.485881 -3.133751
-3.623104 1.695028
-3.984966 -0.346473
-3.931522 -0.736979
-3.910180 -0.842908
-3.015351 -2.628243
-2.923735 -2.729794
-3.901061 0.884150
-3.652860 -1.629912
-3.212518 -2.383218
-3.894498 -0.912626
-3.528602 -1.883870
-3.999982 -0.012111
-2.886695 -2.768934
-3.637714 -1.663440
-3.949847 -0.631431
-3.981748 -0.381684
-3.966412 -0.517275
-3.779203 -1.310581
-3.995539 0.188861
-3.139391 -2.478754
-3.999179 0.081017
-3.402516 -2.103066
-3.836167 1.133059
-3.846429 -1.097717
-2.401637 -3.198772
-3.966880 -0.513674
-3.817528 -1.194352
-3.368577 -2.157010
-3.980898 -0.390453
-3.680187 -1.567234
-3.970494 -0.484949
-3.702056 -1.514854
-3.615994 -1.710142
-2.971928 2.677246
-3.957553 -0.581186
-0.670801 -3.943352
-2.953803 -2.697230
-3.615538 -1.711107
-3.995633 -0.186862
-3.541069 -1.860332
-3.986297 -0.330817
-3.444491 -2.033588
-3.765575 -1.349240
-3.973137 0.462796
-3.995720 0.184990
-3.985368 -0.341818
-3.866766 -1.023778
-3.615186 -1.711849
-3.745408 -1.404250
-3.153540 -2.460729
-3.999543 0.060483
-3.970628 -0.483851
-3.879187 -0.975656
-3.969467 -0.493287
-3.902347 -0.878458
-3.896359 -0.904648
-0.109146 3.998511
2.381449 3.213830
3.022211 2.620351
2.312037 3.264121
2.732726 2.920995
1.567189 3.680206
2.450318 3.161636
3.431112 -2.056082
-0.649186 3.946968
1.792607 3.575830
2.840839 2.815960
3.267577 2.307150
3.473851 1.983017
2.927678 2.725564
-0.284229 3.989889
3.440947 -2.039579
3.326554 2.221269
2.813263 2.843510
3.385470 2.130397
3.018633 2.624473
1.571700 -3.678282
0.526819 3.965156
2.414692 -3.188928
0.537381 3.963738
1.130967 3.836784
3.345714 2.192305
3.926876 0.761342
3.782271 1.301701
2.237504 3.315656
3.894776 -0.911439
1.606459 3.663235
-0.043856 3.999760
2.229152 3.321277
3.996970 0.155671
3.630409 1.679325
3.912420 -0.832450
2.736143 2.917794
2.860323 2.796167
2.876679 2.779337
3.713679 -1.486132
1.163032 3.827187
3.978617 0.413044
2.755648 2.899380
0.017226 3.999963
3.911248 0.837936
3.768896 -1.339934
3.774567 1.323874
0.478103 3.971324
1.771636 3.586266
3.738118 -1.423542
3.972663 -0.466853
3.999821 0.037842
2.743455 2.910920
3.951852 -0.618761
3.247031 2.335978
2.560976 3.072686
2.604919 3.035522
2.759863 2.895368
2.976606 2.672043
2.087017 3.412384
1.532792 3.694665
3.913682 0.826493
1.645789 3.645734
3.356930 -2.175091
2.805341 2.851326
3.994772 0.204448
0.935288 3.889118
2.881060 2.774796
3.500933 1.934804
-0.126062 3.998013
3.956610 -0.587568
-0.771421 3.924909
-0.415278 3.978385
3.185662 2.418999
3.921851 -0.786817
3.791397 -1.274875
3.585903 -1.772371
3.526432 1.887929
0.339711 3.985548
1.186526 3.819968
1.466786 3.721363
3.622544 -1.696224
1.919171 3.509527
3.905674 -0.863546
2.445826 3.165112
3.510350 1.917666
2.977298 2.671272
2.801117 2.855476
3.947401 -0.646548
2.641500 3.003744
3.766511 1.346624
3.256992 2.322068
1.993112 3.468069
2.982280 2.665710
2.698744 2.952420
3.673235 -1.583460
3.912114 0.833885
3.870290 -1.010373
3.911454 -0.836974
3.651619 1.632690
3.995835 0.182496
2.655083 2.991745
-0.411676 3.978759
3.867100 -1.022515
2.857103 2.799458
-0.147702 3.997272
2.661521 2.986018
2.315615 -3.261583
-0.381381 3.981777
3.495437 1.944717
3.223473 2.368380
3.465143 -1.998195
2.902481 2.752381
2.895502 -2.759723
3.592124 1.759729
2.870045 2.786188
3.658618 1.616947
2.688212 2.962013
3.053295 -2.584065
3.053032 2.584375
3.424462 -2.067139
2.672227 2.976441
3.015558 -2.628005
2.177599 3.355303
0.211113 3.994425
-0.337805 3.985710
2.640009 3.005054
3.669712 -1.591608
2.972260 2.676877
1.634472 3.650822
2.131170 3.384984
3.277875 -2.292496
2.887019 -2.768595
3.305815 -2.252019
-0.216676 3.994127
2.045915 3.437184
-0.609436 3.953301
3.438813 2.043175
3.885269 0.951147
-0.593639 3.955704
2.958632 2.691932
1.792924 3.575671
3.461665 2.004215
3.432854 2.053172
3.244947 2.338872
3.022366 2.620173
-0.458363 3.973651
3.211992 2.383927
-0.305440 3.988321
0.855954 3.907345
2.510944 -3.113705
-0.411667 3.978760
1.889174 3.525765
3.236853 2.350060
3.702526 1.513704
3.997124 0.151659
3.985955 -0.334907
3.962232 -0.548379
3.484019 1.965099
2.717132 2.935506
2.947966 2.703608
-0.083747 3.999123
3.717473 -1.476616
-0.426474 3.977200
1.651566 3.643121
3.999653 -0.052669
3.386767 2.128334
3.505706 1.926142
3.509567 1.919099
2.879570 2.776342
3.440013 2.041154
3.562149 -1.819641
1.926970 3.505251
2.758661 2.896513
3.789811 -1.279582
1.347084 3.766346
-0.301546 3.988618
3.966435 0.517101
1.857736 -3.542431
1.647448 3.644985
2.214917 3.330787
3.006505 2.638357
2.866812 2.789514
0.957474 3.883715
3.447080 -2.029196
1.508002 3.704852
3.454964 -2.015744
3.604781 1.733653
-0.507444 3.967682
-0.885436 3.900770
3.403410 2.101618
-0.095844 3.998852
-0.715007 3.935577
2.778314 2.877668
2.683212 2.966543
3.789280 1.281156
3.039743 2.599993
3.295110 2.267653
3.905799 -0.862978
3.995010 0.199732
-3.965921 -0.521028
-3.995145 -0.197016
-3.991198 -0.265217
-3.765496 -1.349460
-2.666180 -2.981859
-3.999804 0.039556
-3.996419 -0.169224
-3.521807 -1.896543
-2.238376 -3.315068
-3.969154 -0.495797
-3.932945 0.729345
-3.508770 -1.920555
-3.996616 0.164507
-3.971397 0.477499
-3.747097 -1.399738
-3.121152 -2.501681
-3.925250 -0.769684
-3.706640 -1.503602
-3.697835 -1.525129
-1.557356 -3.684378
-3.524360 1.891795
-3.283692 -2.284155
-3.710338 1.494454
-3.970162 -0.487663
-3.999791 -0.040924
-3.852232 -1.077175
-3.945532 -0.657858
-2.737663 2.916368
-3.043224 -2.595918
-3.992379 -0.246804
-3.998464 -0.110843
-3.522307 -1.895614
-3.213184 -2.382321
-3.467373 -1.994323
-3.952764 -0.612910
-3.723139 -1.462270
-3.999093 -0.085185
-3.982345 0.375403
-3.935754 0.714033
-3.999852 0.034367
-3.564133 -1.815751
-3.338068 -2.203928
-3.983859 -0.358978
-3.634186 1.671134
-3.217697 -2.376221
-3.531787 -1.877893
-3.917422 -0.808582
0.646644 -3.947385
-3.993279 -0.231776
-3.854835 -1.067824
-3.626526 -1.687694
-1.580522 3.674500
-3.570157 -1.803878
-3.991673 0.257963
-2.695421 -2.955454
-3.510857 -1.916737
-3.999475 0.064810
-3.824748 -1.171026
-3.992025 -0.252457
-3.882875 -0.960875
-3.605906 -1.731311
-3.979938 -0.400115
-2.974484 -2.674406
-3.706898 -1.502967
-3.183161 -2.422289
-3.999827 -0.037241
-3.680100 -1.567438
-2.383049 -3.212644
-3.713382 -1.486875
-2.584899 -3.052589
-3.994605 -0.207680
-3.747878 1.397645
-3.626207 -1.688380
-3.936956 -0.707372
-0.211588 -3.994400
-3.767289 -1.344446
-2.096575 -3.406519
-1.948953 -3.493076
-3.593181 -1.757570
-3.266939 -2.308053
-3.789902 -1.279315
-2.032305 -3.445249
-2.220355 -3.327164
-3.635239 1.668844
-3.515391 -1.908409
-3.148722 -2.466891
-3.117944 -2.505679
-3.987686 -0.313626
-2.959042 2.691481
-3.784417 -1.295449
-2.018087 -3.453596
-3.774442 -1.324231
-3.406328 -2.096886
-3.964221 -0.533807
-3.999585 0.057622
-3.739005 -1.421210
-2.956192 2.694611
-3.877973 -0.980474
-3.512885 -1.913017
-2.031494 -3.445727
-3.774866 -1.323021
-3.737739 -1.424537
-3.756712 -1.373723
-3.909958 -0.843937
-2.349004 -3.237619
-3.875049 -0.991965
-3.997736 0.134549
-3.726904 -1.452648
-3.110168 -2.515324
-3.981232 -0.387026
-3.945974 0.655204
-3.875969 -0.988366
-2.815274 -2.841519
-3.553245 1.836967
-2.419656 -3.185163
-3.977731 0.421494
-3.375892 -2.145543
-3.991839 -0.255377
-2.808033 -2.848675
-3.456378 -2.013318
-3.908697 -0.849758
-1.557200 -3.684444
-3.970671 -0.483503
-3.735611 -1.430108
-3.868876 -1.015774
-3.994970 0.200526
-3.457279 -2.011771
-3.546797 -1.849387
-3.967611 -0.508000
-0.613228 -3.952714
-3.983000 -0.368391
-3.974492 -0.451012
-2.011153 -3.457638
-3.982980 -0.368610
-3.452332 -2.020248
-3.098958 -2.529123
-3.932857 -0.729820
-3.909054 -0.848114
-3.884978 -0.952335
-3.406217 -2.097066
-3.476930 -1.977615
-3.388670 -2.125303
-3.567858 -1.808422
-3.605710 -1.731720
-3.998701 -0.101940
-2.107743 -3.399620
-3.862885 -1.038326
-3.915655 -0.817095
-3.510670 -1.917080
-3.770553 1.335264
-3.814154 -1.205083
-3.849280 -1.087678
-3.388925 -2.124896
-3.999220 -0.078994
-3.948389 -0.640487
-3.086719 -2.544045
-3.856235 -1.062758
-3.980968 -0.389740
-2.903011 -2.751823
-3.946222 -0.653709
-3.570953 -1.802303
-3.846088 -1.098912
-3.999215 0.079239
-2.617992 -3.024255
-3.237467 -2.349215
-2.876520 -2.779502
-3.219044 -2.374396
-3.930861 -0.740495
-2.795592 -2.860886
-3.754630 -1.379403
-3.403528 -2.101427
-3.061044 -2.574881
-2.888680 -2.766863
-3.779508 -1.309701
-3.595786 -1.752234
-3.766373 -1.347009
-2.974876 -2.673969
-3.701223 -1.516889
-3.765483 -1.349494
-3.434099 2.051088
-3.184508 -2.420518
-3.513705 1.911512
-2.384120 -3.211849
-3.983516 -0.362769
-3.783618 -1.297780
-2.637153 -3.007561
-3.544400 -1.853976
-3.991920 -0.254109
-3.797834 -1.255570
-3.939139 0.695114
-3.835630 -1.134876
-3.976915 -0.429122
-3.990804 -0.271075
-3.998359 0.114565
-3.989032 -0.296012
-3.785424 1.292503
-3.966535 -0.516337
-3.884509 -0.954248
-3.635418 -1.668452
-3.919577 -0.798071
-0.209069 -3.994533
0.286983 -3.989692
-3.981231 0.387040
3.967193 -0.511251
3.503311 -1.930496
3.615061 -1.712114
-3.999999 0.002583
3.986429 -0.329219
-3.495441 -1.944709
2.990872 -2.656066
-3.814056 1.205396
-1.184697 3.820536
2.425923 0.496810
3.423030 2.069509
-3.991655 0.258239
1.708829 -3.616615
3.956100 0.590995
3.926074 -0.765468
0.125125 -3.998042
-3.955940 0.592061
-3.608025 -1.726892
3.173731 -2.434632
-3.996960 0.155918
-2.291424 -2.110695
3.675903 -1.577257
-3.979908 -0.400415
-3.987418 -0.317017
-3.727424 1.451312
3.148139 -2.467634
-0.434929 -3.976284
-2.792722 -2.863687
2.964653 -2.685300
-1.401586 -3.746406
3.997087 -0.152625
-3.929665 0.746817
3.188710 -2.414980
-3.807930 -1.224611
-3.994998 0.199981
-2.642180 -3.003146
-1.505198 -3.705992
-0.733286 -3.932212
-3.673619 -1.582568
-2.655377 -2.991483
-3.285252 -2.281912
-3.931053 -0.739473
2.367123 -3.224396
1.021825 -3.867282
-1.237184 -3.803863
-2.162576 -3.365006
-2.536875 3.092615
-3.742444 -1.412131
-3.974471 0.451200
3.218362 -2.375320
2.950768 -2.700549
-2.728867 -2.924600
3.995508 0.189507
-3.438801 -2.043195
-2.023984 -3.450143
-3.107917 2.518105
-3.988242 0.306477
-1.167930 -3.825695
3.487834 -1.958320
-1.786500 -3.578885
3.727358 -1.451484
-3.986036 0.333947
-2.627864 -3.015681
3.854620 1.068598
1.906270 -3.516552
-2.638265 -3.006586
-2.525081 -3.102252
-2.882472 -2.773329
3.999561 -0.059282
-3.963883 0.536315
-3.926693 -0.762290
-1.884015 -3.528525
-0.180048 -3.995946
-1.039428 -3.862588
-3.893815 0.915535
3.748187 -1.396816
-3.889586 -0.933338
-3.734920 -1.431911
-3.997938 0.128426
3.809574 -1.219485
3.829518 -1.155332
-3.671200 -1.588171
-3.852432 1.076461
3.999495 -0.063559
3.700113 1.519594
3.998344 -0.115082
3.678188 -1.571921
-3.769856 1.337231
-3.999993 -0.007619
-2.858361 -2.798173
-3.559592 -1.824639
-2.511898 -3.112936
-1.498754 -3.708603
3.977710 -0.421689
-3.995219 0.195521
-3.416225 -2.080723
3.861658 -1.042880
-1.141445 3.833680
3.025650 -2.616380
-3.496523 -1.942762
3.858018 -1.056267
3.996876 0.158065
-2.411748 -3.191155
1.678015 -3.631014
3.667518 1.596656
-2.955875 -2.694959
-3.854037 1.070699
3.898238 -0.896515
-3.682664 -1.561406
-3.983682 -0.360935
2.459387 -3.154587
-2.966440 -2.683325
0.942609 -3.887350
2.172957 -3.358312
3.996959 0.155957
-3.854065 -1.070600
-0.825496 -3.913893
1.431881 -3.734932
-3.967057 -0.512306
3.691991 -1.539222
-1.645119 -3.646037
-3.525163 1.890298
3.696381 -1.528648
-1.846888 -3.548099
-3.975304 0.443799
-3.441739 2.038243
-3.810646 -1.216133
-3.796513 -1.259559
0.262405 -3.991384
-3.747893 -1.397604
2.762116 -2.893219
-3.986806 0.324614
1.518442 -3.700586
1.235339 -3.804463
-3.957215 0.583483
3.546114 -1.850696
-2.953262 -2.697822
3.916610 0.812504
3.774302 -1.324629
1.152797 -3.830282
3.767663 -1.343397
-1.316517 -3.777139
-3.256874 -2.322234
3.982451 0.374274
-2.213236 -3.331904
1.527630 -3.696802
3.999819 0.038082
-3.998943 -0.091969
2.728722 -2.924735
3.510687 -1.917050
-0.924509 -3.891694
-2.319772 -3.258628
-0.059277 -3.999561
3.210623 2.385771
-1.081599 3.850992
3.987396 -0.317296
3.764279 -1.352851
-3.924208 0.774977
0.128721 -3.997928
-1.152483 -3.830376
-3.311505 -2.243643
3.482882 -1.967114
2.900089 -2.754902
3.983202 -0.366201
3.985765 -0.337159
-2.941253 2.710910
-1.639006 -3.648789
3.781006 -1.305370
3.994093 0.217299
3.950724 -0.625926
-2.409689 -3.192710
3.867973 -1.019207
-3.073925 -2.559489
-2.991606 -2.655238
-1.806618 -3.568772
3.989607 -0.288155
1.989906 -3.469910
1.107713 -3.843562
0.471916 -3.972064
-2.127675 -3.387182
-2.141661 -3.378356
2.794587 2.861867
3.935231 -0.716910
-3.798681 1.253006
1.908921 -3.515113
-2.428384 -3.178514
-3.880111 0.971976
3.598439 -1.746779
1.607064 -3.662969
-2.035922 -3.443112
-3.980653 0.392942
3.972257 -0.470289
1.553326 -3.686079
0.693948 -3.939345
-3.895967 0.906333
3.944439 -0.664380
-2.635061 -3.009394
