-3.485066 -1.963241
-3.621878 -1.697644
-3.982255 0.376363
-3.342527 -2.197160
-2.789572 -2.866755
-3.537463 1.867178
-2.408314 -3.193748
-3.919863 -0.796663
-3.961557 -0.553229
-3.737706 1.424623
-3.452092 -2.020659
-2.768908 2.886720
-3.998018 -0.125901
-3.045074 -2.593748
-2.648840 -2.997273
-3.875726 0.989315
-3.999706 0.048464
-3.977610 -0.422630
-3.794020 -1.267050
-3.964706 0.530197
-3.995614 -0.187256
-3.408678 -2.093064
-3.909880 -0.844296
-3.969799 -0.490611
-3.997328 0.146192
-3.812641 -1.209862
-2.796451 -2.860046
-2.342924 -3.242022
-3.994387 0.211834
-3.989825 0.285128
-3.665547 -1.601177
-3.979356 0.405863
-3.919432 -0.798784
-3.832337 -1.145945
-3.795757 -1.261834
-3.485258 -1.962899
-3.202179 -2.397092
-3.975800 -0.439333
-3.999788 -0.041160
-1.913815 -1.937261
-3.908396 -0.851141
-2.388934 -3.208270
-3.450479 -2.023411
-3.956067 -0.591215
-3.982196 0.376977
-3.985816 -0.336554
-3.711449 -1.491694
-3.636369 -1.666380
-3.030835 -2.610372
-3.993914 0.220569
-3.160876 -2.451298
-1.119586 -3.840121
-3.803280 -1.238976
-3.825294 -1.169241
-3.659529 -1.614882
-3.959081 0.570683
-3.946370 0.652811
-3.510940 1.916585
-3.968455 -0.501363
-3.992113 -0.251068
-3.700955 -1.517542
-3.999638 -0.053812
-3.979470 -0.404743
-2.994631 -2.651827
-3.951229 -0.622727
-3.999930 0.023732
-2.320806 -3.257892
-3.915415 -0.818244
-3.359231 -2.171536
-3.975898 -0.438448
-3.559893 -1.824051
-0.327900 -0.753583
-3.777007 1.316897
-3.416177 -2.080801
-1.858090 -3.542245
-3.997148 -0.151035
-3.631633 -1.676676
-3.701589 1.515994
-3.776636 -1.317961
-3.727506 -1.451102
-3.261851 -2.315238
-3.982939 -0.369054
-3.999969 -0.015635
-3.999999 0.002429
-3.965575 -0.523656
-3.885493 -0.950235
-3.921191 -0.790101
-3.998734 -0.100625
-2.283474 -3.284166
-1.468914 -3.720523
-3.818039 -1.192719
-3.422181 2.070913
-3.996956 -0.156010
-3.712912 -1.488047
-0.730080 -3.932809
-3.630248 1.679673
-3.732633 -1.437863
-3.492869 -1.949324
-3.432836 -2.053202
-3.764811 -1.351369
-3.502757 -1.931501
-3.677625 1.573238
-1.895675 -3.522274
-3.491906 -1.951049
-3.665322 1.601691
-2.926252 -2.727095
-2.917586 -2.736364
-3.779438 -1.309904
-3.999434 0.067312
-3.998774 0.099045
-3.976676 0.431336
-3.260184 -2.317585
-3.654327 1.626620
-3.477345 -1.976885
-3.753687 -1.381967
-3.841970 -1.113224
-3.724278 1.459366
-3.916991 -0.810668
-3.710149 -1.494922
-3.999861 -0.033331
-3.147905 -2.467933
-3.915532 -0.817686
-3.410757 -2.089674
-3.371066 -2.153118
-2.688426 -2.961818
-3.683396 -1.559677
-3.959209 -0.569794
-3.901263 0.883259
-3.809309 1.220314
-3.923806 -0.777009
-3.699235 -1.521730
-3.717814 -1.475757
-3.341332 -2.198977
-2.299807 -3.272749
-2.741471 -2.912789
-3.761449 -1.360699
-3.998932 -0.092417
-3.716781 -1.478358
-2.542306 -3.088151
-3.818958 -1.189772
-3.566762 -1.810582
-3.995822 -0.182772
-3.953685 0.606940
-3.591147 -1.761721
-3.224944 -2.366376
-3.957790 -0.579566
-3.924912 -0.771403
-3.942101 -0.678116
-3.102644 -2.524600
-3.895022 -0.910385
-2.858832 -2.797692
-3.956631 -0.587427
-3.758487 1.368859
-3.725513 -1.456211
-3.998831 -0.096691
-3.990649 0.273348
-3.999877 0.031401
-3.890804 0.928249
-3.981648 -0.382729
-3.366813 2.159762
-3.924094 0.775557
-1.918175 -3.510072
-3.995450 0.190738
-3.921680 0.787670
-3.999744 0.045280
-3.183359 -2.422029
-3.593702 -1.756504
-3.795822 -1.261640
-3.778345 1.313053
-3.993236 -0.232524
-3.841685 -1.114208
-2.252344 -3.305593
-3.945919 -0.655534
-3.655888 -1.623109
-3.728993 -1.447278
-3.454071 -2.017274
-3.534762 -1.872287
-3.978681 0.412427
-3.997991 -0.126773
-3.985337 0.342183
-3.886384 -0.946582
-3.386593 -2.128611
-0.902140 -3.896940
-3.745496 -1.404015
-3.957868 0.579034
-3.777087 -1.316667
-3.894599 -0.912196
-3.974001 0.455319
-3.860157 -1.048421
-3.881073 -0.968126
-3.987230 0.319374
-3.996346 -0.170930
-2.690049 2.960344
-3.801433 -1.244631
-3.026931 -2.614898
-3.971035 0.480503
-3.872561 1.001633
-3.952578 0.614108
-2.587679 -3.050232
-3.697691 -1.525477
-1.504276 3.706367
1.941962 3.496968
1.237797 3.803664
3.522985 1.894353
3.233168 2.355127
-0.338684 3.985636
3.493764 1.947721
-2.912995 2.741252
-0.668447 3.943752
1.858189 3.542193
2.530975 3.097445
-3.064993 2.570179
2.444529 3.166114
0.653038 3.946333
-1.739279 3.602070
2.588906 3.049191
1.684874 3.627837
3.003246 2.642066
2.625235 3.017970
3.723324 1.461799
-2.563527 3.070559
1.887345 3.526745
-1.359511 3.761878
3.381304 2.137004
1.758933 3.592514
0.608875 3.953387
3.580401 1.783460
1.928135 3.504610
3.724349 1.459185
-1.035045 3.863765
3.091288 2.538492
2.199847 3.340759
2.456470 3.156858
2.770924 2.884784
2.470362 3.145999
1.375660 3.756003
3.828466 1.158813
2.141737 3.378308
3.929817 0.746016
-1.616039 3.659019
3.567318 1.809487
2.623266 3.019681
2.364423 3.226376
-2.282854 3.284597
1.633592 3.651216
-3.499961 1.936562
3.288956 2.276569
3.106210 2.520210
-1.307140 3.780395
-0.768889 3.925406
-0.724877 3.933771
3.746441 1.401492
1.859490 3.541510
1.063859 3.855931
2.703510 2.948056
3.544517 1.853753
1.042992 3.861628
2.052182 3.433446
-0.500381 3.968579
2.707969 2.943960
2.733792 2.919997
3.567060 1.809995
2.908118 2.746425
-0.301971 3.988585
3.310736 2.244778
2.663091 2.984618
1.299883 3.782896
1.752470 3.595671
3.212785 2.382858
-1.524971 3.697900
0.484332 3.970569
-0.251616 3.992078
-0.261037 3.991473
3.081438 2.550439
2.906586 2.748047
-0.365022 3.983310
-1.507686 3.704981
3.103998 2.522934
3.495404 1.944775
0.974234 3.879545
3.726336 1.454105
-1.389790 3.750798
2.829591 2.827263
-1.441164 3.731360
-2.108603 3.399087
-0.240716 3.992750
3.842186 1.112478
3.246312 2.336976
2.966455 2.683309
-0.234711 3.993108
-1.483548 3.714712
2.844120 2.812647
2.068132 3.423862
2.210360 3.333813
-1.056789 3.857875
3.225602 2.365480
0.528782 3.964895
-0.950039 3.885541
2.897008 2.758141
-1.271673 3.792473
2.383840 3.212056
2.754429 2.900538
1.529673 3.695957
-2.826064 2.830788
1.840091 3.551629
-1.995645 3.466613
3.097081 2.531420
0.932609 3.889761
0.052884 3.999650
3.107374 2.518775
1.176155 3.823174
-1.792835 3.575716
1.778955 3.582641
-2.404332 3.196746
2.057082 3.430512
0.767596 3.925659
3.194844 2.406859
1.315156 3.777614
-0.624868 3.950891
3.745325 1.404473
-1.154518 3.829764
3.704442 1.509009
1.616101 3.658991
3.575970 1.792327
0.796890 3.919817
-0.163820 3.996644
0.371720 3.982691
-1.145274 3.832538
3.645474 1.646365
3.518750 1.902209
3.577532 1.789207
-1.836750 3.553358
-0.506244 3.967835
-2.166717 3.362341
-1.212339 3.811854
2.442422 3.167740
0.734982 3.931895
3.321638 2.228614
1.776974 3.583625
0.884590 3.900961
1.361124 3.761295
2.236530 3.316313
3.281964 2.286638
3.784414 1.295457
-2.461976 3.152566
0.226789 3.993566
1.761589 3.591212
-1.136084 3.835272
-0.370074 3.982844
2.989009 2.658162
1.487116 3.713285
3.684644 1.556727
3.473509 1.983617
3.124050 2.498062
-0.339018 3.985607
0.098069 3.998798
-3.228487 2.361540
-0.448077 3.974824
2.998348 2.647623
1.955363 3.489492
-0.465222 3.972854
1.702894 3.619413
-2.370271 3.222083
-2.953032 2.698074
-0.121293 3.998161
-2.663830 2.983959
3.838498 1.125135
3.674896 1.579600
1.264080 3.795010
1.673191 3.633240
3.207064 2.390552
-1.389079 3.751061
2.607130 3.033624
-1.007011 3.871166
3.213556 2.381818
3.292020 2.272136
-1.204986 3.814185
-2.491555 3.129242
-1.568716 3.679556
3.848975 1.088757
-0.625701 3.950759
1.528604 3.696400
1.548502 3.688108
2.021493 3.451603
0.186235 3.812562
2.232146 3.319266
-2.251701 3.306032
3.476336 1.978659
-3.302581 2.256758
3.152311 2.462303
-2.916708 2.737300
0.067525 3.999430
1.485831 3.713799
3.216452 2.377906
1.503008 3.706881
3.319647 2.231579
2.871417 2.784773
2.772556 2.883216
-2.424782 3.181263
2.506569 3.117228
-3.353337 -2.180626
-3.630067 -1.680063
-2.785955 -2.870271
-3.837950 -1.127003
-3.745662 -1.403572
-3.822640 -1.177890
-3.750082 -1.391719
-3.724753 -1.458156
-3.914293 0.823595
-3.939058 -0.695576
-3.425851 -2.064835
-2.023945 -3.450166
-3.894226 0.913784
-3.939636 0.692293
-3.985332 -0.342239
-3.065911 -2.569084
-3.480288 -1.971698
-3.450182 -2.023919
-3.633880 -1.671800
-3.095443 -2.533423
-3.679030 -1.569950
-3.961570 -0.553139
-3.439553 -2.041928
-3.984925 0.346950
-3.637292 -1.664364
-3.981797 -0.381177
-3.947775 -0.644261
-3.892947 -0.919220
-2.735938 -2.917986
-2.982554 -2.665403
-3.191413 -2.411407
-3.710786 -1.493341
-1.585235 -3.672469
-3.876688 -0.985542
-2.026411 -3.448719
-3.627228 -1.686184
-3.975618 0.440976
-3.125530 -2.496209
-3.434273 -2.050796
-3.918324 -0.804200
-3.146652 -2.469530
-3.980748 0.391979
-3.280214 -2.289148
-3.943062 -0.672506
-0.881171 -3.901735
-3.809308 -1.220318
-3.328708 -2.218041
-3.546506 -1.849944
-3.562361 -1.819227
-3.904138 0.870463
-2.559900 -3.073583
-3.655028 -1.625044
-3.997083 0.152731
-3.997325 0.146274
-3.981421 0.385081
-2.130534 -3.385384
-3.762945 -1.356557
-3.508484 -1.921078
-3.863794 -1.034938
-3.503446 -1.930250
-3.479162 -1.973684
-3.494159 -1.947011
-3.549305 -1.844568
-3.966283 -0.518266
-3.089621 -2.540520
-3.588263 -1.767589
-3.062750 -2.572850
-1.657045 -3.640632
-3.331880 -2.213273
-3.767698 -1.343299
-2.372444 -3.220483
-3.310007 -2.245853
-3.994522 -0.209273
-3.814054 -1.205401
-3.895297 -0.909209
-2.101515 -3.403474
-3.719760 -1.470845
-2.273317 -3.291205
-3.979979 -0.399714
-0.924156 -3.891778
-3.843237 -1.108840
-3.999788 -0.041154
-3.981377 0.385540
-2.480352 -3.138129
-3.068505 -2.565985
-2.544907 -3.086009
-3.391976 -2.120024
-3.933546 -0.726095
-3.189583 2.413827
-3.999440 -0.066959
-3.881550 -0.966213
-2.956441 -2.694337
-3.700117 -1.519584
-3.060187 -2.575899
-2.574403 -3.061446
-2.407283 -3.194525
-3.975056 0.446020
-1.968249 -3.482240
-3.827792 -1.161036
-1.481574 -3.715500
-3.612289 -1.717955
-3.976022 -0.437319
-3.800363 -1.247896
-3.910793 -0.840060
-3.127887 -2.493255
-2.966851 2.682871
-3.831153 -1.149898
-3.746412 -1.401570
-3.699838 -1.520263
-2.990837 -2.656105
-3.979314 -0.406280
-3.645940 -1.645334
-3.249399 -2.332682
-3.404997 -2.099046
-3.848515 -1.090381
-1.881628 -3.529798
-3.953045 0.611094
-3.786918 -1.288118
-3.501285 -1.934167
-3.956914 0.585518
-1.708642 -3.616703
-3.339693 -2.201466
-3.747609 -1.398366
-3.713285 -1.487117
-3.277289 -2.293333
-3.971205 -0.479096
-3.119486 -2.503758
-3.488011 -1.958004
-3.441824 -2.038098
-3.911208 0.838125
-3.941620 -0.680906
-3.664962 -1.602515
-3.808784 -1.221950
-3.550093 1.843052
-3.937203 -0.705995
-1.758235 -3.592855
-3.856192 -1.062913
-2.896943 -2.758210
-0.808702 -3.917397
-3.953449 -0.608477
-3.790586 -1.277285
-2.085605 -3.413247
-3.842116 1.112719
-3.161697 -2.450240
-3.797439 -1.256766
-3.634985 1.669397
-1.063901 -3.855919
-3.736380 -1.428098
-1.879504 -3.530930
-3.870701 1.008797
-3.737321 1.425635
-2.979365 -2.668967
-3.876102 0.987842
-1.426596 -3.736954
-3.333546 -2.210762
-1.927167 -3.505143
-2.665086 -2.982837
-3.924640 -0.772789
-3.951989 -0.617884
-3.441820 -2.038105
-3.999305 -0.074586
-1.535554 -3.693518
-3.758979 -1.367509
-3.981733 -0.381844
-3.918732 -0.802210
-3.911438 -0.837052
-3.904513 0.868779
-3.822173 -1.179404
-3.987877 0.311181
-3.996017 -0.178471
-3.094052 -2.535122
-3.653792 -1.627822
-3.414572 -2.083434
-3.946805 -0.650176
-3.400794 -2.105850
-2.402981 -3.197762
-3.999265 -0.076664
-3.668040 -1.595457
-3.703940 -1.510242
-1.729514 -3.606769
-3.660260 -1.613225
-3.930342 -0.743244
-1.807186 -3.568484
-3.791945 -1.273246
-3.805223 -1.232997
-3.633909 -1.671736
-3.980789 -0.391561
-3.895041 -0.910306
-3.809829 -1.218688
-3.980877 -0.390666
-3.132193 -2.487843
-3.680615 -1.566229
-3.347079 -2.190219
-3.848637 -1.089952
-3.997340 0.145865
-3.991331 -0.263199
-3.971458 -0.476991
-3.335064 -2.208472
-3.074662 -2.558604
-2.453977 -3.158797
-3.979043 -0.408925
-3.576780 -1.790710
-3.870183 -1.010784
3.483735 -1.965601
-3.847659 -1.093398
-1.198795 -3.816136
-3.934425 -0.721319
-3.335857 -2.207274
0.607491 -3.953600
-3.760562 -1.363148
-3.905162 -0.865856
-3.603234 -1.736865
-2.205515 -3.337020
-3.219499 -2.373779
-3.252148 -2.328849
-3.619941 -1.701771
-3.384194 -2.132424
-3.457197 -2.011911
-2.532690 -3.096043
-3.999377 0.070568
-3.250130 -2.331664
3.389712 -2.123642
-0.804277 3.918308
-2.998018 -2.647997
-3.461305 -2.004837
-3.120214 -2.502852
-3.932154 -0.733595
-2.309613 3.265837
-2.906891 -2.747724
-2.836898 -2.819931
-3.988761 0.299648
-3.478439 -1.974959
-3.958998 -0.571257
-3.908313 -0.851522
-3.997804 0.132522
-2.986387 -2.661108
-3.720993 -1.467722
-3.919180 -0.800016
-3.567188 -1.809743
-3.661527 -1.610348
-3.930094 -0.744553
-3.626769 -1.687172
-3.935763 -0.713980
-2.425857 -3.180443
-2.250143 3.307092
-3.502870 -1.931295
-3.607689 -1.727594
-3.401518 -2.104679
-1.449032 -3.728311
-3.027794 2.613898
-1.299868 3.782901
-1.952249 3.491235
-3.561193 -1.821512
-3.123432 -2.498834
-2.359868 -3.229710
-3.751168 -1.388791
-3.360007 2.170335
3.458827 -2.009108
-1.190368 3.818772
-3.296414 -2.265756
-2.331726 -3.250085
-3.790630 -1.277154
-2.922353 -2.731273
-2.862351 -2.794091
-1.570329 3.678868
-3.674326 -1.580927
-3.641658 -1.654790
-3.799913 1.249265
-3.793147 -1.269661
-2.780525 -2.875531
-3.909508 -0.846021
-3.227028 -2.363533
-1.780092 3.582077
-2.909616 2.744838
-3.765253 -1.350138
-3.933782 0.724816
-3.527123 -1.886638
0.109961 3.998488
-2.883134 -2.772641
-2.659609 2.987721
-2.446764 3.164387
-3.446718 -2.029811
-3.953724 -0.606687
-3.386675 -2.128481
-2.255557 -3.303402
-2.821362 2.835475
-3.999915 0.026097
-3.871260 -1.006653
-3.202059 -2.397253
-3.854311 -1.069712
-3.162744 2.448888
-3.310904 -2.244529
-3.748816 1.395128
-1.182879 3.821099
-2.948644 -2.702869
-3.929652 -0.746885
-3.963934 -0.535935
-3.887570 -0.941700
-3.233576 -2.354567
-3.784212 -1.296048
-3.884091 -0.955947
-3.751957 -1.386657
-3.912662 -0.831310
-2.175651 -1.455078
-3.999999 0.003179
-3.731027 -1.442026
-3.987992 -0.309703
-2.253856 -3.304563
-3.315058 -2.238390
-3.933289 -0.727486
-3.532512 -1.876528
-3.798579 1.253314
-0.760648 3.927011
-3.290020 -2.275031
-3.383400 -2.133684
-3.351427 -2.183560
-3.855812 -1.064289
-3.378053 -2.142139
-3.911200 -0.838160
-3.158324 -2.454585
-2.683673 -2.966125
-3.997663 -0.136711
-3.592593 -1.758770
-2.566057 -3.068445
-3.049673 2.588339
-3.219274 -2.374084
-3.988770 0.299522
-2.443057 3.167250
3.466018 -1.996677
-0.509014 3.967481
-3.999757 -0.044082
-2.093663 -3.408310
-3.952632 -0.613760
-3.356180 -2.176248
-3.772594 -1.329485
-3.641731 -1.654628
-3.611243 -1.720153
-3.030126 -2.611194
-3.589031 -1.766029
-3.447017 -2.029304
-2.883595 -2.772161
-2.931274 -2.721697
-3.855834 1.064211
-3.756178 -1.375182
-1.152329 -3.830423
-2.255639 -3.303346
-1.372231 -3.757257
-3.567452 -1.809222
-3.724480 -1.458851
-2.845176 -2.811579
-2.468814 3.147214
-3.722047 -1.465049
-3.719062 -1.472609
-3.420824 -2.073153
-2.998849 -2.647056
-3.152019 -2.462676
-3.483736 -1.965600
-3.997953 0.127949
-3.889412 -0.934064
-2.418745 -3.185855
-3.810786 -1.215692
-2.491438 -3.129335
-3.619237 -1.703268
-3.189559 -2.413858
-3.633255 -1.673159
-3.207917 -2.389408
-3.645059 -1.647285
-3.561483 -1.820944
-3.999723 -0.047106
-3.995739 0.184580
-2.938291 -2.714120
-3.794325 -1.266135
-1.718363 -3.612095
-2.859808 -2.796695
-3.079531 -2.552741
-3.727448 -1.451252
-2.979897 -2.668373
-3.620560 -1.700455
-3.499441 -1.937502
-0.599483 -3.954822
-3.198840 -2.401546
-3.727398 -1.451379
-0.831028 -3.912722
-3.865542 -1.028391
-3.592271 -1.759429
-3.132879 -2.486980
3.692236 -1.538634
-3.815764 -1.199977
-3.992911 -0.238043
-3.975392 -0.443006
-3.530697 -1.879942
-3.525278 -1.890083
-2.205419 -3.337084
-2.153613 3.370750
-3.990672 -0.273016
-3.750054 -1.391794
-3.997349 0.145618
-1.426210 3.737101
-3.967379 -0.509811
-2.940759 -2.711445
