-3.431236 2.055874
-3.869154 -1.014717
-3.728845 1.447657
-3.976770 -0.430462
-3.250571 2.331049
-3.826252 1.166101
-3.333878 -2.210262
-3.999138 -0.083058
-3.956553 -0.587953
-3.772176 1.330673
-3.918622 0.802745
-3.968202 0.503365
-3.967578 0.508255
-3.974103 -0.454427
-3.812336 1.210823
-3.978659 -0.412638
-3.949791 0.631787
-3.997632 -0.137631
-3.970074 -0.488378
-3.860875 1.045775
-3.941261 0.682979
-3.995085 0.198239
-3.872587 1.001535
-3.902186 0.879175
-3.642501 1.652933
-3.937999 0.701542
-3.719882 -1.470536
-3.926280 -0.764413
-3.439131 -2.042640
-3.686234 -1.552958
-3.975303 -0.443805
-3.791466 -1.274672
-3.425773 -2.064965
-3.859926 1.049273
-3.912279 -0.833110
-3.631637 -1.676666
-3.992384 0.246715
-3.865003 1.030413
-3.953948 -0.605224
-3.419425 2.075459
-3.786069 1.290614
-3.860649 1.046607
-3.526634 1.887553
-3.974914 0.447275
-3.901418 -0.882575
-3.275788 2.295476
-2.751354 2.903455
-3.219844 2.373311
-3.871828 1.004464
-3.995274 0.194384
-3.995879 -0.181513
-3.855800 -1.064335
-3.662564 1.607987
-3.999384 -0.070169
-3.991655 0.258237
-3.567173 1.809772
-3.824776 1.170933
-3.433547 2.052013
-3.950344 0.628315
-3.999219 0.079047
-3.651719 1.632466
-3.997529 0.140582
-3.997526 0.140675
-3.463264 2.001450
-3.659834 1.614192
-3.922840 -0.781874
-3.215425 2.379294
-3.937167 0.706197
-3.999986 0.010587
-3.841613 1.114456
-3.991016 0.267936
-3.575970 1.792329
-3.830852 -1.150901
-3.044499 -2.594422
-3.555868 1.831884
-3.943469 0.670114
-3.985291 0.342720
-3.434527 2.050372
-3.940176 0.689212
-3.788276 1.284122
-3.565031 1.813988
-3.790148 1.278585
-3.946158 0.654090
-3.647109 1.642740
-3.964792 -0.529548
-2.811579 -2.845176
-3.997543 -0.140175
-3.999232 -0.078374
-3.995348 0.192862
-4.000000 -0.001601
-3.980345 0.396046
-3.991892 0.254548
-3.998914 -0.093186
-3.312555 2.242093
-3.999865 -0.032877
-3.739401 1.420170
-3.978621 0.413010
-3.996978 0.155456
-2.840291 2.816513
-3.741924 1.413509
-3.999726 -0.046798
-3.737423 1.425367
-3.998368 -0.114239
-3.817086 1.195764
-3.987140 -0.320490
-3.987432 0.316833
-3.881639 0.965855
-3.665077 -1.602251
-3.996253 0.173086
-3.677078 1.574515
-3.998603 -0.105696
-3.072905 2.560714
-3.851787 -1.078768
-3.750315 1.391092
-3.786611 1.289023
-3.870419 -1.009881
-3.677510 -1.573505
-3.597881 -1.747927
-3.986167 0.332372
-3.990059 -0.281837
-3.891451 -0.925534
-3.408509 2.093339
-3.997661 -0.136774
-3.811363 -1.213882
-3.905253 -0.865446
-3.954397 -0.602279
-3.808979 1.221344
-3.695569 1.530611
-3.955370 -0.595858
-3.871070 1.007381
-3.434870 2.049797
-3.930396 0.742958
-3.819628 1.187619
-3.059560 -2.576644
-3.972008 -0.472390
-3.991225 0.264813
-3.727761 1.450447
-3.852340 1.076789
-3.915901 -0.815914
-3.849319 1.087540
-3.978656 -0.412665
-3.979536 -0.404097
-3.989827 -0.285096
-3.983427 -0.363746
-3.478475 1.974895
-3.999503 -0.063051
-3.680696 -1.566040
-3.769536 -1.338134
-3.999993 0.007265
-3.997578 0.139171
-3.911300 0.837692
-3.885142 0.951669
-3.987456 0.316541
-3.298809 -2.262268
-3.998587 -0.106308
-3.582120 1.780004
-3.473337 -1.983917
-3.924536 -0.773316
-3.749954 1.392064
-3.994685 0.206142
-3.956927 0.585430
-3.999664 -0.051839
-3.930781 -0.740918
-3.961580 -0.553070
-3.977682 -0.421957
-3.928387 0.753507
-3.891448 -0.925543
-3.970723 0.483073
-3.965367 -0.525231
-3.999867 -0.032645
-3.991898 -0.254454
-3.835848 1.134137
-3.221459 -2.371119
-3.605857 1.731415
-3.718736 -1.473432
-3.999731 0.046403
-3.843405 -1.108258
-3.976784 0.430333
-3.845159 -1.102159
-3.759062 1.367279
-3.602945 -1.737467
-3.848613 1.090035
-3.799203 1.251423
-3.942500 0.675788
-3.999175 -0.081216
-3.828504 1.158687
-3.250281 2.331454
-3.414029 -2.084324
-3.886214 0.947279
-2.854902 2.801702
-2.881455 2.774386
-3.501025 1.934638
-3.951967 -0.618024
-3.931285 0.738242
-3.979643 0.403038
-3.989013 0.296275
-3.956508 -0.588259
-3.659418 1.615136
-3.794636 1.265202
-3.988625 -0.301447
-0.999807 3.873033
0.871729 3.903856
2.786804 2.869447
-0.150667 3.997161
-0.611203 3.953028
1.992895 3.468194
3.952060 0.617434
2.010169 3.458210
3.995782 0.183648
-0.351544 3.984522
1.941823 3.497045
0.792462 3.920715
-0.170407 3.996369
1.115272 3.841376
0.535301 3.964020
1.126327 3.838149
1.173470 3.823999
0.440510 3.975670
3.973918 0.456041
2.004976 3.461224
1.040206 3.862379
3.997402 -0.144156
0.868659 3.904540
-1.097494 3.846493
1.654441 3.641816
0.964350 3.882013
3.304311 2.254225
0.089908 3.998989
1.020295 3.867686
-0.941723 3.887565
2.755648 2.899380
2.405273 3.196039
0.384256 3.981501
0.691372 3.939797
1.786871 3.578700
3.990062 0.281783
1.373850 3.756666
0.488342 3.970078
3.422312 2.070695
-0.100846 3.998729
2.197281 3.342448
3.062580 2.573053
1.570779 3.678676
0.655329 3.945953
0.095096 3.998869
0.437879 3.975960
0.074821 3.999300
1.071419 3.853837
0.851269 3.908368
-1.769788 3.587179
1.658602 3.639923
2.716515 2.936077
-2.691621 2.958915
3.590742 1.762546
3.201812 2.397582
1.854657 3.544044
2.388457 3.208625
-2.772632 2.883142
1.657951 3.640220
2.922590 2.731020
-0.145000 3.997371
-0.098836 3.998779
2.172288 3.358744
-1.252197 3.798948
3.175017 2.432954
-0.861402 3.906147
0.198051 3.995094
2.689437 2.960900
-0.125137 3.998042
1.588101 3.671231
0.286310 3.989740
3.999195 0.080268
3.997918 0.129035
2.105538 3.400987
1.180122 3.821951
-1.496275 3.709604
0.666354 3.944106
-0.979864 3.878127
1.350403 3.765158
-3.009323 2.635142
1.355379 3.763369
0.273578 3.990633
2.445324 3.165500
2.253836 3.304576
1.838656 3.552372
0.734818 3.931926
0.546302 3.962519
1.677111 3.631432
2.921192 2.732515
2.152403 3.371522
3.471890 1.986449
1.609066 3.662090
-0.383427 3.981581
1.202659 3.814920
1.112577 3.842157
2.868558 2.787719
1.928039 3.504663
-1.121255 3.839634
1.953019 3.490805
-0.182604 3.995830
1.457901 3.724852
0.822709 3.914480
1.142275 3.833433
-0.599944 3.954752
0.351388 3.984536
1.353887 3.763906
0.725502 3.933656
3.361156 2.168555
1.620448 3.657068
0.476458 3.971522
-1.069452 3.854384
3.291254 2.273246
0.979822 3.878137
-0.744265 3.930149
1.643910 3.646582
2.416715 3.187395
1.507221 3.705170
-0.121500 3.998154
0.212626 3.994345
1.370431 3.757914
-0.999991 3.872986
0.683477 3.941175
-2.385110 3.211114
1.318899 3.776309
1.955172 3.489599
1.097908 3.846375
-0.667726 3.943874
-0.890006 3.899729
0.903369 3.896656
-1.533007 3.694576
1.818539 3.562712
-0.473762 3.971845
1.982030 3.474415
-2.692018 2.958554
3.999385 0.070116
-1.178050 3.822591
2.929332 2.723787
3.895798 0.907058
2.254976 3.303798
0.805637 3.918029
0.904697 3.896348
2.386465 3.210107
2.383389 3.212391
2.463259 3.151564
3.555630 1.832346
-1.658434 3.639999
1.687986 3.626390
2.488161 3.131941
1.187429 3.819688
1.014717 3.869154
2.074973 3.419720
1.142275 3.833433
0.596635 3.955253
1.126282 3.838162
2.060879 3.428232
2.810410 2.846330
-0.778328 3.923545
-1.694360 3.623416
0.673551 3.942883
0.885214 3.900820
-0.418748 3.978021
1.041771 3.861957
0.374408 3.982439
3.879224 -0.975512
3.774372 1.324431
1.721767 3.610473
1.838411 3.552499
0.249098 3.992236
3.214660 2.380327
0.306860 3.988212
-0.726111 3.933543
-0.979964 3.878101
-0.913731 3.894239
1.128073 3.837636
0.464943 3.972887
3.984764 0.348789
2.570465 3.064753
-0.153287 3.997062
3.021127 2.621601
-0.381965 3.981721
2.013475 3.456287
2.635802 3.008745
1.781945 3.581155
1.255973 3.797701
1.342287 3.768059
3.219446 2.373851
-0.332267 3.986176
0.001462 4.000000
3.995210 0.195688
1.233950 3.804914
-0.785072 3.922201
2.285414 3.282817
1.799825 3.572202
1.807664 3.568242
1.187642 3.819621
2.803084 2.853545
-1.813555 3.565252
0.843958 3.909953
-0.827237 3.913525
2.230661 3.320264
-2.839313 2.817499
-3.018741 2.624348
-3.884198 0.955513
-2.150692 -3.372614
-2.373982 -3.219349
-3.001034 -2.644579
-3.995194 -0.196029
-3.924397 -0.774019
-1.019645 -3.867858
-3.708014 -1.500211
-3.914122 -0.824407
-2.338133 3.245479
-3.588527 1.767052
-3.927921 0.755933
-2.394327 3.204247
-3.089087 -2.541170
-3.019619 2.623338
-3.966478 0.516771
-2.428032 -3.178783
-2.663961 -2.983841
-3.977802 0.420821
-3.876204 -0.987441
-2.617693 3.024514
-3.801417 -1.244682
-3.085698 2.545283
-3.970218 -0.487202
-3.501740 -1.933344
-3.971141 -0.479624
-3.489365 1.955590
-3.423694 -2.068409
-3.996408 0.169476
-2.415452 3.188352
-3.717988 1.475320
-3.975701 -0.440226
-3.983779 0.359864
-3.843250 1.108795
-3.999440 0.066950
-2.496072 3.125640
-2.030598 3.446255
-3.990736 -0.272083
-3.999337 0.072829
-3.225753 -2.365273
-2.516352 3.109336
-3.991440 -0.261546
-3.923340 0.779362
-1.673289 -3.633195
-3.792985 1.270143
-2.797684 -2.858840
-0.718785 -3.934889
-3.896745 -0.902983
-3.582703 1.778832
-1.268569 -3.793512
-3.903723 -0.872322
-3.379279 2.140204
-3.886755 -0.945060
-3.900629 0.886055
-3.835598 1.134985
-3.978032 -0.418639
-3.994107 -0.217050
-3.213502 2.381891
-0.450471 -3.974553
-0.337491 -3.985737
-3.965200 -0.526490
-3.469925 -1.989879
-1.396063 -3.748468
-1.849539 3.546717
-2.539532 3.090434
-3.554313 -1.834900
-3.903030 0.875417
-3.997280 0.147497
-3.039551 2.600218
-3.277809 -2.292590
-3.747705 -1.398107
-3.997963 0.127629
-1.629353 -3.653110
-3.835617 1.134918
-3.460285 -2.006597
-3.847449 -1.094137
-3.781811 -1.303036
-3.680846 1.565686
-3.996453 -0.168424
-3.575493 -1.793279
-3.568756 -1.806650
-3.011939 2.632152
-2.308326 3.266746
-3.618948 -1.703883
-3.936098 0.712132
-2.793401 2.863025
-3.364896 2.162747
-3.365975 2.161068
-3.066240 -2.568690
-0.748035 -3.929433
-3.985650 -0.338517
-2.761349 2.893951
-3.759682 1.365573
-3.930109 0.744473
-3.999819 0.038103
-2.970964 2.678315
-0.915707 -3.893775
-3.225309 -2.365878
-3.390473 2.122427
-3.628625 -1.683176
-3.978794 0.411336
-3.993458 -0.228672
-3.949735 -0.632137
-3.996418 -0.169240
-3.695789 1.530079
-3.829306 1.156034
-3.434210 -2.050903
-1.685831 3.627392
-3.993737 -0.223754
-3.994315 -0.213193
-2.391455 -3.206391
-3.832366 -1.145849
-3.994547 -0.208792
-3.966551 0.516213
-2.846199 -2.810543
-2.240539 3.313606
-3.969074 0.496436
-2.037845 -3.441974
-1.243927 3.801664
-3.876158 0.987622
-3.865841 1.027267
-3.980925 -0.390171
-1.767981 3.588069
0.208824 -3.994545
-3.086870 2.543862
-3.971016 -0.480660
-3.659795 1.614280
-2.644444 -3.001153
-3.591187 1.761640
-3.865732 1.027675
-3.978052 -0.418450
-3.985389 0.341574
-3.999045 0.087403
-1.978614 3.476361
-3.973245 -0.461871
-3.455451 -2.014909
-2.317414 -3.260305
-3.982293 -0.375957
-3.998060 0.124578
-3.307928 2.248914
-3.522208 -1.895799
-0.938004 3.888464
-3.604114 -1.735040
-3.890098 -0.931204
-3.798524 -1.253482
-2.429657 3.177541
-3.790293 1.278154
-3.998800 -0.097953
-3.897873 -0.898100
-3.932282 -0.732910
-3.850914 -1.081879
-2.990734 2.656221
-3.068116 -2.566450
-3.998840 -0.096332
-3.994797 0.203948
-3.843922 -1.106464
-3.999934 -0.023005
-2.718064 -2.934643
-2.582484 -3.054632
-3.252974 2.327694
-2.271461 3.292486
-3.979062 -0.408741
-3.061281 -2.574599
-3.845135 -1.102242
-2.469709 -3.146512
-3.980399 -0.395503
-3.402729 -2.102721
-3.958650 -0.573662
-2.976284 -2.672403
-1.995980 -3.466419
-3.757096 -1.372673
-3.997776 -0.133371
-3.979752 0.401958
-3.999997 0.005020
-2.005254 -3.461063
-0.985183 -3.876779
-3.867628 1.020518
-3.469546 1.990540
-2.079246 -3.417124
-0.620779 -3.951536
-0.322964 -3.986940
-3.569201 -1.805769
-3.979520 0.404252
-3.227962 2.362257
0.427050 -3.977138
-3.565269 1.813521
-3.975363 0.443270
-2.690006 2.960383
-3.979931 -0.400190
-3.909451 0.846283
-3.996151 0.175441
-3.339632 -2.201558
-3.675453 -1.578305
-3.855279 -1.066220
-3.101383 2.526149
-1.982969 -3.473879
-3.004816 -2.640281
-2.481317 3.137366
-0.170737 -3.996354
-1.418596 -3.739998
-1.788009 -3.578131
-2.778427 -2.877559
-3.180310 -2.426032
-0.386285 -3.981304
-0.111622 -3.998442
0.467965 -3.972532
-1.798705 -3.572766
-0.131936 -3.997824
-1.098089 -3.846323
-0.239705 -3.992811
-1.303515 -3.781646
-1.240791 -3.802688
-1.541197 -3.691167
-1.717287 -3.612606
-3.702692 -1.513300
-2.348805 -3.237764
-1.176717 -3.823001
-1.971763 -3.480252
-3.585044 -1.774108
-0.323634 -3.986886
0.228960 -3.993442
0.601839 -3.954465
-0.747944 -3.929450
-2.808245 -2.848467
-3.344100 -2.194765
-1.316969 -3.776982
-2.438008 -3.171138
-1.816490 -3.563757
1.089131 -3.848869
-1.958365 -3.487808
0.861950 -3.906026
-1.430254 -3.735555
-2.247522 -3.308874
-2.669515 -2.978874
1.343773 -3.767529
-1.571694 -3.678285
-3.525855 -1.889007
-2.989295 -2.657840
-0.759384 -3.927255
-1.610782 -3.661336
-0.448039 -3.974828
-2.921736 -2.731933
-2.524653 -3.102600
-0.655539 -3.945918
-3.679698 -1.568381
-2.320485 -3.258120
-2.945064 -2.706769
-0.470806 -3.972196
-2.755735 -2.899297
-0.669063 -3.943647
-0.543363 -3.962923
-3.409810 -2.091218
-1.991893 -3.468770
-2.591311 -3.047147
-1.164238 -3.826820
-2.007047 -3.460024
-2.480373 -3.138112
-1.056424 -3.857975
-3.144103 -2.472775
-2.742025 -2.912267
-3.534434 -1.872906
-2.932585 -2.720284
-3.015525 -2.628042
0.411114 -3.978817
-1.036384 -3.863406
-3.057050 -2.579622
-1.755899 -3.593998
-0.317037 -3.987416
-1.966076 -3.483467
-1.881359 -3.529941
0.048521 -3.999706
-3.576077 -1.792115
-1.449174 -3.728256
-1.507956 -3.704871
0.391419 -3.980803
-0.071084 -3.999368
-1.309557 -3.779558
-1.015124 -3.869047
-0.685552 -3.940815
-0.461173 -3.973326
-1.504902 -3.706112
-1.929507 -3.503855
-3.374240 -2.148140
-1.670670 -3.634400
-2.798164 -2.858370
-2.436973 -3.171933
-2.496177 -3.125556
-1.064288 -3.855813
0.123420 -3.998095
-2.995093 -2.651305
0.675217 -3.942598
-2.928134 -2.725074
-0.397992 -3.980151
-0.567521 -3.959535
-1.095378 -3.847096
-0.274173 -3.990593
0.092011 -3.998942
0.079617 -3.999208
-1.160294 -3.828018
-0.510499 -3.967290
-3.585727 -1.772728
-0.055721 -3.999612
-2.088165 -3.411681
-2.453497 -3.159170
0.705022 -3.937378
-1.325799 -3.773891
-0.659203 -3.945308
-0.743906 -3.930217
-2.102277 -3.403003
0.282830 -3.989988
-2.893338 -2.761991
0.870178 -3.904202
-0.035436 -3.999843
-1.620891 -3.656872
-3.248604 -2.333789
-2.544702 -3.086177
-1.980825 -3.475102
0.169531 -3.996406
-0.750422 -3.928978
-2.063588 -3.426602
-2.800734 -2.855851
-0.807048 -3.917738
-0.738700 -3.931199
0.205952 -3.994694
-0.152336 -3.997098
-2.956087 -2.694726
-3.910500 -0.841421
-3.722710 -1.463361
1.620576 -3.657011
-1.472591 -3.719069
-2.388599 -3.208519
-1.351478 -3.764772
1.112982 -3.842040
-2.444878 -3.165845
1.269137 -3.793322
-2.152866 -3.371227
1.120544 -3.839841
-0.773705 -3.924459
-2.366648 -3.224744
-2.736963 -2.917025
-0.687066 -3.940551
-2.262866 -3.298399
-3.197829 -2.402892
-3.165182 -2.445735
0.996026 -3.874007
0.878381 -3.902364
-1.912798 -3.513005
-1.267901 -3.793735
-3.250719 -2.330843
1.264104 -3.795002
-3.008848 -2.635685
-2.461136 -3.153222
-2.258650 -3.301288
0.143160 -3.997437
-1.397256 -3.748023
-2.334233 -3.248285
-2.095973 -3.406890
-1.854297 -3.544232
-2.187525 -3.348841
-1.154888 -3.829652
-0.549154 -3.962124
1.141840 -3.833563
-0.612266 -3.952864
-2.068616 -3.423570
-3.675539 -1.578105
-1.160733 -3.827884
-0.231734 -3.993282
-2.324846 -3.255010
-3.040522 -2.599082
-1.756815 -3.593550
-2.452146 -3.160218
-2.193670 -3.344819
-2.631249 -3.012728
-1.575226 -3.676773
-2.169710 -3.360411
-3.301288 -2.258650
-2.471448 -3.145146
1.040024 -3.862428
1.314281 -3.777918
0.029743 -3.999889
-3.120856 -2.502051
-3.108508 -2.517375
-2.457631 -3.155955
-1.393729 -3.749336
-0.504289 -3.968084
-1.654144 -3.641951
-3.392551 -2.119104
-1.151368 -3.830712
-2.056044 -3.431134
-2.390814 -3.206869
-1.062078 -3.856422
1.270697 -3.792799
-0.720347 -3.934603
-0.403291 -3.979618
-2.551098 -3.080893
-0.885617 -3.900728
-1.721275 -3.610708
-3.347443 -2.189663
