-3.820153 -1.185931
-3.998362 0.114475
-3.771007 1.333981
-3.817779 -1.193550
-3.999628 -0.054577
-3.943124 -0.672139
-3.980852 -0.390916
-3.998710 -0.101571
-3.870600 -1.009187
-3.999541 0.060590
-3.757569 -1.371377
-3.900897 -0.884874
-3.728327 -1.448992
-3.997871 -0.130493
-3.433821 -2.051553
-3.823998 1.173472
-3.952359 -0.615516
-3.937370 -0.705064
-3.794020 -1.267050
-3.966837 -0.514010
-3.647073 1.642820
-3.843194 -1.108989
-3.999902 -0.027966
-3.989774 0.285834
-3.534883 -1.872058
-3.329657 2.216615
-3.987792 -0.312268
-3.998351 -0.114851
-3.844495 1.104470
-3.819159 1.189129
-3.865032 -1.030303
-3.998547 0.107790
-3.926764 0.761922
-3.979152 0.407857
-3.981562 0.383621
-3.944071 -0.666562
-3.901729 0.881200
-3.884442 -0.954521
-3.960197 -0.562885
-3.952453 -0.614909
-3.908396 -0.851141
-3.667342 -1.597060
-3.981725 -0.381923
-3.985608 0.339013
-3.940139 -0.689425
-3.957923 -0.578656
-3.701174 -1.517007
-3.897069 -0.901584
-3.989116 -0.294877
-3.653158 1.629245
-3.160876 -2.451298
-3.661133 1.611244
-3.998337 -0.115339
-3.991178 0.265522
-3.735154 1.431301
-3.999699 0.049037
-3.957132 0.584044
-3.864668 1.031668
-3.954362 0.602513
-3.980447 -0.395020
-3.829869 -1.154167
-3.737099 1.426216
-3.997302 0.146878
-3.769746 -1.337540
-3.951229 -0.622727
-3.784043 1.296541
-3.606211 1.730676
-3.999518 -0.062121
-3.765944 1.348210
-3.526859 -1.887131
-3.445295 -2.032225
-3.737157 -1.426063
-3.777007 1.316897
-3.406528 -2.096561
-3.910453 -0.841642
-3.582559 -1.779120
-3.986439 0.329092
-3.951156 0.623190
-3.985496 0.340320
-3.936534 0.709718
-2.699763 -2.951488
-3.735831 -1.429533
-3.766662 -1.346200
-3.943782 0.668267
-3.728995 1.447272
-3.987443 0.316700
-3.716062 -1.480162
-3.982132 0.377659
-3.830855 -1.150891
-3.996650 -0.163678
-3.999987 0.010137
-3.489973 -1.954506
-3.740439 1.417433
-3.594267 1.755347
-3.922612 -0.783019
-3.989588 0.288418
-3.977593 -0.422793
-3.999392 0.069744
-3.347035 -2.190288
-3.972851 0.465244
-3.520742 1.898519
-3.958385 0.575486
-3.725224 1.456951
-3.999604 0.056294
-3.999257 0.077111
-3.851927 1.078266
-3.990358 -0.277571
-3.247603 -2.335182
-3.942850 0.673744
-3.998324 -0.115785
-3.968150 0.503772
-3.765551 1.349305
-3.978050 -0.418470
-3.870513 -1.009521
-2.998520 -2.647429
-3.725727 1.455663
-3.649584 -1.637234
-3.990733 -0.272115
-3.999895 -0.028970
-3.961291 -0.555133
-3.985083 -0.345125
-3.929031 0.750144
-3.879099 -0.976010
-3.979731 0.402168
-3.970191 0.487425
-3.999758 0.044037
-3.922241 0.784874
-3.592161 -1.759654
-3.936003 0.712660
-3.155104 2.458723
-3.468962 -1.991558
-3.991111 0.266526
-3.989509 0.289508
-3.903724 0.872317
-3.931634 -0.736377
-3.985456 -0.340800
-3.708272 1.499573
-3.984318 0.353848
-3.785343 -1.292740
-3.874603 0.993708
-3.827432 -1.162223
-3.984104 -0.356257
-3.506151 -1.925333
-3.257968 -2.320699
-3.998147 0.121744
-3.985888 0.335706
-3.904139 -0.870457
-3.997475 0.142096
-3.883438 -0.958598
-3.111495 -2.513683
-3.875449 -0.990400
-3.669775 -1.591463
-3.984706 0.349448
-3.990679 0.272912
-3.981435 0.384930
-3.506393 -1.924892
-3.912706 0.831101
-3.542203 1.858170
-3.999443 0.066761
-3.978817 -0.411110
-3.786143 -1.290394
-3.709073 -1.497591
-3.878944 0.976625
-3.340856 -2.199701
-3.221872 2.370556
-3.967884 -0.505859
-3.920367 0.794179
-3.999881 0.030892
-3.900859 0.885041
-3.987200 -0.319746
-3.989983 -0.282912
-3.982144 0.377534
-3.983768 -0.359985
-3.923640 0.777848
-3.914063 -0.824687
-3.823591 1.174800
-3.866180 -1.025989
-3.921960 -0.786276
-3.985290 0.342727
-3.995906 -0.180935
-3.952727 -0.613149
-3.969430 0.493584
-3.945537 -0.657826
-3.922278 0.784688
-3.980737 -0.392083
-3.993935 -0.220182
-3.686269 -1.552874
-3.362819 -2.165975
-3.944453 -0.664297
-3.999220 -0.078972
-3.987230 0.319374
-3.629498 -1.681292
-3.936303 0.711001
-3.856115 1.063193
-3.930096 0.744542
-3.947262 0.647396
-3.975204 0.444690
-3.898954 -0.893396
-3.988329 -0.305344
-3.999996 0.005688
2.419574 3.185226
1.120798 3.839767
3.545537 1.851801
2.527283 3.100458
3.545688 1.851512
3.602754 1.737862
2.482456 3.136465
1.968760 3.481951
3.335984 2.207082
2.881930 2.773892
3.615925 1.710289
2.743784 2.910610
2.893692 2.761620
3.187500 2.416576
3.339142 2.202301
3.289880 2.275234
2.944933 2.706911
2.312263 3.263961
1.072185 3.853624
2.757340 2.897770
1.908276 3.515463
3.946898 0.649614
3.591969 1.760046
2.156068 3.369180
2.362944 3.227460
3.568668 1.806823
3.182586 2.423045
2.110360 3.397997
0.993801 3.874579
2.632516 3.011621
3.843869 1.106648
3.524529 1.891479
3.948624 0.639037
2.892798 2.762557
1.006992 3.871171
3.581356 1.781541
3.093583 2.535694
0.921492 2.034941
3.568392 1.807368
2.962531 2.687640
3.050566 2.587286
3.243708 2.340589
3.725556 1.456102
3.169965 2.439533
2.218023 3.328719
1.776743 3.583739
3.193267 2.408951
3.652647 1.630390
2.958352 2.692239
2.801789 2.854816
2.452551 3.159904
3.202960 2.396048
2.609220 3.031827
3.001229 2.644357
3.269487 2.304442
2.603128 3.037059
3.869382 1.013846
2.831696 2.825155
2.514391 3.110922
3.777506 1.315465
3.276425 2.294567
3.645546 1.646205
2.911822 2.742497
3.513385 1.912101
3.234518 2.353274
3.029879 2.611481
3.166923 2.443481
3.274058 2.297943
3.846347 1.098003
3.671401 1.587708
2.211885 3.332802
2.970876 2.678413
3.800900 1.246259
2.462893 3.151850
3.163371 2.448077
1.700378 3.620596
2.845989 2.810755
2.167363 3.361925
2.700703 2.950628
2.720872 2.932040
1.606709 3.663125
3.623800 1.693539
3.868913 1.015634
2.510870 3.113765
2.671261 2.977308
2.799046 2.857506
1.222630 3.808566
3.207926 2.389395
3.727749 1.450479
3.816999 1.196043
2.471699 3.144949
3.186912 2.417352
3.344822 2.193666
3.595476 1.752870
2.269544 3.293808
2.830490 2.826363
2.752807 2.902078
3.543552 1.855597
3.512155 1.914359
3.274627 2.297132
3.159900 2.452556
3.099401 2.528579
3.084694 2.546500
2.919357 2.734475
3.369380 2.155755
3.625564 1.689759
2.391623 3.206266
3.611837 1.718904
3.097222 2.531248
2.439491 3.169998
2.749091 2.905597
3.444839 2.032999
3.436339 2.047334
2.864358 2.792034
3.443741 2.034857
3.581717 1.780814
-0.643325 3.947928
3.418726 2.076612
3.110519 2.514890
1.165766 3.826355
2.645573 3.000158
1.179209 3.822233
3.000948 2.644676
1.469180 3.720418
1.997128 3.465758
1.905613 3.516908
2.849474 2.807223
2.343358 3.241709
2.808798 2.847921
3.602309 1.738784
1.890730 3.524931
2.685728 2.964264
2.575941 3.060152
2.607923 3.032942
3.465311 1.997903
2.550355 3.081508
2.544305 3.086505
3.321638 2.228614
3.212464 2.383291
3.377021 2.143765
1.655529 3.641322
3.099918 2.527945
3.930638 0.741675
3.676233 1.576486
0.553734 3.961487
0.688850 3.940239
3.785002 1.293739
3.686426 1.552503
3.545909 1.851089
2.263995 3.297624
3.724873 1.457849
2.707447 2.944440
3.632832 1.674076
1.101464 3.845358
1.345541 3.766898
3.693431 1.535762
1.859173 3.541677
1.984308 3.473114
1.709036 3.616517
2.430848 3.176630
3.238360 2.347983
3.906989 0.857575
3.081424 2.550456
0.756505 3.927811
2.789336 2.866985
3.562458 1.819036
3.706689 1.503481
3.240596 2.344896
2.119527 3.392286
3.397524 2.111120
2.736574 2.917390
2.503266 3.119881
2.408344 3.193725
3.289520 2.275755
3.461571 2.004376
1.714905 3.613738
3.301298 2.258636
3.932574 0.731343
3.779997 1.308290
2.169577 3.360496
2.720093 2.932762
3.345536 2.192576
2.616241 3.025769
3.874880 0.992623
3.506579 1.924554
3.671601 1.587245
2.389263 3.208025
3.121822 2.500846
2.905495 2.749199
3.763937 1.353801
2.861668 2.794791
2.770308 2.885375
3.559146 1.825508
3.964943 0.528421
3.855840 1.064189
1.643816 3.646624
2.430095 3.177206
3.424064 2.067797
3.866081 1.026361
2.758575 2.896595
-3.929703 -0.746616
-3.723648 -1.460975
-2.514116 -3.111144
-3.730927 1.442284
-3.689101 1.546134
-3.803978 -1.236832
-2.253094 -3.305082
-3.374924 -2.147065
-3.998814 0.097400
-3.995980 -0.179278
-3.843537 -1.107802
-3.999945 0.020922
-3.980183 0.397668
-3.729299 -1.446489
-3.906566 -0.859502
-1.853771 -3.544508
-2.460831 -3.153460
-3.392103 -2.119820
-3.538494 1.865224
-1.831599 -3.556015
-1.813407 -3.565327
-3.154251 -2.459817
-3.640166 1.658069
-3.905547 0.864119
-3.789629 1.280123
-3.112466 -2.512480
-2.799940 -2.856630
-3.982134 -0.377639
-1.884620 -3.528202
-3.949543 0.633335
-3.970200 0.487350
-3.710786 -1.493341
-2.811651 -2.845104
-3.761642 -1.360164
-3.191927 -2.410727
-3.997806 0.132476
-3.991344 -0.263011
-3.997260 -0.148031
-3.899561 -0.890743
-3.997084 0.152717
-3.571789 -1.800645
-3.895528 0.908217
-2.168035 -3.361492
-3.757296 -1.372125
-2.946853 -2.704821
-3.592817 -1.758313
-3.010718 -2.633549
-2.741699 -2.912574
-3.736301 -1.428306
-3.904138 0.870463
-3.631404 1.677172
-3.785322 -1.292803
-2.937577 -2.714892
-2.247837 -3.308660
-1.838000 -3.552711
-0.903786 -3.896559
-3.298181 -2.263184
-3.867400 -1.021381
-3.965734 0.522452
-3.975437 -0.442607
-3.977685 -0.421929
-3.893953 -0.914948
-2.206289 -3.336508
-3.150727 -2.464329
-3.386494 -2.128770
-3.788281 -1.284104
-3.776780 -1.317547
-3.685948 -1.553636
-3.651186 -1.633659
-3.185677 -2.418979
-3.915435 -0.818151
-3.891775 -0.924170
-3.468857 -1.991740
-3.999350 0.072106
-3.448833 -2.026215
-3.984355 0.353432
-1.566154 -3.680647
-2.234669 -3.317568
-3.089677 -2.540452
-2.180136 -3.353655
-3.843237 -1.108840
-2.586119 -3.051555
-3.897481 -0.899802
-3.985857 -0.336073
-3.996481 -0.167745
-2.925940 -2.727430
-3.394284 -2.116326
-3.932334 -0.732629
-3.896080 0.905848
-3.973964 0.455646
-0.857196 -3.907072
-2.716095 -2.936465
-3.950167 -0.629431
-3.927083 -0.760278
-3.990577 0.274406
-3.999840 -0.035732
-3.958338 -0.575815
-3.987190 0.319869
-3.940140 0.689419
-2.959938 -2.690495
-3.937562 -0.703992
-3.759416 -1.366306
-2.667263 -2.980891
-3.524675 -1.891208
-3.105402 -2.521205
-3.997522 -0.140770
-3.713279 1.487130
-3.048196 -2.590077
-3.967242 -0.510872
-3.927936 0.755856
-3.930042 0.744831
-3.400031 -2.107081
-2.815265 -2.841529
-3.980200 -0.397497
-3.927265 -0.759336
-3.883799 -0.957136
-3.858887 1.053088
-3.977215 -0.426338
-2.494592 -3.126821
-3.956914 0.585518
-3.995267 0.194527
-2.332734 -3.249362
-3.599150 -1.745313
-3.980292 -0.396577
-3.983293 0.365203
-2.037424 -3.442224
-3.953433 -0.608575
-3.943927 -0.667415
-2.928207 2.724996
-3.987158 -0.320269
-3.303576 -2.255301
-3.157386 -2.455792
-2.834193 -2.822649
-3.805758 1.231342
-3.572080 -1.800068
-3.442229 -2.037415
-3.610791 -1.721101
-2.512140 -3.112740
1.172468 -3.824306
-3.998959 -0.091272
-2.644102 -3.001454
-3.597636 -1.748433
-3.844109 -1.105813
-3.545921 -1.851066
-3.956647 -0.587317
-3.960194 0.562907
-2.025635 -3.449174
-3.994279 -0.213866
-3.998722 -0.101104
-3.962112 -0.549246
-3.933460 0.726561
-3.982367 -0.375172
-3.990128 0.280859
-3.946929 -0.649424
-2.574514 -3.061352
-2.368193 -3.223610
-3.988845 0.298519
-3.924640 -0.772789
-1.597974 -3.666944
0.033911 -3.999856
-3.282823 -2.285404
-3.888897 0.936207
-2.949520 -2.701912
-3.532516 -1.876521
-3.721130 -1.467376
-3.095301 -2.533596
-3.881341 0.967055
-2.780206 -2.875840
-3.959565 -0.567312
-3.748431 -1.396162
-2.556313 -3.076567
-3.107980 -2.518026
-3.887677 0.941257
-3.327083 -2.220477
-3.981657 0.382628
-2.080890 -3.416123
-3.906373 -0.860376
-3.130120 -2.490451
-3.869378 -1.013860
-3.997568 0.139469
-2.363266 -3.227224
-3.988785 0.299329
-3.484361 -1.964492
-3.992278 -0.248434
-3.767179 -1.344754
-3.368229 -2.157553
-3.990272 0.278801
-3.991384 0.262402
-3.914581 -0.822226
-3.852538 1.076082
-2.545724 -3.085334
-3.435969 -2.047954
-3.228954 -2.360901
-3.088002 -2.542487
-3.766186 -1.347532
-3.929109 -0.749734
-3.999471 -0.065080
-3.319752 -2.231422
-3.819753 -1.187220
-3.999928 0.023917
-3.943451 0.670219
-3.965562 -0.523757
-3.264341 -2.311726
3.788030 -1.284846
-2.360449 -3.229285
-3.821359 -1.182038
-3.680368 -1.566810
-3.719619 -1.471202
-2.931337 -2.721629
-3.530654 -1.880022
-3.547997 -1.847083
-2.221740 -3.326240
-1.865010 -3.538607
-3.965428 -0.524765
-3.522234 -1.895751
-3.909982 -0.843827
-3.636475 -1.666147
-3.580019 -1.784227
-3.970283 -0.486675
-3.108237 -2.517709
-3.363663 -2.164664
3.623808 -1.693522
-1.896950 3.521588
-2.998018 -2.647997
-3.390826 -2.121862
-3.675861 -1.577355
-3.707890 -1.500517
-2.991839 2.654976
-3.988859 -0.298335
-3.997484 0.141841
-3.346911 -2.190477
-3.997605 -0.138388
-1.954786 -3.489816
-3.875097 -0.991778
-3.333058 -2.211498
-3.984813 -0.348228
-3.535656 -1.870598
-3.336253 -2.206675
-3.823003 1.176710
-2.481601 -3.137142
-3.031936 -2.609093
-2.562301 -3.071582
-3.029756 -2.611624
-3.691075 -1.541416
-2.977635 2.670897
-3.855393 -1.065808
-3.297025 2.264868
-3.162436 -2.449285
-3.641789 -1.654501
-1.945292 3.495116
-3.334139 2.209868
-3.139681 2.478388
-3.966583 -0.515966
-3.976250 0.435240
-2.966054 -2.683752
-3.923758 -0.777253
-2.783827 2.872335
3.860966 -1.045439
-3.645528 1.646246
-2.972473 -2.676641
-3.253922 -2.326369
-3.823543 1.174955
-1.564499 -3.681351
-2.828995 -2.827859
-2.297151 3.274614
-3.986776 -0.324993
-3.969188 -0.495528
-3.296274 -2.265961
-1.285490 -3.787812
-3.579168 -1.785933
-2.888774 -2.766764
-3.851356 -1.080305
-1.688475 3.626162
-2.909616 2.744838
-2.900391 -2.754584
-2.645003 -3.000660
-1.996638 -3.466041
-2.306177 3.268264
-3.540530 -1.861356
-1.329401 3.772624
-3.148739 2.466869
-3.806744 -1.228293
-3.993624 0.225765
-3.924995 0.770982
-3.942157 -0.677790
-2.312930 3.263488
-3.338819 -2.202792
-3.999890 0.029604
-3.920302 -0.794501
-3.944440 -0.664375
-3.543313 1.856053
-3.304085 -2.254556
-3.754562 -1.379590
-3.264579 2.311390
-3.588189 -1.767739
-3.035982 -2.604383
-3.296440 -2.265719
-3.780549 -1.306694
-3.470031 -1.989694
-3.749098 -1.394369
-3.868749 -1.016258
-3.592766 -1.758417
-2.454974 -3.158022
-3.999708 0.048312
-3.974195 -0.453622
-3.993593 -0.226304
-3.808759 1.222030
-3.923762 -0.777234
-3.315058 -2.238390
-3.531460 -1.878507
-3.452261 -2.020370
-3.798579 1.253314
-3.146000 2.470361
-3.987346 -0.317912
-1.863268 -3.539524
-3.986915 -0.323280
-3.926771 -0.761883
-3.628758 -1.682888
-2.936370 -2.716197
-3.023134 -2.619287
-3.250982 -2.330475
-2.646108 -2.999685
-3.915387 -0.818381
-3.762819 -1.356905
-2.353490 3.234360
-3.331807 -2.213382
-3.993741 -0.223679
-1.115736 3.841241
3.742802 -1.411181
-3.558901 1.825985
-3.035364 -2.605104
-3.352911 -2.181281
-3.325253 -2.223216
-3.043410 -2.595700
-2.927517 -2.725737
-3.823967 1.173576
-3.778577 -1.312384
-3.004442 -2.640706
-3.990800 -0.271130
-2.968957 -2.680539
-3.269693 -2.304150
-3.314751 -2.238845
-3.988851 -0.298436
-3.791695 -1.273988
-3.460205 -2.006735
-3.639015 -1.660593
-3.737810 -1.424352
-3.007119 -2.637657
-3.665169 1.602042
-3.093925 -2.535277
-0.945347 3.886685
-3.907292 -0.856196
-3.999924 0.024679
-3.902585 -0.877401
-3.694327 -1.533605
-3.791097 -1.275767
-3.975319 -0.443663
-2.145858 -3.375692
-3.994585 -0.208057
-3.795372 -1.262992
-1.897152 -3.521479
-3.704143 1.509743
-3.837198 -1.129562
-2.023025 -3.450706
-3.913026 -0.829597
-2.783775 -2.872385
-2.608812 -3.032177
-3.440976 -2.039530
-3.498811 -1.938639
-2.943421 -2.708555
-3.675399 -1.578429
-3.734552 -1.432873
-3.658678 -1.616810
-2.859808 -2.796695
-3.728094 -1.449591
-2.073717 -3.420482
-3.774208 -1.324898
-1.518177 -3.700694
-3.609832 -1.723110
-3.311800 -2.243208
-3.827144 -1.163173
-3.997304 -0.146833
-3.894217 -0.913824
-2.562735 -3.071220
-3.902035 0.879842
-2.546148 -3.084985
3.168198 -2.441827
-3.897592 -0.899321
-3.763666 -1.354555
-2.398395 -3.201203
-3.978157 -0.417456
-3.933952 -0.723896
-3.314588 -2.239086
-3.544864 1.853090
-3.990542 -0.274903
-3.998336 0.115370
-3.103808 -2.523168
-2.504335 3.119023
-2.920044 -2.733742
-3.593209 -1.757513
