-3.899237 -0.892159
-3.926205 -0.764797
-3.554306 -1.834915
-3.841665 -1.114275
-3.752954 -1.383957
-3.917687 -0.807299
-3.988467 0.303532
-3.999667 -0.051612
-3.999103 -0.084728
-3.997568 -0.139452
-3.921766 -0.787243
-2.940966 -2.711221
-3.490680 -1.953242
-3.183875 -2.421350
-3.968257 0.502930
-3.634513 -1.670423
-2.760915 -2.894365
-3.823472 1.175185
-3.829687 -1.154772
-3.957686 -0.580274
-2.156850 -3.368679
-3.674419 -1.580710
-3.339879 -2.201183
-3.886246 -0.947148
-3.963477 0.539308
-2.408907 -3.193300
-3.975973 0.437766
-2.741679 -2.912593
-3.898773 -0.894186
-3.875044 -0.991986
-3.993900 0.220828
-3.894667 -0.911905
-3.886912 -0.944412
-3.998046 0.125026
-3.932670 -0.730828
-3.935625 -0.714742
-3.839129 -1.122982
-3.976732 0.430815
-3.854266 1.069875
-3.820585 -1.184539
-3.948988 -0.636787
-3.844111 1.105809
-3.735917 -1.429310
-3.908590 -0.850250
-3.676992 -1.574715
-3.984169 -0.355530
-3.847052 -1.095531
-3.474085 -1.982608
-3.997403 0.144107
-3.892008 0.923189
-3.892923 -0.919320
-3.814647 -1.203524
-3.923591 -0.778094
-3.487775 -1.958424
-3.542982 -1.856684
-3.999502 -0.063141
-2.915117 -2.738995
-3.854144 1.070315
-3.145176 -2.471410
-3.695705 -1.530282
-3.997761 0.133821
-3.999846 -0.035145
-3.511596 -1.915383
-3.998968 0.090868
-2.933987 -2.718772
-3.975514 -0.441918
-1.936916 3.499765
-3.715609 -1.481301
-3.951754 -0.619389
-3.848213 1.091448
-3.944571 -0.663594
-3.903798 0.871988
-2.259477 -3.300721
-3.276497 -2.294464
-3.995854 -0.182078
-3.980371 -0.395786
-3.931272 -0.738307
-3.956986 0.585028
-3.901375 -0.882763
-3.389561 -2.123883
-3.789776 -1.279686
-3.779367 -1.310108
-3.827161 -1.163117
-3.996083 0.176982
-3.450312 -2.023696
-3.826709 1.164604
-2.873387 -2.782741
-3.133643 -2.486018
-3.908271 0.851714
-3.037921 -2.602121
-3.971278 0.478486
-3.481134 -1.970204
-3.874564 -0.993858
-3.949776 -0.631876
-3.357221 2.174642
-2.740350 -2.913843
-3.997523 -0.140746
-3.926233 0.764655
-3.993412 -0.229471
-3.703727 -1.510763
-3.931260 0.738371
-1.959287 -3.487290
-3.828461 -1.158828
-3.548144 -1.846802
-2.920272 -2.733498
-3.981990 -0.379153
-3.959189 -0.569929
-2.990683 -2.656279
-3.891655 -0.924672
-3.929859 0.745792
-3.877545 -0.982163
-3.936129 -0.711962
-1.504520 -3.706268
-3.849459 -1.087044
-3.934883 -0.718817
-3.831780 -1.147806
-3.999252 0.077341
-2.231734 -3.319542
-3.997480 0.141957
-3.997239 0.148589
-3.971893 0.473355
-3.747631 -1.398307
-3.949683 0.632457
-3.624407 -1.692240
-3.932964 -0.729240
-3.807050 -1.227343
-3.782630 -1.300659
-3.692339 -1.538387
-3.475563 -1.980016
-2.955618 -2.695240
-3.999390 0.069864
-3.999903 0.027857
-3.746292 -1.401889
-3.984313 0.353906
-3.266026 -2.309345
-3.986312 0.330631
-3.078699 -2.553745
-3.998878 -0.094731
-3.861405 -1.043816
-3.476139 -1.979004
-3.918838 -0.801689
-3.363725 -2.164568
-3.584793 -1.774616
-2.979580 -2.668727
-3.716647 1.478695
-3.814218 1.204881
-3.906773 -0.858561
-3.913008 -0.829677
-3.885886 -0.948625
-3.995756 -0.184210
-3.942460 -0.676024
-3.990270 0.278833
-3.995459 0.190541
-3.593076 -1.757783
-3.927437 -0.758446
-3.458030 -2.010480
-3.886492 -0.946140
-3.823716 -1.174392
-2.461490 -3.152946
-3.509171 -1.919823
-3.966412 -0.517275
-3.864573 1.032027
-3.782222 -1.301844
-2.465910 -3.149490
-2.707218 -2.944651
-2.952553 -2.698598
-3.545086 -1.852664
-3.893395 -0.917319
-3.427499 -2.062098
-3.865895 -1.027061
-3.710508 -1.494033
-3.839593 -1.121393
-3.997805 0.132499
-3.999533 -0.061141
-3.793161 -1.269617
-3.602770 -1.737829
-3.928457 -0.753144
-1.336145 -3.770241
-3.632127 -1.675606
-2.997627 -2.648439
-3.820555 1.184634
-3.506845 1.924068
-3.029705 -2.611683
-3.789136 -1.281580
-3.954860 -0.599232
-3.853454 -1.072796
-3.975055 -0.446021
-3.672236 -1.585775
-3.650615 -1.634935
-3.634891 -1.669601
-3.992164 -0.250249
-3.518615 1.902458
-2.993168 -2.653477
-3.840823 -1.117175
-3.990787 0.271327
-3.999576 -0.058215
-2.943056 -2.708952
-3.683994 -1.558263
-3.983624 -0.361584
-3.941947 -0.679010
-0.201840 3.994904
1.468502 3.720685
3.607726 1.727517
1.806049 3.569060
2.055883 3.431231
3.933394 0.726919
3.868650 1.016635
3.894902 0.910901
-0.145017 3.997370
3.247993 2.334640
2.015216 3.455272
-0.745088 3.929993
1.394636 3.748998
3.043344 2.595777
1.409355 3.743490
3.999557 -0.059531
3.075989 2.557008
2.619147 3.023255
2.241836 3.312729
3.565942 1.812197
3.993131 -0.234323
3.176306 2.431272
3.317875 2.234212
2.417681 3.186663
3.154760 2.459165
3.650588 1.634994
3.034557 -2.606043
0.244797 3.992502
3.429006 2.059591
3.593813 1.756277
2.782620 2.873504
2.021516 3.451590
1.400485 3.746818
3.146489 2.469738
2.711410 2.940791
3.992457 -0.245528
3.398092 2.110207
2.470880 3.145593
3.322523 2.227295
3.767703 1.343284
2.768661 2.886956
3.978617 0.413044
3.522082 1.896032
-0.223715 3.993739
0.722618 3.934186
3.953373 -0.608970
1.247511 3.800489
2.796893 2.859613
3.372731 2.150508
3.588323 1.767467
3.991890 0.254580
3.029271 -2.612186
2.984545 2.663173
3.577105 -1.790061
1.137474 3.834860
3.445150 2.032472
3.207684 2.389720
1.107503 3.843623
3.460914 2.005510
2.087046 3.412365
2.494865 3.126603
3.913682 0.826493
2.107573 3.399726
3.971928 -0.473058
3.273923 2.298135
0.821583 3.914716
2.281406 3.285603
3.832458 1.145543
1.352452 3.764422
0.767969 3.925586
3.979896 0.400534
0.287051 3.989687
-0.464214 3.972972
3.975180 0.444908
3.701567 -1.516048
3.985660 0.338394
3.644648 1.648194
2.521992 3.104764
3.484009 1.965116
1.927640 3.504883
3.429101 2.059433
3.826690 -1.164666
3.688392 1.547827
3.505072 1.927297
3.370020 2.154754
3.679502 1.568843
2.927273 2.725999
3.100561 2.527157
3.295413 -2.267213
3.948890 0.637390
3.533953 1.873813
3.678688 1.570750
2.635880 3.008677
-0.444932 3.975177
3.419868 2.074730
3.075439 -2.557670
3.999276 0.076104
3.662993 1.607010
3.999569 0.058749
3.792033 1.272983
1.844669 -3.549253
1.790293 3.576989
-0.412506 3.978673
3.930136 -0.744332
0.587935 3.956556
0.154537 3.997014
2.465278 3.149985
3.328361 -2.218560
-0.647535 3.947239
3.649036 1.638456
3.210361 2.386123
3.999454 0.066095
1.192576 3.818084
3.263257 -2.313256
0.717561 3.935112
1.975692 3.478023
2.908799 2.745703
2.327466 3.253138
3.248351 -2.334141
-0.292297 3.989306
3.962884 -0.543646
2.491007 3.129678
3.791706 -1.273956
2.060668 3.428359
-0.666757 3.944038
-0.443826 3.975301
3.667890 1.595802
3.830885 1.150792
3.997081 -0.152780
3.567768 1.808600
2.554767 3.077851
3.999791 0.040859
3.788623 -1.283097
3.954321 0.602781
0.824463 3.914110
2.450401 3.161571
-0.244790 3.992503
1.083104 3.850569
2.969995 2.679390
-0.221309 3.993873
1.354666 3.763626
2.276708 3.288860
0.958733 3.883405
2.497531 3.124474
3.765426 1.349655
3.448094 2.027473
-0.364737 3.983336
3.651155 1.633728
-0.652230 3.946466
-0.184507 3.995742
3.963442 0.539561
-0.411667 3.978760
2.557476 3.075600
3.148666 2.466962
3.643869 1.649915
3.931946 -0.734712
3.975024 -0.446305
1.822617 3.560627
3.990296 0.278452
3.030059 2.611272
1.044702 3.861165
-0.041261 3.999787
3.940165 -0.689277
-0.572198 3.958862
3.688727 1.547028
3.406458 -2.096674
1.607148 3.662933
1.116920 3.840897
3.434211 2.050902
3.504335 1.928635
1.751377 3.596203
3.999339 -0.072712
2.677572 2.971634
3.080700 2.551331
3.322586 -2.227201
0.326381 3.986662
1.283098 3.788622
3.928694 -0.751905
3.840036 -1.119876
2.109120 3.398766
3.211670 2.384361
3.983590 -0.361949
2.033813 3.444358
2.000370 3.463888
3.859131 -1.052193
1.011521 3.869990
3.903347 0.874004
2.313769 3.262893
1.371807 3.757412
-0.368708 3.982971
3.950835 -0.625220
-0.028651 3.999897
0.236769 3.992986
2.409678 3.192718
3.451154 2.022259
1.801625 3.571295
2.263238 3.298144
1.167920 3.825698
3.963812 0.536836
3.367586 -2.158556
-3.924385 -0.774081
-3.999210 0.079488
-3.802604 -1.241050
-3.287923 -2.278061
-3.551816 1.839730
-3.149178 2.466309
-2.031891 -3.445493
-1.290052 -3.786260
-3.026570 2.615316
-3.189085 2.414485
-1.903004 -3.518320
-3.998867 0.095204
-2.302473 3.270874
-3.999747 -0.044957
-3.983779 -0.359870
-2.367319 -3.224252
-3.929753 -0.746350
-3.579000 -1.786271
-3.831559 -1.148544
-0.100646 -3.998734
-2.863667 -2.792742
-3.510126 -1.918077
-3.969695 0.491451
-3.322608 2.227167
-3.909005 -0.848341
-3.390959 -2.121649
-1.879974 -3.530680
-3.982991 0.368484
-1.818157 -3.562907
-2.519202 3.107028
-3.890908 0.927812
-3.996349 -0.170864
-2.626935 -3.016490
-3.588955 1.766183
-3.371204 -2.152901
-3.574409 1.795438
-1.925774 -3.505908
-3.899276 0.891992
-3.728743 1.447922
-3.981528 0.383967
-3.836103 -1.133275
-3.411714 2.088111
-2.255480 -3.303454
-3.590980 1.762063
-3.300630 -2.259611
-3.919415 0.798868
-1.743284 -3.600133
-0.935598 -3.889043
-1.381460 3.753874
-3.288440 2.277314
-3.854783 1.068012
-3.877338 0.982981
-2.981629 -2.666437
-2.495836 -3.125828
-3.368504 -2.157123
-1.618515 -3.657924
-3.256810 2.322324
-2.617162 -3.024973
-3.990825 0.270767
-3.897319 -0.900504
-3.895858 0.906800
-3.947882 0.643602
-1.974174 -3.478884
-3.672877 -1.584290
-3.213974 -2.381254
-3.810779 1.215714
-3.731715 1.440245
-2.805446 -2.851223
-3.491143 -1.952413
-3.159437 -2.453153
-3.662626 1.607848
-3.946993 0.649032
-3.747405 1.398912
-3.500244 -1.936051
-3.771315 -1.333109
-3.984657 0.350014
-2.588613 -3.049440
-2.518600 -3.107516
-3.366794 -2.159791
-2.937729 -2.714728
-3.351152 -2.183983
-3.537709 -1.866713
-2.892349 -2.763027
-3.960372 0.561656
-3.734414 -1.433232
-2.799790 -2.856777
-3.953058 -0.611009
-3.986910 0.323336
-2.161609 3.365627
-3.989337 0.291877
-2.451607 -3.160637
-3.398625 -2.109348
-3.780729 -1.306172
-3.964221 -0.533807
-3.852750 -1.075322
-3.808626 -1.222445
-3.847257 1.094812
-3.968684 -0.499549
-3.998757 0.099721
-3.495736 -1.944178
-3.999115 -0.084118
-3.405553 2.098144
-3.831986 -1.147119
-3.994050 -0.218095
-3.103654 -2.523357
-3.302413 2.257004
-3.622185 1.696990
-2.887306 -2.768296
-3.951146 -0.623251
-3.731892 1.439784
-3.606239 1.730618
-2.862504 -2.793935
-2.815274 -2.841519
-3.553245 1.836967
-2.419656 -3.185163
-3.996684 -0.162829
-2.649243 -2.996917
-3.999945 0.020908
-3.012769 -2.631201
-3.471774 1.986652
-3.796003 -1.261094
-3.151774 -2.462991
-3.913701 0.826404
-3.408677 2.093065
-3.958977 -0.571403
-2.966664 -2.683077
-0.956576 -3.883936
-3.275060 -2.296515
-3.990244 0.279195
-3.845141 1.102220
-3.903790 -0.872021
-3.081362 -2.550531
-3.181244 -2.424807
-3.310589 2.244994
-3.159102 -2.453584
-3.999925 0.024488
-1.815166 -3.564431
-3.286935 -2.279486
-3.906014 -0.862005
-3.092847 2.536591
0.496515 -3.969065
-3.994655 -0.206712
-3.766484 1.346698
-3.987889 0.311037
-3.733328 1.436057
-3.975480 0.442217
-3.527932 -1.885124
-3.879867 0.972950
-3.178337 -2.428615
-3.556740 1.830192
-3.950232 0.629022
-3.140035 -2.477939
-3.249822 2.332092
-3.975317 0.443685
-2.698642 -2.952513
-2.731648 -2.922003
-3.404095 -2.100509
-3.757256 1.372233
-3.889992 -0.931643
-3.395670 -2.114102
-3.775651 -1.320781
-0.979833 -3.878135
-3.951801 0.619084
-3.694284 -1.533710
-3.430251 -2.057518
-2.876520 -2.779502
-3.656383 -1.621993
-3.296368 -2.265823
-2.266640 -3.295807
-3.780271 1.307499
-3.648702 -1.639200
-3.868899 -1.015686
-1.194516 -3.817477
-2.332522 -3.249514
-3.719046 1.472649
-3.545521 -1.851831
-3.465125 1.998227
-3.783024 -1.299510
-1.917897 -3.510224
-3.683824 1.558667
-3.720264 1.469570
-3.964730 0.530013
-2.782954 -2.873181
-3.789872 1.279401
-2.998968 -2.646921
-2.011368 -3.457514
-3.700727 1.518097
-3.771223 1.333372
-2.986273 2.661236
-3.996696 -0.162548
-0.419343 -3.977958
-3.886881 -0.944542
0.789660 -3.921280
-3.396881 2.112155
-3.944868 0.661826
-3.321915 2.228202
-3.997547 0.140057
-3.695830 -1.529980
-3.750403 1.390855
-3.932427 -0.732135
-3.912533 -0.831916
-3.647222 -1.642489
-3.997544 0.140154
3.957098 0.584276
1.208631 3.813032
-1.986037 -3.472126
-2.699351 2.951865
-1.016474 3.868692
-3.955859 -0.592604
1.319951 3.775941
-3.942208 0.677490
-1.184697 3.820536
2.203456 3.338380
-1.157461 3.828875
-1.295621 3.784358
-3.572492 -1.799250
-1.842900 3.550172
-0.861386 3.906151
-3.548041 -1.847000
-3.730061 1.444522
-3.690047 -1.543876
3.963603 -0.538378
-3.867871 1.019594
-2.780118 -2.875925
-0.986426 3.876463
-3.995016 0.199609
-3.988415 0.304208
-2.894894 2.760360
2.539003 3.090868
-1.489892 -3.712172
-3.947141 -0.648133
-3.995978 0.179327
-3.143711 -2.473273
-1.661801 -3.638464
-3.940894 0.685093
-3.850222 -1.084340
-3.541449 -1.859608
-3.862796 1.038658
-2.219543 -3.327706
-3.550131 -1.842978
-3.550680 1.841920
-2.885104 -2.770592
-3.830108 -1.153374
-3.888806 0.936582
-3.489878 1.954675
-3.940594 0.686821
-3.739296 -1.420446
-2.655832 -2.991080
-3.354418 -2.178962
-3.838985 1.123474
-3.534422 1.872928
-3.748158 1.396893
-3.627858 -1.684828
-3.759610 1.365772
-3.945339 -0.659012
3.999138 -0.083036
-3.975493 0.442101
3.997791 -0.132933
-3.410007 2.090898
-3.951680 -0.619862
-3.987275 0.318808
3.149184 2.466301
-2.513053 -3.112003
-0.386691 3.981265
-3.885167 -0.951567
-3.766815 -1.345773
2.931875 2.721049
-3.890107 -0.931165
-3.893099 -0.918576
-3.963137 -0.541795
-3.989256 0.292985
-1.406628 3.744516
-3.781645 1.303518
-3.832938 1.143936
-3.642719 -1.652451
-3.806669 -1.228523
-3.223795 -2.367941
-3.604940 1.733323
-1.362471 3.760807
-3.286260 2.280460
-3.885572 0.949912
-2.269088 3.294122
3.955041 -0.598040
2.513302 3.111802
-3.965032 0.527752
-3.852432 1.076461
-3.605308 -1.732557
1.476498 3.717520
-1.182480 3.821222
-3.851897 1.078373
-3.678447 1.571314
-3.575299 1.793667
-3.052903 -2.584528
-3.807226 1.226797
-3.717853 -1.475659
-3.661002 -1.611542
-0.072969 3.999334
-2.111338 3.397389
-3.723683 -1.460885
3.037258 2.602895
-0.307655 3.988151
3.981709 0.382095
-3.270162 -2.303484
1.547074 3.688708
1.507210 3.705174
3.851655 1.079237
-3.987631 0.314321
2.777331 2.878616
-3.929803 -0.746090
-3.979515 -0.404303
-1.003058 3.872193
-3.708475 1.499070
-3.887791 0.940787
-3.254299 -2.325841
-3.291306 -2.273170
-3.938582 -0.698266
3.478481 1.974885
0.891618 3.899361
-3.996648 -0.163714
-3.696141 -1.529228
-2.709820 -2.942257
-3.887342 -0.942642
3.375460 2.146222
-2.876223 -2.779810
-3.883989 0.956363
-0.466008 3.972762
-3.787650 -1.285964
-3.998163 -0.121229
3.627574 -1.685441
-3.743359 1.409702
-3.119183 -2.504136
-2.727856 -2.925543
-3.983447 -0.363525
-1.615969 -3.659050
-3.866362 1.025303
-3.276019 -2.295147
-3.130711 -2.489709
-3.919775 -0.797096
2.765755 2.889741
-3.757686 -1.371056
0.262994 3.991345
3.144071 2.472816
2.336988 3.246303
2.295590 3.275709
-3.956262 -0.589905
-2.765857 -2.889643
0.441503 3.975560
-2.902762 -2.752085
-3.737260 -1.425794
-2.124694 3.389053
-3.969541 0.492692
-3.650602 -1.634963
3.415557 2.081819
-3.405570 -2.098117
-3.820666 -1.184277
-3.957607 0.580818
3.646993 1.642998
-3.107902 2.518124
-2.675886 -2.973152
1.805135 3.569522
-3.989411 0.290857
-3.644345 -1.648864
-2.530577 -3.097770
-3.082638 -2.548989
3.989780 0.285759
-0.177168 3.996075
0.964680 3.881931
-1.069096 3.854482
-3.942762 -0.674260
-3.604773 -1.733669
-0.370131 3.982839
3.062897 2.572676
-1.456416 3.725433
-3.855334 -1.066022
-0.264243 3.991262
-3.067146 -2.567609
-3.923378 -0.779170
-3.605817 -1.731497
-1.300479 3.782691
-3.769646 -1.337822
-3.620129 -1.701373
-3.813000 -1.208731
-3.526226 -1.888315
-3.689556 -1.545049
2.173305 3.358087
0.552699 3.961632
3.984763 -0.348807
-3.736221 -1.428514
-3.905027 -0.866466
-3.712345 1.489462
-3.312128 -2.242723
-1.945550 -3.494973
-3.971297 0.478327
-3.844893 1.103087
0.064490 3.999480
-3.885843 -0.948802
-2.952148 -2.699041
-3.903489 0.873370
-0.765985 3.925973
-3.786727 -1.288682
