1.844173
-1.425223
-2.188142
-1.063517
1.688346
-0.837097
-1.786568
-0.485520
-1.034569
1.671971
1.687650
2.474887
-0.958823
-2.237918
-1.441388
-1.224906
1.680110
-1.564372
-1.329935
1.516802
1.566020
1.662505
1.713893
1.592847
-1.304904
-2.113393
-1.320047
2.042017
1.703719
1.575705
1.428578
-1.081122
-1.137685
-1.965689
2.608990
0.132257
2.024170
-0.447244
-1.195352
2.442125
3.154178
3.054493
-2.775917
2.756034
1.849224
2.679932
-1.006268
-1.830764
-2.890653
-1.180011
1.210951
-1.387903
-3.105070
0.913003
-1.213684
-2.875108
-3.023882
-3.205750
2.408382
-1.248609
-3.065805
-1.434529
-1.560097
-1.943072
-1.608601
-2.114644
-1.677637
-2.639068
-2.849061
-2.675436
-2.230448
-2.917477
-0.812542
-1.004476
-1.445480
-1.007077
3.134378
2.513996
-1.969816
-2.552269
-2.290638
-1.371639
3.040927
-2.798240
-0.887538
-2.080268
-1.015808
2.803642
-1.855863
-2.408933
1.347558
0.564200
2.031895
0.622208
2.008066
1.646206
-0.643814
-0.303245
2.663974
1.305329
1.694190
1.307244
-0.131996
0.491370
-0.390900
0.834966
1.975649
1.035924
1.880313
1.744193
1.448506
1.867581
-0.190800
2.032391
0.297666
1.249487
1.876899
1.009681
-0.460001
0.095948
