-1.119210
-1.853277
-2.005712
-1.767038
1.765236
-1.949887
-2.180131
-2.160922
-1.118576
-2.485124
-2.401253
-1.788547
-1.129264
-2.151874
-2.050535
-1.703121
-2.292447
-2.232225
-1.910214
-1.190421
1.773215
1.765218
-2.432480
-2.345134
-1.973328
-1.814107
-1.938293
-2.710620
1.765286
-1.117727
-2.544588
-2.131710
-2.318922
-0.868767
-1.804672
-1.070035
-1.736470
-2.520138
-2.483285
-2.109113
-2.172515
-1.715659
-2.513875
-0.817641
-2.320403
-2.163357
-2.162855
-2.173929
-1.624520
-2.391123
-2.243993
-1.123282
-2.523207
1.765286
-1.663799
-2.123158
-1.882775
-1.885826
-1.143841
-2.023730
-2.205680
-2.653687
-2.592613
-1.984170
-2.505899
-1.532358
-2.578110
-2.794296
-2.922892
-1.963763
-2.117832
-2.927300
-0.616462
-1.820465
-2.920924
-2.273192
-2.958063
2.513996
-1.671704
-1.746582
-1.526354
-2.055711
-2.559082
-1.607982
-1.084156
-2.134543
-2.173946
-1.951040
-2.436050
-2.047092
2.370684
1.255764
2.310797
1.276706
1.373905
2.800842
2.436442
2.493848
2.598524
2.248785
2.556435
0.640268
2.405206
1.118319
2.332946
2.550246
2.384649
1.166824
2.661125
2.298524
2.467281
1.351871
2.518322
1.114664
2.470559
2.573106
1.239667
2.782927
2.545936
2.488608
