-1.184660
-1.774988
-2.103773
-1.946967
0.804104
-2.056105
-2.507380
-1.964573
-0.776378
-2.550573
-2.466703
-1.973218
-0.965339
-2.438722
-2.257644
-1.868248
-2.283590
-2.143698
-1.844764
-1.015039
1.229128
1.129032
-2.497929
-2.560310
-2.031372
-2.017645
-2.171779
-2.385355
0.763628
-1.026929
-2.544588
-2.121016
-1.980400
-0.083369
-1.477423
-0.100687
-2.258759
-2.716488
-2.548735
-1.912763
-2.098188
-2.364162
-2.448426
-0.228592
-2.774737
-2.163357
-1.966505
-1.776544
-1.587572
-2.587472
-2.228410
-0.272434
-1.410559
-0.124568
-1.598349
-2.451012
-2.210024
-2.528287
-0.031193
-2.220079
-1.431853
3.106192
2.742296
-2.704119
2.926439
-2.077697
-1.968369
2.768941
-2.922892
-2.160113
-2.314182
-2.924965
-1.074611
-3.064012
2.904113
-3.053422
-3.027935
2.513996
-1.617070
-1.812032
-2.277920
-2.382961
-2.886332
-1.322029
-0.626007
-2.134543
-2.992425
-2.065712
-1.684325
-1.981642
2.693976
1.268324
2.651598
1.276706
1.308455
2.473592
2.501892
2.428398
2.598524
2.445134
2.485289
2.136299
2.182645
1.240416
2.530151
2.530356
2.336669
2.004160
2.586567
2.233738
2.532730
1.237632
2.452872
1.256165
2.797808
2.580550
1.190093
2.848377
2.349586
2.557898
