1.324532
-2.309378
-2.404350
-2.442927
0.312330
0.370154
-2.472705
0.442527
-0.453739
0.067281
-0.479605
-0.529068
2.900355
-2.014377
-2.512929
-2.702441
-0.490569
-2.603025
-2.794023
1.637417
-0.134899
0.175395
-0.437889
-0.034274
3.060486
-2.597194
-2.602328
-0.502001
1.645148
1.197230
0.719223
0.486692
0.354829
-0.992670
2.302098
0.520606
1.324197
0.046687
-2.043884
2.442125
-1.413915
2.869780
2.023877
-1.812175
2.911444
0.978236
-2.051712
0.321040
2.000303
0.447042
0.160634
-0.528810
-1.552273
0.006210
-2.626697
2.015095
2.128600
-1.592087
-1.488304
0.684151
0.456292
-1.514866
-0.371663
-0.627934
-0.566931
2.494312
0.947829
2.204221
2.860008
1.867239
-1.018413
2.096115
-1.074342
-1.004476
-1.337279
-1.015352
0.229797
2.513996
2.899885
2.791735
-2.944931
3.005357
0.151755
-0.045135
-0.625738
-2.952211
-1.057315
0.592845
-0.556273
2.291023
2.040363
0.564200
1.857125
0.622208
2.337382
0.511692
-0.170087
-0.112916
2.663974
1.043530
1.088428
1.746356
-0.461942
0.491370
0.404079
-0.625266
0.666652
1.035924
1.223175
1.814648
1.712953
1.866140
2.599614
2.131312
0.297666
1.511286
2.114186
-0.155141
-0.626359
0.095948
