1.893301
-1.404745
-1.935355
-1.168784
1.688346
-0.961732
-1.571196
-0.646955
-0.772770
1.587857
1.556750
-3.022900
-1.220622
-2.107018
-1.572287
-1.133848
1.532364
-1.564710
-1.306487
1.779422
1.459154
1.531605
0.928495
1.331048
-1.128278
-1.821306
-1.421278
1.889095
1.615147
1.706605
1.232228
-1.212022
-1.137685
-1.517887
-3.140651
0.129521
1.893271
-0.449982
-1.195352
2.442125
2.892378
2.661794
-2.775917
2.756034
1.980124
2.679932
-1.137168
-1.764478
-2.890653
-1.180011
1.098638
-1.724185
2.654516
1.264068
-1.082784
-2.857236
-3.009508
2.815636
2.931981
-0.986809
-2.527473
-1.434529
-1.429198
-1.943072
-1.631320
-2.245544
-1.546737
3.120519
-2.718161
-2.675436
-2.230448
-2.868585
-0.681643
-1.004476
-1.658231
-1.006823
-2.991787
2.513996
-1.838917
-1.897771
-2.290638
-2.026137
-3.031767
-2.688855
-1.018437
-1.818468
-1.015808
3.022767
-2.026808
-1.623535
1.871157
0.564200
1.550869
1.145806
1.746267
2.139855
-0.382015
0.083834
2.663974
1.174429
0.908792
1.310695
-0.131996
0.491370
0.001799
0.292220
1.452050
1.035924
1.892672
1.923348
1.349010
2.129380
0.594598
1.835487
0.297666
1.380386
2.070431
1.127644
-0.452954
0.095948
