-1.173088
-2.103700
-2.718480
-2.997075
1.743727
-2.178529
-1.676739
-2.122883
-1.091960
-2.874392
-2.595771
-2.602044
-1.120183
-2.806479
-2.589333
-2.350579
-2.547504
-2.662899
-2.799694
-1.146352
1.891696
1.771197
-2.236130
-2.039395
-2.676236
-2.864231
-2.358332
-2.644787
1.765286
-1.241830
-2.544588
-2.116459
-1.337174
-1.261466
-1.346523
-1.076115
-2.987683
-2.683589
-2.135438
-1.151800
-1.271282
-1.261054
-2.742733
-1.144890
-2.666816
-1.901557
-1.312007
-1.573300
-2.744975
-1.265814
-2.141383
-1.034363
-1.261381
1.765286
-2.017842
-2.093972
-1.194097
-1.200167
-0.954828
-1.457471
-1.741624
-1.705135
-2.028156
-1.918720
-1.553706
-2.062155
-1.887476
-2.915940
-2.922892
-2.135072
-2.961973
-3.096902
-0.681912
-1.441181
-1.897111
-1.316350
-3.144658
2.513996
-2.522552
-1.781604
-2.134353
-2.382961
-2.842300
-1.673432
-1.018706
-2.134543
-1.202887
-2.699439
-2.621376
-2.380834
1.145260
1.132430
0.980049
1.276706
1.174182
1.186772
1.201838
1.041451
2.598524
2.096565
1.193883
0.703901
1.206523
1.333225
1.039765
1.311795
1.144807
0.970474
1.187075
1.412116
1.091838
1.095727
1.928937
1.200481
1.082975
2.466426
1.265331
2.038537
1.510345
1.246541
