-0.530162
-2.298587
-2.106891
-2.027131
0.570464
-2.187005
-2.769180
-1.833673
-0.496424
-2.582167
-2.466703
-2.082426
-0.594785
-2.027117
-2.257644
-1.935466
-2.416565
-2.143698
-2.106563
-0.571536
0.910266
0.343634
-2.497929
-2.568480
-2.104300
-2.199171
-2.171779
-2.385355
0.501829
-0.719535
-2.544588
-2.186466
-2.634898
-0.083369
-2.001022
0.229172
-1.735161
-1.931090
-2.548735
-1.912763
-1.836389
-2.364162
3.049361
-0.359492
-1.989338
-2.163357
-1.704706
-1.776544
-1.194873
-2.194773
-2.185780
-0.141534
-2.195958
-0.100074
-2.252848
-1.665614
-1.948225
-2.528287
0.400623
-2.220079
-2.217251
2.713493
-3.133422
-2.180520
2.271940
-2.028013
-2.753767
2.507141
-2.922892
-2.291012
-2.183282
-2.924536
-0.943711
-3.064012
3.126757
-3.053422
-3.027935
2.513996
-2.225029
-2.073831
-2.138598
-1.990261
3.020604
-2.107427
-0.756907
-2.134543
2.767162
-2.136497
-2.401749
-2.243442
2.563076
1.257618
2.515450
1.276706
1.439355
2.473592
2.330899
2.428398
2.598524
2.706934
2.616189
2.118558
2.444445
1.111150
2.348362
2.530356
2.336669
2.567913
2.455667
2.416193
2.532730
1.050696
2.583772
1.479966
2.666908
2.582369
1.167523
2.586578
2.611386
2.555478
