-0.386891
-2.233137
-1.887884
-1.987342
0.347495
-1.990655
-1.868772
-2.030023
0.133292
-2.471506
-2.557539
-1.844788
-0.338140
-2.223466
-2.323093
-1.766969
-2.673159
-2.078248
-2.302913
-0.317847
0.466171
0.154609
-2.446449
-2.330817
-2.034996
-2.044861
-2.154420
-2.450805
0.244607
-0.368161
-2.413689
-1.978816
-2.220164
-0.083369
-2.590070
-0.215847
-1.669711
-1.472941
-1.837158
-1.847313
-1.901839
-2.348750
-1.073979
0.239129
-1.593771
-2.163357
-1.901055
-1.972894
-1.130116
-1.629840
-1.782235
-0.160655
-1.446997
-0.550786
-1.925599
-2.560580
-2.275474
-1.677439
0.022776
-1.836717
-2.159903
-2.734851
3.084314
-1.853271
3.032139
-2.617062
-3.002061
-2.796811
-2.922892
-2.487362
-1.466543
-2.923727
-1.140061
-2.857648
3.034516
-2.732250
-2.962485
2.513996
-2.102242
-1.867191
-2.192135
-2.448410
3.077064
-1.656335
-0.560557
-1.990552
-2.665176
-2.047292
-2.947475
-1.916192
2.534360
1.345344
2.328393
1.276706
1.112106
2.408142
2.607790
2.624747
2.598524
2.903283
2.407526
2.029632
2.248095
1.489719
2.282912
3.007607
2.402119
2.371563
2.521117
2.416588
2.467281
1.116146
2.990336
1.414516
2.339659
2.586693
1.311259
2.390228
2.828847
2.799543
