1.288398
-1.685282
-2.106427
-2.364921
1.426546
0.221469
-1.934065
0.375204
-0.772770
1.558340
1.647429
1.784157
-1.220622
-2.318754
-1.969981
-2.366602
1.733990
-1.524817
-2.115928
1.160182
1.451406
1.662505
1.505058
1.266521
-2.332058
-2.108515
-2.196892
1.185460
1.652432
1.444805
1.428578
-0.276755
0.171312
-2.654678
2.917717
0.787777
1.467828
0.345251
-1.588051
2.442125
2.569194
2.792694
-2.906817
2.397152
1.849224
2.679932
-1.660766
-0.783566
-2.890653
-0.282985
1.545862
-1.826111
2.734489
1.118071
-1.737283
-2.942279
3.118979
2.946536
2.871155
-0.471164
2.957622
-1.434529
-1.690997
-2.597571
-1.647835
-2.032770
-1.284938
-2.769968
3.041425
-2.946348
-2.181349
-2.917477
-0.943442
-1.004476
-1.753507
-1.008938
2.495341
2.513996
-1.944541
-2.552269
-2.880513
-2.727860
2.854183
-2.967823
-0.756638
-2.472967
-1.019221
2.266253
-2.117663
-2.890716
1.820578
0.564200
2.155957
0.622208
2.333790
1.991065
-0.430015
-0.112586
2.663974
1.174429
1.825090
1.746356
-0.260257
0.491370
-0.220810
-0.363467
1.190251
1.035924
2.196527
2.322986
2.493203
1.673608
-0.799068
2.190505
0.297666
1.380386
2.246685
-0.286041
-0.590901
0.095948
