1608.606276 203.301813
347.225944 1578.621449
330.169548 1673.512247
257.850388 1838.538741
1792.571764 1419.063296
282.084420 1577.894815
364.309654 1606.771299
314.541569 1564.089413
1670.370541 117.763582
821.620926 1797.496024
835.139930 1764.155117
293.003840 1856.753774
1651.386497 162.468209
329.318534 1615.582963
308.484185 1639.349929
262.915100 1909.203810
800.096424 1770.644690
293.970772 1593.742111
271.350616 1639.648296
1643.340377 203.044620
1816.121520 1315.217259
1799.479839 1383.965044
763.948122 1764.843617
860.226829 1792.403532
288.477663 1719.756823
322.833959 1724.155884
295.484500 1618.460939
787.437387 1739.037216
1785.822383 1453.407038
1624.403664 234.717736
715.827895 1679.091388
216.809967 1484.546391
908.678678 1171.394131
1772.637779 1979.106635
956.525485 1102.862100
1696.655317 47.904042
1092.849491 1172.874144
1022.321511 1152.916848
990.556843 1208.946939
955.276120 1088.735880
827.907212 1198.050033
877.333990 1234.175119
990.073453 1215.066857
1672.934420 1936.543767
1106.202715 1230.055217
163.287118 1467.657615
869.403864 1153.822543
903.952677 1107.935959
970.430009 1156.531012
928.497972 1215.771901
1056.496708 1218.527031
1715.677530 1976.931520
871.695922 1170.451702
1774.793160 1509.398721
954.327256 1162.847716
1043.521022 1146.662305
1081.205742 1107.598916
947.107790 1262.485210
1715.817797 1974.405501
1009.308167 1108.705783
350.584495 1381.980066
275.059964 176.756708
193.931545 167.338103
179.943379 1352.759346
225.419191 235.863829
158.272496 1280.264634
132.883835 105.778849
106.586229 19.903945
1883.041326 1920.440899
279.439883 1404.942507
216.872631 1451.361680
1957.579841 1935.418379
612.089841 486.668158
31.788309 70.671806
239.930398 107.617464
60.642324 144.358492
14.005234 1993.458941
1265.244125 738.693710
107.240868 1323.529200
301.112920 1308.642947
265.159410 1363.707836
192.876396 1338.029306
78.317190 1975.002192
370.929354 1293.957925
553.748465 435.450425
36.079534 1253.156302
127.696145 187.115294
345.895074 1465.562146
103.785381 1425.702410
245.100951 1284.185449
1130.731123 1119.550681
1288.924740 72.052423
1053.175034 1186.939786
1442.097210 589.842417
1446.455248 410.185279
1335.409395 1145.659684
893.922190 1225.264831
970.332514 1367.142659
424.509168 1594.308530
819.098642 1581.412682
1172.645632 1208.549410
640.777422 981.278546
1066.874403 1298.055830
1347.237482 422.239910
973.656919 1273.368839
891.028011 1441.699725
1241.106277 1105.888119
604.052638 1069.936798
1324.595600 1036.531614
1286.358904 937.890576
1229.619752 1014.800644
1300.559632 324.487929
681.343116 1459.322093
1397.254888 308.938142
637.351991 1379.474443
557.328466 1497.095254
1328.517320 226.571519
754.832293 1517.375393
877.216107 1347.520624
792.251326 1424.219530
