1340.779739 817.451426
757.260259 56.734829
817.426834 60.734929
766.172963 129.034975
1919.935853 759.339005
703.449824 69.724911
818.167484 4.431930
761.674766 26.123673
1393.454899 728.741878
1369.993452 151.197151
1384.793689 117.006556
806.952525 113.256290
1375.354717 774.324229
756.881567 93.003775
789.683106 37.629326
787.936340 268.611907
1356.490727 125.461079
749.757291 39.978168
724.664274 85.671030
1375.846066 817.314743
1986.295521 665.704371
1928.345355 724.440104
1325.630170 122.632442
1419.450310 117.154456
714.797560 154.215568
793.062096 89.617107
720.127800 119.737981
1351.424105 93.446864
1915.697059 794.076644
1370.618836 855.582999
1271.587573 56.868015
578.631000 40.359288
939.065001 1799.350919
1526.366220 598.298787
1136.726930 1702.915345
1423.659512 659.508432
1383.145455 1699.118569
1363.112719 1636.025703
1239.437710 1794.528150
1085.260474 1658.820376
883.503178 1807.138079
917.105885 1852.992773
1178.827584 1781.638547
1422.375523 549.341036
1407.581397 1751.724286
512.612472 38.419596
1048.521862 1756.546375
1084.603306 1717.808231
1196.523970 1729.313476
979.282952 1839.273284
1309.227253 1823.249813
1464.324286 592.490288
996.197399 1774.356966
1904.667835 850.068326
1130.222638 1765.103458
1284.919197 1760.883583
1247.216092 1714.531102
885.163296 1911.985866
1470.448775 593.985352
1193.261733 1704.541383
683.167378 1933.711501
631.292722 670.396597
549.397622 671.162122
466.405379 1932.503647
590.370652 735.073355
468.370727 1844.097677
521.238157 578.665529
715.708734 161.683443
538.969359 66.492168
610.726315 1972.531562
516.396781 6.986333
614.683240 51.974314
171.564123 983.621357
406.459886 463.075033
587.687586 607.623040
313.143280 605.373097
654.064996 118.759151
1595.300107 499.257614
397.273429 1900.123734
545.722353 1918.983882
537.728374 1954.718018
470.866499 1918.028269
722.681248 86.382389
613.622620 1897.182070
118.006477 936.603405
395.167229 1821.170411
251.569974 699.411529
684.082269 21.470227
441.662610 1971.846661
533.179646 1871.868275
1007.657452 507.550320
1013.355910 1460.887202
1060.117582 605.086027
1247.305070 1946.693895
1225.667128 1781.822632
1191.238404 520.963962
995.129755 674.440897
1131.705998 818.745881
999.826403 1247.041948
1268.978678 1114.855024
1155.871237 607.153121
205.141461 480.062805
1222.056653 777.241212
1130.670971 1791.921986
1097.341829 714.500126
1078.122326 889.843192
1099.504146 478.397635
169.738582 567.212910
1162.400083 408.328767
1156.354461 293.142578
1073.078442 385.533720
1080.543346 1695.189613
1134.347318 986.394600
1176.713040 1680.321210
895.118318 891.397313
1100.289815 1102.524137
1127.890334 1587.437372
1206.984192 1046.120055
1039.958987 797.319042
986.626604 874.088189
