949.304918 1137.999071
1101.662701 512.788369
1160.149490 507.787454
1116.257969 554.689639
24.177083 177.298781
1040.619523 503.102707
1159.544911 458.999903
1091.023497 480.809895
960.424256 1004.750847
1894.843315 175.905562
1909.941739 143.500192
1143.634845 564.201624
988.597079 1093.884686
1119.019018 520.830751
1138.743516 488.085125
1086.255660 709.167099
1891.360098 103.518718
1077.731042 514.013797
1064.893393 544.120647
986.157467 1132.043611
27.084871 95.533924
29.180770 141.315550
1871.465042 150.524339
1964.107817 122.419678
1092.954212 582.083588
1136.164228 525.187005
1093.609551 548.224516
1897.601118 75.181234
29.875060 213.191871
1023.708544 1131.362797
1808.870468 243.956912
929.529893 498.746374
988.989464 360.529628
1570.762132 1144.862650
1037.469311 253.063176
1091.516719 992.911459
1109.705201 1217.410675
1056.546408 1183.288917
1513.438034 238.972346
930.058010 1112.785936
1067.854747 246.722179
955.452856 409.168347
1555.654026 171.142419
1023.140569 837.942379
1177.274608 1255.907587
203.852528 9.755325
1265.736388 229.828206
980.957646 264.735441
1496.661867 181.897872
1047.849822 397.839023
1750.514109 155.922369
1519.113938 1141.548110
1032.122538 336.551582
19.081240 269.229646
1423.021847 204.615989
1609.338968 175.975520
1582.002139 125.988620
990.142646 459.665462
1099.230012 949.886956
1120.982571 236.873059
1005.860161 397.400282
620.672413 1248.927366
519.241316 1256.241865
757.205944 433.378028
571.388080 1311.976869
789.457192 332.878469
493.521126 1166.575940
1095.465679 586.690160
871.653267 534.638519
903.681715 454.702944
782.361238 522.383416
980.703569 466.732866
1788.339258 1421.135328
84.351664 958.980190
563.202710 1195.584674
1992.934926 1102.997937
1028.542487 504.835982
1886.063710 288.325816
691.638060 393.783858
850.040797 400.335258
825.114458 459.646033
774.798807 405.496547
1101.046903 504.797152
928.672837 378.986993
1733.764809 1373.225097
711.506388 321.563792
1932.655471 1198.065048
1072.445280 434.155987
703.547842 482.668409
861.770515 347.076715
842.537846 1978.286684
615.790657 1047.704463
904.377847 44.004430
1075.702470 1380.110672
1029.727179 1227.447373
1097.565801 1972.011392
834.370650 191.490314
936.045793 264.401400
1263.973844 1094.709690
1204.286954 555.805895
1004.710436 42.266069
1811.326778 42.177770
1019.724667 227.514291
937.564878 1235.943629
931.501102 156.629713
874.741758 336.874920
937.140307 1945.447935
1774.918094 130.234545
1012.616002 1895.625346
925.715942 1831.649686
849.068515 1883.973278
872.303274 1196.880064
1040.989106 422.210747
963.670750 1138.801983
438.490809 578.903873
1109.642257 582.842410
885.421698 1083.948936
1124.855960 476.525039
839.703725 250.621256
774.339271 328.634816
