1755.622794 1912.357562
176.082518 1308.788235
170.925978 1383.028802
164.718312 1522.051202
1852.264961 1712.611333
107.502452 1301.534138
168.279401 1351.867438
163.762595 1272.855674
1847.843780 1848.152093
559.035943 1600.923194
571.033114 1566.762858
194.860486 1541.716291
1818.787027 1882.089396
153.965994 1337.653647
126.595245 1366.681043
195.813452 1586.050508
536.200061 1575.307113
142.762477 1303.107134
96.479152 1360.949446
1794.735136 1914.072413
1830.270813 1631.684897
1852.670035 1674.031613
499.169809 1568.491935
594.266715 1595.751309
159.764190 1416.095870
194.898079 1420.225638
123.990568 1336.569833
522.237179 1543.038650
1847.273592 1746.422115
1772.084236 1943.102482
441.256149 1492.451745
28.062520 1213.616137
784.379213 887.814346
3.696354 1780.655948
843.048501 818.070369
1913.932784 1846.541520
928.967479 912.903880
787.085514 940.154614
735.304435 1009.102685
806.179459 806.403035
690.703430 911.184747
675.864471 983.669086
739.044977 1021.657139
1897.445781 1712.929243
900.831810 981.435061
1977.869500 1192.259164
725.098907 868.487309
757.209052 823.473480
860.210991 874.437160
729.123219 961.021180
849.184199 959.989661
1938.410066 1761.347208
797.588162 888.055353
1902.007545 1715.022076
822.479614 886.642617
884.902918 881.129092
936.555541 816.979573
701.611242 1052.981397
1942.140967 1794.738698
881.651005 814.898699
242.553660 1085.580016
1960.014572 130.051474
1875.929639 127.357444
41.892691 1089.118178
1923.517228 204.172800
51.320243 977.615362
1889.625703 1896.866844
1798.326858 56.924972
1558.949470 1848.409870
99.563317 1129.989529
40.716694 1174.717922
1633.221711 1864.598281
826.584849 238.625951
1802.149146 1895.959451
1922.490931 61.498512
1799.495170 1975.260598
1695.280796 1906.558272
1102.180753 856.986543
1989.975666 1026.735413
200.829162 1000.191039
141.583673 1068.030849
56.205440 1045.402206
1798.973761 1822.664155
282.132916 993.305631
771.935414 190.649483
1858.673113 972.530284
1846.223123 65.041095
197.162437 1169.405181
1994.223625 1134.902095
124.386950 983.565599
867.031091 1317.552627
1384.887692 389.505337
789.793790 1381.382903
1538.333803 907.588414
1544.245866 721.858643
1073.947803 1342.040495
633.079194 1422.814565
706.320657 1565.644611
140.275058 1765.874758
548.802837 1763.581263
907.125224 1404.208051
660.447620 1256.815331
805.498102 1487.781895
1453.508143 731.116258
713.358074 1474.441174
626.112525 1639.280949
980.506733 1309.735508
582.765620 1342.516839
1074.992012 1249.270319
1046.782033 1160.218053
968.471661 1216.237590
1409.769327 635.200298
411.060910 1641.675068
1501.745456 621.107611
364.166989 1556.999752
277.110417 1675.138059
1430.519812 541.536692
481.996596 1696.494229
612.529445 1545.524914
517.313297 1608.107331
