992.955013 1138.393137
1064.262053 491.442134
1120.553255 490.857941
1075.928882 538.340485
20.460624 221.136834
1016.011145 467.018730
1117.980149 444.998330
1054.502149 457.147242
1003.720192 1012.417165
1863.904747 206.917409
1870.722441 162.631207
1109.564329 537.864005
1031.129863 1104.050493
1079.495443 502.049546
1097.885050 472.496572
1042.596961 714.336149
1859.488264 133.140353
1040.837107 490.220600
1025.598608 524.865349
1028.440501 1140.205427
39.201004 137.649072
24.751308 185.090345
1840.116286 181.275744
1926.210237 144.729845
1050.899222 569.991258
1094.730485 510.692915
1054.259204 529.642798
1857.453535 92.471480
21.501605 256.387754
1066.699371 1128.861002
1765.281336 249.750644
898.469366 467.617771
964.333159 324.233825
1558.320970 1103.093770
1017.940049 213.955773
1123.459315 1022.670154
1139.108641 1250.141166
1096.262126 1202.109168
1469.797916 237.003907
948.378819 1152.535112
1037.172228 215.383014
938.838627 368.877042
1512.062523 167.606654
1051.654556 870.240460
1201.108011 1292.893651
177.757236 44.011798
1227.523133 208.018151
965.879278 223.705892
1453.236389 182.005136
1023.887636 360.941304
1707.844293 146.545434
1502.063818 1101.439318
1013.083612 297.925301
10.577541 312.400088
1380.768556 192.351165
1572.632128 153.457125
1541.183871 111.253188
963.817268 424.497083
1132.844820 976.803771
1092.357578 203.644005
980.880279 361.415074
612.129483 1206.057803
521.447313 1212.641770
748.484732 390.465243
569.950821 1268.179750
761.127992 299.311347
495.359628 1122.752969
1078.964972 545.930161
860.576066 492.086700
892.648919 412.300225
775.664768 478.937230
955.372130 430.902881
1817.038386 1388.583461
107.959023 921.849440
565.329847 1151.774765
16.530947 1065.859981
1017.375902 462.477547
1864.452902 304.003179
669.870979 356.626566
826.857967 363.827084
816.598443 416.809184
749.924273 370.343628
1091.651235 462.011043
915.149606 337.555797
1762.329235 1340.554964
687.994694 284.372392
1956.237059 1160.917926
1053.945466 395.268623
690.383754 440.985225
842.582038 308.105017
875.212583 6.845842
652.971389 1071.233024
904.776945 87.902449
1088.456718 1422.221588
1051.943989 1265.093016
1131.037648 0.570724
801.547091 219.366544
955.211386 303.878271
1254.404012 1099.662923
1215.935181 597.407892
1005.735941 86.139384
1841.056962 74.223006
1043.407739 264.255184
956.174147 1275.545776
942.125188 198.642612
893.119661 376.587630
964.920579 1979.223876
1803.717690 163.118649
1044.437503 1925.404768
953.328361 1865.656802
875.571213 1918.852164
839.977892 1226.305406
1059.183146 462.196447
962.734600 1182.665981
480.555851 591.808611
1122.634997 624.044304
883.586769 1127.849193
1138.032176 518.505826
871.013401 280.670685
798.861834 364.302768
