1109.202784 560.510167
1550.304089 884.699251
1637.406882 837.433745
1477.039018 998.243401
1940.240292 1514.232676
1603.815292 762.689983
1616.350545 807.770957
1584.153647 804.005209
789.529881 1184.099425
1922.342971 1550.001429
1877.890399 1507.665123
1636.274310 959.711041
816.772633 1204.013112
1591.651392 847.354249
1594.880610 836.147927
1478.908270 1053.367405
1906.731454 1516.688937
1556.137073 837.869637
1476.506101 933.836344
1122.585096 522.653600
1916.927443 1446.064500
1920.341279 1485.089408
1887.349513 1544.626080
1882.427644 1471.090829
1455.355855 1027.955310
1583.774375 880.402416
1511.110113 941.765128
1843.842148 1511.608642
1956.407839 1545.693416
1158.899486 521.214104
61.433425 1663.790410
1563.329789 676.608451
1578.336143 599.109632
1748.554596 1797.166291
1541.241823 466.195375
554.954843 1046.329820
1067.625566 598.657792
563.153257 1096.831085
1648.223486 752.216969
779.011016 727.084772
1641.101460 535.980210
1556.532056 519.641850
78.591316 585.906281
1611.289108 605.008695
1105.567030 640.513757
823.285590 1701.283450
1676.959910 712.832776
1416.933844 770.392831
19.833240 534.044639
1600.073498 723.325882
7.613892 1642.359757
1698.087091 1797.518890
1637.355240 597.725012
1980.841968 1630.071033
1733.169502 705.066307
135.927584 574.450943
98.131591 532.578131
1592.097337 563.771366
1639.925907 648.585609
1627.531946 670.551527
1251.756435 1022.355058
583.657731 1927.241825
463.297978 1934.473601
974.154405 1077.789284
539.595856 1975.436283
989.529910 969.046196
460.554350 1853.991321
1269.706316 1201.548308
1128.130127 1142.413227
1125.063072 1062.333763
1006.665684 1158.680932
1190.282606 1098.673006
1337.515519 1933.785373
1713.072290 1542.945623
532.561785 1883.282391
1622.051190 1687.214695
1236.016513 1137.329036
225.942786 41.763646
930.326616 1016.433512
1069.765911 1045.620850
1049.719603 1097.569069
1006.824727 1045.209594
1305.784884 1128.223038
1175.257457 1008.866522
1283.758341 1886.592777
1021.469647 912.625227
1562.332119 1782.636966
1320.219460 1045.546088
915.759001 1122.926839
1096.016630 982.923666
482.183374 1439.326231
31.039148 677.664366
560.572178 1485.068578
875.112945 717.820825
860.501723 574.216869
689.738066 1439.450970
583.644674 1583.115836
724.912607 1632.883516
1414.481205 1016.808848
1008.746296 1901.191284
607.282913 1500.498349
1349.945099 1531.663936
816.876873 1601.746227
549.621822 690.441529
748.048354 1534.516116
836.202493 1708.543977
560.831445 1389.987204
1316.376535 1617.166630
644.536806 1345.412905
578.538825 1261.901728
500.681026 1315.659170
780.386647 525.384396
782.685579 1785.940016
851.960809 463.463481
1776.922422 375.947548
914.095358 1928.235494
773.711087 409.218936
873.842475 1833.278537
633.564806 1671.329087
256.189446 33.686354
