-1.426025 3.737172
1.371646 -3.757471
0.693741 -3.939381
1.716929 -3.612776
1.688880 3.625973
1.091097 -3.848312
1.864099 -3.539087
1.488732 -3.712637
2.699356 -2.951860
0.893926 3.898833
1.893501 3.523444
-0.246665 -3.992387
1.644237 -3.646435
1.393984 -3.749241
1.870599 -3.535656
1.274874 -3.791398
1.931089 3.502984
1.156381 -3.829201
0.879986 -3.902003
-1.249829 3.799727
2.007740 3.459621
2.134192 3.383079
0.988075 3.876043
2.765375 2.890104
1.219066 -3.809708
1.847240 -3.547915
0.446338 -3.975020
1.974452 3.478727
1.391523 3.750155
-2.016979 3.454243
0.045274 3.999744
0.903630 -3.896595
-2.898351 -2.756730
-0.026989 -3.999909
-3.175705 2.432056
3.861681 -1.042794
-1.267657 3.793817
3.993308 -0.231275
0.968460 -3.880990
-3.060740 2.575242
-1.523437 3.698532
-3.276992 2.293758
-3.894288 -0.913519
-2.170378 3.359979
-1.591969 3.669555
-3.581256 1.781743
1.680666 -3.629788
-0.544847 -3.962719
-3.874718 -0.993257
1.993368 -3.467922
1.819238 3.562355
-0.327772 -3.986548
-2.549297 3.082383
-0.109186 3.998510
1.398280 -3.747641
-3.807792 -1.225039
-3.645305 -1.646741
-2.641268 3.003948
-2.972119 2.677034
1.383425 -3.753150
-1.840397 -3.551470
0.021471 -3.999942
0.564504 -3.959967
-1.612466 -3.660595
0.078124 -3.999237
-0.602294 -3.954395
0.357559 -3.983987
3.121396 -2.501377
-0.705274 -3.937333
-0.773900 -3.924421
-1.691792 -3.624616
0.250046 -3.992177
2.750619 -2.904151
2.146124 -3.375523
-1.587688 -3.671409
2.141132 -3.378691
-2.498622 -3.123602
-1.964619 1.425215
-0.547162 -3.962400
0.781439 -3.922927
-0.779942 -3.923225
-3.391190 -2.121280
-2.032032 -3.445409
-0.962269 -3.882530
2.525295 -3.102078
-0.980591 -3.877943
2.132287 -3.384280
-1.509154 -3.704383
-0.771975 -3.924800
-0.730432 -3.932743
-0.279890 3.990196
3.380067 2.138960
1.112060 3.842307
1.159477 3.828265
-0.112580 3.998415
1.165960 3.826295
3.598162 1.747350
3.618994 1.703785
-0.869985 0.450294
2.012693 3.456742
2.835523 2.821313
2.680056 2.969394
3.191796 2.410899
3.434883 1.838176
1.897411 3.521340
1.688522 3.626140
0.880587 3.901867
2.671119 2.977436
1.065033 3.855607
0.444234 3.975255
1.488064 3.712905
-0.139911 3.997552
1.462610 3.723006
0.004617 3.999997
3.824095 1.173158
0.237901 3.992919
-0.281499 3.990082
1.992271 3.468552
3.196222 2.405029
3.981602 0.383203
