1.260871 -3.796077
-3.178264 -2.428711
-2.763661 -2.891743
-3.295308 -2.267365
-0.769284 3.925328
-2.780519 -2.875537
-3.562289 -1.819367
-1.773018 -3.585583
1.315222 -3.777591
-3.487991 -1.958039
-3.656481 -1.621772
-3.786749 -1.288617
1.415092 -3.741325
-3.233157 -2.355142
-1.458994 -3.724424
-3.817032 -1.195938
-3.684355 -1.557411
-2.023960 -3.450157
-2.673782 -2.975045
1.848391 -3.547316
-0.868291 3.904622
-0.771037 3.924984
-3.606449 -1.730181
-3.411297 -2.088793
-1.107016 -3.843763
-1.715800 -3.613313
-2.448342 -3.163166
-3.219397 -2.373917
-0.773064 3.924586
1.607493 -3.662781
-3.308093 -2.248670
-2.200427 -3.340377
-2.721064 -2.931861
0.965879 -3.881633
-1.426959 -3.736815
1.101832 -3.845252
-0.028914 -3.999895
-1.544283 -3.689877
-1.527402 -3.696896
-2.050765 -3.434292
-1.814466 -3.564788
0.418490 -3.978048
-3.077673 -2.554981
0.910184 -3.895069
-2.156181 -3.369107
-2.233947 -3.318054
-3.015283 -2.628320
-2.481758 -3.137017
-2.280841 -3.285995
-1.169570 -3.825194
-1.321560 -3.775378
0.931194 -3.890100
-2.123767 -3.389633
-0.773064 3.924586
-0.276055 -3.990463
-1.326680 -3.773582
-0.843030 -3.910154
-0.660821 -3.945037
1.027524 -3.865772
-2.985336 -2.662286
-2.386197 -3.210306
-3.666768 -1.598377
-3.066658 -2.568191
-1.606805 -3.663083
-3.219361 -2.373966
-2.823010 -2.833834
-3.330883 -2.214773
-3.973532 -0.459395
-3.904721 -0.867844
-1.531723 -3.695108
-2.497855 -3.124216
-3.919776 -0.797092
2.933939 -2.718824
-3.931306 -0.738130
-3.735717 -1.429831
-3.919035 0.800728
-3.823616 -1.174716
-1.964619 1.425215
-1.895221 -3.522519
-1.207602 -3.813358
-2.060456 -3.428487
0.675087 -3.942621
-3.998105 0.123115
-0.148708 -3.997235
2.316125 -3.261222
-2.137427 -3.381036
-3.671088 -1.588431
-1.790166 -3.577053
-2.219834 -3.327512
-1.857004 -3.542815
0.318956 3.987263
1.871309 3.535280
-2.169676 3.360432
1.159477 3.828265
1.469399 3.720332
0.746301 3.929763
-3.046056 2.592593
-2.456421 3.156896
-3.424507 2.067063
-2.894081 2.761213
-2.460989 3.153337
2.479235 3.139011
-2.981499 2.666583
1.348726 3.765759
-3.148993 2.466545
-3.470903 1.988173
0.582721 3.957327
2.470666 3.145760
0.745109 3.929989
1.001993 3.872468
0.756004 3.927908
1.189673 3.818989
-3.609160 1.724518
1.099259 3.845989
-2.781273 2.874807
-3.325018 2.223568
0.930888 3.890173
-3.530150 1.880968
-2.942351 2.709717
-3.091950 2.537684
