1.260871 -3.796077
-0.604005 -3.954134
-1.680534 -3.629849
-0.272726 -3.990692
-0.771332 3.924926
-1.346209 -3.766659
-3.146189 -2.470121
-1.289838 -3.786333
1.247787 -3.800398
-3.054418 -2.582737
-3.559612 -1.824599
-0.258599 -3.991632
1.326927 -3.773495
-2.085774 -3.413143
-1.692990 -3.624057
-3.230041 -2.359414
-3.541288 -1.859913
-1.062029 -3.856436
-1.331752 -3.771795
1.503533 -3.706668
-0.843953 3.909954
-0.771881 3.924819
-3.349762 -2.186115
-3.366039 -2.160968
-0.669258 -3.943614
-1.000765 -3.872786
-1.546229 -3.689062
-3.501713 -1.933392
-0.773064 3.924586
1.268130 -3.793659
-3.308093 -2.248670
-2.617609 -3.024586
-2.721064 -2.931861
0.965879 -3.881633
-3.104190 -2.522698
1.268669 -3.793478
-2.758414 -2.896748
-2.012697 -3.456740
-1.031793 -3.864635
-2.869747 -2.786494
-1.814466 -3.564788
-2.196977 -3.342647
-1.387852 -3.751515
1.887288 -3.526775
-2.106148 -3.400609
-2.233947 -3.318054
-2.646422 -2.999408
-2.422708 -3.182842
-1.352645 -3.764353
-1.658852 -3.639809
-2.478760 -3.139387
0.985633 -3.876665
-3.259261 -2.318883
-0.773064 3.924586
-2.719234 -2.933559
-2.258149 -3.301630
-3.291556 -2.272808
-1.021405 -3.867393
0.992541 -3.874902
-1.739278 -3.602070
-1.474001 -3.718511
-3.932954 -0.729298
-3.949287 -0.634924
-2.071187 -3.422015
-3.882487 -0.962442
0.362598 -3.983531
-3.998872 0.094985
-3.879575 -0.974115
-3.904721 -0.867844
-2.435895 -3.172762
-1.112131 -3.842286
-3.916993 -0.810656
2.933939 -2.718824
-3.801328 -1.244953
-3.978493 -0.414236
-3.285044 -2.282210
-3.637574 -1.663748
-1.964619 1.425215
-0.918948 -3.893011
-1.207602 -3.813358
-1.102890 -3.844949
-1.864533 -3.538858
-3.524018 -1.892432
-1.178201 -3.822544
2.316125 -3.261222
-2.137427 -3.381036
-3.999509 -0.062654
-1.554386 -3.685632
-2.347300 -3.238855
-1.353783 -3.763944
-0.204215 3.994784
1.871309 3.535280
-3.161643 2.450309
1.159477 3.828265
1.771098 3.586532
0.226980 3.993555
-3.613277 1.715875
-3.477529 1.976560
-3.424507 2.067063
-3.229732 2.359837
-1.924090 3.506833
2.479445 3.138846
-3.905739 0.863250
1.229769 3.806267
-3.148993 2.466545
-3.181700 2.424208
0.582721 3.957327
2.470666 3.145760
0.225768 3.993623
0.721339 3.934421
0.466376 3.972719
1.189673 3.818989
-3.039843 2.599876
1.099259 3.845989
-3.430559 2.057004
-3.340056 2.200915
0.971935 3.880122
-3.254434 2.325653
-2.942351 2.709717
-3.129617 2.491084
