1.260871 -3.796077
-0.298739 -3.988829
-3.981634 -0.382868
-3.769860 -1.337218
-0.695313 3.939104
-2.382605 -3.212972
-0.112027 -3.998431
-2.789012 -2.867301
1.840445 -3.551445
-2.204284 -3.337833
-3.473725 -1.983238
-3.786578 -1.289120
1.777024 -3.583600
-2.410012 -3.192466
-3.999817 -0.038239
-3.077357 -2.555362
-1.512089 -3.703186
-2.369339 -3.222768
-3.957706 -0.580142
2.175678 -3.356550
-1.236012 3.804244
-0.752425 3.928595
-2.669813 -2.978607
-3.647014 -1.642951
-3.449597 -2.024915
-3.767254 -1.344545
-3.277251 -2.293387
-3.384220 -2.132382
-0.773064 3.924586
1.429658 -3.735784
-3.308093 -2.248670
-1.369009 -3.758433
0.149056 -3.997222
0.965879 -3.881633
-1.426959 -3.736815
1.886024 -3.527452
-2.567492 -3.067244
-3.464392 -1.999497
-1.516674 -3.701311
0.978301 -3.878521
0.927731 -3.890927
1.236608 -3.804051
-1.747020 -3.598322
1.410805 -3.742944
-3.430368 -2.057323
-1.543702 -3.690120
-0.792165 -3.920775
1.391354 -3.750218
-1.755082 -3.594397
0.813972 -3.916306
-1.685437 -3.627575
2.264784 -3.297082
0.310049 -3.987966
-0.773064 3.924586
1.078111 -3.851970
-1.731133 -3.605992
0.197718 -3.995110
1.062587 -3.856282
2.519582 -3.106720
0.191428 -3.995417
1.133535 -3.836026
-1.781482 -3.581386
-1.100333 -3.845682
-2.886296 -2.769350
-2.165118 -3.363371
-2.113917 -3.395785
-1.120402 -3.839883
-3.521213 1.897645
-3.904721 -0.867844
-2.525101 -3.102235
-3.720610 -1.468695
-3.989172 -0.294118
2.933939 -2.718824
0.256485 -3.991768
-2.021775 -3.451438
1.189359 -3.819087
-3.990615 0.273848
-1.964619 1.425215
-1.419226 -3.739759
-1.091028 -3.848332
-2.353366 -3.234450
-3.384162 -2.132475
-3.958453 0.575024
-1.178201 -3.822544
2.316125 -3.261222
-2.137427 -3.381036
1.385713 -3.752306
-1.892595 -3.523930
-1.298562 -3.783350
-1.857004 -3.542815
2.330276 3.251125
1.696719 3.622312
2.440433 3.169273
1.159477 3.828265
1.300576 3.782658
1.252854 3.798731
0.687011 3.940560
1.307501 3.780270
-3.424507 2.067063
-1.293975 3.784921
1.897833 3.521112
3.212080 2.383808
1.177586 3.822734
1.193620 3.817757
0.955057 3.884310
1.139224 3.834341
1.616908 3.658635
2.038925 3.441334
1.251701 3.799111
0.889283 3.899894
1.936952 3.499745
1.593040 3.669090
-1.758035 3.592953
1.688416 3.626190
1.562568 3.682171
-2.835522 2.821314
1.267990 3.793706
-2.465373 3.149911
1.772948 3.585618
1.116329 3.841069
