-1.425317 3.737442
1.420548 -3.739257
1.201998 -3.815128
1.635217 -3.650488
1.201147 3.815396
1.146399 -3.832202
1.864099 -3.539087
1.488732 -3.712637
2.290968 -3.278943
1.395178 3.748797
2.337203 3.246149
-0.097050 -3.998823
2.106126 -3.400623
1.639189 -3.648707
2.226108 -3.323318
1.249003 -3.799999
1.931089 3.502984
0.646677 -3.947380
0.363144 -3.983482
-1.735100 3.604085
2.442135 3.167961
1.674353 3.632705
0.988075 3.876043
2.364483 3.226333
1.219066 -3.809708
2.294533 -3.276449
0.938992 -3.888225
1.503495 3.706683
0.890125 3.899702
-1.548855 3.687960
0.566958 3.959616
1.404507 -3.745312
-2.898351 -2.756730
-0.548851 -3.962166
-3.465984 1.996736
3.964756 -0.529822
-0.761620 3.926823
3.928958 -0.750528
1.466746 -3.721378
-3.060740 2.575242
-1.993159 3.468042
-2.949561 2.701868
-3.980210 -0.397397
-2.590375 3.047943
-2.057323 3.430368
-3.581256 1.781743
1.192505 -3.818106
-0.440556 -3.975665
-3.874718 -0.993257
1.523660 -3.698440
1.338693 3.769337
0.195381 -3.995225
-2.929819 2.723263
-0.630162 3.950050
1.875483 -3.533067
-3.807318 -1.226512
-3.399176 -2.108460
-2.226578 3.323003
-2.972119 2.677034
1.611963 -3.660816
-1.361093 -3.761307
-0.500810 -3.968525
0.042795 -3.999771
-1.120868 -3.839747
0.599461 -3.954826
-0.602294 -3.954395
-0.165515 -3.996574
3.421187 -2.072553
-1.213166 -3.811591
-1.279519 -3.789833
-1.204211 -3.814430
-0.273177 -3.990661
3.106155 -2.520278
2.146124 -3.375523
-1.622755 -3.656045
2.141046 -3.378746
-2.884958 -2.770743
-1.964619 1.425215
-0.547162 -3.962400
0.262709 -3.991364
-0.261186 -3.991464
-3.085295 -2.545771
-2.292769 -3.277684
-1.460808 -3.723713
2.098788 -3.405156
-0.980591 -3.877943
2.131998 -3.384462
-1.979762 -3.475707
-1.277660 -3.790460
-0.730432 -3.932743
-0.279890 3.990196
3.380067 2.138960
1.604068 3.664282
1.159477 3.828265
-0.633515 3.949514
0.656553 3.945749
3.465572 1.997451
3.365645 2.161582
-0.869985 0.450294
1.544279 3.689879
2.779935 2.876102
2.269544 3.293808
2.849805 2.806887
3.434883 1.838176
1.819016 3.562468
1.200770 3.815514
0.880587 3.901867
3.036901 2.603312
0.552664 3.961636
0.175823 3.996134
1.357601 3.762568
0.383072 3.981615
1.936047 3.500246
-0.517527 3.966379
3.824095 1.173158
0.757046 3.927707
0.241719 3.992690
2.007025 3.460036
3.482797 1.967263
3.981602 0.383203
