1.304716 -3.781232
-3.031768 -2.609288
-3.981634 -0.382868
-3.563067 -1.817844
-0.931806 3.889953
-3.218353 -2.375333
-0.880774 -3.901825
-2.436330 -3.172427
1.844111 -3.549543
-3.577883 -1.788507
-2.569907 -3.065221
-3.910196 -0.842831
1.720692 -3.610986
-3.855442 -1.065631
-3.899167 -0.892465
-2.880141 -2.775750
-3.858437 -1.054736
-3.954217 -0.603466
-3.137403 -2.481271
1.839378 -3.551998
-1.239567 3.803087
-0.747413 3.929551
-3.349762 -2.186115
-2.468074 -3.147795
-2.807968 -2.848739
-3.559526 -1.824767
-3.330621 -2.215167
-2.717005 -2.935624
-0.773064 3.924586
1.237340 -3.803812
-3.308093 -2.248670
-2.661284 -2.986230
1.178535 -3.822441
2.377793 -3.216536
1.142747 -3.833292
1.905789 -3.516812
-3.757135 -1.372565
-3.965855 -0.521528
-1.914864 -3.511879
2.715548 -2.936971
1.903165 -3.518233
1.310727 -3.779153
-3.989748 -0.286197
1.410805 -3.742944
-3.956550 -0.587973
-1.048839 -3.860044
0.768551 -3.925472
-1.295235 -3.784490
-3.782653 -1.300592
1.448073 -3.728684
-2.373246 -3.219892
2.264784 -3.297082
1.046077 -3.860793
-0.773064 3.924586
-0.992314 -3.874960
-2.220873 -3.326819
1.711530 -3.615337
1.598413 -3.666753
1.138900 -3.834437
0.711297 -3.936249
-1.910950 -3.514011
0.766865 -3.925802
-0.518973 -3.966191
-1.114931 -3.841475
1.350301 -3.765194
-2.920781 -2.732955
-1.491589 -3.711491
-3.404016 -2.100637
-3.904721 -0.867844
-2.551762 -3.080343
-3.497076 -1.941767
-3.997566 -0.139516
2.553961 -3.078520
0.517010 -3.966447
-1.527279 -3.696947
1.114242 -3.841675
-3.791645 -1.274139
-1.964619 1.425215
-2.338788 -3.245007
-1.091028 -3.848332
-2.353366 -3.234450
-1.864533 -3.538858
-3.518654 -1.902387
0.374308 -3.982448
2.721985 -2.931007
-2.137427 -3.381036
1.441294 -3.731310
-3.973623 -0.458607
-3.792048 -1.272939
-1.857004 -3.542815
1.885983 3.527473
1.697985 3.621719
1.041838 3.861939
1.159477 3.828265
1.300576 3.782658
0.226980 3.993555
1.683494 3.628477
0.802891 3.918592
-3.424507 2.067063
-0.788873 3.921438
1.712307 3.614969
2.485656 3.133929
2.550844 3.081103
1.193620 3.817757
1.313876 3.778059
1.275154 3.791303
1.196311 3.816915
2.860134 2.796361
0.745109 3.929989
0.507695 3.967650
1.733303 3.604949
1.593040 3.669090
-0.911229 3.894825
1.688416 3.626190
1.149450 3.831288
-3.108984 2.516787
1.170023 3.825055
-2.033135 3.444759
1.512244 3.703123
0.510230 3.967325
