1.506447 -3.705485
-2.139009 -3.380036
-2.741109 -2.913129
-3.958302 -0.576061
-0.735440 3.931810
-2.272827 -3.291543
-3.910490 -0.841470
-3.673754 -1.582256
1.826916 -3.558424
-3.705412 -1.506626
-3.840347 -1.118810
-3.862783 -1.038706
1.836525 -3.553474
-3.630498 -1.679131
-1.699459 -3.621027
-3.668577 -1.594221
-3.482415 -1.967940
-3.025565 -2.616477
-2.042003 -3.439509
1.800323 -3.571951
-0.997896 3.873526
-0.763290 3.926498
-3.485568 -1.962349
-3.602276 -1.738852
-3.856141 -1.063097
-3.910241 -0.842623
-1.900587 -3.519626
-3.620666 -1.700229
-0.773064 3.924586
1.984286 -3.473127
-3.308093 -2.248670
-2.020551 -3.452155
0.926012 -3.891337
1.217682 -3.810151
-1.179504 -3.822142
1.799854 -3.572188
-0.835962 -3.911671
-1.286308 -3.787534
1.772388 -3.585895
-0.838014 -3.911231
0.150823 -3.997156
0.361053 -3.983672
0.238750 -3.992868
1.652585 -3.642659
-1.290224 -3.786201
-2.233947 -3.318054
-2.010417 -3.458067
-0.121321 -3.998160
-1.020127 -3.867731
0.541409 -3.963190
-1.564924 -3.681170
2.325917 -3.254245
-0.622508 -3.951263
-0.773064 3.924586
-0.970909 -3.880378
-2.196367 -3.343048
-1.589664 -3.670554
0.765550 -3.926058
1.466427 -3.721504
-0.595920 -3.955361
-2.893523 -2.761798
-1.961377 -3.486115
-1.126276 -3.838164
-0.861299 -3.906170
-2.432348 -3.175482
-1.134123 -3.835853
-1.993183 -3.468028
-3.949353 -0.634515
-3.904721 -0.867844
-2.466080 -3.149357
-1.059755 -3.857061
-3.995430 0.191144
1.904298 -3.517620
-2.803173 -2.853458
0.225184 -3.993656
-1.041077 -3.862144
-3.994745 0.204979
-1.964619 1.425215
-2.926918 -2.726380
-1.820837 -3.561538
-1.027911 -3.865669
-1.138309 -3.834612
-3.825500 -1.168567
-0.409821 -3.978950
3.241494 -2.343655
-2.137427 -3.381036
0.577493 -3.958093
-1.737355 -3.602998
-1.921873 -3.508048
-2.512491 -3.112457
0.652025 3.946500
1.455264 3.725883
1.518614 3.700515
1.159477 3.828265
2.013546 3.456246
1.969876 3.481320
-0.371057 3.982752
1.551943 3.686661
-3.424507 2.067063
-2.299786 3.272764
1.254652 3.798138
2.300174 3.272492
-0.634607 3.949338
0.419943 3.977895
0.435743 3.976195
-1.298669 3.783313
0.954266 3.884505
2.671119 2.977436
1.497495 3.709112
1.478905 3.716563
1.581563 3.674052
1.506804 3.705340
-2.039236 3.441151
0.948539 3.885907
-3.379388 2.140032
-3.263291 2.313208
1.122366 3.839309
-3.182185 2.423571
-0.917728 3.893299
-0.827612 3.913446
