1.251544 -3.799163
-1.564763 -3.681238
-1.697610 -3.621895
-0.860981 -3.906240
-0.877864 3.902481
-1.734890 -3.604186
-1.342254 -3.768070
-1.391153 -3.750292
1.634812 -3.650670
-3.997476 0.142081
-3.963246 -0.540998
-1.878480 -3.531475
0.622183 -3.951315
-2.196055 -3.343253
-1.687693 -3.626526
-1.193612 -3.817760
-3.999611 -0.055812
-2.889177 -2.766344
-1.312667 -3.778479
1.810402 -3.566854
-0.911583 3.894742
-0.708196 3.936808
-3.939583 0.692592
-3.983814 -0.359479
-1.655810 -3.641194
-2.147331 -3.374755
-2.246275 -3.309720
-3.984725 -0.349232
-0.773067 3.924585
0.172768 -3.996267
-3.308093 -2.248670
-2.922798 -2.730797
-1.112323 -3.842231
-0.092838 -3.998922
2.370986 -3.221556
1.705311 -3.618275
2.256902 3.302483
2.080494 3.416364
1.185544 -3.820273
0.417646 3.978137
0.920983 -3.892530
1.440714 -3.731533
-1.978621 -3.476357
2.539064 -3.090818
2.166673 3.362369
3.925857 0.766579
-1.838017 -3.552702
1.982816 -3.473966
-1.026172 -3.866131
-0.960688 -3.882921
-2.046200 -3.437014
-0.439349 -3.975798
0.041149 -3.999788
-0.773064 3.924586
-1.243623 -3.801763
-1.700197 -3.620681
-0.895165 -3.898548
-1.476115 -3.717672
2.398225 -3.201330
2.456637 -3.156729
-3.521964 -1.896252
0.798459 -3.919498
0.552650 -3.961638
-1.271584 -3.792502
0.226187 -3.993600
-1.410813 -3.742941
0.617359 -3.952071
-3.673127 -1.583710
-2.764509 -2.890933
-0.398557 -3.980095
-1.859262 -3.541630
-2.844252 -2.812513
2.347237 -3.238901
2.146124 -3.375523
-0.257881 -3.991678
2.145729 -3.375774
-2.093318 -3.408522
-1.964619 1.425215
-3.023970 -2.618321
-2.270133 -3.293402
-1.677137 -3.631420
-1.138309 -3.834612
-3.417837 -2.078074
-1.740835 -3.601318
2.907929 -2.746625
-2.137427 -3.381036
2.145376 -3.375998
-2.956662 -2.694096
-2.414611 -3.188989
-2.779839 -2.876194
0.652025 3.946500
2.911460 2.742882
1.775246 3.584481
1.159477 3.828265
1.545189 3.689497
-0.034697 3.999850
2.122240 3.390590
1.057460 3.857691
-0.869985 0.450294
1.522710 3.698831
0.974160 3.879563
3.049294 2.588784
0.925046 3.891567
0.949266 3.885730
1.320197 3.775855
0.680545 3.941682
-0.140984 3.997515
2.259634 3.300614
0.840224 3.910757
-0.684131 3.941061
-0.093924 3.998897
1.380727 3.754144
1.390190 3.750650
2.206293 3.336506
3.120983 2.501892
0.734261 3.932030
2.452186 3.160187
1.150460 3.830984
0.998596 3.873346
1.758407 3.592771
