1.438630
1.207077
1.633251
1.129659
2.970333
1.470050
1.232879
1.857105
2.678315
1.501982
1.950817
1.043314
1.469556
1.073340
1.325979
1.582555
1.131594
-0.066879
-2.781447
1.227508
1.499502
1.508280
1.393835
1.677787
0.586000
1.572416
1.482917
1.424520
1.305142
1.770622
1.342864
0.884226
1.153039
2.719816
1.259602
1.270221
1.517236
0.877569
1.574873
1.398617
0.415813
1.109114
-0.325481
0.685164
0.890705
1.059336
0.395030
0.255434
-0.400477
1.698153
0.622555
1.133406
0.493103
0.462815
-1.981971
1.704301
1.062397
0.859417
0.769547
0.491282
-3.113132
1.675847
0.184351
2.406459
0.178041
0.723519
2.798309
1.743482
0.576129
1.678071
1.085588
1.194625
1.094793
0.797398
2.260252
0.098496
1.372276
2.626083
1.745547
1.027059
0.617629
0.586272
0.910515
0.603452
0.238845
3.129930
0.864481
0.823884
1.096423
-2.690376
2.869571
-3.026483
-2.496449
2.987456
-2.625991
-2.569860
-2.255339
-2.461944
-2.570333
-2.778681
-2.674430
-2.770649
-3.040044
-2.996590
2.631310
-3.074600
2.636583
-3.060111
-2.681651
2.950386
-2.535493
-2.823091
-2.713444
-2.876183
2.640659
-2.984170
2.802163
-2.754156
-2.701520
3.074824
-2.288805
2.929936
2.830037
-3.184573
-2.978300
-2.919749
-2.187075
-2.123315
-2.123315
-0.713142
-0.303690
-1.345060
-0.145623
-0.143654
-0.377589
-1.447834
-0.157782
-0.050337
0.272154
-0.000237
-1.391091
-0.397588
0.074155
0.466806
-0.075161
0.034257
-0.533659
0.123128
0.174858
0.052862
0.019295
0.006290
-1.232755
-0.129304
0.101183
-1.307278
-1.360794
-0.736606
-0.438725
