0.766221
0.842833
1.329079
-0.171724
2.712502
1.366345
0.898720
1.404231
0.795693
0.992658
1.006413
0.922531
1.281496
0.242387
0.833493
2.913755
0.385651
0.872693
2.015244
0.776591
0.980225
0.491798
2.623049
1.259445
1.219254
3.053743
1.705549
0.863857
-0.074675
0.685842
0.694905
1.129544
-1.197373
1.026362
0.474204
1.934361
0.967940
0.820783
1.241793
0.736149
-0.504447
0.674725
-1.162732
-0.226019
1.856098
2.131913
-0.622395
-0.530974
0.855984
1.888511
-0.419432
1.580885
-0.366466
-0.166086
-0.055400
0.657103
0.276999
-0.214861
-0.174636
1.877107
2.437585
1.864852
0.209102
1.366207
1.581068
-0.847277
1.513236
1.728857
-0.343564
1.109095
1.721352
1.515688
1.589628
-0.745382
1.878727
-0.051507
0.022319
2.016484
0.813924
1.801952
-0.254702
-0.347276
1.792412
-0.719110
1.569956
1.179710
1.599355
-0.344532
-0.391202
-2.077727
-2.009726
-2.663111
-2.875503
-2.033040
-2.189944
-2.358273
-2.737767
-2.703183
-2.756192
-2.866296
-2.322267
-2.205604
-2.525379
3.119661
-2.709854
-2.525610
-2.730305
-2.302063
-2.530625
-2.186987
-2.500237
-2.008803
-2.584066
-2.340191
-2.680880
-2.902408
-2.957424
-2.708570
-2.507419
-2.328480
-2.122390
-2.509967
-2.929549
-2.414179
-3.033625
-2.662512
-2.274415
-2.123315
-2.123312
0.312738
0.489667
-0.591892
0.439996
0.298202
0.501089
-1.520983
0.364938
0.455212
0.186904
0.356467
-1.609987
0.458302
0.504585
0.221458
0.413970
0.425806
0.461334
0.328508
0.110989
0.381490
0.609914
0.522253
-0.575734
0.462516
0.303638
-1.451601
-0.558168
0.622539
0.385451
