-2.904476
2.497523
1.500441
2.044182
0.699165
-3.171281
-2.778968
0.855261
0.451558
-0.229143
-0.294984
-0.094671
-1.155148
-2.858241
-2.428676
0.063416
1.165359
0.843033
-1.387327
0.705017
0.266564
-2.272248
2.234957
2.403624
-1.997448
-2.421308
-1.319563
-0.012796
3.105303
0.067475
0.077700
0.553153
2.478486
-0.257012
1.392065
-0.327658
1.081280
-1.530402
0.646251
0.793089
-0.089870
0.440591
-2.753978
0.667002
0.957066
-0.270474
-0.524304
-2.956546
0.774173
-1.025411
-0.590520
-1.753562
-2.234578
-1.608868
-0.892903
-1.873543
-0.004097
-2.468525
-2.491389
-0.426182
0.338603
0.836189
-1.929515
-0.767715
-1.830551
-0.346913
-0.372483
-0.027121
-0.149598
-2.424728
-1.796775
0.718596
-1.333270
0.342310
0.539794
0.510443
-1.355952
-0.339163
-2.707155
-0.929841
-1.060271
-1.695873
-2.246623
0.400235
0.451260
1.043797
1.217588
-1.983115
0.591079
-1.133657
-1.633079
2.252895
2.125288
0.907936
-2.868414
2.302194
-0.888879
-1.051329
-0.643855
0.348899
0.257997
2.758200
-3.048551
-1.334685
2.496486
-0.039498
-0.553519
-2.447606
2.408997
2.949588
-0.732046
-2.350648
-3.006203
0.127417
-2.382750
2.360214
2.013094
2.335851
2.989013
2.868974
-2.935925
-1.388123
2.246685
-1.274441
-0.049598
-3.114852
-1.076145
-2.123315
-1.934383
0.246971
2.507651
-0.717190
-0.127108
-0.318784
2.666812
0.195602
2.431770
0.997592
-0.557886
-2.659421
-2.886605
0.699738
0.285360
0.416305
0.671024
1.698642
-2.134148
1.757863
-0.132389
1.549368
-2.181449
-1.317769
-0.575734
-2.398193
1.556210
0.115740
-0.456495
0.564674
-2.066486
