-1.983577
-2.668667
-0.732934
-1.837706
0.222700
-1.450062
-1.004268
-2.651295
-0.697602
-1.954323
-2.698862
-0.955026
-1.153847
0.231702
-0.850352
0.046501
-2.036426
-2.828746
-0.440422
-0.758611
-2.659774
-0.596202
-2.122144
-1.836632
0.295642
0.137023
-0.985586
-0.897600
-1.447418
0.063607
0.411300
0.245244
-1.591961
-0.857818
-1.961083
-1.474896
-2.497634
-2.018902
-1.444454
-0.366071
0.157659
-0.722573
-0.707268
0.210045
-1.857764
2.422567
-0.123467
0.684410
-0.638121
2.488366
0.129199
-3.130036
0.644394
-0.005364
-0.055400
-0.874091
0.166274
0.093013
0.263383
0.468995
-1.453489
-1.792916
0.533427
1.410533
3.099619
-0.039286
0.233516
-1.392483
0.856126
-0.708231
-2.926743
2.730932
-3.007116
0.521321
-1.933141
0.689335
0.111039
0.021193
-0.406405
0.403425
0.297759
0.063492
0.456039
0.138893
-2.825097
1.093557
0.618213
0.207719
0.076660
-2.107730
-2.258214
-0.753237
-1.462253
-2.676878
-1.764978
-1.742540
-0.879491
-1.105934
-1.777150
-2.612609
-2.946725
-1.752181
-1.743306
-2.690324
-2.653086
-2.482146
-0.853328
-1.732842
-2.694045
-1.743905
-0.803493
-1.997503
-1.701638
-2.714420
-1.541795
-1.165570
-2.691191
-1.973116
-0.737558
-2.576888
-1.803734
-0.611169
-0.629730
-2.722566
-2.570916
-1.093056
-2.013781
-2.123315
-2.123124
0.581217
0.265292
-0.658508
0.001908
0.135582
0.476450
-1.145982
0.397287
0.267192
0.376541
0.260727
-1.434025
0.358267
0.688065
0.090558
0.318955
0.283416
0.359019
0.419565
0.250498
0.372510
0.035907
0.299123
-0.575734
0.583464
0.948153
-1.723963
-0.484789
0.229292
0.321392
