-1.398668
1.338145
0.369934
-0.714136
1.269771
-1.445498
-0.790742
-1.131839
-0.359833
-1.139729
-0.934580
0.442586
-0.931448
0.660762
0.106307
1.033624
-1.231631
-1.024657
-0.326054
-0.465916
-1.264476
0.038559
-1.308021
-1.047183
1.358717
0.596767
-0.011869
-0.077489
-0.706886
1.657504
2.186216
1.226992
-1.252344
-0.344263
-1.131669
-0.581288
-1.275327
1.293180
-0.331964
-0.443077
0.312100
-0.347051
-0.380019
-0.122657
2.247222
1.768200
0.810695
0.144355
-0.067050
1.111178
0.376461
1.634164
0.365673
0.115980
-0.055400
-0.806266
-0.002088
0.551161
0.450553
0.974348
-1.977088
2.559074
0.432673
1.485244
1.526551
0.702232
-0.153821
2.916489
-0.226906
-0.500935
1.359203
1.402613
1.292566
0.586770
2.563058
0.127978
0.265074
0.810817
-0.285161
0.663444
0.564398
0.770372
0.478670
-0.054604
1.684294
0.907832
0.945463
0.486032
0.197101
-2.277618
-2.324284
-0.559487
-0.050507
-1.660064
-1.654099
0.108599
-0.180089
-0.183314
0.044744
-1.761761
-1.841629
-1.488361
-1.483438
-1.923999
-1.562876
-2.287890
-0.095070
-1.693112
-2.027035
-1.583875
-0.106641
-1.801154
-1.719123
-1.518227
-1.738145
0.115614
-2.158751
0.056281
-0.437258
-2.148224
-1.978091
-0.411993
-1.003710
-1.643094
-2.274004
-0.479728
0.167402
-2.123315
-2.122137
-0.040698
0.146918
-0.426264
0.270459
-0.199164
0.166122
-1.283865
0.607855
-0.917727
-0.798660
-1.392893
-1.168694
0.222877
-1.286161
-1.272592
0.190915
0.247647
0.149868
-1.092905
-0.274383
0.191718
0.232257
0.490412
-0.575734
-1.557214
-0.866989
-1.600798
-0.753122
0.476972
0.339322
