-1.256858
1.321495
0.173585
-0.753511
1.272120
-1.118249
-0.670428
-0.973374
-0.516687
-0.812479
-0.818791
0.115337
-0.604199
0.676312
0.040857
1.360873
-0.904382
-0.890033
-0.429633
-0.531366
-0.937226
0.104009
-1.137671
-0.941634
1.162367
0.924017
-0.073552
0.188461
-0.641436
1.330255
1.858967
1.030642
-1.403630
-0.540613
-0.804420
-0.777638
-1.056924
1.286342
-0.659213
-0.313590
0.508449
-0.305009
-0.314569
0.204592
2.247222
2.095449
0.809388
0.471604
-0.263399
0.783929
0.703710
1.568714
0.378873
-0.038865
-0.055400
-0.479016
0.063362
0.354812
0.123304
0.647099
-2.304337
2.443040
0.236323
1.387904
1.330201
1.029481
-0.088371
2.589240
0.100343
-0.173686
1.424653
1.402613
1.227116
0.521321
2.890307
-0.068372
-0.062176
0.745367
-0.219711
0.353955
0.568613
0.443122
0.410457
-0.281750
1.357045
0.814520
0.930150
0.158783
0.524351
-1.950369
-1.997035
-0.232238
0.124762
-1.677093
-1.588649
0.174049
-0.245539
-0.248764
0.039490
-2.089010
-2.168879
-1.553811
-1.548888
-1.989449
-1.890126
-2.091540
-0.029620
-1.373949
-2.074822
-1.547553
-0.172091
-1.735704
-1.863672
-1.650451
-1.803595
0.036994
-2.323154
0.121731
-0.633608
-2.154177
-1.650842
-0.369064
-0.807361
-1.708544
-2.208554
-0.152479
0.167402
-2.123315
-2.122066
0.286551
0.230184
-0.753514
0.381819
-0.264614
0.177578
-1.218415
0.411506
-1.114077
-0.602310
-1.065644
-1.495943
0.223820
-1.482511
-1.076242
-0.005435
0.209104
0.145716
-1.420155
-0.208933
0.131475
0.166807
0.163163
-0.575734
-1.568746
-0.769338
-1.666248
-0.425873
0.149722
0.323355
