-2.384269
2.570838
-0.575082
-1.065496
0.288149
-1.384612
-0.044903
-2.279518
-0.718523
-2.489220
-2.176248
-0.641498
0.875098
0.258685
-0.654002
0.127762
-2.071165
-2.239697
-1.139767
-0.356692
-1.285328
-0.783896
-2.173333
-1.231828
0.230192
0.072827
-0.943183
-0.467119
-1.884983
0.052966
-0.035359
0.179794
-2.252621
-0.456167
-1.095056
-0.550407
-2.871271
2.978617
-0.507142
-0.693320
-0.115293
-0.682539
-0.641818
0.144595
-1.923213
1.458514
0.073825
-0.035538
-0.703570
1.506618
-0.198050
-2.835411
0.129012
0.274759
-0.055400
-0.808641
0.865189
0.158462
-0.169916
-0.250953
-1.453489
-2.092167
0.337078
1.214183
-3.086247
-0.235636
0.037166
-1.687117
0.136178
-0.642781
-3.005439
1.402613
3.162948
0.063172
-1.933141
0.258877
0.001248
0.741141
-0.418712
-0.106110
0.197339
0.157074
0.361132
0.610477
-3.152347
1.289907
0.290964
-0.168466
0.066202
-1.754020
-1.538265
-0.425988
-0.045293
-2.009248
-1.699529
-0.022300
-0.457251
-0.778684
0.108547
-2.285360
-2.458362
-1.801377
-1.906021
-1.963140
-2.087186
-1.633392
-0.425126
-1.807722
-2.043220
-1.765397
-0.630240
-1.801154
-1.983821
-2.150924
-1.738145
0.194692
-2.244120
0.187181
-0.754261
-2.124967
-2.025548
-0.314504
-0.826080
-1.979932
-2.163424
-0.975071
0.167402
-2.123315
-2.122924
0.304697
0.355054
-0.681218
0.376874
0.115591
0.305837
-1.362982
0.254704
-0.149925
-0.659287
-0.476595
-1.440261
0.286779
-0.729572
0.286908
0.122606
0.281852
0.270757
-1.289255
0.097665
0.382252
0.494056
0.233673
-0.575734
-0.456374
-1.398671
-1.516969
-0.491323
0.337877
0.295417
