-2.782582
0.152064
-2.528324
1.911395
0.304660
3.056695
-2.705155
-0.882510
2.428128
-0.418947
1.033998
-0.664713
1.593746
2.870262
2.959589
1.226632
0.719831
2.065965
-1.807335
2.853880
0.531546
2.828929
2.140310
1.214872
-2.061628
-1.107450
-2.472967
1.427101
2.896548
1.328082
-0.068068
0.219498
2.479111
0.173759
0.195847
0.276009
0.531759
2.795412
2.876948
2.587443
0.857911
0.205938
-2.058590
2.319293
1.050512
0.241880
-0.547909
3.136164
0.774173
-0.739176
-1.232503
-1.611039
-3.023824
0.878226
-1.129292
-2.631475
0.326032
-2.275381
-0.789693
-0.399552
-1.624893
0.836189
2.497150
-0.767715
-1.521224
-1.586173
0.896298
0.236830
0.374001
-1.349110
-1.030637
-1.869692
-0.686326
0.920645
-2.209099
1.468345
3.200635
-2.778261
-1.305269
-1.160183
-1.098621
-2.608038
-3.074082
1.030111
0.130940
1.515648
1.860803
-2.829426
1.951198
-1.354166
-2.096980
2.431522
2.125288
0.907936
2.327400
1.916959
-1.427919
-1.510188
-0.512956
0.274862
-0.287161
2.954550
2.086542
-1.743394
-3.006756
0.246655
-1.901349
-0.988254
2.522520
2.664562
-1.913209
-0.807402
2.080921
0.264842
2.656556
2.729930
3.170186
2.488851
-2.569591
-2.690188
2.025831
-0.930684
2.561382
-1.353180
0.343101
-2.561758
-1.076145
-2.908713
-0.769157
0.510077
2.507651
-0.193591
-0.127108
-0.246160
2.666812
0.195602
2.318025
2.289502
-0.557886
2.511117
-2.886605
0.727329
0.285360
0.183639
0.671024
2.557360
-1.876632
2.586917
-0.190875
2.258245
-2.011115
-1.736529
-0.575734
-1.338475
-2.307602
0.085851
-0.201971
1.664965
-1.880440
