2.538917
1.525734
1.787228
-0.104157
-2.785747
1.562694
1.959696
1.791655
-2.654264
0.097964
2.004364
1.904279
1.011407
1.400589
1.968487
2.297040
1.366135
1.216976
3.070381
2.020138
1.138585
1.604446
1.858013
1.814448
1.518956
2.573794
2.192662
1.097271
-0.074675
1.405790
1.807553
1.107483
1.749188
-2.319822
1.455952
2.083678
1.385547
1.733621
1.487601
2.037482
0.135300
1.436363
-1.162732
-0.296584
1.935585
1.788160
-0.172133
-0.333863
1.248217
2.399694
-0.036913
0.721881
-0.212195
-0.100637
-1.168047
1.704301
-0.181150
-0.401427
-0.109186
2.049722
-3.173773
2.469961
-0.159610
2.430116
0.724792
0.003571
-2.850607
2.689811
-0.016315
1.939870
0.619533
0.269774
0.628267
-0.283116
1.979752
0.007748
-0.304804
-2.683698
1.553395
1.734723
-0.234045
-0.587338
2.193489
-0.141707
0.635702
2.600035
1.833055
-0.279082
0.361869
-2.746181
-2.606337
-2.235553
-2.155555
-2.797918
-3.036342
-2.816422
-2.561133
-2.589853
-2.795302
-2.985532
-3.050721
-2.268643
-2.706428
-2.879586
-2.539228
-3.025517
-2.533955
-2.653483
-2.932580
-2.353210
-2.924040
2.880980
-2.336345
-2.253235
-2.654250
-3.019989
-2.499275
2.883971
-2.422657
-2.794708
-2.482407
-2.673562
-2.733200
-2.497328
2.941101
-2.319718
-2.872819
-2.123315
-2.123314
0.684390
0.474864
-0.809306
0.581198
0.167303
0.477917
-1.505829
0.504211
0.241323
0.121454
0.343763
-1.457607
0.497775
-0.165052
0.352358
0.594729
0.492672
0.502142
0.279555
0.396172
0.454401
0.254210
0.810452
-0.965675
0.579240
0.337060
-1.440277
-0.712382
0.343342
0.477562
