2.202300
0.272228
0.631734
2.402665
1.681058
0.701621
1.003113
1.072576
0.707094
0.378989
0.706356
0.344698
0.465726
-0.359083
0.392820
1.506376
0.454450
0.579505
0.140656
0.705017
1.444661
0.378194
1.903560
1.880025
0.137910
1.906518
0.178330
0.402875
2.147073
2.428306
0.724229
2.000297
2.553293
0.468567
0.831218
0.381272
1.013405
0.276954
0.614365
0.265054
0.744915
0.440131
0.422817
0.905941
0.872943
1.151745
0.346532
-2.660125
0.129252
-1.002388
0.321612
0.287305
-0.438989
1.795048
0.577318
-0.354263
1.698483
-0.273140
-2.558229
0.448752
-2.778281
0.836189
-0.477681
0.080743
0.603171
0.806918
1.703939
-0.598148
1.748448
0.178771
0.748774
0.813565
0.826129
0.740245
-1.772429
1.004939
0.466664
1.752331
-0.154056
0.500435
0.602209
-0.243870
-0.567491
-2.305802
1.131322
2.336989
1.833295
-0.614863
0.643749
-2.282705
-2.234837
1.755866
1.208131
0.907936
-2.027561
0.653399
1.521640
-1.451904
0.260625
-2.046991
-2.091447
2.212104
-1.919312
-2.257948
1.748559
-1.595980
1.240406
-1.918823
1.773683
2.778279
1.385267
-1.899817
-1.963681
-2.543902
-1.936542
0.755821
2.049161
0.776405
1.336313
2.057333
-2.072078
-1.872880
1.747418
-1.965533
-1.591719
1.815766
-1.076145
-2.123315
-2.073317
0.508770
-1.907222
-0.676027
-0.127108
0.062635
-1.981097
0.195602
-2.200218
1.113510
-0.557886
-2.659421
-2.886605
-1.444065
0.285360
1.040600
-1.838817
1.484115
-1.059727
1.272118
-0.536182
1.575887
-0.971128
-1.517640
-0.575734
-2.601482
1.035476
0.178032
-0.673459
0.302875
-1.520888
