-2.713012
-2.614281
-0.478529
-3.116559
-0.279355
3.027802
0.108379
-1.538303
-0.293089
-3.138151
-2.393494
0.087873
-0.273916
2.019987
0.626344
-0.019625
-2.772710
-2.418652
-0.004110
-0.011661
-2.956876
0.260290
-2.198093
-0.876378
0.361092
-0.434654
-0.114748
-0.046752
-2.690965
1.584883
0.969261
0.179794
-2.638172
-0.139841
-3.137608
-0.591445
-2.124409
-1.675421
0.030646
-0.376835
1.109228
0.761508
0.502098
-0.182683
-2.152174
2.422567
0.203782
0.749527
0.872625
2.472610
0.703732
2.887145
0.647799
0.536586
-0.055400
0.868986
0.399942
0.027563
0.650183
-1.559189
-1.453489
-2.185348
0.732032
1.475982
2.916509
0.287963
-1.359578
-1.733611
-0.649221
0.701068
2.826121
1.908387
2.610700
-0.067728
-1.712066
0.775633
0.558160
-1.251037
0.968042
-0.961410
-0.359327
-0.132857
-1.385801
0.466142
2.999939
1.028107
-1.332494
0.157025
-0.643289
-2.491603
-3.033611
-0.425988
-2.553462
-2.349629
-1.699529
-2.691548
-0.683142
-0.694374
-2.758098
-2.281165
-2.488576
-1.818854
-1.808755
-2.219785
-2.659682
-2.316654
-0.835765
-1.881090
-2.925376
-1.763517
-0.656012
-1.670254
-1.895235
-2.059596
-1.738145
-2.852284
-2.559141
-2.991703
-0.580615
-2.703740
-1.848276
-0.872138
-0.695180
-2.589783
-2.160042
-0.870262
-2.018882
-2.123315
-2.123226
0.350161
0.325485
-0.593058
0.215630
-0.321410
0.456035
-1.775180
0.462737
-0.045943
0.049292
-0.075239
-1.474007
0.409348
-0.304920
0.025108
0.253505
0.358150
0.413814
0.149772
-0.076752
0.332756
0.624956
0.318585
-0.575734
-0.166255
0.124659
-1.219367
-0.550239
0.527485
0.336212
