0.351936
0.356229
1.698701
1.326008
2.818036
1.666399
0.328251
1.398956
2.763352
0.744431
1.788662
0.846964
1.273206
2.199022
1.862379
1.041553
1.458843
-0.056410
2.785294
1.162058
1.303152
1.067407
0.922818
-0.089358
1.222966
0.983522
0.893869
0.180973
1.592030
1.966971
1.539214
0.426077
1.410409
2.654366
0.277854
1.859269
1.372719
0.566479
1.509423
1.877674
1.004862
1.698162
-0.063681
0.357915
0.726505
0.993887
0.591379
0.844483
-0.858625
1.847196
1.604303
1.329756
0.791353
0.920964
-1.981971
1.704301
0.080649
0.608965
0.965896
1.145463
-3.109914
1.869488
1.166099
-2.995403
0.699187
1.181668
2.867198
1.841672
0.492960
1.743521
1.341243
1.241657
1.552942
0.730332
2.423228
1.470999
0.706274
2.691533
1.549198
0.438011
0.638265
0.765780
0.806349
0.439960
0.363776
2.082732
0.633838
0.889334
0.911331
-2.755826
-2.562767
-2.568334
-2.561899
-2.706681
2.846069
2.862477
3.043760
2.970393
-3.028482
2.784556
2.888807
3.054387
2.631189
2.828446
-2.931927
-2.616451
2.963832
-2.994661
2.750686
3.042662
-3.050849
2.797648
-3.041494
-2.810733
-2.660779
-2.526021
-2.499275
2.939981
2.992617
2.878474
-2.616054
-2.821147
3.026387
3.164062
2.823866
3.092800
2.983462
-2.742223
-2.570796
-0.994140
-0.591262
-2.326808
-0.691099
0.183595
-0.771620
-1.547566
-0.914035
-0.115786
-0.015778
0.588812
-1.550509
-0.986637
0.232681
0.139557
-0.540070
-0.387517
-0.837379
0.184193
0.166518
-0.369829
-0.545860
-0.451859
-1.769826
0.197946
0.183900
-1.543529
-1.645186
-1.368303
-1.036071
