0.833723
0.182908
0.140543
0.229545
-0.489497
1.296249
0.400305
1.643029
1.662755
1.050639
0.317632
0.020972
0.363740
0.934521
-0.246058
-0.604168
0.660402
0.722940
0.871783
0.296860
0.587526
-0.276791
-0.677490
1.077179
0.154234
-0.013322
0.796305
0.396094
-0.359201
0.267435
-0.408014
0.650181
-0.662697
1.310259
0.284766
0.448116
2.032585
0.294448
0.398302
0.401953
0.226326
0.092919
0.244666
0.984695
-2.040594
2.422567
0.906862
0.170565
0.405583
2.752327
0.368569
1.508862
0.071093
0.240215
-0.055400
0.409970
0.101036
0.027563
0.660613
-0.864699
-1.911638
-1.932681
0.390809
1.360261
1.590832
-0.366536
-1.822140
-2.033978
0.927297
0.217954
1.525003
1.515688
1.267696
0.248526
-1.482430
0.117007
0.416221
-1.426354
0.298608
-1.532391
0.486279
0.710004
-1.728007
0.286993
1.298243
1.173854
-1.274359
0.486756
0.428356
-2.319019
-2.755849
-2.022576
-1.981246
-2.229578
-1.630747
-2.413553
-2.155919
-2.063174
-2.196073
-2.497018
-2.095877
-1.787917
-1.694507
-1.751026
-2.596883
-2.356338
-2.244485
-1.751416
-2.645994
-1.705831
-2.164896
-1.801154
-1.644121
-2.143841
-1.607245
-2.819457
-2.273297
-2.656393
-2.155544
-2.131379
-1.586477
-2.117713
-2.656685
-2.477865
-1.981939
-2.090689
-2.280682
-2.123315
-2.123286
0.611961
0.402642
-0.467351
0.363020
-0.118714
0.558806
-1.324634
0.416740
-0.080189
-0.212508
-0.026558
-1.461235
0.429633
-0.043121
-0.105791
0.464857
0.420270
0.432222
0.042031
0.054148
0.435951
0.432012
0.412783
-0.575734
0.015209
0.020213
-1.647951
-0.689325
0.265686
0.408771
