-1.520143
-2.337901
-0.378733
-1.996771
0.222700
-2.628159
-0.480669
-3.130366
-0.697602
-2.712898
-2.330677
-0.706948
-0.237549
0.324135
-0.719452
0.193212
-2.136615
-2.436047
-1.018275
-0.860662
-1.743477
-0.692594
-1.729445
-2.606275
0.295642
0.108365
-0.854687
-0.139869
-1.557734
0.202476
0.007246
0.245244
-2.453374
-0.652516
-2.469503
-0.558450
-2.009825
3.044067
-0.703491
-0.366071
0.157659
-0.355290
-0.576368
0.210045
-1.726864
1.523964
0.139275
0.291711
-0.769020
1.441169
0.652798
3.120525
0.187889
0.594102
-0.055400
-0.612291
0.799739
0.223912
0.263383
0.338096
-1.453489
-1.792916
0.402527
1.017833
-2.954737
0.353413
0.233516
-1.599022
0.332527
-0.708231
-2.954871
1.860762
2.835699
0.259521
-1.933141
0.165736
0.503738
-0.109707
-0.675629
0.041246
-0.067276
0.231533
0.295682
0.793391
-2.825097
1.486256
0.618213
0.338618
0.600259
-1.819469
-2.258214
-0.360538
-0.127442
-2.261317
-1.764978
0.184161
-0.486792
-0.451435
-0.138191
-2.481709
-1.660338
-1.717158
-1.838917
-1.766791
-1.759937
-2.466835
-0.752375
-1.764442
-1.908491
-1.741391
-0.100930
-1.866603
-1.917974
-2.085474
-1.672695
-0.118373
-1.785971
-0.343318
-0.083060
-2.190417
-1.611687
-0.734071
-0.367931
-1.914482
-2.490673
-0.808152
-1.207045
-2.123315
-2.123009
0.636532
0.350214
-0.658508
0.418827
-0.003802
0.314785
-1.163871
0.303893
-0.095103
-0.376446
0.139207
-1.373724
0.294779
-0.271423
0.352358
0.580755
0.320424
0.284006
-1.223805
0.381397
0.283587
0.297707
0.299123
-0.575734
-0.514168
-1.342592
-1.713319
-0.484789
0.010628
0.304535
