0.575422
1.477491
0.870930
-0.120031
2.992133
1.300895
0.650699
1.600581
2.450824
0.621563
1.595462
0.726182
1.404106
1.007890
1.052189
2.393892
1.062910
1.210332
2.415882
1.234740
1.176574
-0.751749
2.366608
1.049876
1.780756
1.930077
1.809261
0.573672
-0.074675
1.536690
1.676653
1.761982
1.880087
2.793508
0.932353
0.639694
0.931135
0.876173
0.440404
1.124043
-0.415650
1.058292
-1.162732
-0.296584
1.799979
1.657260
-0.093014
-0.293579
1.248217
2.705891
-0.636232
1.392710
-0.279013
0.161163
-0.382649
1.704301
-0.050251
-0.445526
-0.109186
1.918305
-3.045377
2.385536
0.494889
1.169858
1.444953
-0.258228
-3.034026
2.170498
-0.147214
1.661451
1.100060
0.552081
1.378069
-0.287233
1.494375
0.092690
0.287692
3.039501
1.650961
1.978390
-0.120115
-0.522813
1.988762
-0.534406
1.421963
1.376059
1.643332
-0.148183
-0.423529
-2.615281
-2.344538
-2.824550
3.080433
-3.185508
-2.250944
-2.816422
-2.574979
-2.589853
-2.926201
-2.292316
-2.992182
-3.043833
-2.706428
-2.869987
-2.801028
-2.630314
-2.403056
-3.061120
-2.857874
-3.013958
-2.877442
2.750080
-2.786398
-2.537445
-2.654250
-2.627290
-2.761074
-3.006516
-2.753855
-2.786629
-3.006006
-2.575417
-2.602300
-2.890027
-2.661890
-2.527294
2.896123
-2.123315
-2.123313
0.597985
0.468597
-0.680160
0.175681
0.232753
0.463785
-1.717333
0.491367
0.165724
0.252353
0.051125
-1.697151
0.479342
0.227647
0.286908
0.289804
0.397800
0.482884
0.173447
0.307339
0.364056
0.385110
0.297237
-0.964935
0.020673
0.145508
-1.617786
-0.549149
0.386936
0.477562
