2.688490
-2.214866
0.893533
-2.778665
1.064669
0.845693
2.627644
1.562148
0.183495
0.240038
0.837256
0.298028
0.105985
-0.644233
-1.009950
1.096334
0.897749
1.119062
-0.128260
0.574117
-0.780634
-0.956296
-2.952385
-2.439665
-0.069314
-0.684462
-0.232150
0.884413
2.789672
0.506729
-0.256253
1.497836
2.871185
0.861266
1.140975
0.207960
1.118136
-0.423624
0.210363
0.400389
0.608756
0.178332
-0.755281
1.102272
0.894343
-0.085076
-0.025580
-2.267426
-1.310644
-0.843891
0.298749
-0.815766
-0.308089
0.849052
0.079192
-1.766297
-0.160412
-0.546723
-2.426215
0.359216
-0.812354
0.836189
-0.950043
-0.307288
-0.574926
0.741468
0.722191
-0.598148
-0.084148
-0.344828
-0.136801
0.431045
-0.314141
1.107903
-0.148370
0.715432
0.391586
-0.180343
-0.743660
0.327562
0.291548
-0.067414
-0.269247
-1.485452
0.650042
1.649489
1.472953
-0.483964
1.102332
-1.556687
-1.301718
1.751561
0.583834
0.907936
-2.150460
0.915198
0.742574
-1.378578
0.429579
-1.471914
-1.356710
2.343004
-2.389800
-1.651047
1.748559
-0.925924
0.353786
-2.003264
1.836378
2.647379
0.323203
-1.834367
-2.095814
-1.531073
-2.067442
1.098870
2.032008
1.070574
2.054500
1.403018
-1.968383
-1.435375
1.664079
-1.581981
-0.866988
2.077565
-1.076145
-2.123315
-2.038805
0.508770
-2.918442
-0.586290
-0.127108
-0.521197
-2.971625
0.195602
3.086001
1.202664
-0.557886
-2.659421
-2.886605
-2.790511
0.285360
1.040600
-2.747158
1.727020
-2.093539
1.133554
0.057984
1.424114
-2.146028
-2.158962
-0.575734
-2.528270
1.406820
0.168629
-0.673459
0.302875
-2.037110
