1786.109346 1005.704336
1768.238295 876.931515
259.079315 1236.048857
1618.282380 1010.817363
795.537943 243.066410
1859.808103 983.398506
223.393723 940.874408
1740.483918 1252.091073
196.030390 1329.228476
1872.424864 1151.905263
1605.578631 1407.022505
376.669806 1245.977466
234.856208 1049.012965
840.613474 397.181270
446.613723 1215.026589
719.481252 303.816896
1830.213228 1081.768835
1660.740439 1348.958625
355.097322 1469.575532
334.975378 1176.648908
1907.627956 1073.264174
399.873901 1151.232709
1801.473640 914.181599
1730.279151 1008.997499
750.554683 382.740221
623.136053 440.728393
277.113199 1446.295375
315.253135 1100.928857
1689.151687 1043.597657
554.180092 482.716733
474.724720 427.800168
810.397606 323.653534
1876.406910 891.681721
291.387625 1222.195189
1917.528388 966.484114
187.938626 1250.707318
1781.293132 1144.405189
1797.844438 746.663022
175.540999 1167.232076
280.734360 1301.732886
991.581890 524.881805
481.768853 1100.696111
490.098173 1067.487747
906.985365 511.332036
1827.572283 899.137555
236.911358 523.315262
968.794948 418.158006
970.711224 549.458452
511.173784 1136.756126
267.927717 519.374311
926.721148 480.130449
1669.520165 1128.609032
889.817555 472.751246
1054.598863 500.108899
937.781596 1980.236012
537.390594 1075.952820
1018.712488 398.813731
913.572638 546.895581
932.821633 576.676838
977.806917 333.707937
1814.707962 452.283265
1869.217850 871.858963
987.054706 497.144324
350.792541 1730.672283
1603.011184 1045.899283
950.669410 542.300835
1039.428138 468.639614
1859.555955 935.792087
1022.474023 433.338205
509.384873 1095.194936
1673.974861 1149.476248
1263.745114 696.321107
1627.501416 1151.235443
993.804872 467.624048
1828.227366 838.114835
1011.617289 474.528187
961.192567 467.245362
1026.881545 365.415298
524.244135 1036.064260
936.419015 443.173042
901.835097 435.910570
931.582588 478.126888
966.581754 170.416301
1019.924617 518.326517
1621.574240 1087.581317
313.760545 1740.848955
1021.744549 325.185822
952.263682 505.815755
993.616036 444.868972
1619.815611 606.334761
1631.161652 642.586339
508.052308 929.481304
958.831059 580.603123
1596.653587 760.868357
622.723360 1463.570583
956.150111 625.407803
502.494142 902.860005
449.383596 952.669635
913.512792 587.943187
1585.601102 634.555976
1569.292677 723.951775
674.445469 1515.415331
653.355271 1446.621244
1583.218778 662.552088
1660.798723 669.675080
1558.666519 635.823360
490.325074 870.851447
650.780682 1489.581619
1629.981652 708.955136
643.551515 1575.127647
464.795320 888.803798
607.451653 1384.511101
627.369269 1416.913111
1624.731815 662.649091
641.857792 1385.567222
984.673265 604.782519
1691.300549 695.879655
995.510173 569.522620
459.176106 904.673901
1659.418129 726.505362
682.165371 1466.247532
438.187810 918.906745
459.088553 855.290067
1606.840982 685.381669
1544.535656 672.670901
480.376166 963.555204
1105.881964 570.023783
1045.036311 1902.217019
1110.318391 8.522156
960.021984 779.069380
742.343825 721.360725
1321.381191 1422.699688
695.307928 673.157871
1986.957207 340.508687
778.128357 731.046515
1054.748247 408.154979
751.406516 689.441881
1956.206690 478.027890
12.859675 537.382180
1947.489121 441.321810
1025.643717 434.871847
819.487424 730.446706
1984.035052 442.529543
24.853977 451.045375
698.028819 710.193768
595.803622 673.979848
855.277332 750.117802
1919.380032 429.640896
1977.584716 305.595842
562.462031 684.698111
726.991402 690.059068
711.879104 745.211872
1379.204127 1371.094672
1996.927005 490.363853
1911.319740 466.504884
1018.536563 402.854871
1296.761426 1396.401097
982.293771 746.029767
793.010182 698.675835
