1751.315052 616.203852
1442.004067 929.661804
600.070606 1005.796805
1666.113533 616.469350
1198.893931 348.501667
1782.824917 637.851646
589.075190 812.870189
1428.665063 1018.256526
534.692262 1132.172069
1620.885255 850.601349
1376.071559 1084.175758
700.610278 1025.257930
535.904479 941.313245
1246.619648 500.959011
750.434480 929.065336
1121.565371 410.236999
1672.405118 712.454436
1431.113237 1026.146860
645.960105 1253.678366
657.091984 948.499706
1844.756275 691.070008
706.549774 868.276240
1698.131576 546.304794
1542.833150 676.386290
1156.109978 484.108936
1040.855109 480.254844
589.207266 1195.882779
648.518174 868.897430
1755.218496 701.962830
971.410596 519.815255
861.325375 519.415704
1214.012856 430.848541
1781.608199 539.181667
655.197411 1062.357810
1842.999479 615.829338
529.511687 1052.380616
1501.890795 856.514289
1568.863103 785.565801
434.694637 889.171918
641.311902 1142.851075
1385.896848 644.412943
800.790493 839.892941
814.271045 803.772226
1308.130707 614.714121
1718.871519 500.749708
214.624316 919.960476
1355.390476 533.744266
1356.398454 675.299158
831.513513 868.348776
274.589415 924.069455
1318.538286 575.063257
1259.099925 1081.791662
1269.102114 606.283512
1419.042439 619.895459
1357.137242 1956.979997
866.673286 828.617565
1371.377471 567.808816
1317.241895 648.385491
1325.671002 683.578564
1363.510934 457.476120
1863.864190 35.169773
1745.018502 477.115374
1385.338453 609.868962
478.753037 125.293833
1202.236667 1076.321333
1353.862213 623.490971
1437.218208 514.810229
1840.659088 527.816008
1416.358858 548.727951
835.092819 832.990680
1270.059719 1113.990515
1161.111895 1027.527457
1220.840480 1125.365507
1395.573914 539.141105
1676.143833 447.148449
1410.797130 577.673411
1347.866235 586.734253
1398.516158 501.840054
859.343051 796.203160
1331.750948 488.976508
1297.856439 547.529006
1331.940935 515.495581
1362.862633 296.280823
1409.145537 588.221608
1221.812472 1091.593194
445.808530 134.121616
1407.465159 449.991445
1359.788572 557.218257
1376.659686 515.697262
1396.428816 267.659756
1410.812136 306.895215
829.071559 684.444980
1300.352120 480.775767
1395.947361 406.389469
531.358158 1054.514346
1276.808547 540.173579
831.098475 650.648834
768.953731 697.991017
1248.063980 488.348271
1367.449738 290.760250
1355.538647 412.076965
582.515550 1106.565023
561.350578 1037.675712
1351.358462 333.878084
1422.050702 346.310862
1329.395133 304.577320
816.480540 619.310218
558.979754 1080.706429
1398.210182 371.920406
573.949936 1161.018370
801.436055 664.953399
523.330993 975.687991
542.702811 1007.366069
1389.723063 331.659724
561.074024 976.071675
1313.248001 508.135036
1456.907862 366.079354
1271.122080 450.305800
796.350166 698.392594
1429.963444 388.080858
588.185016 1060.305240
762.446320 661.881745
782.160553 615.505897
1354.401106 370.966021
1318.245895 338.516978
798.573563 738.153550
1327.352536 398.299040
824.606510 1544.710791
890.024756 1650.932013
1351.089544 911.857771
1140.157398 851.348014
1670.497963 1192.641622
1092.922076 799.896513
396.415144 376.888602
1176.098778 860.989818
1108.843800 1998.612375
1149.195839 818.990768
295.414730 344.491292
354.052547 364.014064
272.511691 318.113649
1079.743313 24.588927
1221.425979 851.311381
342.223201 288.171056
402.551688 415.790816
1092.906055 834.967218
997.709929 795.415820
1258.767713 864.987439
142.968968 183.569558
385.634159 350.008820
964.075739 805.767201
1123.101739 819.467320
1108.725468 870.578762
1731.497063 1142.425287
346.252596 328.238800
112.235448 194.434943
1071.281487 1993.133248
1646.714196 1167.613652
1374.477775 878.261414
1191.243452 828.077846
