450.245041 1921.209140
262.137088 150.408366
1812.205471 290.371569
854.566994 478.213454
584.495231 1981.661342
29.034590 175.342682
338.402185 1937.714900
82.767855 263.483829
481.189732 8.064907
423.346978 1855.968765
1848.269332 506.532491
205.313183 240.905585
1870.163048 229.859935
1892.146738 319.972601
1790.921721 378.635116
1311.051025 688.188778
307.545885 217.207466
515.054633 49.094151
705.735127 1907.773548
1974.981866 257.957793
80.980179 365.543892
450.143852 1786.640972
1352.222607 783.555711
458.128718 33.457737
127.976161 312.748516
1392.974978 716.500743
1277.084014 768.066333
385.827014 26.499250
929.261949 511.895842
1927.917967 387.294941
1979.261882 306.506317
392.325888 163.898360
21.940107 421.199703
523.689822 1929.565459
404.122039 1984.152316
1741.441666 246.130357
1971.403624 102.707036
507.865364 1874.906413
1944.620059 186.959411
1858.900391 422.653224
1591.163576 966.299783
9.720915 331.586865
714.149194 17.219124
1519.157270 879.525007
1528.228201 837.777643
1359.035090 847.389721
1521.699630 929.449129
1509.595847 969.447992
623.987115 33.266410
756.312311 682.789929
1417.428275 945.639678
1561.134411 1068.826290
1451.192935 961.859218
1586.053873 920.309242
751.508870 1219.067893
1849.749683 584.060121
1521.003651 930.839196
1468.978927 986.702081
1559.980166 942.350785
1615.034498 781.423997
458.329746 39.250918
789.287521 660.252423
1514.248828 1021.967900
322.683721 1995.058165
1551.227017 1039.768686
1482.678070 951.453603
495.779114 46.901273
873.185557 609.266487
1532.426948 997.856158
1828.861405 555.312652
1536.302353 1134.106147
1572.226196 1111.596733
1494.252365 1143.713969
1589.797024 862.203299
776.355811 703.413487
1515.255848 1064.359799
1456.632522 913.531489
523.776137 96.312724
5.675319 474.714013
1544.439723 899.329285
1483.683048 934.702964
1480.477560 882.047774
1494.198682 849.053526
1479.468128 1022.809361
1559.055892 1007.699761
424.406948 56.678389
1582.882459 823.556342
1497.546488 991.754355
1495.180778 909.779544
1320.833145 1205.910053
1381.531037 1189.669166
1465.779709 1271.747837
1332.126306 1320.136695
1281.440055 1366.188684
1278.849909 1433.119685
1303.793914 1308.792087
1427.281205 1290.738602
1375.031512 1345.124051
1271.926889 1389.879964
1248.018602 1311.149620
1357.360674 1267.984125
1363.482826 1383.930634
1286.583487 1494.710814
1239.274686 1345.493947
1402.706332 1323.453831
1283.835462 1248.911672
1349.947988 1320.718897
1312.373099 1425.674810
1298.839603 1396.190605
1393.192096 1407.383924
1408.620841 1256.229668
1244.946834 1429.935918
1289.110116 1339.719304
1304.469181 1269.839422
1274.212680 1292.128793
1336.855848 1309.287551
1374.980892 1304.552946
1270.378086 1386.783785
1428.260913 1348.479803
1353.360533 1231.458845
1364.192704 1291.579928
1333.581869 1362.048106
1314.714989 1339.097310
1280.525239 1274.098312
1232.698015 1374.138903
1395.379264 1371.475548
1321.634748 1249.242031
1403.971842 1523.511374
1488.557570 1591.717713
1468.515342 1534.739605
1337.505336 1549.526215
1348.053243 1596.429034
1293.374420 1497.145216
845.733676 695.604521
1343.692805 1511.242805
1463.755728 1569.553946
1322.270575 1480.530235
741.621409 707.308147
773.811859 721.176616
709.510127 689.258542
1386.424167 1569.691534
1371.963431 1490.093786
743.916727 670.592442
847.343340 733.129482
1283.757422 1528.707586
1253.578328 1527.665129
1440.299528 1506.099035
593.474756 659.745757
811.045958 708.520504
1218.262175 1535.033341
1314.814550 1522.004859
1304.159646 1559.627805
1407.495460 1475.957557
777.693527 687.199594
558.580126 656.698128
1380.640352 1535.632720
1351.073695 1523.587575
1374.565194 1429.231652
1356.771159 1477.458115
