1535.595881 646.537629
1458.084553 358.707942
810.187262 1456.920172
1561.732374 473.843501
593.108967 714.555708
993.269297 604.856667
1427.405128 818.963941
871.351997 708.815140
702.709413 1802.931426
598.506137 1747.630875
513.394937 1025.399077
756.006074 1639.333594
686.934372 1530.057045
1450.565447 525.641978
1510.884149 1787.018409
596.617201 912.325743
695.172399 616.603172
719.194837 773.802021
1078.589955 270.653708
751.590536 1467.672040
674.416511 1496.919409
1437.076388 1748.576626
1645.316101 524.833780
1490.547204 431.041482
1238.915793 343.459202
591.626778 1454.902952
1006.197258 394.343970
782.113434 1494.517543
1474.113324 608.302225
419.473208 1183.239204
21.673184 1389.786731
730.488816 871.665116
1556.980739 533.917771
818.788774 1589.195759
800.404541 605.310761
662.512213 1636.644211
693.295792 696.794987
1083.445433 413.816924
677.234616 1399.707385
771.273786 1562.224545
1653.006133 1360.352364
837.071423 1617.393153
1307.254831 1917.545751
1651.170419 1205.969656
200.735559 480.770448
148.996950 1293.757170
1435.099987 1525.302396
1339.239761 775.583723
1022.529667 1941.920786
1283.607440 1651.427136
1431.897676 1560.333614
1066.806161 172.129405
1549.793382 513.177574
582.998692 1323.380813
1355.265973 1581.523581
1331.456201 187.792856
183.962923 1296.378194
1506.573882 511.237730
1277.005439 857.475884
1376.377542 1538.382836
833.304013 960.315294
260.265533 619.855892
1654.978544 549.132356
1325.563703 1573.031458
1066.957131 136.846079
1583.196125 1452.687082
481.533965 1351.175495
827.283109 1471.152550
207.960703 1271.629288
1295.670226 1836.668592
1078.850986 85.286634
676.584908 963.885682
973.781653 117.171374
1633.607557 1262.744103
744.095577 989.765343
1685.888633 1276.326511
1462.040466 1613.426686
113.860129 1341.138310
1263.326546 1850.995032
1388.309714 1567.032025
1383.534828 1606.738816
1389.508628 360.171189
1389.463655 419.861999
846.173180 736.160027
771.573056 1568.341360
717.905253 824.962669
643.497170 887.872958
1520.725423 450.773837
1616.681231 1211.220827
491.713339 232.064674
495.218082 193.423851
587.952362 685.544037
1560.630687 1662.819971
890.882204 309.925500
1091.791221 1161.462240
1627.971585 1622.885107
1404.763753 1880.103995
384.741411 506.590294
1432.080303 1844.914445
121.644466 92.137065
147.044307 117.445318
1557.144452 1.085968
1131.879600 1126.886090
523.521946 246.712807
537.446086 803.284655
1968.869329 38.910085
1304.889404 1902.076393
1098.023957 1244.557513
562.842350 817.156190
1578.338644 11.322469
1349.170333 1910.927552
957.085738 1179.217210
1093.901102 1127.061720
227.561148 159.565590
1027.150591 1144.642954
1703.046321 1579.041839
486.572515 756.501759
1721.573043 1547.446655
707.299722 904.454691
614.733966 864.744525
1129.411477 1161.838829
346.935925 492.744182
516.997805 740.028369
479.883725 276.314439
1960.428967 72.737629
798.334466 937.339602
1982.990171 541.908238
63.212058 1553.555309
67.957634 1693.164918
1161.628362 195.457136
648.262023 1630.065832
1716.295695 494.398372
1085.343156 549.384218
123.681956 812.066063
666.136926 1662.703199
126.088399 1280.281362
735.232233 1530.096977
917.287346 98.169137
626.434544 1152.196582
223.993982 1773.883370
1465.159529 1620.114205
290.346595 1496.417501
990.784868 1150.956173
844.863396 230.200001
397.592078 1596.159006
1265.618050 1849.874244
320.958455 1915.838037
1003.282349 42.272298
113.480918 774.118591
1236.805802 1860.549751
293.709152 1940.320886
310.272660 102.100455
1751.946283 427.329452
271.294535 1897.507522
964.728842 52.299437
1968.271894 1273.726321
1692.374692 469.310974
1173.396588 167.971601
337.372070 1957.020541
