1843.646635 919.301507
1335.332213 171.659657
1072.967947 1372.381105
1675.810172 155.130969
229.594070 501.210528
1353.617606 723.496176
1759.709829 1048.400711
523.539282 762.664684
898.450707 1506.230369
236.858538 1680.164389
255.584794 883.861222
438.526353 1809.191460
495.737273 1342.661857
1792.082134 481.776383
1926.395996 1820.669155
290.793860 723.244761
455.421181 266.689117
840.372251 483.053267
1174.107944 657.904065
872.438184 1206.364865
411.592012 1170.695853
1835.151338 1778.730122
1841.065258 191.657799
1476.292924 187.109454
1421.620603 723.116166
621.774451 1833.260993
1196.625785 519.829521
686.299460 1352.600718
1801.901619 693.636127
115.194521 931.975416
1614.388649 1359.157857
441.393152 742.650213
1875.285432 327.601812
466.759286 1459.634646
456.411762 495.179050
296.825563 1500.240094
385.692264 408.266092
1287.796679 629.213583
845.700810 1171.265809
942.041747 1245.362771
1296.880719 1213.940606
496.625816 1711.285062
1633.173145 101.694910
1711.479012 946.944849
1922.672295 180.811350
1732.510201 1267.235335
1121.057992 1632.889205
1734.219214 862.815584
737.278683 1625.613060
975.813758 1910.999578
1276.990320 1916.057263
1145.991585 559.995809
1910.349660 596.128238
314.372265 1340.531843
1127.139379 1847.481427
1588.454660 497.277384
1775.079832 1261.154877
1842.843077 733.509459
1054.948147 1181.251065
1077.292078 1671.314020
620.675076 1087.106964
1968.454118 301.485817
1944.917294 452.822728
1076.804944 1835.160644
1150.896663 498.904800
1414.344975 1691.749112
163.236375 1094.374351
450.450890 1431.550329
1802.883551 1213.079773
1454.058584 148.820110
853.659574 436.323442
566.329997 1218.602525
680.955262 379.665015
1416.186665 1036.650855
597.012729 1180.908103
1603.096861 971.101745
1736.884264 1783.140090
150.412382 1554.553877
1519.380450 92.862065
1255.956815 1950.773728
1167.746552 1954.907034
1717.234851 600.315220
1779.207458 570.512245
645.115627 378.082748
460.487147 1709.814574
797.489415 512.066806
752.906191 595.730912
1854.721058 601.787914
1585.354301 859.475548
311.003347 610.393966
591.869718 598.270573
872.569974 381.015607
1757.181285 1281.520045
699.337905 64.575585
1473.097208 1005.262592
1758.299465 1228.620137
1351.034429 257.600128
326.994418 925.449015
1087.558405 2.132542
1708.570629 36.466126
1755.398990 223.180465
1959.004071 1857.937638
1440.957219 883.772705
466.232659 659.066471
933.534298 773.571419
1550.613071 1967.087494
1313.308471 301.961603
1180.670713 1551.684209
877.442474 535.950568
1982.777511 1874.629919
1366.916107 303.058341
931.334373 1486.835241
1377.793718 894.003283
1806.132779 81.113192
1402.049405 1160.442894
24.446877 1433.054754
897.844266 697.033829
39.453003 1310.823014
1027.234706 1105.413656
967.472837 1008.883963
1442.964815 927.139828
128.260493 852.254586
861.355537 504.910734
319.109867 671.919280
1544.009698 1999.589084
1141.960013 1155.300065
1952.534282 598.373157
311.975567 1783.560111
1995.589412 48.829580
851.092002 84.518959
998.719415 1386.122657
1307.302874 616.735248
870.691536 576.816041
1710.116297 912.707697
1041.517185 1461.523458
1702.326248 1196.319233
1026.567026 1214.070826
1147.838469 1817.588285
319.412141 1343.781155
585.959066 1602.963471
1663.078059 1671.703871
1967.062801 1210.016267
799.816040 1094.932405
584.000117 158.414171
59.256089 1327.546350
1473.527923 1519.228069
377.856524 317.391631
1300.534599 1783.442562
1697.902912 840.540949
1333.062638 1534.976288
324.493238 355.156215
265.796103 527.125622
1393.554711 668.136756
218.425024 288.621259
994.121137 1986.540487
1538.236661 1233.818932
1283.044539 591.063029
1115.350215 1856.875964
370.943970 375.665157
