1024.244077 946.321309
1543.142165 294.631653
1374.743513 1772.551517
1060.045364 685.663787
769.310383 1301.961101
1248.652666 1137.558559
1230.112759 920.399347
1162.334492 1237.489158
1310.447063 1930.085933
1225.169854 1875.055643
989.998905 1383.063452
1368.693920 1877.409329
1257.245598 1557.676398
1716.859226 222.885295
1823.245209 1557.382229
677.527783 1401.368899
1114.160371 991.250140
1091.628166 1270.904379
1609.367133 161.654502
1318.540619 1793.011944
1134.722154 1791.667589
1753.660168 1513.274212
1142.427329 808.882218
1072.786241 845.864966
1707.171737 143.453949
713.357131 1471.705916
1527.978890 194.080094
1338.803659 1710.880744
980.785600 837.556059
586.071720 1493.623282
513.330803 1457.714643
790.007089 1420.619068
1107.760577 941.963558
1411.463086 1809.926274
1183.793217 1055.345956
1284.955340 1820.806525
1089.858073 1157.008835
1600.993956 242.179584
1252.414177 1736.320660
1347.567069 1873.268620
150.354974 1772.812290
1483.399433 1788.001510
1510.818554 1764.841970
42.338499 1732.926259
623.891511 1007.506895
483.454365 1483.663076
35.064159 1624.725650
789.451116 425.656345
1519.202191 1812.702241
1637.669023 1097.353429
41.938486 1662.611454
1439.775133 0.119919
1982.357221 108.119119
760.716530 1657.119137
1904.590713 1586.339619
1592.763498 1735.555737
448.125650 1505.660606
1944.184237 113.698540
761.428677 438.077788
1948.855055 1633.847778
870.560632 781.213120
715.142687 1119.579381
10.404642 62.605802
1911.758648 1388.031284
1443.469225 1958.044174
125.757063 1797.839200
738.659862 1734.036621
1422.009901 1181.750979
568.143254 1511.592862
1538.810957 1698.312653
1355.243102 41.891947
1110.691452 1458.593806
1315.527680 72.592633
84.234368 1743.645956
976.556307 868.203222
142.807104 1738.034961
1.075071 1746.000458
412.664225 1500.701598
1467.532174 1595.329653
1972.118342 1679.399396
1927.168547 1661.032794
1960.541866 80.495861
1915.790321 90.108744
824.513794 529.521981
1226.298429 35.396364
454.710048 1327.804638
536.579544 1477.871121
1981.622772 47.824606
44.451160 1699.049338
272.489271 1633.676572
325.789840 1631.371626
449.123982 1337.467206
1859.193718 212.660752
1190.613561 693.852682
712.044001 660.131198
1916.254862 171.985695
1846.316860 227.324157
391.627802 1875.742792
1906.189017 200.731111
227.353584 1682.716509
257.167004 1705.877999
1013.569913 384.277220
743.124316 640.344506
297.285265 1659.087792
387.760741 1437.187339
241.354673 1646.832308
1778.636139 200.036207
736.197711 709.940103
415.378700 1459.287752
1042.647050 407.502980
1770.183270 235.097337
676.374634 574.832506
711.655055 623.844143
261.772494 1671.027607
712.779593 580.431162
1939.737820 145.496543
415.325043 1402.218283
1958.464072 107.556476
457.380692 1462.017344
454.866608 1464.151164
744.948171 675.720446
356.702212 1861.808814
451.304804 1406.697241
282.279958 1674.384031
201.645885 1696.789518
492.810310 1458.316455
30.647998 453.551096
1708.425045 978.140523
1765.497838 1089.424219
1776.097602 460.830727
232.025244 1456.080976
255.749083 90.372994
1509.796199 563.870812
771.138401 655.333821
249.824915 1486.464574
789.197691 1411.666546
264.249730 1448.289261
1193.160621 709.616369
1124.339506 881.008048
1625.064826 1460.419072
1155.453681 1539.385930
219.841546 1388.857060
1289.615718 1238.622995
1231.675031 774.323171
186.115404 1442.297501
1400.871748 446.179071
188.642394 1370.743916
1189.460119 672.783168
762.453484 623.860195
1363.448777 449.948802
172.692414 1411.884964
205.878451 1490.325074
318.970151 59.280632
1714.445576 1517.021290
1149.738080 687.180335
634.798829 1385.996155
231.576691 64.884719
1788.846900 431.061896
234.029268 1427.645327
