1803.792947 737.404443
1556.110677 918.911525
1352.673307 1112.270675
1692.294278 263.042855
1879.040717 1957.626008
1602.399514 853.444439
1353.426332 913.759426
1674.367062 925.073286
952.407598 1462.361164
1449.202708 833.901730
1541.087012 1167.867504
1492.287657 1031.775463
1346.190726 992.458163
1608.854391 1022.520631
1448.972016 1101.899678
1824.881310 27.197498
1638.849926 960.214303
1567.902880 1096.545732
1346.810684 1379.760725
1442.920008 1023.151106
1826.106072 960.355273
1486.856391 940.878455
1767.488722 1983.284250
1914.700833 804.996916
1747.488728 973.436592
1726.412945 55.966746
1124.841606 1474.982108
1427.270081 929.599280
1814.281245 182.884786
1632.119048 1043.038772
1556.234275 1000.658134
1879.525882 882.794349
1901.901854 42.438781
1047.729191 1434.736576
1772.683358 821.379064
1296.786893 1054.833529
1305.966441 833.482565
1850.691171 660.364397
1261.725769 982.225266
1458.919016 1153.987317
246.602823 779.711689
1645.871984 1004.024646
1683.667541 840.118440
157.011095 856.051747
1600.664444 1643.130870
1484.564782 1476.703903
129.480256 829.931633
226.465076 843.338909
1618.243404 1201.301856
1563.874523 1470.317552
104.907030 892.993917
989.317623 1734.744772
95.628828 929.099978
244.230833 736.955405
299.688979 1904.709334
1675.572139 1157.008113
196.174830 785.085071
137.424850 923.369279
172.454206 900.207922
1632.320581 1712.748658
1672.727358 1441.857581
1628.918529 1624.918171
205.173046 816.717402
763.702344 1011.894733
954.208197 1742.004256
190.930618 773.234147
1623.693331 1652.374266
1650.618833 1675.708095
216.653136 709.308207
1661.242992 1069.768165
1006.037095 1773.215811
986.443175 1855.648072
971.857941 1779.376514
207.917806 724.430830
1598.265638 1596.614670
245.323994 813.585908
194.656171 734.100940
1646.904243 1746.914477
1689.114701 1044.639437
1660.133025 1780.418703
116.877969 795.641123
130.909947 788.883636
1550.886200 1577.461346
225.688779 753.535856
966.970084 1707.067067
730.165134 1020.923790
1599.692028 1693.357774
166.843891 810.435373
196.747344 679.720709
715.243784 1713.705881
735.352725 1721.822036
812.947134 1929.713256
714.884853 1801.003168
688.984761 1836.384692
409.651830 122.413916
674.976620 1866.970219
769.310679 1912.883163
738.991529 1954.890157
639.321858 1831.365636
651.442773 1757.674583
713.996090 1765.837450
461.198578 177.276565
439.414050 105.539277
666.009659 1748.664634
749.990780 1747.249697
678.657869 1717.632122
725.171314 1893.982482
431.430777 150.038095
688.014731 1803.581330
441.578433 226.842607
733.855973 1917.704988
385.503698 49.211425
407.031877 81.378648
688.974431 1760.342947
418.416775 50.368250
715.383903 1862.948317
770.621554 1786.901341
649.561997 1786.944949
776.383383 1935.150997
706.552772 1839.381768
465.089159 131.956352
700.823241 1928.621655
677.914252 1901.544727
667.295437 1823.150353
628.811470 1778.247891
759.459119 1979.828964
655.230755 1867.334088
329.164291 741.172984
394.633627 847.362709
197.406560 1304.184481
2.618254 1225.182192
460.962035 682.741565
1951.078224 1173.237023
1330.134283 340.282969
40.599963 1234.401048
1187.343621 1067.738677
11.722551 1192.043878
1235.812813 335.148613
1279.762798 359.941446
1211.398806 309.960235
1165.293094 1095.425769
80.742434 1240.765310
1264.021740 286.612043
1331.990548 377.726221
1943.379949 1208.113960
1869.782057 1154.705030
117.400638 1255.831048
1067.732303 303.317429
1313.841220 310.584506
1835.867556 1162.988059
1976.287072 1199.292408
1968.655422 1231.767828
523.317375 628.463622
1278.284992 325.442568
1032.695536 304.935265
1154.198064 1062.716813
436.391488 656.363376
217.015528 1278.842756
56.253723 1200.299737
