1328.930283 1366.392890
1672.202174 208.683539
1663.021670 1475.398807
975.641956 1136.903814
428.048730 1696.757426
1491.247691 1451.020686
1608.328345 1254.447651
1296.165054 1713.479280
1647.985503 1662.832361
1567.648002 1689.773457
1132.644084 1824.345212
1802.905568 1615.034863
1670.014313 1399.496260
235.624375 99.829108
1843.034823 1502.042257
325.610589 1752.389741
1393.858166 1428.990661
1210.788103 1765.751325
1888.460632 1869.371620
1752.174348 1554.429179
1510.204719 1513.269707
1805.434210 1432.350206
1296.919997 1291.350814
1149.706598 1289.483859
226.409108 20.348200
359.246672 1824.222791
1813.786397 1838.001519
1738.422853 1430.001770
1043.783262 1272.677523
305.024419 1871.092664
233.471848 1835.329111
425.036958 1777.575356
1393.833735 1318.207301
1724.200725 1501.736536
1472.587409 1337.276487
1603.034370 1589.344435
1387.064865 1516.311344
1696.974066 100.310558
1581.036807 1462.861325
1689.835820 1600.332021
420.017251 194.492630
1874.871140 1438.113843
1852.267311 1374.677668
490.176273 8.863916
468.448484 809.597388
261.611702 1904.079134
427.999079 1960.311372
415.568766 245.836354
1918.972372 1467.750354
1928.346428 642.263717
450.673441 1989.562366
1550.171524 446.556345
346.556025 26.412502
576.224509 135.427948
232.717692 1997.392712
1924.447501 1381.941422
515.514214 0.731035
370.111285 184.594904
398.599988 273.554563
366.552813 1971.695926
334.271857 718.012255
515.564097 831.588749
382.617120 195.803087
1945.571561 1550.489482
1579.797233 371.852286
385.240287 222.836030
534.249695 185.074239
1931.751557 1003.527961
590.201766 1998.676890
1901.497794 1411.616995
1584.574023 464.184720
1142.553797 1982.536360
1558.476106 484.954534
373.622557 152.754893
458.102734 775.860759
409.035868 167.393629
454.572120 4.672873
491.172282 1948.180320
1895.617964 1335.146655
400.012791 1990.187772
340.554318 3.384730
421.114407 8.889744
274.607378 16.738040
452.430657 288.985319
1556.452850 411.099707
4.370269 1547.327960
455.822209 1919.755136
418.075426 82.575136
494.558739 1970.905472
1934.136715 1229.509611
18.662670 1209.043443
59.342936 1262.222491
246.921490 477.400004
1430.043935 1000.540077
697.876728 140.078835
243.309799 556.861430
1993.417986 732.107328
84.611065 1442.440097
196.146488 594.549825
1901.232933 1262.011478
1914.616877 1312.967430
760.573798 186.666249
746.838675 122.952708
1965.669374 1248.591143
28.084091 1252.707037
1898.243413 1243.551512
1991.586283 653.815996
710.098283 184.525661
12.205159 1302.704135
780.510003 253.893073
1990.927673 688.815036
677.197928 91.956334
696.817756 105.839644
1927.699792 1263.945457
731.186411 95.666106
268.273786 534.024455
25.920659 1272.836282
278.490230 503.950181
99.646143 1375.005357
33.078094 1327.939123
729.562413 154.495587
58.105395 1419.204060
58.437185 1303.138248
1935.539106 1288.367793
1869.212038 1288.527389
132.407823 1418.169133
392.002741 449.390222
1425.015301 518.489659
1488.770468 625.732784
265.220296 674.757581
261.412698 936.669700
719.178180 1818.436065
30.862456 705.609852
1292.772344 531.760972
289.238817 959.283339
969.287737 1114.908054
289.114972 915.973002
1571.637674 1038.767477
1594.365021 1064.274304
1682.411773 1107.322161
969.827042 1150.240516
321.522403 931.088689
1663.946354 1076.976986
1624.533750 1020.207676
225.153626 927.316891
1901.316978 647.769638
317.543228 895.795012
1561.413831 1005.780562
1283.039820 495.945827
1866.442786 645.238074
247.736916 911.012673
241.904215 965.859107
771.918210 1765.277136
1711.743396 1136.275228
1527.229582 1016.162273
938.205292 1110.138031
694.206388 1791.509370
280.714160 638.599471
280.684233 898.785237
