1443.387197 1339.075720
1635.000709 322.458545
1730.475988 1388.855853
1091.951081 1165.062100
425.048948 1816.159847
1565.491622 1357.867869
1724.548313 1240.134356
1398.498530 1677.765934
1701.402757 1566.613078
1599.585340 1579.373325
1234.752080 1840.506321
1874.571711 1523.001423
1735.350344 1307.673465
354.395476 86.143848
1927.994684 1418.693161
338.853595 1870.136607
1499.859061 1378.504884
1308.380495 1795.589353
1909.069389 1751.502936
1826.036081 1461.098542
1571.638638 1432.285173
1889.772744 1348.217803
1413.301734 1268.825129
1268.451431 1276.074483
345.125547 6.764791
371.115707 1943.374872
1834.484967 1720.251243
1809.981805 1340.767828
1163.310427 1267.013079
321.178927 1989.663751
249.157088 1953.908047
437.847141 1896.466959
1498.842493 1268.983580
1761.594506 1406.845489
1580.838096 1289.260546
1665.305735 1494.352640
1493.736775 1480.937704
1660.674410 214.558395
1649.393881 1367.204177
1751.826410 1501.778554
479.523390 295.742673
1976.279998 1374.195680
1954.323512 1311.968378
534.156776 119.354229
353.648847 775.752977
273.866172 22.353506
521.452410 29.626540
469.033370 342.056435
22.306442 1407.139263
1992.941407 541.132670
538.200622 60.443948
1580.624274 562.299404
449.460199 86.358856
564.116773 253.649217
337.070974 14.174924
21.803370 1319.202336
568.906931 98.700695
392.214617 294.085368
397.589882 390.164113
464.415962 36.277316
215.096574 703.967618
404.365112 786.763574
448.452184 294.570340
1939.770876 1449.005625
1591.412414 491.214101
416.764481 331.214178
514.620872 302.523483
45.027481 963.922846
602.908225 116.955178
1998.595732 1345.478487
1609.943556 581.026214
1162.640755 100.843224
1581.930833 602.139617
458.871947 233.748879
343.193328 742.506053
498.971782 243.635281
530.027543 97.268422
604.983689 1985.251854
1995.520283 1274.095550
489.260938 59.962248
452.494579 40.916917
494.448950 103.135267
392.629090 21.699307
452.297357 401.498777
1584.135102 527.584121
1911.711548 1505.028212
545.709407 1984.792337
481.343342 184.092672
551.642433 74.053872
1856.323236 1143.377861
1965.702478 1106.480934
33.479979 1145.540373
359.845185 515.122937
1483.250685 1068.692831
702.058902 22.458725
359.786482 574.690877
6.605621 851.380486
57.033941 1326.038084
311.835549 594.610263
1827.388849 1170.218519
1829.646407 1231.561590
764.383995 68.131763
756.429994 11.220261
1872.209177 1176.540005
1997.923778 1137.183767
1808.464315 1168.048477
2.841652 773.232889
723.201540 65.956424
1918.983715 1229.169957
770.256864 134.548978
2.603621 808.244933
696.994326 1976.549358
726.381951 1992.094711
1840.493099 1188.841272
733.946498 1977.041929
386.065746 551.243044
1935.362664 1197.845014
396.777189 518.591143
55.320276 1263.812869
1999.690385 1213.615821
737.974353 37.123260
34.121724 1301.872457
24.549770 1188.851440
1856.025856 1201.623717
1788.677108 1204.281289
87.062366 1307.866843
510.325264 469.384735
1362.035358 416.345022
1426.300649 523.275388
376.535186 709.990811
242.297212 820.573861
821.929357 1757.187639
143.752213 703.115169
1408.614924 501.724261
268.724770 843.325747
985.912988 998.147567
270.113362 798.997446
1681.858218 992.495701
1703.463020 1018.962397
1727.928341 996.644644
967.398796 1030.461284
300.049575 819.377394
1711.538603 967.276788
1717.660405 945.606176
203.452640 816.583306
15.359462 684.756905
305.219593 778.196081
1671.895098 959.668931
1399.832780 469.847703
1979.939516 683.493659
236.382634 792.562618
218.933343 853.176444
872.573335 1699.943026
1752.210940 1023.367589
1638.598095 972.108395
946.100896 992.472569
796.569633 1729.639813
393.086758 654.861894
271.141898 780.357059
