1727.134359 859.155866
1462.672942 138.074746
968.953269 1292.206838
1753.030632 255.898073
324.037849 592.756433
1239.621208 659.009652
1696.954944 948.466921
619.587099 674.838543
779.996012 1560.946148
354.785186 1678.787373
247.774641 1014.420946
483.557898 1694.690879
522.111288 1464.680563
1720.292784 586.737859
1794.984120 1809.346564
338.143124 844.272867
544.487234 363.827319
732.725046 501.805600
1090.903480 563.080489
755.172914 1259.540278
497.032854 1269.664855
1703.655944 1789.953254
1850.758143 320.092565
1600.442534 184.948453
1349.428107 615.511417
612.408364 1708.451854
1114.568206 589.766180
578.111765 1416.398209
1683.486214 749.599158
179.628689 1046.607277
1735.971388 1311.604545
439.726431 856.930361
1829.880258 448.390510
524.427958 1567.381895
568.457878 555.664165
422.848368 1523.901940
495.776573 480.564710
1179.525338 616.079492
717.419465 1184.255157
842.250303 1318.302424
1396.536443 1294.451784
549.531412 1603.399674
1563.513500 11.771971
1582.040688 961.731778
40.101020 227.563196
1861.881284 1291.804552
1200.988801 1707.777227
1625.436734 817.087787
808.029925 1732.183186
1098.564169 1885.060211
1344.071132 1809.820858
1054.158124 468.683332
1803.238805 632.033949
392.787650 1431.274480
1234.932708 1849.757598
1469.291201 440.496491
1896.575775 1304.559478
1723.223283 694.358258
1148.410951 1088.095147
1178.228399 1737.328779
609.441477 1027.077855
59.176889 397.227598
1917.732565 569.236059
1195.175029 1829.298391
1042.463252 429.611768
1402.199217 1649.057464
251.279704 1192.360019
545.296418 1520.422070
1915.676820 1278.224804
1478.800187 20.494875
916.564657 324.549264
582.303793 1092.676345
792.069787 339.686176
1375.055641 1137.762400
594.828875 1058.939051
1518.269436 1058.833042
1611.576591 1800.454697
27.029625 1507.642309
1419.924686 51.231143
1267.479449 1838.170340
1261.558795 1873.280358
1600.127804 550.997506
1656.148918 530.403134
670.641098 499.912573
503.562958 1598.165793
684.175875 536.857127
629.686817 609.319716
1749.830160 630.809284
1512.144689 966.445142
386.780125 511.453831
559.556417 481.804415
818.016243 493.979422
1718.357138 1407.639062
757.865330 139.543614
1359.738579 1071.614352
1727.095167 1356.678637
1289.173127 142.218405
331.163536 796.391691
1180.643727 6.622496
1834.003697 75.757841
1880.815879 185.021386
1833.241106 1892.751397
1378.113836 999.635675
452.693115 529.900559
805.809942 742.581070
1673.605816 13.436105
1277.287045 177.268108
1246.416037 1451.889930
788.845111 629.152898
1858.550892 1914.205235
1311.870857 185.651912
1011.546750 1403.012815
1343.055777 1019.456027
1931.349640 115.309655
1285.274578 1221.986698
1911.575021 1372.597344
766.394769 690.595669
1912.648516 1320.630948
987.754328 986.855629
903.558715 901.752784
1375.680782 1039.226621
200.752511 748.660344
772.407433 598.091751
383.874594 559.861892
1664.750559 49.166750
1073.378140 1045.197295
1961.840248 581.119987
235.032643 1765.310580
84.068083 1963.179277
912.539682 118.896442
901.604188 1473.160553
1437.850544 598.678359
936.279531 568.434095
1835.324149 877.062256
919.528888 1505.878353
1831.809127 1221.974328
950.477516 1321.415158
1021.248583 1832.604991
413.224542 1285.241424
479.336423 1680.781283
1602.602952 1655.940362
63.519855 1300.095637
858.167626 1112.050778
658.316121 172.217031
162.636530 1409.622439
1364.582864 1593.756599
332.646435 196.953080
1174.938329 1819.751104
1825.178681 839.234258
1280.835825 1598.585565
312.587363 225.061765
271.756531 395.855575
1500.308472 590.664727
264.493180 167.260103
1069.063569 1909.027814
1669.977004 1241.975519
1413.581267 573.153431
1032.784158 1930.944420
339.168713 248.176395
