138.951850 1701.149746
61.574306 1812.293559
1856.197430 1896.635605
758.682734 79.013848
951.745882 1813.526666
1990.021028 1755.339078
99.736004 1627.433396
2.243155 1867.379387
830.172843 1803.164367
205.287298 1519.093109
1905.426168 91.373808
1.694826 1895.804159
1848.231771 1814.377767
1931.958644 1957.546285
1856.997924 1968.921770
1183.623489 306.476147
71.883064 1897.280502
98.141636 26.953643
1067.169464 1831.292787
1923.156868 1861.819178
91.361132 1951.147470
298.415169 1410.292588
1189.481138 409.328321
191.672051 1788.583199
22.910028 1995.335138
1255.457656 340.533004
1109.870963 402.812470
119.001382 1768.223296
856.614395 96.762714
13.791589 1981.230346
1998.750961 1906.119909
158.955915 1861.458275
0.633496 6.898530
888.368295 1746.549017
100.352508 1764.764691
1738.022095 1862.459866
1889.829758 1694.258837
213.136426 1651.299378
1912.036388 1772.953619
1917.082572 11.415634
1289.362130 719.664335
8.817814 1928.251357
306.028954 104.109503
1231.202080 604.594417
1269.478370 507.337794
1142.727324 481.603666
1231.187817 655.799042
1273.038659 689.234690
282.698021 42.574068
924.750395 314.388004
1170.196159 630.943302
1339.663120 739.419236
1174.931367 665.658073
1320.110741 620.026771
922.574463 1611.395005
1906.719949 159.868668
1267.257100 642.958205
1211.543908 683.954029
1242.931021 692.627273
1316.596921 500.925729
716.205994 1851.767863
942.284945 279.086076
1240.324716 745.422359
688.435398 1838.393815
1308.932492 752.398922
1249.894820 624.559270
748.690027 1822.923968
994.305734 206.424985
1304.848908 655.850927
1884.636440 132.401745
1341.040951 774.469511
1404.056570 736.434175
1303.453875 785.029337
1274.767861 606.643262
1077.047390 426.750601
1269.405654 780.905217
1234.925503 574.952338
743.449218 1908.856437
2.110688 50.063356
1356.913525 552.340859
1206.230344 629.595087
1185.147369 582.407914
1234.518107 519.241053
1231.069014 718.259115
1308.354416 723.331785
628.901610 1813.793535
1294.892525 529.208676
1264.594107 666.230744
1265.424333 574.427325
1716.089065 1306.415477
1780.929797 1272.202117
1854.041583 1358.037271
1740.642751 1331.475557
1693.335715 1388.410388
1676.770461 1468.026856
1712.665115 1365.389749
1826.200125 1333.876447
1783.183943 1402.839706
1651.940270 1451.445508
1650.520062 1314.769580
1752.153744 1253.341814
1758.776750 1438.800684
1685.140136 1430.575428
1631.208717 1383.922126
1792.149848 1276.274457
1684.635831 1290.989213
1756.129226 1373.701622
1705.087373 1467.094089
1698.742152 1343.490889
1798.510247 1445.567706
1782.201242 1368.612248
1624.709052 1425.415187
1662.337441 1413.064305
1696.648592 1336.107047
1668.859143 1359.476177
1735.468904 1348.755025
1770.005688 1342.116851
1657.865716 1355.893594
1820.408990 1369.200118
1754.998962 1299.562951
1735.936773 1426.157469
1734.866783 1377.463657
1725.256885 1387.432735
1684.112797 1331.640019
1624.090810 1347.761799
1815.068263 1403.597578
1685.625968 1390.908245
1728.755501 1767.394116
1794.228152 1873.581796
1197.824830 1829.280595
1018.263775 1740.340588
1305.834287 1957.657812
974.025418 1666.429731
428.598936 628.209695
1055.857098 1755.605265
1353.041521 1959.891075
1029.049143 1704.196251
329.388321 634.328006
355.441558 650.024901
309.137141 603.434527
1337.824802 1992.601138
1101.198874 1756.731961
333.744514 579.244669
431.306565 659.803780
957.172461 1709.274356
893.654197 1658.906695
1136.234797 1774.795487
175.648504 571.691286
389.520220 634.645861
858.832991 1661.825496
994.422778 1699.731249
982.857255 1733.827603
1356.758345 1880.078699
359.290884 615.179745
140.259556 571.970285
1313.859111 1953.095752
1276.421149 1935.343183
1221.072065 1792.165120
1070.575848 1723.739019
