314.548229 1889.333997
180.460607 46.863545
1876.242203 166.624842
850.302071 335.527717
682.620276 1878.529974
1990.671003 37.275854
256.857507 1833.649178
45.557963 129.067837
571.847244 1901.508234
314.863833 1765.187256
1868.643001 363.986382
113.446415 137.572562
1873.310186 92.114280
1938.213605 188.615672
1828.648818 240.237448
1226.399772 571.747106
206.024899 133.455203
373.511970 37.949524
805.549096 1811.556116
1972.717560 133.718481
98.146698 228.174552
360.753564 1678.159335
1268.162277 667.333669
355.936112 1954.744403
176.911307 182.815206
1310.914012 598.858489
1187.045635 659.452590
268.925491 1951.181070
923.469125 369.156889
1973.246554 251.625437
25.368548 174.944619
279.449475 97.587809
27.082899 281.546201
622.437595 1829.808597
266.495603 1953.058458
1787.077855 120.152760
1922.821845 1975.246317
383.557107 1860.682329
1923.140114 55.121622
1898.764472 284.975014
1517.715337 848.062806
9.241176 195.820392
570.441078 26.383032
1457.496053 759.786494
1448.014572 721.375723
1277.776501 728.592234
1444.610629 825.425391
1501.295791 833.503550
533.535026 1934.007882
859.961946 587.571317
1356.277263 822.914271
1463.751717 972.275119
1400.297123 829.504415
1525.264873 803.862531
809.063649 1351.065800
1868.917249 441.341501
1482.081237 796.778867
1410.576232 865.787130
1446.788430 862.661315
1502.909386 699.877129
453.445645 1926.409694
885.351496 553.744748
1469.106662 887.554624
430.155442 1903.941195
1502.742872 926.408474
1440.928633 818.205463
485.032818 1919.805122
941.633194 483.945070
1485.002424 867.115627
1848.359950 413.216467
1453.564019 1023.397584
1483.879102 1006.022505
1418.560125 1025.398243
1504.959630 750.980901
903.390600 639.757646
1430.926267 959.928129
1391.765221 787.934591
479.114831 1988.504348
2.565339 330.747601
1529.905763 757.066161
1423.911221 805.551849
1402.099901 763.263325
1413.898871 732.546018
1431.281839 887.889886
1539.675055 867.456006
417.180590 1915.085705
1485.107317 730.032299
1447.996102 857.804548
1446.527903 779.659883
1457.878120 1218.615016
1517.470437 1225.821285
1608.650437 1254.503707
1469.463152 1298.783450
1423.502152 1355.152448
1408.321204 1420.740567
1443.648434 1317.422542
1569.851093 1271.323038
1518.300722 1340.450408
1393.279920 1385.591877
1385.493271 1287.601003
1496.001592 1237.296041
1498.797330 1393.823252
1419.882644 1476.704764
1378.133716 1364.115111
1540.693853 1312.258232
1418.013391 1224.312143
1489.098558 1345.860942
1442.114835 1446.783085
1429.809554 1351.220954
1533.420733 1432.059290
1545.132972 1238.323746
1379.430362 1404.256025
1419.576711 1283.105143
1439.343345 1244.021923
1404.895953 1333.340492
1467.972294 1298.739250
1514.459581 1273.312798
1392.419134 1321.073232
1558.670786 1303.374744
1483.669368 1254.660180
1502.405695 1310.164748
1466.108585 1391.300768
1450.834105 1352.581386
1420.501859 1253.113016
1362.312818 1364.100742
1538.670173 1368.317748
1459.897339 1259.514099
1535.161131 1581.629078
1611.333545 1666.355288
1382.982086 1649.116085
1272.195765 1674.368557
1280.167640 1707.368674
1228.532631 1619.884875
704.758333 676.806117
1293.550671 1644.780467
1387.774682 1679.996366
1263.341930 1610.554942
603.444581 668.848953
633.550834 692.087445
568.191095 661.658493
1370.153674 1712.004745
1324.723050 1615.990328
606.312533 630.824873
707.695435 706.187137
1214.751837 1652.751550
1160.510062 1634.182244
1361.550968 1624.574302
453.376850 626.601901
668.953750 685.158175
1126.374305 1641.670771
1250.258443 1648.048931
1235.068075 1681.780800
1397.609224 1617.832843
637.644000 656.689915
418.499448 623.645723
1347.974962 1674.422558
1316.508864 1661.906247
1370.669499 1572.166638
1296.410316 1598.246642
