1123.150169 743.212646
1318.691857 255.181828
1171.656279 1684.854617
1209.161953 510.057882
818.693062 1088.929715
1095.653530 968.855505
1049.649571 888.371024
979.622186 1108.166807
1107.066143 1842.510085
1021.109837 1772.180697
889.718492 1210.291978
1170.902943 1766.439267
1055.633228 1445.545947
1493.303318 276.109693
1611.321764 1463.469422
771.219991 1216.265841
892.942040 971.799912
891.255532 1169.824479
1381.737296 122.773934
1122.472788 1679.930972
996.374400 1635.824783
1544.798184 1415.438556
1241.538330 612.401352
1169.043518 639.653596
1478.670786 152.638120
844.709975 1294.291873
1297.874682 165.917163
1143.329170 1597.126613
1106.755153 646.363345
746.586596 1330.438353
443.511668 1270.781649
927.014784 1250.686248
1211.873369 749.796905
1214.393503 1698.219043
982.073701 1000.201620
1080.428185 1718.581972
900.040794 1083.931029
1374.002746 199.468345
1054.389503 1617.274905
1142.206945 1781.129398
1984.965085 1610.707406
1263.537946 1731.838100
1290.741703 1707.458509
1887.180632 1569.380829
473.074431 831.290926
558.396473 1304.895607
1824.724718 1532.909435
975.519546 557.407122
1298.008770 1847.135986
1504.847220 1285.434826
1832.634245 1568.294669
1233.956714 1895.451845
1773.726726 205.850835
803.865087 1429.399739
1705.970731 1467.502139
1377.165659 1818.332035
561.351971 1329.237064
1736.254665 213.555563
945.047347 573.230641
1752.232865 1512.016868
1094.677450 831.751806
557.876725 949.345768
1812.716510 182.865584
1680.351786 1373.015318
1239.259583 1849.980815
1959.539998 1636.751643
769.457826 1504.089920
1222.452723 1297.049090
617.972539 1295.558287
1311.624943 1653.480805
1190.998474 1883.799521
964.924451 1287.107785
1155.459038 1906.338695
1902.747915 1600.133020
1120.760047 990.652660
1991.046419 1567.654935
1824.324759 1602.041292
521.527230 1311.948419
1238.103476 1621.185499
1777.271347 1558.486027
1730.131739 1539.672286
1752.386210 179.759406
1706.870755 187.854070
982.883669 697.781654
1119.737386 1831.984987
651.514618 1222.999291
625.553655 1294.986032
1783.252583 166.545234
1847.205912 1579.921395
404.368937 1820.913127
482.877357 1793.917295
472.434875 1106.888854
1777.497758 8.167958
1087.747178 562.090691
793.695386 876.222506
1771.131967 0.231345
1790.634887 27.960861
468.955256 86.798161
1799.087585 20.223832
361.483030 1863.711161
393.896857 1887.661825
1197.943904 248.440570
825.109120 855.837461
449.956854 1827.199509
420.090055 1208.644446
300.897989 1867.002848
1717.742749 1999.205118
809.469490 929.720345
448.091418 1230.597069
1223.865959 267.484870
1743.529747 18.378853
751.169384 793.099130
792.850958 841.092580
391.660968 1856.527016
784.247442 799.800005
1792.303261 1976.777700
410.169622 1178.619931
1801.962401 1945.585567
479.724932 1234.269366
483.218093 1241.952654
825.267473 891.461907
433.111794 73.113952
461.584598 1176.134378
421.545346 1848.845298
292.482318 1901.551814
515.042832 1229.587834
14.292057 483.874849
1830.186269 1175.620154
1879.038309 1291.733770
1563.881098 371.284134
276.642592 1679.779150
73.840160 233.804147
1305.957321 521.190399
549.208243 711.468809
295.009705 1709.770506
561.621721 1366.575772
359.571270 1653.824847
1076.658655 510.649058
941.985348 955.290216
1830.614477 1567.998535
1261.743262 1567.091492
179.028116 1607.687891
1187.058385 1208.536156
1099.382459 586.888484
228.977064 1668.889324
1253.042221 288.431150
93.606139 1580.502817
1077.253701 473.741895
539.345198 675.112755
1224.357344 298.574366
57.060396 1605.541431
179.935074 1720.087022
124.370244 185.593244
1914.801378 1633.963957
1042.947085 483.247475
406.574203 1344.316097
49.688756 208.341103
1577.818071 338.751170
133.639654 1614.386399
