1800.711078 1083.732924
1727.390600 813.444400
181.788200 1222.998910
1562.519290 1067.890825
718.926114 225.717230
1872.963327 1061.316656
152.870124 973.256567
1750.175756 1331.303823
116.740718 1330.853174
1908.412656 1223.268915
1594.415651 1485.629825
310.608340 1288.609422
156.634838 1045.440170
766.737623 367.811092
394.938181 1275.520849
645.455900 284.880165
1853.190975 1158.081471
1652.774044 1428.407422
277.084857 1452.211146
268.283594 1218.411582
1950.430045 1139.731548
346.007607 1209.897897
1758.406387 980.556125
1702.618897 1082.088780
674.937366 357.872410
584.324754 377.226929
198.947301 1429.645298
250.188187 1139.421368
1634.606916 1101.836564
504.872551 424.926167
450.143208 352.813412
736.393022 294.968874
1836.032574 960.040913
214.126050 1207.621061
1969.250459 1025.586950
108.633421 1251.127181
1800.046106 1221.640171
1724.477186 715.039100
95.631060 1170.052307
203.084669 1312.444708
912.842951 526.652702
427.206045 1158.975722
430.474598 1120.515396
831.123872 489.417668
1902.059071 893.492118
230.638222 444.630977
896.891518 387.276628
892.100618 557.203278
459.478407 1196.698765
260.290763 440.810669
857.626660 441.701793
1708.241100 1065.052426
825.237510 426.658112
985.262538 468.055616
857.904330 1984.665730
473.109147 1121.099934
944.074848 378.466714
835.278802 536.460557
853.895382 571.516698
904.734634 301.248887
1805.344871 531.733454
1942.565884 884.461299
909.514838 483.007053
322.610178 1656.547674
1664.498753 997.829004
874.511941 525.776796
963.993240 454.383329
1933.978167 936.087592
945.686137 425.929290
450.684819 1149.243118
1724.219327 1089.666859
1250.353808 617.449864
1693.017472 1110.057436
918.116546 444.866391
1902.072266 861.162084
935.039990 458.566229
895.905231 429.979384
949.924108 355.428549
460.069609 1081.351200
866.894915 406.184151
835.259572 392.824579
856.469696 461.012110
898.918748 129.086739
945.688273 489.465363
1677.462430 1035.238846
292.289181 1664.509687
949.907696 290.077203
875.008016 504.246488
927.719357 402.040415
1651.825257 677.084015
1651.421150 718.480469
449.140388 980.092064
879.370992 572.659037
1613.962704 838.866344
641.193499 1541.243789
876.887452 617.295626
437.593845 947.787952
386.373689 1001.276629
833.706217 582.492670
1620.970466 703.686885
1625.843733 777.094604
691.009652 1593.536415
671.595598 1524.348739
1619.209572 733.221421
1695.631925 738.968998
1591.401177 706.240095
421.590471 910.861827
667.166630 1567.854368
1665.253674 780.680874
653.600339 1654.474397
427.653768 958.639194
623.083936 1462.576403
643.256218 1495.006241
1663.174687 730.035280
657.680611 1463.594128
905.247558 597.136652
1738.737087 758.151314
915.947185 563.470086
383.156657 918.766149
1701.902341 794.207728
703.436844 1541.789599
374.984404 967.248245
390.182186 895.208731
1646.338053 749.078910
1573.571904 743.410302
414.871228 999.937048
1027.000282 556.694108
1087.022940 1970.313443
1152.237741 76.660017
883.522108 759.209809
666.632335 696.798234
1255.220870 1466.987062
622.258811 640.609264
1914.699587 374.523395
701.163335 709.592057
1049.130747 486.819624
677.418817 660.686332
1917.028126 546.111709
1965.298890 598.652374
1918.050374 514.846459
1023.208833 513.434500
741.398104 713.066927
1948.716422 512.966508
1986.120420 519.430091
625.658818 679.628509
519.392468 650.324389
776.459543 736.417757
1888.112286 502.406561
1905.406613 339.870433
486.113444 660.986280
652.674708 662.387203
637.240356 719.543569
1312.100711 1414.650746
1958.692586 558.588104
1854.594509 522.719778
1006.721296 480.987351
1230.583771 1440.662565
904.567481 731.702962
715.765237 678.226432
