1734.122198 517.595262
1306.498783 838.427619
1139.462755 1009.794515
1497.220544 410.421993
1756.798681 189.184258
1404.923262 703.822788
1090.917176 876.889257
1589.845084 683.243444
879.311025 1216.852717
1206.188483 744.276667
1283.903503 1116.375708
1238.791357 994.615548
1082.568961 955.977085
1364.536797 956.041889
1197.096149 1063.611043
1694.321699 248.816888
1401.204198 876.832554
1310.336096 1044.794842
1123.269301 1317.708300
1193.390260 951.389308
1747.267178 762.318513
1265.977934 835.050524
1587.206849 169.394158
1791.404746 611.705559
1654.575119 808.264098
1596.587180 262.672120
1059.833695 1237.704901
1173.758285 875.305375
1663.137580 376.149727
1376.532388 993.269563
1307.927266 912.279516
1776.437537 683.458611
1806.929033 277.040919
936.465910 1202.266633
1688.852876 615.579399
1032.922947 1018.910501
1113.702837 765.644100
1787.083878 420.849474
997.293796 947.486936
1212.798340 1150.671048
1987.245870 833.504614
1394.312851 932.989425
1426.920763 852.786590
1905.325494 849.058374
1527.045663 1891.511794
1705.969484 1365.209015
1883.949406 849.843112
1970.232676 900.422192
1396.306885 1055.871742
1731.956706 1322.092583
1869.429521 830.945313
951.977411 1469.789639
1876.034276 863.077742
5.426101 812.564119
32.100139 1919.548887
1433.951737 1042.148489
1941.733237 854.598882
1897.321590 874.805091
1916.490661 928.225845
1610.770722 1976.143716
1909.510109 1372.046020
1582.257798 1877.352742
1952.760388 896.360046
687.032383 758.243173
916.562897 1477.064890
1943.400688 850.333773
1606.691696 1915.020917
1682.544328 1932.679870
1969.488045 657.810912
1417.832526 977.704263
959.272651 1509.822845
971.681700 1588.054913
925.761773 1515.865772
1951.068024 772.013390
1561.268225 1855.443693
1987.451788 868.409714
1946.312110 817.999946
1677.384495 11.177509
1444.511208 953.204479
1681.102221 45.972273
1871.790935 769.731396
1913.066581 745.111654
1529.653487 1826.107225
1969.206592 812.085645
933.140462 1442.603767
648.334323 768.889835
1607.629840 1939.226690
1930.464512 799.898079
1953.475058 588.837137
942.029780 1837.071291
937.946756 1875.640930
977.260703 139.630675
884.658122 1992.305136
886.244148 9.760213
439.013695 388.192006
865.738510 41.367199
956.328006 101.390629
907.720680 152.188871
850.422663 1982.830392
895.722261 1854.848614
927.590733 1918.822865
488.898077 441.293499
471.114120 371.066294
869.886962 1913.223998
961.424987 1900.321564
906.065882 1828.875970
903.171973 71.705294
464.550374 413.959866
878.049024 1978.428244
474.059639 492.841707
919.983812 108.332418
420.882317 312.325883
435.667257 344.111570
917.799294 1879.129812
453.660592 313.500798
910.198674 39.734864
945.338156 1949.432800
844.129282 1960.841458
942.215564 144.157622
916.615836 1970.130761
494.470484 395.960202
887.516763 118.296474
855.539115 82.406014
889.084803 1907.479146
875.541614 1875.703561
933.002346 178.173623
880.823879 1936.869902
469.819498 969.296005
535.284751 1075.488247
1957.092827 1193.772824
1761.855138 1109.084104
237.135823 828.664319
1710.424325 1058.210342
1064.328839 334.799896
1797.916859 1122.673806
1163.697947 1333.061788
1770.967495 1076.087095
968.548777 347.042465
1016.067929 374.984562
944.581282 321.478749
1145.177463 1360.929084
1841.005471 1121.427700
1000.513311 308.638392
1066.968749 370.289947
1702.976601 1092.941293
1626.266872 1042.925067
1877.334241 1137.417819
800.003913 304.934432
1049.072070 301.228371
1592.422899 1051.701078
1737.267562 1083.223087
1728.101298 1118.163440
298.520930 774.376467
1011.939900 342.064505
764.997548 304.752362
1132.878212 1328.236935
212.739262 802.552655
1979.398079 1162.929596
1812.428021 1091.425196
