257.844063 1863.020087
139.985315 1.057558
1883.125623 103.816266
844.633425 272.206202
740.640807 1852.489222
1996.715537 1974.418179
197.186576 1810.669280
3.433302 83.430699
621.398843 1861.452851
268.310424 1721.318010
1880.084457 301.023834
102.061943 76.105677
1856.021513 32.462479
1983.749899 144.398054
1846.145122 180.126791
1192.193916 517.674320
173.392352 80.729484
309.618383 41.638469
863.543533 1784.568461
1967.569204 70.679532
101.811901 165.402107
328.395928 1622.972145
1231.719917 614.865587
292.518955 1956.400820
193.447824 123.968104
1273.371806 547.171662
1149.652655 608.797337
206.118775 1946.903740
914.958547 306.154366
1993.584067 192.650964
8.694846 113.423276
248.412196 44.679814
37.420396 220.040515
678.960124 1801.029024
203.299869 1948.089974
1790.201985 57.852211
1913.072002 1912.074662
327.450139 1830.493545
1919.250288 1992.093906
1919.462737 224.946233
1484.588006 794.940384
1989.220982 135.964316
506.570804 30.455880
1411.244056 716.645244
1402.730982 676.963376
1241.151772 676.149462
1386.740194 799.601909
1461.886113 783.682178
476.099976 1958.926477
885.686827 529.087924
1322.626876 771.621328
1454.981518 909.556877
1361.091995 780.192875
1482.614855 756.363190
834.643551 1409.731536
1877.436167 377.911004
1435.424723 757.287002
1379.287103 817.359236
1424.088839 803.755762
1449.975137 669.309123
516.463257 1922.511554
911.429322 495.418918
1423.636671 844.656325
484.908554 1876.278812
1487.023651 867.071612
1410.751786 764.393273
538.019148 1885.267273
958.235529 422.204719
1447.663093 817.305235
1856.240685 349.798432
1437.118974 961.637035
1467.770019 944.363694
1401.443749 963.904983
1445.462820 728.999324
956.197235 603.929844
1429.847850 897.425160
1356.998033 735.317888
537.452736 1966.043869
1.183125 266.762528
1493.134286 706.094584
1387.200444 753.558245
1356.507493 719.425589
1367.800731 688.979728
1388.469398 843.955782
1485.115195 838.652959
423.656071 1852.056272
1431.286675 696.288703
1433.015777 796.486112
1415.032557 724.138949
1517.423220 1239.455797
1579.937268 1228.204404
1671.508400 1259.146307
1531.148801 1297.654489
1477.830319 1386.075489
1471.693403 1424.306549
1503.038862 1335.529726
1632.274009 1259.032183
1581.837704 1346.973850
1454.894462 1401.463263
1446.072295 1269.418690
1552.186886 1207.781020
1560.456065 1395.966677
1472.864833 1442.031789
1432.576600 1331.323688
1591.433451 1349.433382
1480.047264 1221.306471
1548.791244 1365.634160
1503.438888 1458.913410
1488.345088 1327.492736
1589.178669 1402.201840
1595.591590 1275.225129
1431.570644 1367.988167
1478.780973 1304.977808
1491.121546 1278.358671
1467.746350 1332.165212
1527.564001 1316.912739
1576.048189 1289.003582
1453.388854 1303.860037
1621.662746 1294.717250
1542.807317 1273.632225
1563.249271 1304.291336
1527.110764 1377.643597
1514.484280 1353.580372
1483.447870 1261.270933
1419.332872 1339.053167
1601.728190 1375.614205
1522.169867 1264.952206
1596.773122 1597.787476
1667.855760 1696.071907
1339.711023 1694.931813
1228.932585 1721.248037
1325.833432 1750.494266
1181.100805 1662.507212
642.572482 665.259056
1252.993002 1693.717492
1385.630607 1743.693209
1225.753478 1661.650842
540.601961 657.770192
571.037176 680.071397
513.268136 632.419238
1368.542707 1775.979207
1287.026138 1667.339216
543.565851 627.029136
645.061525 697.388950
1168.800815 1697.091773
1106.407301 1668.130346
1321.969604 1673.877642
390.835198 613.052752
605.823863 674.640772
1071.893344 1674.878957
1202.792645 1690.765017
1191.164415 1727.996805
1403.700044 1681.432328
574.992325 646.197527
355.919124 610.333630
1351.564100 1738.171455
1305.435529 1724.501483
1358.052789 1634.842574
1256.725758 1648.118357
