444.545952 1915.600944
254.425084 148.297327
1817.629925 284.497322
856.379810 470.425952
590.120384 1975.978989
26.189715 167.865721
338.029731 1929.727863
84.773776 255.743818
486.337673 1.946886
416.685763 1851.546130
1849.344804 498.605137
198.506856 236.709706
1866.143981 222.947729
1891.154256 312.038720
1792.968434 370.905791
1306.542965 681.580016
299.633704 218.360239
507.230675 47.445769
708.267252 1900.189365
1981.405627 253.196830
78.598237 357.911210
445.176416 1780.375506
1346.794962 777.684412
455.964663 25.760442
125.987945 305.003939
1389.218338 709.442476
1273.238043 761.056340
380.532508 20.507614
928.647359 503.923781
1930.090015 379.599898
1983.522596 299.735603
384.612272 166.019655
20.925712 413.268594
527.712909 1922.655592
397.471794 1979.713203
1743.113197 238.311311
1965.356564 97.475923
502.747621 1881.049717
1944.391026 178.966975
1861.398889 415.057897
1591.086735 958.304435
7.877773 323.806484
706.165410 17.728230
1517.342491 871.737962
1524.050533 830.960124
1354.739254 840.640964
1520.054302 921.624528
1504.093002 963.647114
617.807301 28.186739
762.671810 677.943461
1414.244379 938.305219
1554.030004 1065.157653
1448.837652 954.218267
1578.265285 918.501096
754.706358 1226.401110
1850.814548 576.131309
1519.983267 922.908855
1465.916323 979.316152
1557.392988 934.785205
1608.691511 776.555938
451.012390 36.027909
795.291658 654.965652
1511.342755 1014.518993
328.426402 1989.488459
1543.323559 1038.557551
1481.196922 943.596270
489.176176 42.392095
878.313875 603.132006
1527.167558 991.833675
1831.001042 547.608534
1528.985911 1130.871090
1564.983326 1108.209652
1487.134605 1140.071308
1585.846988 855.251414
783.383428 699.599817
1508.049980 1060.885152
1456.371247 905.540042
516.315925 93.435792
5.502542 466.715879
1543.583803 891.375212
1481.023584 927.162491
1478.436707 874.316900
1491.065684 841.697181
1476.561848 1015.360535
1556.429768 1000.147612
424.175759 48.686016
1581.934517 815.617016
1494.529264 984.349772
1496.563208 901.904242
1328.335729 1208.674601
1389.298914 1187.774022
1473.688424 1270.542807
1340.027065 1321.365308
1289.413332 1366.787301
1284.509383 1438.767856
1311.261433 1305.934179
1435.143442 1289.260365
1383.024626 1345.328019
1276.888571 1383.609940
1255.332413 1314.389991
1365.302036 1268.914850
1371.192317 1386.066909
1293.700905 1491.067485
1246.962598 1343.296791
1410.605289 1322.213685
1291.687534 1247.402878
1357.544550 1323.213637
1318.371086 1420.387502
1306.704113 1397.633160
1401.163427 1406.759938
1416.187548 1253.632565
1252.042525 1433.630354
1296.278948 1336.178211
1312.353348 1271.170361
1282.038672 1290.490095
1344.566135 1307.170251
1382.546530 1301.965938
1274.795178 1380.118893
1436.256970 1348.730425
1360.239257 1227.374373
1371.865889 1293.827978
1340.891628 1358.807904
1322.623377 1337.918805
1288.226880 1271.949774
1239.847680 1377.718536
1403.258817 1372.833536
1329.369271 1247.215053
1411.603323 1525.907673
1495.666701 1595.382949
1464.377529 1541.581388
1333.720687 1556.569504
1344.078521 1603.366834
1288.540223 1503.514048
837.746227 695.968035
1340.292179 1518.479325
1464.797506 1577.481504
1318.575240 1487.620792
734.065538 704.692749
765.818902 720.966560
701.626520 687.898856
1386.602884 1577.689503
1371.218628 1498.054738
735.951773 669.891734
839.884764 730.248313
1280.027753 1535.780142
1250.853463 1535.182216
1438.391411 1513.863736
585.624529 658.204995
803.150997 707.228374
1215.191446 1542.415896
1312.443605 1529.640964
1300.129710 1566.533680
1408.344299 1483.908089
769.977720 685.102500
550.723874 655.188393
1377.682668 1543.061286
1350.279733 1531.543774
1374.662707 1437.230889
1356.899124 1485.457033
