376.314159 1899.550727
196.651846 107.693433
1838.203625 216.989757
855.366550 398.935761
632.641685 1918.254098
7.553873 98.596269
311.936583 1863.214015
68.806827 186.658860
520.994719 1940.206967
365.857449 1802.440078
1859.093938 427.268839
142.273207 194.255837
1856.702392 152.742119
1919.463310 249.021310
1812.353923 301.774442
1263.944431 623.557778
240.350924 185.213869
437.256094 32.986668
749.982979 1843.059414
4.713236 188.122845
76.110617 286.367309
391.967730 1733.859297
1306.271533 718.539879
418.158432 1968.062315
150.110384 240.105041
1346.715840 651.703740
1224.304541 709.869998
329.030743 1971.126946
930.951464 432.341336
1951.924749 311.787741
14.806514 235.766777
318.399637 145.750990
10.067427 342.890992
572.386455 1866.579765
329.255000 1958.238885
1786.608612 182.462344
1931.272303 38.440584
436.490244 1895.985910
1911.719866 116.169254
1879.186733 345.445532
1550.849975 902.147516
1992.244427 255.977642
634.311352 22.310184
1502.987121 801.463307
1492.444037 766.391690
1314.401230 781.035006
1498.644537 855.941818
1496.520912 895.900738
585.693181 1965.882082
821.784877 638.727664
1398.304256 869.451501
1493.445473 1026.429015
1430.230256 884.991375
1535.126791 866.039680
783.483747 1292.400064
1860.398331 504.771999
1511.377749 852.509505
1416.436755 928.024084
1501.086589 895.631025
1553.731055 733.841753
418.366089 1976.468285
846.707577 604.606886
1490.161304 945.868826
375.063834 1935.222428
1496.206721 989.552006
1467.412893 873.296494
464.744078 1977.697069
917.620422 543.130927
1515.202991 922.768227
1839.985416 476.374963
1479.921019 1081.396870
1510.224394 1063.860473
1443.474718 1083.943292
1536.287312 804.607498
843.386248 661.759427
1449.384620 1020.423616
1424.207171 842.120706
464.753395 47.919723
3.947552 394.732673
1538.211067 819.720590
1455.370176 860.628107
1442.974479 811.854967
1458.611923 777.677197
1455.431818 946.909095
1546.675390 929.233152
413.995733 1978.254299
1534.490680 767.014422
1472.514756 916.572304
1483.080356 831.777476
1396.726292 1210.438963
1457.373510 1206.103930
1544.890650 1259.862615
1408.957501 1314.494925
1361.039594 1366.429891
1351.857172 1447.565878
1381.051895 1306.914199
1506.164487 1277.478203
1454.466019 1339.865463
1338.246057 1354.482827
1325.153868 1307.886016
1435.172585 1253.979967
1440.220041 1373.730781
1358.227165 1466.390404
1316.144674 1357.283604
1479.408435 1303.327103
1355.318476 1215.959758
1425.668685 1345.042506
1386.134100 1415.771896
1373.811688 1381.643815
1471.300274 1422.343474
1484.399834 1230.592259
1320.072691 1424.949518
1358.660880 1301.471002
1380.441777 1261.160064
1344.454988 1318.909524
1408.592253 1277.348391
1451.769525 1283.786994
1332.546533 1342.298067
1505.637581 1337.120624
1428.119926 1225.062539
1441.107083 1312.529231
1406.909002 1374.771496
1392.557884 1329.013699
1358.615602 1265.597628
1307.668636 1396.399953
1474.835570 1368.913564
1397.054592 1250.356807
1479.179927 1550.626669
1559.017889 1629.496283
1420.860746 1598.464117
1310.395043 1623.955229
1287.943898 1646.738916
1262.305343 1567.348856
766.985866 686.266293
1309.904534 1583.144117
1430.823599 1636.293948
1292.070134 1554.261508
664.737162 686.410466
695.574061 707.198063
630.875068 674.568240
1375.555671 1648.237653
1365.722511 1568.004890
666.524116 651.774486
769.706163 716.977426
1254.583662 1603.040331
1210.288744 1594.037121
1399.942626 1574.085286
515.363279 642.522160
732.100315 695.575033
1175.982549 1601.357772
1288.232872 1597.080360
1276.149094 1633.015647
1403.517678 1554.780807
699.288071 673.419428
480.484319 639.472702
1362.208265 1612.601109
1332.005413 1600.400824
1378.936469 1508.871206
1339.691159 1552.312075
