3.308719 -2.247750
0.446488 3.975003
3.839136 -1.122956
3.989040 -0.295903
3.924072 0.775664
2.812538 -2.844227
2.157620 -3.368186
2.850569 -2.806110
0.289193 -3.989532
2.676043 -2.973011
3.140672 -2.477131
3.329798 -2.216404
3.943914 -0.667487
1.345865 3.766782
3.978906 0.410256
2.829105 2.827749
3.932161 -0.733559
3.164466 -2.446662
3.460409 -2.006382
3.308517 -2.248047
2.573871 -3.061893
3.985550 0.339689
3.081719 -2.550099
3.761438 -1.360728
2.684361 2.965503
3.573729 1.796793
3.988418 -0.304170
1.206242 -3.813788
3.806667 -1.228529
-0.831300 3.912664
2.133811 3.383319
1.082173 3.850831
1.418132 -3.740174
3.858717 -1.053708
3.110464 -2.514959
3.027735 -2.613966
3.405290 -2.098571
0.178152 3.996031
3.927229 -0.759522
3.195689 -2.405737
3.806764 1.228231
3.836692 -1.131280
3.972081 -0.471777
-0.032970 3.999864
-2.953008 2.698100
-2.640553 3.004577
2.300475 3.272280
3.827413 -1.162286
3.991849 0.255227
2.769450 -2.886200
0.715686 3.935453
0.530468 3.964669
2.480869 3.137720
3.911810 0.835312
3.993863 -0.221486
3.999961 -0.017612
3.468270 1.992762
2.749404 2.905302
3.998245 -0.118483
3.480310 1.971659
-3.972509 -0.468155
-3.701209 1.516923
3.631393 1.677195
3.644541 1.648430
0.634000 3.949436
3.995444 0.190862
3.941307 0.682712
-3.993651 -0.225282
2.728032 2.925379
3.886172 -0.947453
0.840070 3.910790
0.669565 3.943562
1.098618 3.846172
3.330932 2.214698
-3.231242 2.357769
3.105854 2.520649
2.424642 3.181369
2.918642 2.735239
3.952501 -0.614602
3.581973 1.780300
2.886387 2.769254
2.497827 3.124237
3.977290 0.425635
3.999707 0.048449
0.746135 3.929794
3.530713 1.879912
3.056816 2.579898
3.262629 2.314142
2.341369 3.243145
-0.050004 -3.999687
-1.888459 -3.526148
3.898362 0.895977
3.962857 0.543839
-0.429457 -3.976879
1.395633 -3.748627
3.885828 0.948864
3.909473 0.846181
3.375151 -2.146709
3.997191 0.149875
-2.993114 -2.653539
-2.164947 -3.363481
-0.200453 -3.994974
0.875805 -3.902943
-1.861655 -3.540373
-2.446924 -3.164264
-0.191493 -3.995414
3.788436 1.283648
0.471537 -3.972109
-2.136034 -3.381916
0.299610 -3.988763
3.837454 1.128691
-1.413801 -3.741813
0.749624 -3.929130
-1.566373 -3.680554
-0.145764 -3.997343
3.989911 -0.283917
-1.689262 -3.625795
3.799350 1.250975
3.510445 -1.917493
-2.358478 -3.230725
-1.856305 -3.543181
3.611902 -1.718768
2.570703 -3.064553
-3.341018 -2.199454
-0.714579 -3.935655
3.472435 -1.985497
3.944084 0.666484
-2.099331 -3.404821
-2.093063 -3.408678
3.804112 1.236419
3.980329 -0.396208
3.395033 -2.115125
3.958355 0.575693
3.784087 -1.296413
3.988318 0.305486
0.966600 -3.881454
3.165803 -2.444932
1.525450 -3.697702
2.645023 -3.000642
2.070318 -3.422541
0.579686 -3.957773
3.989207 -0.293643
2.892273 -2.763106
2.548936 -3.082682
3.999650 -0.052915
4.000000 0.000110
3.979559 0.403867
1.360280 -3.761601
3.958896 -0.571965
3.996596 -0.164989
3.705272 -1.506970
3.878698 -0.977600
3.355171 -2.177804
1.103487 -3.844778
1.804966 -3.569607
0.029224 -3.999893
3.250341 -2.331370
3.985805 0.336691
3.999568 0.058782
