-2.523165 -3.103810
-3.055101 2.581929
3.043900 -2.595125
2.040734 -3.440262
3.950647 0.626410
1.247190 -3.800594
3.981745 -0.381712
-2.977562 -2.670978
2.958753 -2.691798
-3.397115 -2.111778
-2.200283 -3.340473
2.864957 -2.791419
2.942525 2.709529
3.967386 0.509753
2.829831 -2.827023
3.866932 1.023149
-1.444483 -3.730076
-2.049682 -3.434939
1.609366 -3.661958
3.898468 -0.895516
1.126429 -3.838119
3.177068 -2.430276
-2.205486 -3.337039
0.935776 -3.889000
3.894490 0.912659
3.989911 0.283926
2.300519 -3.272249
3.305812 -2.252023
-0.729051 -3.932999
3.994390 0.211766
3.997411 -0.143890
3.808486 1.222878
-2.093902 -3.408163
3.590991 -1.762041
1.831987 -3.555816
3.356699 -2.175448
-3.682339 -1.562172
-3.828514 1.158653
3.213055 -2.382494
2.716520 -2.936072
3.973444 -0.460153
3.406667 -2.096335
3.489183 -1.955915
3.958257 0.576366
-0.878841 -3.902261
-0.074466 3.999307
3.916468 0.813191
3.981826 0.380868
3.050149 -2.587777
0.775370 3.924131
3.990985 -0.268401
-3.813966 -1.205679
3.966758 0.514617
3.958680 0.573454
3.993863 -0.221486
3.115964 -2.508140
2.174359 3.357404
3.949884 0.631200
3.996956 -0.156024
3.971209 -0.479060
0.468155 -3.972509
-2.427968 -3.178832
3.915282 0.818881
0.895208 3.898539
-3.993875 -0.221268
3.978081 -0.418180
3.982441 -0.374384
-0.978839 -3.878386
3.999944 0.021112
2.861373 -2.795093
-3.962982 -0.542934
0.669565 3.943562
-3.976024 0.437302
3.924909 0.771422
-1.417871 -3.740273
3.699975 1.519929
3.966428 -0.517155
3.278039 2.292261
3.410909 -2.089426
3.977502 -0.423644
3.922721 0.782471
3.998630 0.104686
3.894454 0.912813
3.548759 1.845618
-3.971165 -0.479428
1.600999 3.665625
3.649309 1.637846
3.943373 -0.670681
3.991631 -0.258611
-0.728799 -3.933046
-0.392841 -3.980663
3.827106 -1.163297
3.985352 0.342007
-1.476500 -3.717519
-1.026899 -3.865938
3.976436 0.433544
3.736624 -1.427458
3.189690 -2.413685
3.960328 0.561960
-2.621151 -3.021517
-3.405215 -2.098692
-1.083405 -3.850485
-0.811623 -3.916793
-1.033904 -3.864071
-1.504053 -3.706457
-0.769159 -3.925353
3.397438 -2.111259
-0.823685 -3.914274
-1.863616 -3.539341
-0.647234 -3.947289
3.511595 -1.915385
-0.397175 -3.980233
-1.113591 -3.841864
-2.610451 -3.030767
-1.175386 -3.823411
3.991864 0.254998
-2.722413 -2.930608
3.799350 1.250975
2.902821 -2.752023
-2.530910 -3.097498
-1.272884 -3.792066
3.708360 -1.499355
3.071753 -2.562095
-1.098638 -3.846166
-2.648129 -2.997901
2.293648 -3.277069
3.944084 0.666484
-2.099331 -3.404821
-2.097967 -3.405662
3.939741 0.691696
3.536921 1.868206
3.105223 -2.521426
3.701458 1.516315
3.879099 0.976008
3.814381 1.204365
0.307354 -3.988174
3.969384 0.493952
3.902386 -0.878285
3.454486 -2.016563
3.284322 -2.283250
0.520553 -3.965983
3.837601 1.128192
3.304339 -2.254184
3.951422 0.621504
3.872157 1.003195
3.831162 1.149870
3.855646 1.064893
1.111347 -3.842513
3.997791 -0.132912
3.874308 0.994854
3.739121 1.420907
3.891290 0.926209
3.355171 -2.177804
3.329817 -2.216375
0.654350 -3.946115
0.734712 -3.931946
3.526838 -1.887170
3.568486 1.807182
3.826723 1.164555
