1.580949 3.674316
-0.375466 3.982339
2.646378 2.999447
2.873564 2.782558
-3.983131 -0.366970
0.402305 3.979717
0.849219 3.908814
-1.129651 3.837172
-3.994925 0.201428
0.694488 3.939250
-0.427473 3.977093
0.537503 3.963722
-0.639481 3.948552
1.433613 3.734268
0.969515 3.880727
-1.574082 3.677263
1.213767 3.811400
2.853646 2.802982
-3.550204 -1.842837
1.826464 3.558656
0.583211 3.957255
-0.079391 3.999212
-0.888864 3.899990
1.618643 3.657868
2.160074 3.366612
-0.845342 3.909654
-1.200486 3.815604
2.871582 2.784603
1.911721 3.513591
-0.275485 3.990502
1.404723 3.745231
0.128265 3.997943
1.926875 3.505303
-3.998309 0.116294
1.224783 3.807874
1.326278 3.773723
0.608225 3.953487
1.576058 3.676417
0.181185 3.995894
-0.182730 3.995824
2.466161 1.984571
-0.247507 3.992335
3.192048 -2.410567
3.646847 1.643321
1.624800 3.655137
1.008259 3.870841
3.691940 1.539343
3.476762 1.977910
3.990941 -0.269048
0.503422 3.968194
3.526210 1.888344
2.831317 2.825535
3.636142 1.666876
2.926179 2.727174
-1.598744 -3.666609
-0.532432 3.964406
3.847522 1.093880
3.306713 2.250700
2.149546 3.373344
1.628500 3.653490
-3.744180 1.407520
-0.860340 3.906381
2.339987 3.244142
-3.654627 1.625947
1.528967 3.696249
3.317922 2.234143
-3.805684 1.231571
-0.167097 3.996508
3.354310 2.179129
-0.428276 3.977006
3.384787 2.131482
0.698712 3.938502
2.690654 2.959794
3.676884 1.574967
-0.980437 3.877982
1.535206 3.693663
3.591324 1.761361
-3.999869 -0.032356
-1.392596 3.749757
1.511449 3.703447
3.440708 2.039983
2.975943 2.672782
2.182872 3.351875
1.717300 3.612600
1.989269 3.470275
-3.999728 0.046652
1.855891 3.543398
3.821009 1.183170
3.808082 1.224137
-3.989526 0.289276
-3.874085 -0.995725
-3.867768 -1.019985
-3.974291 0.452784
-3.998920 0.092941
-3.892700 0.920264
-3.845872 -1.099669
-3.926478 -0.763393
-3.904559 -0.868572
-2.690461 -2.959969
-3.948470 0.639987
-3.998707 -0.101678
-3.727943 -1.449979
-3.979393 -0.405499
-2.750701 -2.904074
-3.999645 -0.053262
-3.584757 -1.774689
-3.666427 -1.599160
-3.402635 -2.102874
-3.990960 -0.268766
-3.521235 -1.897605
-3.765248 -1.350151
-3.475791 -1.979616
-3.085116 -2.545989
-3.963869 -0.536419
-3.417886 -2.077993
-3.107719 -2.518349
-3.039260 -2.600558
-2.472624 -3.144222
-3.917675 -0.807355
-3.789413 -1.280760
-3.994618 0.207437
-3.910737 0.840321
-3.767077 -1.345040
-2.668020 -2.980213
-2.743899 -2.910502
-3.901974 -0.880112
-3.420880 -2.073060
-2.099331 -3.404821
-2.099330 -3.404822
3.995445 0.190847
3.823928 1.173702
1.873801 -3.533960
3.458233 2.010131
3.905881 0.862611
3.728264 1.449154
1.033413 -3.864202
3.458452 2.009753
3.910900 0.839562
3.690110 1.543726
3.464575 1.999180
1.348661 -3.765782
3.939448 0.693364
3.652785 1.630080
3.936658 0.709030
3.777570 1.315282
3.601975 1.739477
3.971049 0.480385
3.773804 1.326047
3.913882 0.825547
3.644760 1.647946
3.251467 2.329799
3.712880 1.488127
3.357988 -2.173458
3.865572 1.028278
3.805495 1.232157
1.541353 -3.691101
1.275177 -3.791296
3.814263 -1.204740
3.836032 1.133515
