1.087830 3.849237
0.422939 3.977578
1.456215 3.725512
3.980971 -0.389701
-3.745127 -1.404999
-0.229265 3.993424
3.334297 2.209629
0.424760 3.977383
-2.787930 -2.868353
3.743327 -1.409788
-0.639674 3.948521
0.073901 3.999317
-2.528082 3.099806
-0.625589 3.950777
-0.799933 3.919197
-3.201827 2.397562
0.213516 3.994297
0.453511 3.974208
-3.447843 -2.027901
1.264444 3.794889
-0.103737 3.998655
0.155378 3.996981
-1.381606 3.753820
-0.942613 3.887349
0.468084 3.972518
-2.481533 3.137195
-2.246689 3.309439
3.210479 2.385964
3.988852 -0.298422
0.913686 3.894249
1.716569 3.612948
2.017863 3.453727
-0.345304 3.985068
-3.738460 -1.422645
0.717277 3.935164
-0.738271 3.931279
0.963751 3.882162
-0.860629 3.906318
2.549577 3.082151
-2.462046 3.152511
3.801638 1.244005
-1.756467 3.593720
1.587332 -3.671563
3.740714 -1.416707
-0.150122 3.997182
-2.752964 2.901928
3.866997 -1.022903
3.986572 -0.327480
1.268054 3.793684
-3.447507 2.028471
3.926772 -0.761879
3.451805 2.021148
3.996973 -0.155577
3.944957 -0.661296
-3.303377 -2.255593
-0.532432 3.964406
3.973257 -0.461770
3.776355 -1.318767
3.814744 -1.203217
-0.439301 3.975804
-3.896002 0.906185
-3.698674 1.523092
3.892671 -0.920387
-3.708353 1.499373
3.354098 2.179456
3.925903 -0.766347
-3.971815 -0.474010
-3.994606 0.207656
3.986637 -0.326694
-0.687468 3.940481
3.248789 2.333532
3.855325 1.066054
3.053965 2.583272
3.999712 0.047997
-3.526174 1.888411
3.999997 -0.004842
3.885965 -0.948301
-3.820562 -1.184613
0.369127 3.982932
-0.638505 3.948710
3.863413 -1.036359
3.900374 0.887175
-1.237435 3.803782
3.983118 -0.367107
3.122378 2.500151
-3.999728 0.046652
-1.287498 3.787129
3.909069 -0.848045
3.270855 -2.302500
-2.765942 -2.889561
-2.795267 -2.861203
-3.034256 -2.606394
-3.688917 -1.546575
-3.430784 -2.056628
-2.775784 -2.880108
-2.834299 -2.822543
-3.248522 -2.333904
-2.931961 -2.720957
-3.882715 0.961522
-3.875282 -0.991053
-3.951226 -0.622744
-3.953272 -0.609621
-3.738848 -1.421624
-3.587125 -1.769897
-3.674808 -1.579805
-3.918382 0.803917
-3.666427 -1.599160
-3.979640 0.403071
-3.958850 -0.572282
-2.943776 -2.708170
-3.662234 -1.608740
-3.991743 0.256876
-3.551670 -1.840010
-3.822162 -1.179440
-3.649263 -1.637950
-3.930226 -0.743859
-3.352699 -2.181606
-3.656834 -1.620976
-3.403536 -2.101415
-3.924060 -0.775725
-3.579160 -1.785950
-3.961175 -0.555963
-3.290595 -2.274200
-3.914950 0.820467
-3.867958 -1.019264
-2.758126 -2.897023
-3.775517 -1.321164
-2.099331 -3.404821
-2.099329 -3.404823
3.533014 1.875582
3.289525 2.275748
2.444957 -3.165784
3.667837 1.595922
3.892141 0.922627
3.651518 1.632916
0.520192 -3.966031
3.762838 1.356854
3.986305 0.330718
3.915595 -0.817384
3.946067 0.654643
0.173126 -3.996252
3.506800 1.924149
3.634368 1.670739
3.836494 1.131951
3.705616 1.506125
3.614216 1.713896
3.499629 1.937162
3.844713 1.103712
3.997382 0.144705
3.667587 1.596499
3.251467 2.329799
3.854836 1.067821
2.078532 -3.417558
3.774899 -1.322928
3.765549 1.349312
0.260096 -3.991535
2.914113 -2.740063
3.431470 2.055484
3.424625 2.066868
