-2.478503 -3.139589
-2.265707 -3.296448
2.634591 -3.009805
-3.020798 -2.621981
3.950647 0.626410
-1.805529 -3.569323
2.362967 -3.227442
-3.156204 -2.457311
2.076903 -3.418548
-2.270857 -3.292902
-3.494526 -1.946353
1.519914 -3.699981
1.896092 -3.522050
3.993619 0.225846
3.174622 -2.433470
3.218983 2.374479
-1.819554 -3.562194
-3.878213 -0.979524
2.490915 -3.129751
2.048176 -3.435837
-3.114894 -2.509469
2.808121 -2.848588
-1.868011 -3.537023
-1.716181 -3.613132
3.980298 0.396518
3.948022 0.642748
2.817549 -2.839263
2.284076 -3.283747
-1.796086 -3.574084
3.177895 2.429194
2.773869 2.881952
3.808486 1.222878
-2.292170 -3.278103
2.412869 -3.190307
0.789824 -3.921247
-0.222544 -3.993804
-1.325607 -3.773959
-1.732483 -3.605343
0.641959 -3.948150
2.310046 -3.265530
3.265229 2.310472
3.255581 -2.324046
3.204034 -2.394612
3.958257 0.576366
-0.361975 -3.983588
-3.009792 2.634607
3.574243 1.795769
3.981826 0.380868
3.361827 -2.167514
-3.562446 1.819060
3.990985 -0.268401
-3.994196 0.215399
3.348164 2.188561
3.992781 0.240200
3.993863 -0.221486
3.416685 -2.079968
3.449524 2.025039
3.833704 1.141364
3.003180 2.642141
3.442205 2.037455
0.468155 -3.972509
0.418042 -3.978095
3.988672 0.300829
1.873720 3.534002
-3.998791 0.098327
3.410595 2.089938
3.749845 -1.392359
1.238334 -3.803489
3.858185 1.055654
2.861373 -2.795093
-3.933113 -0.728438
-3.675961 1.577121
-3.694221 -1.533862
3.790640 1.277126
-1.417871 -3.740273
2.913676 2.740527
3.812508 1.210283
3.984996 0.346136
2.970930 -2.678353
3.994012 -0.218786
3.997773 0.133463
3.178174 2.428828
3.966872 0.513737
3.916778 0.811695
-3.999769 0.043015
0.597712 3.955090
3.404307 2.100165
3.851684 1.079136
3.959678 0.566527
-3.355215 -2.177735
-3.397218 -2.111612
3.090610 -2.539316
-1.736802 -3.603265
-3.157358 -2.455828
-1.026899 -3.865938
-1.151575 -3.830650
2.746263 -2.908271
1.555510 -3.685158
-1.020998 -3.867501
-3.876099 -0.987854
-2.832615 -2.824233
-0.927314 -3.891027
-0.427420 -3.977098
-2.847821 -2.808899
-3.747959 -1.397427
-3.449989 -2.024247
3.070561 -2.563524
-0.540302 -3.963341
-3.591386 -1.761235
-0.644162 -3.947791
2.582537 -3.054587
-0.397175 -3.980233
-1.093430 -3.847650
-3.525435 -1.889791
-1.175386 -3.823411
1.333104 -3.771317
-3.468757 -1.991915
-1.622748 -3.656048
2.378787 -3.215800
-3.530207 -1.880861
-0.146320 -3.997323
2.341775 -3.242852
2.711053 -2.941121
-2.747520 -2.907084
-3.488557 -1.957031
2.720721 -2.932179
-2.745424 -2.909063
-2.099331 -3.404821
-2.098746 -3.405182
3.904233 0.870036
3.775986 1.319821
3.316942 -2.235598
3.607761 1.727442
3.990167 0.280301
3.561290 1.821323
-0.394494 -3.980499
3.781781 1.303123
3.938023 0.701410
3.808001 1.224390
3.933258 0.727652
1.057944 -3.857558
3.720438 1.469129
3.490305 1.953913
3.951422 0.621504
3.969973 0.489195
3.779613 1.309399
3.708077 1.500056
3.153983 2.460161
3.988224 -0.306705
3.707989 1.500272
3.521667 1.896804
3.737105 1.426200
3.355171 -2.177804
3.877940 0.980604
2.921834 2.731829
1.448073 -3.728684
3.409599 -2.091563
3.163926 2.447360
3.823895 1.173809
