3.656607 1.621488
1.799972 3.572128
-1.770474 3.586840
0.042497 3.999774
-2.932542 2.720330
0.611733 3.952946
2.867394 2.788916
0.424760 3.977383
-3.089583 2.540567
3.533208 1.875217
-0.602100 3.954425
2.013438 3.456308
-0.118620 3.998241
-1.674301 3.632728
-0.896840 3.898163
2.261518 3.299324
1.213767 3.811400
3.997945 -0.128217
-3.302827 2.256398
1.346340 3.766612
-0.183173 3.995804
2.165856 3.362895
2.617719 3.024491
3.760631 1.362959
-1.928287 3.504527
1.993852 3.467644
1.370383 3.757932
3.778121 1.313699
0.696888 3.938826
-1.458698 3.724540
-1.942980 3.496402
3.242712 2.341969
-0.624251 3.950989
-2.341754 3.242867
3.997798 -0.132722
-1.215592 3.810818
0.209370 3.994517
3.449301 2.025420
0.505934 3.967875
-1.102554 3.845046
2.361050 3.228845
-1.756467 3.593720
3.991892 -0.254553
1.892848 3.523794
2.414185 3.189312
2.396345 3.202738
2.766049 2.889459
-1.010662 3.870215
2.459653 3.154379
-2.547790 3.083629
1.712001 3.615115
2.854022 2.802598
1.547272 3.688624
0.265452 3.991182
-1.598744 -3.666609
-0.532432 3.964406
2.386533 3.210056
1.456833 3.725270
3.531921 1.877640
2.329616 3.251598
-0.994531 3.874391
-2.645395 3.000314
0.309483 3.988010
-3.359466 2.171172
0.250094 3.992174
0.352120 3.984471
0.122620 3.998120
-1.801642 3.571286
1.401187 3.746555
-0.428276 3.977006
2.021123 3.451820
2.006544 3.460315
1.353176 3.764162
0.995101 3.874245
-3.857079 1.059688
1.656738 3.640772
2.828308 2.828546
0.490009 3.969873
0.086388 3.999067
0.014004 3.999975
1.453157 3.726706
2.099230 3.404884
2.951449 2.699805
1.575065 3.676842
-0.687447 3.940484
0.581824 3.957459
3.813475 1.207231
1.865234 3.538489
2.188426 3.348252
-3.917637 0.807539
-3.874085 -0.995725
-3.976415 0.433732
-3.445241 2.032317
-3.952578 0.614110
-3.249056 2.333160
-3.794786 -1.264753
-3.973452 0.460090
-3.999896 0.028850
-3.809992 -1.218178
-3.831155 1.149891
-3.500493 1.935601
-3.999786 -0.041334
-3.764289 -1.352822
-3.729257 -1.446597
-3.968978 0.497205
-3.991027 -0.267772
-3.995220 -0.195484
-3.502428 -1.932096
-3.499121 1.938079
-3.802219 -1.242228
-3.888651 0.937226
-3.879664 0.973760
-3.746328 1.401794
-3.182184 2.423573
-3.417886 -2.077993
-3.950538 -0.627094
-3.893548 0.916670
-3.962977 0.542967
-2.775377 2.880500
-3.010836 -2.633414
-3.785219 -1.293104
-3.307589 -2.249413
-3.559286 -1.825235
-3.815652 1.200332
-3.732997 1.436918
-3.993179 0.233498
-3.821324 -1.182153
-3.472921 -1.984645
-3.246041 -2.337352
1.484820 -3.714204
1.777038 -3.583593
1.873801 -3.533960
1.121225 -3.839642
3.714740 1.483477
1.088787 -3.848966
3.643845 -1.649967
1.492071 -3.711297
3.893155 0.918340
3.928093 0.755038
3.922323 0.784461
0.349537 -3.984699
1.983039 -3.473839
3.770840 1.334454
3.993551 -0.227048
2.417264 -3.186979
2.985867 -2.661691
3.038512 -2.601431
3.885240 0.951266
3.946911 0.649531
2.773265 -2.882534
1.792542 -3.575863
2.344968 -3.240544
-0.371058 -3.982752
3.851659 1.079222
3.891323 0.926070
0.075741 -3.999283
1.773773 -3.585210
0.168569 -3.996446
3.291529 -2.272848
