0.871137 3.903988
2.661401 2.986125
3.842135 1.112654
3.955078 -0.597791
-1.702272 3.619706
1.316404 3.777179
1.886595 3.527146
0.142631 3.997456
1.898083 3.520977
2.253316 3.304931
2.139578 3.379675
1.507668 3.704988
3.090239 2.539769
0.598986 3.954898
3.052677 2.584794
-3.567889 1.808360
3.093173 2.536194
2.109947 3.398253
-1.012995 3.869605
3.708857 1.498127
0.267691 3.991033
3.525941 1.888847
-0.081835 3.999163
3.000285 2.645428
2.302415 3.270915
-3.795248 1.263366
-2.945003 2.706835
2.053027 3.432941
3.988852 -0.298422
1.414171 3.741674
1.380201 3.754337
1.658149 3.640129
-0.598447 -3.954979
2.886741 2.768885
2.168600 3.361127
2.100062 3.404371
2.550296 3.081556
0.937105 3.888680
3.221963 2.370434
2.964239 2.685756
3.790539 -1.277424
1.243658 3.801752
1.587332 -3.671563
3.981918 -0.379905
-1.161553 3.827636
-1.285575 3.787783
3.980495 -0.394542
3.529466 -1.882252
2.623309 3.019644
-0.857176 3.907077
3.766292 -1.347237
-0.040355 3.999796
3.860896 -1.045698
3.747081 1.399780
3.993863 -0.221486
1.521103 3.699493
3.878992 -0.976433
3.962431 0.546941
3.814744 -1.203217
-0.102903 3.998676
-3.148206 2.467549
-0.667092 3.943981
3.994447 -0.210692
1.798654 3.572792
-0.103388 3.998664
3.317922 2.234143
-3.057830 2.578696
0.244429 3.992525
3.766241 -1.347379
1.523924 3.698331
-1.111018 3.842608
0.220321 3.993928
0.447335 3.974908
3.941717 0.680341
-1.049777 3.859789
3.994695 -0.205936
3.728760 -1.447878
-2.070246 3.422584
0.640785 3.948341
-0.400353 3.979914
3.856258 1.062673
3.551343 -1.840642
-0.362367 3.983552
3.988301 -0.305709
-0.046641 3.999728
0.515709 3.966616
-0.635134 3.949254
3.909069 -0.848045
3.177056 -2.430291
-3.430287 -2.057458
-3.999984 0.011430
-3.644837 -1.647774
-3.455489 -2.014844
-3.120244 -2.502814
-3.639108 -1.660390
-3.178467 -2.428445
-3.635326 -1.668653
-3.364362 -2.163578
-3.126474 -2.495028
-3.944308 -0.665157
-3.992623 0.242822
-3.268302 -2.306122
-2.423130 -3.182521
-3.906271 -0.860842
-3.990019 -0.282401
-3.538546 -1.865125
-1.935265 -3.500678
-3.755043 -1.378280
-3.547854 -1.847359
-2.676483 -2.972615
-3.490086 -1.954302
-3.786192 -1.290252
-3.394265 -2.116356
-3.433510 -2.052074
-3.784412 -1.295462
-3.799509 -1.250492
-3.608773 -1.725327
-3.818828 -1.190191
-3.734656 -1.432600
-3.104716 -2.522050
-3.483603 -1.965835
-3.729561 -1.445812
-2.169814 -3.360343
-3.373566 -2.149198
-3.886426 -0.946410
-3.971391 -0.477551
-2.963892 -2.686139
-2.099331 -3.404821
-2.099323 -3.404827
3.357776 2.173785
3.510449 1.917486
3.690966 -1.541678
3.763778 1.354244
3.823465 1.175210
3.498492 1.939214
0.199170 -3.995038
3.736584 1.427565
3.610975 1.720715
3.604042 1.735189
3.833413 1.142342
0.430790 -3.976735
3.583031 1.778170
3.631291 1.677415
3.902313 0.878609
3.582508 1.779224
3.704064 1.509938
3.578609 1.787053
3.848706 1.089706
3.975388 0.443046
3.752618 1.384867
3.904575 0.868501
3.691598 1.540164
3.355171 -2.177804
3.919696 0.797486
3.927455 0.758354
0.475652 -3.971619
2.913912 -2.740276
3.742544 1.411866
3.703487 1.511353
