2.047019 3.436527
0.406976 3.979242
-0.249657 3.992201
2.502480 3.120512
-3.992373 -0.246902
0.402305 3.979717
0.844309 3.909877
0.940279 3.887914
-3.992069 0.251770
0.535870 3.963943
1.577464 3.675814
1.050274 3.859654
-0.118620 3.998241
3.108679 2.517164
-1.100738 3.845566
-0.568701 3.959366
1.213767 3.811400
3.999471 0.065059
-3.534896 -1.872033
0.325594 3.986727
-1.130960 3.836786
-0.286564 3.989722
-0.317734 3.987361
1.127347 3.837849
3.798578 1.253316
-0.915808 3.893751
-0.172029 3.996299
0.061503 3.999527
1.472475 3.719115
-0.793993 3.920405
1.404723 3.745231
0.649004 3.946998
-0.422574 3.977616
-3.979282 -0.406585
2.168600 3.361127
3.293324 2.270246
0.830065 3.912926
1.184100 3.820721
0.181185 3.995894
1.193841 3.817688
3.998931 0.092449
-1.272366 3.792240
3.329803 -2.216395
3.646847 1.643321
1.624800 3.655137
1.296451 3.784074
3.459431 2.008069
3.705187 1.507180
3.961599 -0.552932
-1.188801 3.819261
3.526210 1.888344
3.542874 1.856891
3.572754 1.798729
2.206738 3.336212
-1.598744 -3.666609
-0.532432 3.964406
3.847522 1.093880
2.984648 2.663058
3.905273 0.865356
2.110886 3.397670
-3.252308 2.328625
-0.403651 3.979581
3.948576 0.639334
-3.929997 0.745067
3.055139 2.581884
3.317922 2.234143
-3.806248 1.229827
-0.167097 3.996508
2.676015 2.973036
-0.943715 3.887081
2.311453 3.264535
1.226922 3.807186
3.365023 2.162549
3.851003 1.081564
-2.192858 3.345351
3.697368 1.526259
3.330696 2.215054
-3.969873 0.490009
1.610189 3.661597
1.784524 3.579871
3.359619 2.170935
3.236262 2.350873
2.019999 3.452478
1.231069 3.805847
3.860481 1.047229
-3.999728 0.046652
1.720083 3.611276
1.865234 3.538489
2.685828 2.964174
-3.025570 -2.616472
-3.999791 0.040890
-3.816969 -1.196140
-3.960722 0.559179
-3.886715 -0.945222
-3.648508 -1.639631
-3.669434 -1.592248
-3.979673 -0.402739
-2.993637 -2.652949
-3.809992 -1.218178
-3.244529 -2.339451
-3.993632 0.225625
-3.506790 -1.924168
-3.979393 -0.405499
-3.673564 -1.582697
-3.715573 1.481391
-3.584757 -1.774689
-3.843793 -1.106914
-3.766622 -1.346314
-3.790019 1.278967
-3.673932 -1.581843
-2.585725 -3.051889
-2.656124 -2.990821
-3.391041 -2.121519
-3.164602 -2.446487
-3.998973 -0.090652
-3.998593 -0.106081
-3.803100 -1.239528
-3.971710 -0.474891
-3.618883 -1.704021
-3.991087 0.266878
-2.971301 -2.677941
-3.986964 0.322678
-3.767077 -1.345040
-3.757876 -1.370535
-3.948682 -0.638676
-3.753714 -1.381893
-3.385152 -2.130903
-2.099331 -3.404821
-2.099330 -3.404822
3.740246 -1.417941
3.996474 0.167917
1.873801 -3.533960
3.866318 1.025470
3.759872 1.365051
3.999034 -0.087902
0.830426 -3.912850
3.996070 0.177276
3.987026 0.321904
3.860037 1.048863
3.863948 1.034362
0.832038 -3.912507
3.941268 -0.682942
3.602722 1.737929
3.995526 0.189128
3.980209 0.397413
3.885342 0.950853
3.800692 -1.246893
3.847287 1.094706
3.916708 0.812035
3.893440 0.917129
3.954259 0.603186
3.971522 0.476456
1.980932 -3.475041
3.986809 0.324585
3.773541 1.326795
1.071876 -3.853710
0.492596 -3.969553
3.157970 -2.455041
3.999979 0.013095
