-3.996677 -0.163024
-2.256843 3.302523
3.702983 1.512587
-2.871193 2.785005
2.578391 3.058088
-1.661885 3.638425
-3.675737 -1.577644
-1.189034 3.819188
3.157296 -2.455907
3.755843 -1.376097
3.977100 0.427405
2.526725 3.100913
1.851013 -3.545948
-3.441175 -2.039195
-1.350485 -3.765128
3.836532 1.131824
1.835392 3.554059
1.615673 3.659180
0.949964 -3.885559
3.209418 2.387392
2.206411 3.336428
-1.311813 -3.778776
-3.930498 0.742418
-1.937254 3.499578
-0.257294 -3.991716
1.036576 -3.863355
1.071090 -3.853929
3.912835 -0.830496
-2.744759 -2.909690
3.935888 0.713295
3.519650 -1.900543
1.779213 3.582513
-3.776512 1.318316
3.936949 -0.707410
0.857308 3.907048
3.785916 -1.291062
1.946040 3.494700
0.901455 -3.897099
3.985629 0.338761
3.993330 -0.230910
3.991468 0.261125
3.782150 1.302053
-2.775028 -2.880837
3.003108 2.642223
2.361294 3.228667
3.925220 -0.769839
3.324311 -2.224625
-3.901027 -0.884303
2.859997 2.796501
0.900395 -3.897344
3.597930 -1.747828
-0.993231 -3.874725
1.735774 -3.603760
1.595156 -3.668171
2.707011 -2.944842
-1.192574 -3.818084
3.782421 -1.301264
0.853072 -3.907975
-3.120043 -2.503064
3.249620 -2.332375
3.592373 1.759220
2.681182 2.968377
2.079066 -3.417233
2.397183 -3.202111
-0.963006 -3.882347
3.996677 -0.163019
3.877806 -0.981133
3.998758 -0.099674
3.955324 -0.596162
-3.215727 -2.378887
-1.234010 -3.804894
2.714012 2.938390
1.163352 -3.827089
3.165913 2.444789
3.558370 1.827021
3.272279 2.300476
2.406142 -3.195384
3.787263 -1.287106
-3.230255 -2.359121
3.310966 -2.244438
2.178613 -3.354646
2.638509 -3.006372
1.319852 -3.775976
2.411833 3.191091
3.085768 2.545198
0.146103 3.997331
1.135213 3.835530
1.698433 -3.621509
2.822678 2.834165
0.705496 -3.937293
-0.248969 -3.992244
-1.841020 3.551147
1.415856 3.741036
1.773558 2.271758
-3.567128 -1.809862
-0.204085 3.994790
3.998113 0.122850
2.421916 -3.183445
3.852466 1.076339
3.929815 0.746026
3.896903 0.902302
-3.709604 1.496276
-3.765136 -1.350462
0.679338 -3.941890
-1.802770 3.570717
3.950896 0.624837
3.979639 -0.403076
-3.170351 -2.439031
-1.988087 3.470952
-3.183963 2.421235
3.963244 -0.541012
-2.850366 -2.806316
-3.968729 -0.499187
3.967574 0.508291
-3.687529 -1.549880
-1.075282 3.852761
-0.592796 3.955830
-1.256402 3.797559
-3.536613 1.868788
-3.399850 2.107373
-3.960742 -0.559036
0.207003 -3.994640
-1.026777 3.865971
0.718253 -3.934986
3.952517 0.614502
-3.915750 0.816640
0.281999 -0.522823
-2.099331 -3.404821
-1.528186 -3.696572
3.934281 0.722102
-3.623099 1.695038
3.180118 -2.426283
1.987515 -0.253998
3.872328 -1.002533
-3.132477 2.487486
3.923724 0.777427
-3.094690 2.534343
1.288992 3.786621
2.842800 -1.773931
-3.543960 -1.854818
-1.832579 -0.477682
2.183247 3.351631
1.768230 0.518739
2.644059 3.001491
1.469456 3.720309
0.273800 3.990618
-3.103209 -2.523904
0.018959 3.999955
3.921974 -0.786204
-0.696121 3.938961
-2.666285 -2.981765
1.001344 -3.872636
3.355171 -2.177804
-3.045503 -2.593244
0.438428 3.975900
3.955681 0.593794
3.458125 -2.010315
3.231817 2.356980
-2.944942 -2.706902
