3.831408 -1.149049
-0.476232 3.971549
2.712243 2.940024
2.711835 -2.940399
3.915932 -0.815768
-3.999634 0.054077
2.835887 2.820947
2.847546 -2.809178
2.652565 2.993977
-3.581381 -1.781492
3.873481 0.998069
3.597320 1.749082
3.459469 2.008003
-0.669629 3.943551
0.773283 3.924542
2.408111 -3.193900
-1.895765 3.522226
3.458102 2.010356
2.342854 3.242073
3.037910 2.602134
3.799822 1.249542
3.358818 2.172174
3.385091 -2.130999
3.084535 2.546693
-0.847756 3.909132
2.597087 -3.042226
2.385027 3.211175
2.630883 3.013047
3.155010 -2.458844
1.769269 3.587434
3.359521 2.171086
2.372977 3.220090
3.826730 -1.164534
-2.641177 3.004028
-2.753550 2.901373
3.306011 2.251731
-3.747429 1.398847
3.599191 -1.745229
3.386188 2.129256
2.615578 3.026343
3.769334 1.338700
3.986729 0.325566
3.501313 1.934116
3.442773 2.036496
-3.035281 -2.605200
-3.009792 2.634607
2.495059 3.126449
3.999508 -0.062747
3.915389 0.818368
-3.028381 2.613218
2.709175 2.942851
0.220469 3.993920
3.933413 0.726817
3.624838 1.691316
3.993863 -0.221486
3.718981 1.472814
2.726005 2.927268
3.997129 -0.151512
3.004465 2.640680
-0.156517 -3.996937
0.468155 -3.972509
-2.159273 -3.367126
2.774267 2.881570
0.346207 3.984989
0.195278 3.995230
3.752788 1.384406
-0.115208 -3.998341
-2.627282 -3.016188
2.621474 3.021237
3.191357 2.411481
0.352809 3.984410
0.220321 3.993928
-1.128269 3.837578
2.696927 2.954080
-2.832666 -2.824182
3.585269 1.773653
3.321461 2.228878
0.774947 -3.924214
3.579219 1.785830
1.587708 -3.671401
3.296052 2.266284
3.160976 2.451169
-0.366528 -3.983172
2.939967 2.712304
0.304520 3.988392
2.038247 3.441737
0.460054 -3.973456
2.868691 2.787581
3.304807 2.253498
-2.083038 -3.414814
-2.969660 -2.679761
-2.060634 -3.428379
-3.175647 -2.432132
-1.784505 -3.579880
-0.280978 -3.990119
-1.613645 -3.660075
-1.047353 -3.860447
-1.135022 -3.835587
-3.031508 -2.609590
-2.801202 -2.855393
-3.329168 -2.217350
-0.344670 -3.985123
-0.314647 -3.987605
-1.264867 -3.794748
-0.312097 -3.987806
-0.057026 -3.999593
-1.618295 -3.658022
-0.468666 -3.972449
-1.391296 -3.750239
-0.551299 -3.961827
-1.729150 -3.606943
-0.136005 -3.997687
-0.038864 -3.999811
-2.857118 -2.799443
-0.922806 -3.892098
-2.722865 -2.930189
-3.258431 -2.320050
-2.579803 -3.056897
-1.413953 -3.741756
-3.322679 -2.227062
-0.841781 -3.910423
-1.815184 -3.564423
-1.272875 -3.792069
-3.475608 -1.979936
-3.814368 -1.204409
-1.174669 -3.823631
-2.402989 -3.197756
-2.099331 -3.404821
-2.099176 -3.404917
3.838971 1.123522
3.852836 1.075015
3.302808 -2.256426
3.454719 2.016164
3.999002 -0.089348
3.675514 1.578164
0.199170 -3.995038
3.410107 2.090734
3.999207 -0.079627
3.999478 -0.064630
3.984253 0.354576
0.478521 -3.971274
3.645843 1.645548
3.953134 0.610521
3.983610 0.361738
3.814098 1.205262
3.646582 1.643911
3.640172 1.658056
3.972786 0.465802
3.959626 -0.566891
3.603524 1.736264
3.619807 1.702056
3.118281 2.505259
3.355171 -2.177804
3.944481 -0.664132
3.979997 0.399533
0.475652 -3.971619
3.391751 -2.120383
3.317217 2.235189
3.676976 1.574754
