-3.927029 0.760553
-0.994928 -3.874289
3.886268 0.947059
-2.319740 -3.258651
1.844939 3.549112
1.053090 3.858886
-3.920043 0.795778
3.576077 1.792115
3.803935 1.236963
3.266000 2.309382
3.081883 2.549901
3.944266 0.665405
3.702526 -1.513705
2.111307 -3.397408
0.632730 -3.949640
-0.196466 3.995172
-1.461926 3.723275
-0.340347 3.985494
3.998920 0.092932
3.613506 1.715392
3.968222 -0.503205
0.363106 -3.983485
-3.931521 -0.736981
-3.555029 1.833512
3.961087 -0.556584
2.750493 -2.904271
3.579003 -1.786264
2.642528 3.002840
-3.823598 1.174776
3.928157 0.754707
3.820325 -1.185375
2.692409 2.958198
-0.487947 3.970127
3.774120 1.325148
1.499078 3.708472
3.958892 0.571990
1.549360 3.687748
3.750370 -1.390945
3.246366 2.336901
3.154593 2.459378
2.954803 2.696134
3.932746 0.730415
-1.418757 -3.739937
1.820901 3.561505
2.468749 3.147265
3.948441 -0.640164
3.696596 1.528128
-2.144129 -3.376790
-0.306398 -3.988248
2.073837 -3.420409
3.999981 0.012301
-0.390131 -3.980929
1.573202 -3.677640
3.790023 1.278954
3.611464 -1.719689
-0.766346 -3.925903
3.938815 -0.696949
2.652577 -2.993966
-3.194789 -2.406932
3.946078 -0.654573
3.458553 -2.009579
2.681182 2.968377
1.273408 -3.791890
3.380294 -2.138600
-0.008637 -3.999991
3.277290 2.293332
3.784827 1.294251
3.305519 -2.252452
3.955324 -0.596162
0.191410 -3.995418
1.012457 -3.869746
3.038616 2.601310
0.313909 -3.987664
2.133657 3.383417
3.959704 0.566342
2.650940 2.995416
3.939520 -0.692949
3.875021 -0.992074
-1.375201 -3.756171
3.998301 0.116563
3.958615 -0.573904
3.760483 -1.363365
3.623210 -1.694800
3.812548 -1.210155
3.361863 2.167458
-0.115647 3.998328
0.638965 3.948636
3.755646 -1.376634
1.917035 3.510695
-0.698655 -3.938513
1.063373 -3.856065
-0.182942 3.995814
3.337421 2.204908
1.773558 2.271758
-1.750863 -3.596454
2.438534 3.170734
3.757662 1.371121
1.270101 -3.792999
3.744181 1.407518
2.391514 -3.206347
1.832503 -3.555550
-2.790874 2.865488
-2.271782 -3.292265
-0.650395 -3.946769
1.328188 3.773051
3.718473 -1.474095
3.934132 0.722917
-2.797626 -2.858896
-0.537101 3.963776
-3.521369 1.897357
3.935561 0.715097
-2.006134 -3.460553
-2.323883 -3.255697
1.567378 -3.680126
-0.930772 -3.890201
1.828920 3.557394
1.217957 3.810063
1.976223 3.477721
0.034590 3.999850
-0.753149 3.928456
-2.842216 -2.814570
1.480052 -3.716106
0.440613 3.975658
-1.155653 -3.829421
3.715647 -1.481205
-2.139170 3.379934
0.281999 -0.522823
-2.099331 -3.404821
-1.737448 -3.602953
3.493377 1.948414
-3.855572 1.065159
3.014623 -2.629078
1.987515 -0.253998
3.468895 -1.991675
-3.752486 1.385225
3.923724 0.777427
-3.527180 1.886531
1.250629 3.799464
2.842800 -1.773931
-3.543960 -1.854818
-1.832579 -0.477682
-2.708300 2.943656
1.768230 0.518739
2.022810 3.450832
-3.910638 0.840782
-1.016262 3.868748
-2.850999 -2.805674
0.195590 3.995215
3.993278 0.231806
0.606960 3.953682
-3.290309 -2.274613
-3.119896 -2.503248
3.355171 -2.177804
-3.247616 -2.335163
0.451736 3.974410
3.946513 0.651946
3.425560 -2.065318
3.817932 1.193062
-3.111457 -2.513729
