3.888081 -0.939588
3.747185 1.399502
-0.233413 3.993184
-1.529892 3.695867
1.427919 3.736448
-0.026456 3.999913
3.937067 -0.706754
-0.518951 3.966193
0.732129 3.932428
3.992199 -0.249693
-0.545379 3.962646
3.912143 -0.833747
-0.639481 3.948552
-0.625297 3.950823
0.142638 3.997456
2.265805 3.296381
3.762681 1.357287
2.569332 3.065703
-0.975190 3.879305
-2.168654 3.361092
0.328919 3.986454
3.909418 0.846434
1.877044 3.532238
3.999977 0.013649
-1.593784 3.668767
2.823406 2.833440
2.752304 2.902555
3.260123 2.317671
-1.365890 3.759567
-0.445012 3.975168
-1.513101 3.702773
1.793260 3.575503
0.110209 3.998481
-0.272215 3.990727
3.946272 -0.653404
-1.215592 3.810818
2.486352 3.133378
3.736910 1.426712
1.019517 3.867891
-0.007431 3.999993
3.989313 0.292200
0.794219 3.920359
3.991892 -0.254553
2.933449 2.719353
1.555729 3.685066
2.260796 3.299819
2.766049 2.889459
3.820835 1.183730
3.213688 2.381641
-2.771649 2.884088
2.169221 3.360726
3.747489 1.398687
3.732702 1.437685
2.956764 2.693983
-1.598744 -3.666609
-0.532432 3.964406
3.128854 2.492042
1.855251 3.543733
3.982542 0.373308
1.665764 3.636651
3.978998 -0.409363
-3.343915 2.195048
3.802874 1.240220
2.886331 2.769313
3.888305 0.938662
3.679103 1.569777
3.939783 0.691454
-3.383267 2.133895
2.323123 3.256240
-0.428276 3.977006
3.992507 -0.244723
3.894592 0.912226
3.931946 0.734714
2.791327 2.865047
-3.857079 1.059688
1.568752 3.679540
1.999854 3.464186
2.763149 2.892232
0.086388 3.999067
2.102618 3.402793
1.453157 3.726706
3.388970 2.124825
1.156329 3.829217
2.862237 2.794208
3.412354 2.087065
3.265164 2.310564
2.152821 3.371255
2.717506 2.935160
2.980449 2.667757
-3.396710 2.112429
-3.571731 1.800761
-3.888311 0.938635
-3.445241 2.032317
-3.876540 -0.986122
-3.525798 1.889112
-3.989925 0.283722
-3.992540 0.244185
-3.998948 0.091754
-3.936402 -0.710453
-3.876889 0.984748
-3.730160 1.444268
-3.687796 1.549246
-3.998357 0.114626
-3.986690 -0.326042
-3.929179 0.749365
-3.654127 1.627071
-3.998962 -0.091125
-3.673823 -1.582095
-2.777680 -2.878280
-3.712680 1.488626
-3.783386 1.298457
-3.994971 -0.200512
-3.896100 -0.905763
-3.967639 0.507784
-3.886173 0.947447
-3.980242 -0.397084
-3.945111 0.660377
-3.997337 0.145944
-3.839205 1.122720
-3.912590 0.831647
-3.643020 1.651789
-3.028833 2.612694
-3.720462 1.469070
-3.996306 0.171868
-3.947107 0.648340
-3.796681 1.259053
-3.762295 1.358358
-3.847956 -1.092354
-3.964303 -0.533198
0.723060 -3.934105
-0.756129 -3.927883
1.742084 -3.600714
0.371216 -3.982738
3.999675 -0.051016
0.992482 -3.874917
-1.063055 -3.856153
0.480676 -3.971014
3.904318 0.869657
3.993040 0.235859
3.946227 0.653678
3.110921 -2.514393
1.016373 -3.868719
3.951904 0.618432
3.776448 1.318500
1.980600 -3.475230
1.274886 -3.791394
-0.956238 -3.884020
3.934321 0.721887
3.959843 0.565374
2.164101 -3.364025
2.204147 -3.337924
1.658898 -3.639788
-0.850207 -3.908599
3.892229 0.922252
3.935643 0.714641
-0.961930 -3.882614
0.472532 -3.971991
-0.314992 -3.987578
-0.931603 -3.890002
