-1.030032 3.865105
3.343582 2.195554
3.950793 0.625489
2.277783 -3.288116
-2.061577 -3.427813
3.028629 2.612931
3.990381 -0.277239
3.997456 -0.142631
1.420845 3.739144
3.274794 2.296894
3.873481 0.998069
3.158173 2.454779
3.890710 0.928643
3.883071 0.960083
2.633428 3.010823
2.483940 -3.135290
3.190498 2.412618
3.964200 0.533968
3.871106 1.007242
3.481582 1.969413
-1.994722 3.467144
2.202914 3.338738
-0.637731 -3.948835
-2.862909 2.793520
-1.594670 3.668382
3.222385 -2.369860
1.373717 3.756714
0.729261 3.932960
1.732586 -3.605294
3.658538 1.617127
3.630666 1.678768
-2.224438 3.324436
1.549571 -3.687659
0.041482 3.999785
-0.613197 3.952719
3.738541 1.422432
3.156990 2.456301
-1.399016 3.747366
3.699881 1.520158
3.555737 1.832139
3.739738 -1.419282
3.660440 1.612816
3.632624 1.674529
3.605394 -1.732379
-2.304985 -3.269104
-3.696929 1.527323
3.980495 -0.394542
3.951000 -0.624176
2.621901 3.020866
-3.961610 -0.552854
3.441164 -2.039213
0.430154 3.976804
3.389967 -2.123234
3.989942 0.283486
3.993863 -0.221486
2.165950 3.362835
3.706200 -1.504686
3.128046 -2.493056
3.148889 -2.466677
-1.355789 -3.763221
-3.909967 -0.843896
-1.025841 -3.866219
3.321672 -2.228563
2.048937 3.435383
0.701606 3.937988
2.850633 -2.806046
0.293094 -3.989248
0.676284 -3.942415
3.995172 0.196462
1.606539 3.663200
0.444056 3.975275
0.220321 3.993928
0.941679 3.887575
3.999681 0.050549
-3.189704 -2.413667
3.933640 -0.725586
3.816913 -1.196317
-1.349881 -3.765345
3.126230 2.495333
-1.120038 -3.839989
3.706289 -1.504466
3.954400 -0.602264
-3.310002 -2.245860
3.818908 -1.189935
0.635721 3.949159
0.278546 3.990290
-0.850239 -3.908592
3.656983 -1.620640
3.970115 -0.488040
-3.123932 -2.498209
-3.796571 -1.259383
-3.435099 -2.049414
-3.794341 -1.266088
-2.946492 -2.705215
-0.187107 -3.995621
-3.178467 -2.428445
-2.695733 -2.955169
-2.874233 -2.781867
-2.258598 -3.301324
-3.444292 -2.033926
-3.571015 -1.802179
-0.993833 -3.874570
-0.752137 -3.928650
-2.677215 -2.971956
-3.925898 0.766373
-3.353362 -2.180588
-3.901490 -0.882256
-1.110206 -3.842843
-3.134534 -2.484893
-0.587207 -3.956664
-3.247183 -2.335766
-1.166048 -3.826269
-0.848947 -3.908873
-3.973627 0.458573
0.115987 -3.998318
-3.870043 -1.011318
-3.971335 -0.478016
-2.712106 -2.940149
-3.931759 -0.735713
-2.748961 -2.905720
-0.434587 -3.976322
-3.542067 -1.858430
-3.370427 -2.154118
-3.778017 -1.313998
-3.986125 -0.332872
-3.845524 -1.100883
-3.443801 -2.034757
-2.099331 -3.404821
-2.099294 -3.404844
3.612785 1.716910
3.688731 1.547019
3.681276 -1.564676
2.937723 2.714734
3.971982 0.472606
3.330418 2.215473
-0.323991 -3.986857
3.562932 1.818107
3.975565 0.441460
3.999431 0.067454
3.924303 0.774499
0.450244 -3.974579
3.631865 1.676173
3.839625 1.121285
3.902313 0.878609
2.947697 2.703901
3.317460 2.234829
3.622807 1.695662
3.976250 0.435247
3.712582 1.488871
3.298007 2.263438
3.772884 1.328664
2.910955 2.743417
3.355171 -2.177804
3.941118 0.683803
3.989764 0.285971
0.989983 -3.875556
2.913703 -2.740499
3.526240 1.888287
3.712052 1.490192
