3.983762 0.360058
2.758045 2.897100
-0.523563 3.965587
0.678733 3.941995
-2.313434 3.263131
0.674080 3.942793
1.818755 3.562602
1.680706 3.629769
-2.749739 2.904984
2.742933 2.911412
-0.540424 3.963325
2.235181 3.317223
0.663677 3.944557
-2.753149 2.901753
-1.149872 3.831161
2.273692 3.290946
2.374487 3.218977
3.995404 0.191695
-3.096113 2.532604
0.064152 3.999486
-0.438561 3.975885
3.131882 2.488235
1.977371 3.477068
3.122946 2.499442
-2.436776 3.172085
2.632045 3.012033
2.077188 3.418376
3.290042 2.275000
-0.606190 3.953800
-1.211979 3.811969
-2.167496 3.361839
3.380566 2.138170
-0.390881 3.980856
-2.548834 3.082766
3.828297 1.159372
-2.376028 3.217839
0.419016 3.977993
3.917297 0.809190
1.754516 3.594673
-0.721021 3.934479
3.273628 2.298556
-0.508088 3.967600
3.991892 -0.254553
0.715547 3.935479
2.200426 3.340378
2.181746 3.352609
2.571147 3.064181
-1.261623 3.795828
1.315178 3.777606
-3.403779 2.101021
1.944775 3.495404
3.131410 2.488829
1.302711 3.781923
1.038992 3.862706
-1.598744 -3.666609
-0.532432 3.964406
1.228041 3.806825
2.576968 3.059287
3.948030 0.642695
2.111963 3.397000
0.303631 3.988459
-2.752148 2.902702
1.081559 3.851004
-2.483279 3.135813
1.329481 3.772596
0.090769 3.998970
0.090445 3.998977
-2.031358 3.445807
0.122536 3.998123
-0.687468 3.940481
1.791036 3.576617
2.228563 3.321672
2.491313 3.129434
2.088809 3.411287
-3.311759 2.243268
2.739103 2.915016
2.222141 3.325972
1.740078 3.601684
0.086388 3.999067
0.001839 4.000000
1.693784 3.623686
2.488352 3.131789
1.926992 3.505239
0.827484 3.913473
0.615663 3.952336
-0.276805 3.990411
3.726354 1.454059
0.628836 3.950261
0.996026 3.874007
-3.684818 1.556315
-3.800666 -1.246970
-3.952024 0.617662
-3.570785 1.802636
-3.996437 -0.168800
-3.826599 1.164965
-3.869380 -1.013854
-3.957105 0.584228
-3.989445 0.290393
-3.999367 0.071152
-3.747746 1.397998
-3.810849 1.215497
-3.800805 1.246549
-3.999369 -0.071037
-3.815884 -1.199594
-3.598524 1.746604
-3.865296 1.029313
-3.904345 -0.869533
-3.747217 -1.399415
-3.364873 2.162783
-3.861615 -1.043038
-3.793690 1.268037
-3.360766 2.169160
-3.829989 1.153771
-3.593855 1.756192
-2.568550 -3.066358
-3.942457 0.676044
-3.893474 0.916985
-3.780902 1.305673
-3.553995 1.835516
-3.697534 -1.525857
-3.873389 -0.998428
-3.153388 -2.460923
-3.957098 -0.584275
-3.728977 1.447317
-3.996769 0.160729
-3.999901 -0.028168
-3.735826 -1.429548
-3.748400 -1.396244
-3.413240 -2.085615
2.599912 -3.039812
1.538855 -3.692144
2.910313 -2.744099
-0.172491 -3.996279
3.994448 0.210685
1.818763 -3.562598
3.251937 -2.329143
1.246146 -3.800937
3.824757 1.170998
3.705316 1.506863
3.922526 0.783449
0.124702 -3.998056
1.751593 -3.596098
3.850044 1.084972
3.854596 1.068686
1.264560 -3.794850
2.687154 -2.962972
2.041056 -3.440071
3.887363 0.942556
3.947089 0.648449
2.565946 -3.068537
2.022577 -3.450968
1.178882 -3.822334
-0.812455 -3.916621
3.992036 0.252290
3.834367 1.139134
1.357249 -3.762695
0.527211 -3.965104
-0.557161 -3.961006
2.386265 -3.210255
