-3.933513 -0.726277
0.106830 -3.998573
3.123132 -2.499210
-3.750917 -1.389469
3.752530 1.385106
0.481767 -3.970882
1.687921 -3.626420
-0.752742 -3.928534
0.877556 -3.902550
-2.030620 -3.446242
-3.807094 -1.227207
2.170779 -3.359720
2.975183 -2.673627
3.872823 1.000623
2.638876 -3.006050
3.937223 0.705885
-3.817266 -1.195191
-3.612598 -1.717305
1.743510 -3.600024
2.183346 -3.351567
-2.565469 -3.068936
2.217259 -3.329229
-3.949767 0.631937
-1.510916 -3.703665
3.641608 1.654900
3.888752 0.936806
1.755371 -3.594256
2.880816 -2.775050
-3.871380 -1.006188
2.432394 3.175446
1.996430 3.466161
3.973879 0.456382
-3.930818 -0.740722
3.917607 -0.807685
-1.991637 -3.468917
3.189423 -2.414039
-0.846046 -3.909502
-1.617856 -3.658216
3.546287 -1.850364
3.421490 -2.072054
3.998568 0.107023
3.807222 -1.226808
3.609635 -1.723524
3.912086 0.834015
0.280810 -3.990131
-3.009792 2.634607
3.449142 2.025691
3.831013 1.150365
3.720092 -1.470006
-3.379257 2.140238
3.698116 1.524446
-3.993251 0.232262
3.970853 0.482006
3.687255 -1.550533
3.993863 -0.221486
3.903945 -0.871327
3.993226 -0.232695
3.750847 1.389656
3.467264 -1.994513
3.999176 0.081173
0.468155 -3.972509
1.186097 -3.820101
3.875931 -0.988512
0.638314 3.948741
-3.949142 0.635826
3.539981 1.862400
1.901237 -3.519275
1.697149 -3.622110
3.596778 -1.750196
3.351688 -2.183159
-3.991565 -0.259630
-3.531886 1.877706
-3.991213 -0.264992
3.999990 -0.009113
2.322196 -3.256901
2.728199 2.925223
3.999211 -0.079437
3.999102 0.084764
3.674191 -1.581240
3.852050 1.077828
2.917686 2.736258
3.921606 -0.788040
3.910502 0.841413
3.961480 0.553787
-3.606308 -1.730474
1.837314 3.553066
3.389267 -2.124351
3.931759 -0.735709
3.914147 0.824289
-3.618364 -1.705122
-2.377390 -3.216833
2.535829 -3.093472
-2.121168 -3.391260
-3.993067 0.235402
-0.771856 -3.924823
-1.972331 -3.479930
3.260870 -2.316620
3.796267 -1.260299
-1.713022 -3.614631
-3.803191 -1.239248
-3.329168 -2.217350
-1.063327 -3.856078
-0.686620 -3.940629
-3.918782 -0.801967
-3.403319 -2.101767
-3.619530 -1.702646
2.806180 -2.850501
-0.740119 -3.930932
-3.954625 -0.600784
-0.773927 -3.924416
2.916697 -2.737313
-1.655500 -3.641335
-0.732162 -3.932421
-3.246547 -2.336651
0.115987 -3.998318
-2.646603 -2.999249
-3.707850 -1.500616
-1.912596 -3.513115
2.852180 -2.804473
-3.493613 -1.947990
-1.423453 -3.738152
3.259878 -2.318015
3.232745 -2.355707
-3.536161 -1.869644
-3.464495 -1.999318
3.372795 -2.150408
-1.965041 -3.484052
-2.099331 -3.404821
-2.098863 -3.405110
3.838971 1.123522
3.664499 1.603574
3.456055 -2.013873
3.629758 1.680731
3.968760 -0.498939
3.643788 1.650093
-0.060044 -3.999549
3.858913 1.052992
3.983523 0.362693
3.973698 0.457959
3.987251 0.319102
-0.757313 -3.927655
3.694982 1.532028
3.959175 0.570028
3.996746 -0.161322
3.993468 0.228499
3.762611 1.357482
3.688108 1.548502
3.793664 1.268114
3.971427 0.477252
3.820973 1.183287
3.083951 2.547400
3.586441 1.771282
3.355171 -2.177804
3.878247 0.979389
3.982186 0.377085
0.888207 -3.900139
3.265504 -2.310083
3.317217 2.235189
3.827213 1.162945
