-2.334564 3.248048
3.999782 0.041713
3.729404 1.446217
-2.722755 2.930291
-0.292328 3.989304
2.282858 3.284595
2.831125 2.825727
2.054684 3.431949
3.609936 1.722894
3.491195 1.952322
3.611205 1.720231
3.286597 2.279973
3.654581 1.626051
3.732000 -1.439505
3.683560 1.559290
0.274304 3.990584
3.805821 1.231149
3.604212 1.734836
3.853419 1.072920
2.271692 3.292327
1.513110 3.702769
3.720753 1.468332
-0.283620 3.989932
-2.161989 3.365383
3.977503 0.423635
-1.595496 3.668023
3.966300 0.518139
3.960261 0.562433
-2.531893 3.096695
-3.212814 2.382820
2.425111 3.181012
-1.746588 3.598532
-3.276059 2.295090
2.979720 2.668570
2.950612 2.700720
3.875281 0.991058
2.922373 2.731251
3.957412 0.582142
3.280789 2.288323
3.457574 2.011265
3.111634 2.513510
3.618784 1.704232
3.647747 1.641323
1.950618 3.492147
2.574725 3.061175
1.627577 3.653901
3.762224 1.358553
-3.903879 -0.871623
3.966634 0.515571
2.153166 -3.371035
3.794908 1.264385
3.655278 1.624481
3.937372 -0.705054
-0.865279 3.905290
3.522504 1.895248
3.773659 -1.326462
0.534845 3.964081
3.851714 -1.079026
-2.654436 -2.992318
3.346614 2.190930
-3.839188 -1.122779
2.681182 2.968377
3.281841 -2.286814
3.989124 0.294776
3.294164 2.269027
2.572060 3.063414
-0.530999 3.964598
3.305519 -2.252452
-0.706874 3.937046
3.936252 0.711279
3.260447 2.317215
2.747649 2.906962
2.844830 2.811929
2.941881 2.710228
-1.788084 -3.578094
2.617913 3.024323
3.572296 1.799639
-1.715813 3.613307
3.953788 -0.606267
3.581723 1.780804
3.563898 1.816214
3.499401 -1.937573
3.814556 -1.203813
-2.708879 -2.943123
1.605981 3.663444
-2.773587 2.882224
-1.037977 3.862979
3.540630 -1.861165
3.474564 1.981767
-2.195471 -3.343637
-1.565928 -3.680743
-0.701573 3.937994
2.338652 3.245105
1.773558 2.271758
-0.902021 -3.896968
2.438534 3.170734
0.301737 3.988603
-0.048029 -3.999712
3.466447 1.995932
-2.281933 -3.285237
-2.820077 -2.836753
-3.141019 2.476691
-0.863609 -3.905660
-3.251219 -2.330144
-0.187384 3.995609
-0.890737 -3.899562
0.274148 3.990594
-1.055747 -3.858160
-0.805991 3.917956
-3.243588 2.340755
-0.304786 3.988371
-2.006134 -3.460553
-1.513225 -3.702722
-2.611294 -3.030040
-0.415036 -3.978410
3.521733 1.896680
-0.859505 3.906565
2.853748 2.802878
-0.109250 3.998508
-1.392749 3.749700
-0.948797 -3.885844
-0.681398 -3.941535
-0.672401 3.943080
-2.441507 -3.168445
-0.618277 -3.951928
-0.970107 3.880579
0.281999 -0.522823
-2.099331 -3.404821
-1.934460 -3.501123
3.878630 0.977871
-1.209835 -3.812650
3.120259 -2.502796
3.963771 0.537138
3.920929 -0.791399
-1.103119 -3.844883
3.923724 0.777427
-2.250507 -3.306844
1.784542 3.579862
2.842800 -1.773931
-3.543960 -1.854818
-1.832579 -0.477682
1.515316 -3.701867
1.768230 0.518739
2.022810 3.450832
-0.680653 -3.941663
1.365881 3.759570
1.875632 -3.532988
2.126365 3.388004
3.850371 -1.083811
1.015595 3.868923
2.337813 -3.245710
0.283561 -3.989936
3.355171 -2.177804
-3.436908 -2.046378
1.080492 3.851303
3.936320 0.710904
3.126676 -2.494774
3.379052 2.140563
-0.841235 -3.910540
