3.413678 2.084899
3.649613 1.637170
0.139713 3.997559
0.193678 3.995308
-3.803810 1.237348
-0.120594 3.998182
3.802312 1.241942
1.439710 3.731921
-3.499972 1.936543
3.001383 2.644183
-0.798657 3.919458
2.013438 3.456308
1.896392 3.521888
-2.557470 3.075605
-0.380355 3.981875
2.121416 3.391105
0.705895 3.937221
3.993539 -0.227256
-3.714820 1.483278
0.843181 3.910121
0.458502 3.973635
2.045782 3.437263
2.200549 3.340297
3.935224 -0.716946
0.603608 3.954195
2.429413 3.177728
3.065752 2.569273
3.999527 -0.061503
0.696888 3.938826
-2.233828 3.318134
0.903854 3.896543
3.249864 2.332034
0.531789 3.964492
-3.404490 2.099868
3.986721 0.325658
-1.386320 3.752082
0.750751 3.928915
3.729123 1.446943
-0.016306 3.999967
-1.929022 3.504123
1.444913 3.729910
0.275715 3.990486
3.991892 -0.254553
3.401152 2.105271
2.414185 3.189312
2.396345 3.202738
3.691940 1.539343
2.455196 3.157850
3.154379 -2.459653
-1.223669 3.808232
0.648497 3.947081
1.206859 3.813593
2.202436 3.339053
2.623322 3.019633
-1.598744 -3.666609
-0.532432 3.964406
3.847522 1.093880
0.658953 0.398151
1.589118 3.670791
2.329616 3.251598
-3.999778 0.042123
-1.310968 3.779069
1.812070 3.566006
-3.994969 0.200557
2.500400 3.122179
0.766347 3.925903
-3.787038 1.287768
-0.815936 3.915897
3.392395 2.119353
-0.428276 3.977006
0.730326 3.932763
1.042577 3.861740
0.850277 3.908584
3.443147 2.035863
-3.118633 2.504821
-0.385609 3.981370
2.981224 2.666891
-3.871951 1.003989
0.086388 3.999067
3.221805 2.370649
2.685854 2.964150
2.287096 3.281644
3.278594 2.291467
3.713659 1.486181
3.944068 0.666582
-1.241495 3.802459
3.623275 1.694661
1.865234 3.538489
1.786953 3.578659
-3.341204 -2.199172
-3.710973 -1.492876
-3.719226 -1.472195
-3.709676 -1.496097
-3.229136 -2.360653
-3.980345 0.396048
-3.986307 0.330685
-3.981082 0.388570
-3.998735 -0.100591
-3.809992 -1.218178
-3.648288 1.640119
-3.799156 1.251565
-3.840267 1.119083
-3.618344 1.705164
-3.491962 1.950949
-3.674808 -1.579805
-3.785732 -1.291601
-3.999309 -0.074350
-3.986729 -0.325566
-3.329856 2.216317
-3.826883 1.164032
-3.836284 -1.132664
-3.430229 2.057555
-3.825520 -1.168502
-3.456859 -2.012493
-3.839249 -1.122573
-3.107719 -2.518349
-3.608773 -1.725327
-3.962977 0.542967
-3.763862 1.354011
-3.991087 0.266878
-3.785219 -1.293104
-3.969240 -0.495113
-3.986839 -0.324218
-3.904618 -0.868308
-3.970572 0.484316
-3.973926 0.455976
-3.982833 0.370191
-3.794927 -1.264328
-3.327410 -2.219988
2.793159 -2.863261
2.822159 -2.834682
-3.259146 -2.319045
3.303596 -2.255273
3.999675 -0.051016
2.864101 -2.792298
0.354256 -3.984282
1.777267 -3.583479
3.987026 0.321904
3.993040 0.235859
2.829097 2.827758
0.073572 -3.999323
2.814564 -2.842222
3.997360 0.145296
3.776448 1.318500
2.963512 -2.686558
3.622152 -1.697061
2.046475 -3.436850
3.913353 0.828052
3.945026 0.660883
3.638595 -1.661513
2.961779 -2.688469
3.188667 -2.415037
-0.602329 -3.954390
3.964941 0.528434
3.904103 0.870622
-0.152691 -3.997085
0.486631 -3.970288
0.626899 -3.950569
2.670682 -2.977828
