1.087830 3.849237
0.392263 3.980720
1.779891 3.582176
3.489901 1.954633
-3.921463 -0.788753
0.383403 3.981583
1.777569 3.583329
0.424760 3.977383
-3.952843 -0.612398
0.885529 3.900748
-0.858053 3.906884
-0.506699 3.967777
-0.118620 3.998241
1.908768 3.515196
3.131605 2.488584
-1.574082 3.677263
-0.337185 3.985763
0.035825 3.999840
-3.450616 -2.023178
-0.065104 3.999470
-0.975560 3.879212
1.953114 3.490752
-1.130696 3.836864
2.082242 3.415299
0.707302 3.936969
-1.923260 3.507288
-1.688252 3.626266
2.871582 2.784603
2.511711 3.113086
-0.275485 3.990502
0.903854 3.896543
2.110052 3.398188
1.693492 3.623822
-3.738460 -1.422645
1.711332 3.615431
-1.730605 3.606245
1.068580 3.854625
2.042443 3.439248
0.181185 3.995894
1.042663 3.861716
3.606739 1.729576
1.299134 3.783154
3.254924 -2.324967
3.097261 2.531200
2.087991 3.411788
0.557673 3.960934
3.861280 1.044279
3.129224 2.491577
3.996647 -0.163743
-2.396707 3.202467
3.749762 1.392581
2.438288 3.170923
3.678758 1.570585
3.997524 -0.140718
-2.063655 -3.426562
-0.532432 3.964406
2.785112 2.871089
3.649374 1.637704
3.548234 1.846628
1.350036 3.765289
-3.821842 -1.180475
-2.289758 3.279788
1.420608 3.739234
-3.996134 0.175828
1.998344 3.465057
3.783105 1.299275
-3.955042 0.598033
-1.683775 3.628347
3.804015 1.236718
-0.428276 3.977006
1.410165 3.743185
0.868770 3.904515
2.690654 2.959794
3.143966 2.472949
-1.210929 3.812303
1.535206 3.693663
3.790503 1.277531
-3.999869 -0.032356
0.668855 3.943683
1.379744 3.754505
3.440708 2.039983
2.182773 3.351940
2.264440 3.297319
3.768809 1.340180
1.519289 3.700238
-3.999728 0.046652
1.816277 3.563865
3.667687 1.596269
2.685828 2.964174
-3.995567 -0.188259
-3.874085 -0.995725
-3.922423 -0.783964
-3.999390 -0.069839
-3.509637 -1.918971
-3.979516 0.404291
-3.666009 -1.600119
-3.908962 -0.848537
-3.865084 -1.030110
-2.690461 -2.959969
-3.332786 -2.211908
-2.755616 -2.899410
-3.240135 -2.345533
-3.979393 -0.405499
-3.834214 -1.139651
-2.790515 -2.865838
-3.584757 -1.774689
-2.775365 -2.880512
-3.892982 0.919070
-3.921736 -0.787391
-3.443095 -2.035951
-3.765248 -1.350151
-3.704446 -1.508999
-3.503176 -1.930740
-3.999974 -0.014441
-3.117413 -2.506339
-3.993695 -0.224498
-3.994326 -0.212977
-3.664012 -1.604685
-3.928262 -0.754162
-3.328807 -2.217891
-3.912193 -0.833515
-3.994973 -0.200485
-2.589864 -3.048377
-3.034191 -2.606470
-3.479776 -1.972603
-3.753714 -1.381893
-3.662203 -1.608810
-2.099331 -3.404821
-2.099330 -3.404822
3.618275 1.705310
3.739415 1.420131
0.895297 -3.898518
3.975117 0.445469
3.992756 0.240627
3.361634 2.167814
1.528951 -3.696256
3.178895 2.427885
3.767857 1.342854
3.457044 2.012175
3.695682 1.530338
2.487558 -3.132420
3.612606 1.717288
3.324089 2.224956
3.655923 1.623030
3.308834 2.247581
3.573643 1.796964
3.624089 1.692920
3.716288 1.479595
3.889318 0.934456
3.554185 1.835149
3.527750 1.885465
3.486876 1.960024
3.228156 -2.361993
3.568395 1.807362
3.782078 1.302262
1.867545 -3.537269
2.529987 -3.098252
3.739988 1.418623
3.609631 1.723533
